10286.0738045087	2282.9589372198707	5118.341323781005
10872.599332343336	3594.346270570151	5487.941033785405
10169.815380758095	4744.302774321727	5334.44883570748
11943.427813074126	1914.5469723796941	4925.611398414281
12641.36188258395	1835.4710469447068	5002.072625367963
8422.053528269482	4437.755173224681	5357.98373339858
11337.759189974455	2965.2751174584464	5358.179329496362
11572.213234478795	3093.3217340113124	6089.4047919778095
10845.216347325986	4463.3931146576615	5068.481627905631
11120.752622797427	1945.424380685352	5032.129984966762
11498.525974035223	2460.3360724221106	5648.145630851807
11356.21495661595	2159.2569808108647	4499.741485972676
10393.683888165935	3181.03825852521	5427.39347406375
9891.624307169634	3649.177697162796	5312.382334471952
11232.47298887524	3110.5154789145377	5111.007103772566
12374.523174878499	2761.8437260763085	4809.979721810099
11554.57678975333	1612.9914209923272	5209.633443271973
9361.73921554671	3098.6959167909154	5171.726697845699
11405.429584818196	2610.0605139427025	5354.839937241295
11633.498451565467	1661.1055826084603	5150.583936502402
11189.348386376907	2678.2201245192796	5311.949141702061
10611.557025541975	2406.674940620061	5396.592440172709
10659.977650059747	3593.0917731230193	5297.947083399122
10391.153382884604	2957.6777835565695	4637.381058086413
10957.272670006256	2057.639948713445	5072.000843537051
9692.518205053791	3391.915679542468	5690.205313901162
11551.086853376724	3943.352798260139	5022.816769982008
9984.81318395555	2498.424781227785	5352.897608961972
9756.207280988718	2930.2380115141304	5143.005415615083
11054.953422353436	3782.0439734265055	5341.652451245424
12369.05545885509	2638.43380315958	4831.865004149158
9857.838836383567	4489.6047607623805	5036.677820621704
8879.881510618465	3795.2051867361993	5321.998781434912
10803.322893116385	3024.39703912495	5195.0848426668945
10111.004558680805	2131.1978656982214	5782.6362799314065
11453.124835844923	2276.221484485561	4751.235618260692
9665.42410281931	3761.7967257934424	5209.643193383239
10248.425190887441	3228.755590956433	5307.861864845978
12419.026855629372	2717.9915217515527	5376.78610084825
10918.90916553417	3131.596484578408	5527.879166083527
11683.05053473089	2956.5839716634373	4910.7418357300485
11791.700502511521	1620.325182591772	4819.35433885333
12234.049596742789	2732.2224531589072	5493.973683745917
12117.793755764773	1456.4733029197928	4485.742643475011
11153.305163975025	2102.0725747425818	4993.65601835985
12920.365511848293	2564.6736874677335	5247.747536282135
10302.934814528826	3102.268627554015	5135.507492386428
11249.578990275824	3079.4698552848777	4630.57440567973
12152.30899654243	3615.5564194714616	5710.995562286001
10594.063920023242	2418.7162653028054	4772.980042209353
8236.768896615256	3856.098257570424	5039.92686698926
10234.059707374794	2592.8561129658724	5082.750423298667
11433.098743847362	3309.8933141699567	4406.890150114125
10859.512481670832	3530.778123229357	5327.393479340312
11919.53088838582	2457.725799288802	5533.632635979967
9349.426713080946	3229.967183098554	5800.448537573174
10687.964037965165	2914.990351768943	4218.13417201757
11766.107756259864	2412.4929610909408	5310.308906375723
11964.288730897799	1926.7096660714158	5396.928480796815
10732.31478042309	4128.033013838445	4912.371879852051
10308.426780709131	1502.1580498927847	5047.3980202950515
10389.087723055465	2598.6671096729638	5598.626783704777
11832.615781948529	2835.7436817020202	4781.594784458072
10557.769494523278	5461.008619679031	4819.582300817892
10764.257374779503	3828.5082501257607	5213.659099726214
10781.484405269372	1680.8617710781741	4992.3121764238285
9481.631669530909	870.3015644583056	5677.9066434662745
10921.227271405913	3270.4349931357738	5532.611995978753
9048.980385257428	3739.901279810171	5474.016858655699
10451.096296956752	3724.8465502298686	5508.551122431426
11623.48455429265	2444.380419898978	5379.689874639055
9625.047200845218	3489.7478545416484	5736.643915380052
9518.844436448939	3135.893647495099	5205.560886023696
10234.075423175127	1892.7535391014287	5088.362117057549
12338.319741841484	1286.2649431410352	5667.004723371672
11383.507590880883	2699.528009519711	5706.526465488901
11197.728794491606	1903.7485794630318	5180.977403530612
11664.970730608824	2448.7037911800976	4783.230908926852
9606.45850716629	4141.510414758667	5089.151196816649
10593.170933985637	2982.0918235626964	5301.233181994065
10418.992022111403	3007.464568699911	5037.465618153138
10855.920573875408	4461.771859226699	5081.8908447080275
9843.679043683695	4193.504013387651	5250.5377431250945
9341.801785748843	4651.458393097982	4697.214540412783
11966.958119200335	2945.518226520099	4406.999161600354
11656.249940599866	2971.390068226896	5405.265494503057
12838.008880107778	1486.0430074009494	4933.4309735261395
10751.757628771153	4031.451509340231	5500.837969139564
11105.494782155394	4257.745505086983	5786.18475598402
11684.271391061442	2800.393998403482	4704.3392486996545
11292.42120072153	3409.477625928912	5019.621697612213
10465.492821401025	3926.0302589933513	4422.671568027914
11540.722964100984	2056.7780630545562	5272.402387706497
10023.261711099687	3764.5360764967013	4690.095490459441
10401.25057632017	576.3333118176168	5525.432447364786
11093.194195527298	2657.812494345185	5151.111947080969
10487.331028260794	3576.749965036798	4795.829252893019
12182.41335728811	1896.4692285685787	4924.008007128013
10501.473437993976	3961.2003708638827	5269.606201520008
10493.418323779819	4217.110345006721	5152.34940485157
10755.434104999444	4538.950049747841	5092.266757068511
11096.293527546142	1769.9810414263459	5327.967565565251
11309.149963857384	2536.9346635835354	4963.7710267305965
10602.556335639336	2384.3073464704685	5336.085525407581
11579.163977063548	1498.0451812427107	5562.673262338953
11316.661090261361	3371.095815158165	5310.897759898294
11899.973398870294	3358.916146195412	5089.6656278237315
10145.636320468873	3291.238720056231	5038.5920776588
10456.741978053045	2979.882839427059	4924.7435808174005
11138.95730285912	2893.833191000801	5276.023497224627
9028.83559437137	4364.677499512107	5029.362284528875
11608.067874805052	1675.8078707328445	5037.172555629925
11268.335660466393	3142.3704430124953	5149.132838748381
11616.032568822202	3348.964779064349	4339.091130382094
9248.991043799271	2826.816727560197	5368.197532424463
11781.84666163841	2814.3173940509905	5228.129720117722
9492.007200089434	3640.3744064950442	4791.226033726406
10757.61011685605	3199.714778768714	5050.150049224925
10893.893446785798	3415.478466933765	4836.417850382533
10383.7304264396	2437.505568647744	5315.475085041006
10984.38450879465	4565.828868356386	5151.136596212582
12242.700740778986	2384.227535953514	4074.371969408585
10752.657995147874	2823.134124523468	5663.672688006788
12273.539259180354	2870.1381501019023	5165.450128619155
11515.857788583826	2969.638727964721	5683.174465228758
9409.706115160168	2536.8558331743343	5199.131107193753
9553.736200333215	2725.486075319257	5261.820450435314
10571.142033222377	3615.779017925621	4304.047807861748
11097.993973217255	2865.4018606679642	4307.603304070561
11406.952978303982	4100.738535666055	5943.831928080962
13092.47595643494	3007.0221674037493	4388.598188682013
9501.294641680512	2272.807141011929	5127.449558142026
10619.927147360731	1629.1986991853107	5825.934726685527
11089.465690926301	2594.340486430786	5048.6603001269505
10144.69706024289	2791.5887345980855	5528.153949165202
10196.272083052178	2510.1140807852175	5331.028942612076
10335.7311241316	123.03014186034515	5447.633701069194
10954.718585140157	3505.711937802483	4504.450159790932
12372.172163112138	1590.6386134813215	4589.876051096254
10519.8198480377	3593.5214400679583	5251.703480264692
11291.565906016203	3247.3481122892495	5237.27865533528
10379.789578140639	4101.854668800621	4453.636577788313
10452.97080374336	3564.16882162764	5187.788572721539
9507.431294023012	4120.738340427914	5450.174906839894
11596.57154091663	2639.1836336930946	4997.8620263911225
12497.308638049382	3873.765362563398	5077.959373295939
12028.128819920328	2614.1836668895166	4532.138956287404
11760.735646345627	1809.5628060579586	5502.365491077266
11388.244931472076	2206.72061532089	5051.638777321393
10810.50700626511	2862.431734271051	4881.071119162706
10720.227156169625	4630.007507108214	5018.061749384847
9563.541511582629	3888.676573318402	5106.271886424158
10805.183245380329	2819.592767441264	4972.897944535624
12115.968598608313	3289.864049862173	4879.647520037254
10346.548909482015	3710.2641353803047	5136.934177952199
11075.993531432245	2508.3852517430114	4927.521973436668
10876.7825994254	2599.165093673342	5123.671717530005
12139.287525290241	1658.226069439314	5018.213431160756
9617.01570226366	4443.59200772568	4731.073001085887
7663.857651349617	5927.769828753576	5839.427209998738
10585.819038979378	1994.5580326181955	4860.630318989338
10282.983599138088	4368.646732205417	5237.631868348708
10830.496355383393	1912.6545813891166	4958.688948532116
9686.19516495754	1974.8960814085547	5045.448164052728
10909.441806566	4891.712619861357	4730.369210658199
10446.261678853727	3373.0171712814076	4488.766998985572
9302.91072650183	2167.1289771328256	5518.43421518405
9818.90578446756	3549.8706704797437	5426.28056482944
11723.5530691051	1839.906820072103	4805.997757343531
10342.037298878091	1362.8491144496982	5593.86345587056
11574.428800351432	4239.5738120412025	4285.663823320599
9732.418245582188	5660.159501897955	5552.867413159783
10775.588529389026	3055.0999106659347	5281.370281682296
10396.589153216795	1216.3704604764416	5274.404484543215
12305.147506269097	2388.01278294729	5753.271180225994
10580.952401557386	2626.639220042664	5783.6839201122875
12781.910555014341	2646.23185063004	4880.681746216496
9851.964250806785	4525.2969751154105	4373.657178445392
8832.458593255737	3369.3428165959126	5341.182745625925
12664.780743616368	2559.6361145419883	4651.75729662449
9249.157431219926	2478.8782846206796	5255.06583755708
10369.031601951889	792.589838310481	5763.622431130462
10974.924189531093	2737.17120931146	4762.6836340351465
9796.615530980067	3446.0815757894934	5431.600069441741
11769.124029321343	1462.1691578212046	4993.487595537606
11054.777867101304	2873.863257011288	4702.481022732603
11185.221730256771	3967.307340055666	5453.277681332374
13156.575366065976	2367.477828110055	4842.63935813776
10638.743358568416	3502.8660374123033	5166.638738803311
11274.235152735046	989.3514882500672	5831.9745636048365
10385.203608247077	2454.643986615416	4935.728976754285
10757.736329462921	2177.754585534541	5314.266124018541
11128.151329383287	2569.589397110187	5834.117212064049
11232.02824733331	2935.508685697176	6011.954804488094
11584.926067370141	1955.527724527515	4948.1862669922875
10510.933809964356	3433.510348941032	5368.535896631213
11065.85258409412	2573.7946824528804	5080.795496505455
11483.945234984374	2951.1424348932887	5563.035378821162
9659.684385870372	3312.416658573083	5528.910600701871
9177.091674387122	4605.96211305864	5569.032590574097
8574.284705504479	5111.126188728315	5744.781196432532
11418.74803697337	3339.952428356072	5500.314080574973
10803.924144617513	2256.027097373135	4790.792120678715
11533.964351503617	3211.7597275846965	5059.471203772254
10573.40292765445	2189.532764050136	5386.92069311832
11672.33051881528	2183.086146296181	5122.891579266374
10367.689286990475	4527.42711807554	4911.132833859724
10749.90597291414	2275.6976075630646	5149.690058581131
12153.629655444738	3413.15719717021	5005.057385225084
12220.767034226326	2035.3942744040237	5062.250546061018
11015.59542572898	2348.7618588295186	5209.908795222929
10515.723741322641	2677.3871353897584	5158.473635129149
2757.2533319571594	9047.063528348514	6523.228325118309
11165.692427150712	1746.9589336714919	5565.151391447706
10516.436753996557	3128.9581370594765	4975.57437895826
10557.121093196136	4983.51469513455	4908.978892481945
9877.542083583712	4829.64457619549	4702.812939736409
11984.621000587256	1797.1008061408934	4959.654716629967
10028.8880553211	2952.1959824397813	5357.046583916453
8886.697619059622	4802.347146158335	4277.65341530058
11008.051824752993	4486.1863870354	4808.78358291046
12073.102908683892	1516.5665936340247	5147.766073495496
12198.996320283673	3094.5371672229758	4720.979155876757
10546.96684293842	3465.2845960020127	5104.905990855409
9921.373394673032	3158.596178723291	5434.205606915484
9296.51205800847	1807.9218503851434	5349.3097916569295
9863.563106789237	3657.7615988954853	4489.678398646829
9946.615629460928	2218.528301794305	4915.687440449646
11744.12209326098	3110.8323530416355	4854.172899001741
9155.088906081839	5810.221174278756	5377.940969683862
11312.308238760577	1761.832686819747	5692.324447615685
9270.25298313426	3251.9495620780863	5219.380787282883
12412.3870184678	3446.684508003757	4810.117369801786
11008.386824920219	1705.5851560631388	5417.941171763697
11049.556277096493	3228.8978471052837	4698.542780176108
11412.672552068238	2539.2469860156466	5115.134518738211
11362.80354840582	4967.689649310603	4928.901817560217
9844.116464267065	4452.74110054712	4780.690996317861
9622.270640532646	3873.8055795223045	5391.919025115697
11301.18630150799	1881.7327369303725	5927.861113390522
9821.034034847584	3720.3504067744034	5277.01789596823
11044.776587535252	985.9999347657675	5710.352184674903
11713.1273792434	2449.999678140077	4924.262655922522
10635.708701501531	3046.580134358626	5103.931467674473
11274.162472667298	2786.8517400091305	5342.53309963375
10781.043920605984	2976.3626618418857	5795.166385040449
11001.405387861227	3597.209327302574	5447.694205617622
10849.53143246343	2601.116412709794	5104.505499800186
12180.436877773482	1889.5597578739598	5847.372645801313
9454.886967996834	3321.8065108594683	4837.512395621349
11030.084157366333	3605.2500900975	5620.442384058014
13095.216750806238	1158.1976956408387	5168.315640441071
11937.999887197206	2593.58459316559	6052.014469954306
11284.24867703633	3160.074660326705	4983.230860795152
10826.08396336576	3446.9747150268113	5123.406210605996
9858.910751780471	3961.6909337363713	4848.012440763158
10147.655451070445	2993.6061576038373	5624.033255035683
9075.394507741552	2151.510878539145	5433.43446098036
11027.239421746808	3113.164916537607	5599.470121233438
11244.394746193038	2734.385098028494	5358.403776837366
11104.651347474506	3030.617222154604	4921.57350335451
10837.175510959096	2848.880699712062	4844.86916873389
11253.663969780973	2251.001744201251	5155.225145571352
11588.186630637554	2761.1409032156084	4554.90695374104
11441.95751443312	1748.9424977512265	5120.560403881416
9977.99525660939	3879.7481309446266	4760.733043713773
11743.609708618333	2434.5142506692437	4931.959727839339
12211.934176673112	1637.5702019409555	5434.20796307435
12666.539303236877	2367.4276121866073	5108.785725367407
8689.93664624892	4331.726888298102	5193.092377900117
9772.31442654359	2759.793477066038	5624.790011074923
11685.896332460361	3259.3809109539084	4598.010188489314
11248.23495146704	1225.8460937223056	5836.170680814401
10777.548099330183	1830.718291284148	5975.208858703006
10299.109300342094	2900.3221116264695	5440.115984260542
11961.328952337493	2772.4969821382624	5438.5135847573
11878.965599766887	3546.457971949805	4883.810489714404
9860.18846506387	3400.409872240701	5020.524103808384
11618.546058503385	3916.34807790315	4735.4215436076765
11383.733776838973	2384.5175837471043	5131.908380792424
8577.2179777578	4698.236465434772	4937.910445645023
9234.404910183637	4326.397840608907	4953.191401539777
10257.297356088655	2932.311609407586	4901.433263891173
8461.757798069786	3431.102636098329	5305.6324682172335
11470.14235833447	4643.829669957701	5068.324817697894
11624.967707339069	3757.8137551603686	4935.082404348287
11548.585826388879	3546.725739839053	4997.416086023053
9897.569409716689	1838.2116477029203	5236.333806386844
10235.893924080317	4281.9271510355165	5271.484727532303
11875.992882231138	1840.763516478699	4951.886505763004
10505.569684637285	3217.661345767417	4952.566819490146
11156.11405173565	1035.4994911635854	6068.76981837958
11760.117050040046	2433.9615601201613	4741.46613768983
10857.445273875106	4085.13605283696	5652.285709506101
10552.424627281329	2200.018271069973	5512.871059647732
10702.526420173383	3065.8205617012313	4834.386075808008
8303.937899944623	5901.744058473277	4499.771875693529
11535.522771548416	1407.9721957430922	5373.932528966843
11104.370924334322	3156.544789543859	4742.880478633773
11241.197895133308	1623.0304280656317	4921.690420105127
10561.563690039311	3395.773356387268	5189.13911314884
9815.69300106085	3849.552981986568	4337.139280013985
10666.819600202438	2338.1191049600175	5438.774778075989
10964.162757187605	3001.240269732154	5528.147471701894
10091.208396532435	2748.5055870667898	5354.096712183248
11655.33115130278	3058.2863358812046	5272.548978659767
11963.895078648704	3520.991863652889	4787.288810364899
9447.594938543474	4539.264247391292	4877.82808272143
12042.081147211735	2773.035335148979	5462.123347523097
9647.65884429691	3826.82345872918	5235.033063203421
10212.0142982921	2719.270478882069	5206.775894924167
11054.74322266645	2243.872978166496	5391.787435689322
11383.991918553224	1695.3721925341763	5367.098249216924
11939.909492889745	3463.461574444722	4777.713282523839
10286.14812896844	3578.5414182858867	5104.060391964088
8725.504602386769	2976.8802130163917	5123.535645278542
9775.618914590086	2966.8907908121487	4649.118330572929
12169.730149012441	3495.703303826643	4835.7096243253845
10433.265471136157	2469.3280456634334	5018.569547945666
9696.202865879013	3380.3674650011817	5091.54948226137
10267.546340494273	3399.749299651017	5232.724020970078
11452.094617539253	3241.9478510267277	4374.418996079058
10718.371082327521	2025.8453095142083	5298.4052811809715
8522.491332917183	4287.429380377611	4920.238742350725
11945.903340120987	4287.883393698529	4884.844921843967
10763.076791427111	2454.9659450588115	5637.2861047004735
10055.31089706259	2715.609006442107	5641.493836845679
11310.059705051159	1581.2797986456733	4851.430866533942
11392.098964967981	1556.7777106983247	4801.112380326995
9336.975545975733	3896.3505585655903	4702.857934490197
10047.461920314401	2395.6225627947	5834.373083769205
9629.303326212672	2881.819033653854	5008.359831270086
10794.126945505552	3889.1113845897357	4301.4293695512915
10914.291876934565	1726.671465816482	5303.555397647239
11610.911190913306	3496.8106206944544	5457.777208205041
8409.897113431063	3922.9730526028784	5714.704109594073
12196.830150856877	2507.018362576507	5005.599702099559
8802.017929354046	3634.9355875753376	5850.124544147812
9978.478537181893	2749.971004622461	4941.469277930531
10636.125783266627	3649.3720934390212	5028.875992519491
10291.12394241879	2455.3269111139416	4672.568084804546
11103.158222289561	1770.2239175415075	5368.344269444269
11814.587824080987	1458.4031656806412	4585.256105699025
10740.492386087491	3612.555328911157	5151.366374143874
10222.185123028676	2889.9266316173557	5201.862772153005
9999.991096216521	3146.100027654662	4295.916905219211
11904.186049715017	2838.3908092772385	5279.181953142095
10243.754153176364	4514.710614494226	4707.14017396565
11616.368712310878	2685.20241618286	4932.560568366852
11626.9447912456	1467.1381718070406	4490.357662801988
10217.698294169091	3597.202794675822	5733.349959119383
10447.661765660616	3040.345708045822	4703.484648322124
12186.926195892502	1280.1999156866843	5523.838843340551
11099.447958526924	2128.9967802395054	5328.198701404539
10589.46632237881	2830.365522966228	5467.857051163768
10193.66232010145	2338.291821407521	5102.297119441628
10473.523309552105	3265.7830259523403	5231.071404071236
10246.39584852053	1371.2343664981834	5151.835965101708
10192.989741794667	3752.1922292339527	5343.545066180508
9062.776119046117	3457.0198568381975	5643.38020818675
10143.918930009431	2680.8045977584106	4832.296156207387
10229.770595011536	3822.7553740944577	5163.489063653285
10368.265563848896	2720.5347648300867	5144.984125483879
10721.115784037594	4239.968520134712	5030.947925525881
11124.600830123163	1724.4184160158093	5347.806529516668
9818.786027724402	1384.754013135635	5782.196553853119
11903.77517134679	3895.2163645675582	4905.422334914344
11130.388815878463	4011.134886583234	5068.494904590815
11374.529175440304	406.0308247003457	5091.747643592872
10805.202646925502	2853.5695524308726	5460.481172976213
11593.121298364904	1840.1042577703931	5307.001702268552
11053.766781977609	3562.423613723479	4888.667539364606
11207.482666414031	3428.040770097308	4984.5107970671115
11651.155784248702	4360.9141301231875	5308.7927098894625
9558.749040051684	3400.2709501888403	5170.688252372625
11854.607014092884	446.58888527315065	4515.827566147548
10893.625071093958	2460.2369190155778	5426.540963493078
12473.079173636292	2589.672904944104	5022.411502380225
11306.930583855343	4225.880469205253	4803.4776769595155
10543.99031524791	3201.3303761100674	4711.566419109952
10546.277808340788	3684.5463424867403	5388.405580865911
10454.271478362207	2799.6113428601407	5309.9425354590885
11186.381319924109	4094.9077516440725	5214.580791937631
10429.645305077276	3352.328923164621	5770.950102374204
11392.777693097032	983.2990968274056	5409.917263195618
12141.443983857273	2596.6810211514694	5127.510623985208
10833.422780445917	2807.3132557241165	5395.508290605551
9462.330076157872	4018.5535273750975	5300.152200418891
11590.539143078853	2673.14270626349	5515.2757829685
10109.830204402959	669.7407971340564	4973.95553772595
10478.446730732629	4078.065060877209	5120.027498764768
10794.438178747052	1792.9556756707864	5152.4636823092405
10057.780061080088	5782.752762535682	5362.339454518894
10181.784242439046	4304.605043784885	5413.602999440675
11225.32410901529	2904.907782357045	5392.414991049436
10490.61551903088	3289.149715961728	5565.062035130456
10428.434821450453	3760.208919548865	5436.773842581692
12391.41223714614	124.75493544976918	5549.413792701055
10848.720311773672	3419.0659776266493	5198.172435830258
10845.934314629701	2696.873605040592	4625.064159910775
11524.266482330831	3373.084321002429	5353.620742784631
9232.32449689765	3634.0523572376464	5350.584753150181
10214.785618487478	2867.5524021584556	4445.481033868231
11546.47719697461	3743.987855058369	5097.364221769002
12371.002044847424	4878.626177275208	5017.593446225954
8126.277131958208	5337.336640807185	5296.730940793782
12035.695291414873	2186.773849045861	5648.474773989617
10208.093763329005	3751.484842945552	5073.3433295341
11523.719583502452	3491.497841614526	4882.291229787197
11370.345256130462	2812.675018000615	5153.043047135201
10367.152831402358	4830.835027625911	4786.353912770391
9851.367341279953	3109.367233589244	5460.322016920374
11859.290903821286	3012.162799203018	5013.451882310503
11361.62439118584	2704.991440360554	5212.021961798267
11873.328265538172	2165.7581921647356	5222.749036841051
10797.3472450989	3986.1277798975034	5346.576031979466
8970.829631549144	2999.5842320679135	4861.164010063096
10513.775735417294	4225.797207698171	5390.187132230323
10394.966957287144	3176.2474431859964	4558.8174865385245
10268.55756568269	3394.466246708573	5481.946694090605
11945.697014315927	3092.2450862250116	4935.858330483811
10814.976671199991	1329.799191475083	5424.177268335484
10348.415076774865	3123.6220191259295	6229.694825190121
11132.08780196409	3325.58024813862	5187.321951916474
10444.051922264853	2894.131364396378	4909.920031422166
10848.572914938319	2983.809844836835	5241.05706804446
11723.089297125829	3495.105372568648	5499.753616764283
10050.390273265255	3371.1649015089242	4615.095021322788
10816.847264790536	2117.611587975802	5528.734127893488
10345.502471132855	3912.9746720682097	5902.0633285935955
11152.88794789921	3854.882429160282	4051.4821576730965
11709.859810877035	1815.5508334640936	5317.746646830005
10615.30891498296	2159.392954225491	5013.298338152444
10782.092010011464	3532.972018358532	5893.693727261688
10539.665844402478	2599.962868920094	5661.459461218391
10184.424686917739	3893.4392828731393	5157.021962736956
10622.209674902806	905.0985188778698	5416.631096033407
11369.364904947352	1914.7975243567478	5042.871131503467
11275.507668849106	4505.026480341161	5173.195713118052
11446.5453457151	2966.863404837701	4383.651002549482
10234.172053587694	1218.6867134653774	5383.967740609983
11998.930508218173	2252.376816316666	5156.370367717062
11525.309894288652	2155.7294181439174	5401.562541614275
11090.817640596713	4132.839867894991	4851.668232769853
10586.28913823231	3362.714279799586	5735.763189673257
2388.8897331953835	14155.923284856097	6028.317384009077
10281.959084018894	3151.7451512446173	4938.852912344656
9028.11995895038	4392.898997585683	4957.56878474592
11723.526355887116	3059.5582883451693	5157.190471396317
9861.512254965137	1514.9810077602917	5214.460964604501
11573.65905234022	3248.6970059224873	4736.030949977337
10947.035761475337	1266.8826101328211	5396.4571935763925
12107.040521357076	2982.6208400438964	4829.3858084017
10193.217111672879	3991.6200875770305	5565.945120699284
9603.609644555501	2444.2686061850486	5607.023346261456
11655.541162520414	3721.2951859280292	4532.840922213171
11930.331856469065	2699.1528940809794	5176.016546674943
11738.141864677908	2259.17447777784	5224.322361584126
11050.503966219452	3071.322701372653	5825.158143038075
11120.292674589778	3183.550046169877	5708.623949396631
10981.11001455603	3368.7470840723317	5580.791527274823
10763.271252934139	3569.5474991389287	5055.001769120606
11419.958987304288	2129.434721647866	4980.243671896031
12232.525567230072	1291.2644181339945	4731.168148765667
11436.118314531648	2593.487359745226	5520.710873820933
11457.841517191058	846.9542963214313	5110.198931278449
11190.376503860562	2799.307311419961	6069.032988644623
10441.589179895807	2379.3031992865704	4746.628814945226
10273.42915762956	2197.29403006633	5083.465483484552
10300.682474207531	2968.209441038929	5096.192378877204
11991.037533417088	3144.2093724394467	4982.296106880989
12211.067687877847	2762.809687594137	5238.674917193715
9509.11573265822	4599.196081675479	5235.657688709335
11797.694716719927	2006.2878332207288	5280.950401341422
11733.997821125076	2208.9957571384657	4982.697531296482
11614.594874705916	1307.8336426342628	4316.4905116192385
9817.747245414905	3014.7883550778174	4770.966718697081
10992.377455268317	1862.877282775984	4959.366232015415
10345.86026578019	3680.5268933515667	5198.528602618116
10579.34803592744	2434.6923904197574	5700.899232217029
11179.387032063181	1451.1684328760823	4998.825621823711
11597.594160172555	3916.102157683534	5044.378437475517
10154.678157989636	3533.6333691090385	5212.408675737251
9805.699821073276	4505.857384737507	5632.182500308032
11531.45884697548	2361.3076881839634	5030.556302015515
11430.95310068142	2112.8563604396422	5448.5249978172
10784.332622359962	4275.03334572831	4626.687501677817
11272.550663248734	2808.210551473213	4935.112424001987
10398.142278808717	1273.504726832979	6000.693192051714
11361.7694944417	3868.2194686187963	4632.642249136963
10189.224903646258	2293.8926134586777	5272.846121224783
11661.303327930302	4608.636804215713	4997.886677808979
10426.055541635027	3497.6196567204747	5460.954861574605
11621.189337931497	1154.2569898323138	4787.987980070062
11992.673311951536	2158.767745338935	4467.949530776678
11552.506402640342	1416.6229151465375	5542.843614036992
10037.519978757613	3088.7982505528594	5528.336197485898
11956.907952003334	2339.652503381879	4697.791795027165
10352.668028660933	3815.1743322186057	5004.932682219083
11775.625814593217	2471.1861313015274	5488.653265721981
11046.24076971677	2698.3761762631957	6349.740898333527
9985.028716540832	4058.4575205930223	4977.926497127727
11671.50214950925	2256.4821681451635	4929.034018974545
10656.274156532068	1897.7548962619524	5319.278194835609
11061.565574595452	1747.699982833107	4739.27934694966
9503.324839686762	4797.525758757153	5655.074902277977
11255.739207770734	1292.0366683160657	5285.261740831642
10757.6637090218	2637.780189282621	5333.290043931289
10867.01155462919	4268.3370664019485	5400.657730370288
10227.389599684642	4097.2702299327275	5007.482004380285
11232.176142098822	3069.846878677912	5024.640142672223
12294.518144400769	3569.530832440449	4756.439207603393
10583.945267936982	3346.4260556890436	5361.750924912472
11360.807721153924	1029.633689881629	5157.649576371727
11546.280268153158	2327.2496871403337	4923.91679341437
11708.845336134045	3211.324130993322	4787.823392581444
11921.753252238306	3719.3649300457064	4542.329991027922
10777.787531846654	2739.742814922002	5607.968969870293
12531.472186732466	2456.8496509694314	4543.131031027023
11560.78911066094	2292.187971739027	5209.819080675947
10646.281434658878	3818.7957119628522	5588.575344490282
10505.963359431253	4630.734447470632	5323.118935523659
11175.871130311405	855.4987142385014	5699.216020178233
10112.695704952841	2676.7307269550492	5159.092756624156
11070.635535878364	2098.3819922728953	5540.045573748875
11626.883698382411	3695.7176487681345	4788.914534022728
11327.278867192397	4306.613598508479	5472.13827951528
10998.77074823892	3710.0491165261724	5344.770576381846
10713.076764832453	3609.724563191468	5140.284902382241
10337.88084569146	3890.647120811877	5199.299390030938
12147.97099011151	2787.110612302671	5322.5094494384175
11182.10619657542	1758.6023460297263	5288.506572980363
10311.17839999321	2484.826796726988	4637.717904080498
12186.222687763346	2382.600303739877	5113.953746564424
9859.670635676714	2826.739735121583	5813.255165271665
10854.616401187384	1358.6657526283286	4369.62439638919
12288.104897226578	2114.296839968977	5122.765455552119
10481.590094644784	967.5432885418932	6160.8885422733465
10899.655914335308	1641.3223369942925	4797.919118354633
9419.701185701417	2546.6013086923695	5101.965250240312
10595.906688335452	4224.259516590331	5188.328333292957
9767.738828962934	3830.729171718543	5358.860273792778
10860.060329663627	3179.172449477374	5051.912642027268
11022.768585738644	3011.3467276132974	5328.856450794209
8424.036797489984	4333.728490683638	5043.852433067143
10419.556896178041	2443.075243199286	5050.8018702451855
12460.407426797774	2090.206528130284	4660.70521090066
9822.869699015871	2750.5807169059863	4722.552753224516
10691.234717417563	4472.513532892253	4716.563317349403
10187.011003475502	2408.694073136962	6084.416854050267
10200.223353137566	3095.839258776888	5299.711774423832
10734.440154254293	2926.1276346218187	5087.536752274329
11989.242146118957	3782.582769914317	5193.119627630357
11025.097958072907	1307.4675339953153	5311.244128426967
11527.873412526624	3396.4364104247834	4738.815799651931
9165.23166852165	4442.67495291564	5968.438485542611
10762.939740117046	1889.5404699804121	5088.875899937365
11787.02563354249	2474.506857525711	4851.671790354609
11575.571814740073	3529.163020306182	5259.251585552352
9336.268464522489	4852.619331416153	5005.846282909391
11737.672688893428	1864.2908885631637	4846.739861120592
10639.03449622205	1666.6596118956907	5331.712287364391
10354.204028634575	3389.421560541528	5461.002923034826
9285.995434781293	3498.2844655381114	4657.07958963683
10461.414250274054	2993.164281182037	5376.21448289538
11216.72607483669	3196.079778712564	5514.040471199428
11075.433519366868	2082.827858687536	4563.831214562048
10526.222031793626	2278.412460733181	5153.742216089007
2540.5393018120812	12970.706560624727	5647.049516527966
10952.61675535661	1691.1131552305442	4991.177808435399
10990.618102923896	3948.2392877130305	5093.537928199805
10150.453738448405	3355.0355772058947	5361.5344672890305
10590.550461386149	2389.9251504017802	5228.264143086229
11596.844316783741	3379.9942325845336	5232.679645286367
11929.723144270094	359.2399309701789	4894.748727006906
9823.178643091278	2129.4368128678907	5189.858045695579
8982.669021134861	5041.175625725666	5335.220128166597
10788.239736989824	4356.911944343403	5108.889201476411
11914.998160261148	91.80038276968968	4877.864427282344
10452.542306025336	3158.7173514674505	4593.795056736324
12365.970051363991	2613.3323221964897	5680.836633866707
11340.99790385103	1187.45790089944	5829.495943623263
11840.800472091209	2597.8608543144737	5337.515321387561
9597.054953976101	3586.2073760389117	5248.523709993781
9320.572347371852	2325.8318721113546	5008.944776134412
11268.623201708313	2936.5721219853785	5408.9178389625895
11351.330691692978	2611.1298982186	5365.716351529226
9973.43695118489	3608.6851567382555	5357.338556182933
10714.038695658237	4026.6343217947365	5090.84481640106
10432.884843348345	4224.495581515408	5221.096774594764
10130.175331317629	2895.2650693603896	5300.649394958877
11807.13628886479	4155.678991499772	6204.1966613545255
10642.092996739859	1998.7473303191368	5021.946436453642
11404.950143167043	3004.362752526318	5590.379646390872
11100.201559009016	2764.19325347295	4785.754937741684
12247.834534291374	3098.5666417829643	4881.0585953691225
12069.098350397131	2620.615377173022	4938.947983770223
10102.606107189602	2301.8816307620514	5190.829179102682
10884.239127498817	2570.185902122436	5271.0155260515685
11268.048605801898	3328.2937787320293	4665.9524411280045
10725.745718731563	3448.561770589414	4973.360901308787
10647.536510785972	1259.630074186286	5417.893638549869
11430.456280212742	2617.344107411754	4964.70557207448
10419.989247781452	3947.83802930302	5420.770360215345
12674.527976608484	2986.5053298347657	4719.485101058941
11360.066478456347	-197.9296046606016	5630.406747683255
10845.046093690917	3567.403564213476	5374.449234733068
11365.601752102026	2257.3825124613454	5154.505896525197
11096.540379014334	1467.4561518243231	4849.181831206955
10761.709216666406	3821.2429417807707	5577.272949532861
11139.608928919895	2257.3878755451155	4586.453485621704
11357.372553618914	1174.793239375782	5165.243410163973
10911.87066284474	945.3276079878527	5670.89634542466
11630.851650193938	1906.3201595137716	4592.701216788192
8387.975612657501	2821.144290952473	4910.666558136176
10294.143470181853	3808.265508745509	5383.190741954061
10486.33282555399	3720.797868135023	4714.457446315614
10256.333786924935	2820.7015189713875	4776.899045717947
11290.394503693396	1930.494404608173	5551.662830853752
9770.079621715093	3477.614165667174	5011.64372722324
11997.346192216735	3152.5313847359657	4333.600170569451
9340.798707905467	4053.734149180276	5460.346446000498
11073.225965961423	3348.173668967289	4701.266383667718
9955.985983357246	2892.922961654431	5181.499443163686
10026.833105452062	3280.6997262630825	5585.971536252539
11081.91194861365	3147.221398663746	5214.4252103043045
9587.428416878927	3731.137755945792	4925.5962104241235
10467.485536842927	2230.007607400462	5541.231578876797
10630.173869723201	3422.962668487641	5320.291863615405
12723.129943772426	3260.6426909011025	4502.879740155507
10130.816359865536	2821.102143314243	6028.427976607444
11192.770019159892	3028.02567182014	4741.03507543892
10071.223006257165	2940.8387817543417	5386.611134251906
10074.548311536542	2891.789574389265	4700.48095110025
11251.83922101994	3367.468031641087	5140.965607358951
11723.850650873641	3376.430080537101	4889.434044531393
9880.299776796257	2972.8470007163464	5418.26475181542
11025.657416689874	4112.441849966552	5184.929107699636
8065.255904934592	5391.560417852129	5581.533245930837
9649.161943176596	3322.2604158844865	4980.167519508271
9826.680521819808	3848.5025743031656	5414.335132521718
10489.414673731555	3341.037477544815	5613.368280391138
10347.07908546622	3403.136815387056	4983.88915366978
11555.120351257008	2869.2977615260293	5000.546010091231
12071.473490430546	1131.046811337639	4781.00708425485
12439.957685981399	2214.738994513224	4660.212581456068
11515.829340184386	1500.9181148658497	5549.162367004401
11702.51590720632	3403.6561322438033	5313.585421154491
11541.0757620897	1948.5502019213104	4479.595231032225
8372.51878131639	4188.947422804401	4546.959204304964
11791.795542364018	2163.427760245631	5257.336914825688
11168.969454853072	3258.3278136031186	4451.009090442372
11431.832154246793	3116.7313186223655	4822.550934277462
11601.73447836313	1758.9225566462785	5009.068587805665
11564.156526557677	1864.2544814320986	5078.618555275425
10538.052470942619	3989.917500735588	5189.153931067829
10942.703595608249	3032.2663686368173	5220.719641852676
11078.250132695173	1912.1118348582202	5406.912781301086
10519.390544418126	2454.899447896016	4983.403489026538
11301.961716078578	1893.7739656024671	5428.024923050584
11870.481602110023	3249.7631868469994	4591.574995330526
10208.823369525448	2586.2238519607113	4960.592738614871
10980.409729254357	1555.9329024299195	4818.277261738009
10590.139417689623	1387.1912770838073	5760.563981371497
11110.081039277838	2226.9539242098213	5302.277368466452
11592.976609397325	1361.577611800448	5366.723533935901
9564.656787382964	1835.3537782086562	5236.552236155307
10299.553790438364	2150.3192030694977	5156.308630457094
11190.31193914467	3392.9558059858614	4851.769610416221
9434.457251385256	1922.5826793669225	5928.950040886158
10015.676859990832	3906.7881279517433	5518.556308347413
11319.140049022966	4652.168817498292	4960.742309388591
12542.33743521754	2900.8923935481866	5488.730855208382
10516.502596493343	2921.539239830652	5012.544557441066
10307.98363679974	3245.773884422947	4819.51118752444
11455.459958998794	1457.6306605665548	4685.2514764996395
12535.518066539647	1982.7634265124996	4692.1584400244365
10146.979593467184	4503.954570185453	5404.812018107476
10458.716592574825	1016.550048012628	4608.417635343141
12334.628882897276	3351.642806344156	5256.721536570487
10849.729178241036	2508.296843871445	5872.899020337091
10522.55004203525	3853.1062928208735	5455.923055276617
11288.24303878481	1722.7021810050046	4973.1522610453185
10010.779839352805	3634.9458701194167	5470.54708358511
11772.183947531834	224.93248171739575	5346.435816583907
11172.76737437585	2305.8573292258734	5412.425800550988
10104.898797352736	3938.1963460646903	5131.857845130919
11561.39639208698	2827.6789264402396	5402.556335351127
10266.382233019156	2212.837085000392	5410.193293435826
10501.37933122652	3174.7886737698573	5645.548541392036
10644.903586754925	2660.335083657787	5928.511567903269
10203.924411735323	3644.359228978197	4976.441017446805
10515.845346340031	2302.9446108573347	5167.769986586317
10942.996117486078	2729.1213966183977	5610.550051253653
10423.8690026052	3192.330842277643	5380.4244139302255
10745.948161825188	4178.557229680507	5104.473840130416
11468.232465270892	4168.304152682608	5464.025659740327
10680.207967176882	3102.3387122784516	5532.139764335002
10287.44030097186	3389.1508362919726	4888.497701277371
11268.831232889315	3946.372932482467	4531.669118360344
10346.396463521214	2730.781679182956	4878.249851438684
10348.10268609253	3106.686795402773	5254.28751797133
10604.168885588988	4511.424080744481	4424.310254494519
9691.988742187035	4234.687045871222	5433.140976900825
11964.613839260663	2160.95022492176	5041.352816387149
9475.57302087455	3670.964858134343	5339.900173873473
11678.226999148024	2379.532481896302	5384.496045375801
10188.47269642833	4977.636417160984	4562.590641058352
10765.966140709861	3125.0177311957127	5927.660895505708
11359.315320556332	1855.0500808735862	5465.631482084057
10709.857183680782	1596.7436542428472	4974.604086312884
11632.626569489026	2244.0229337128594	4520.69531133294
11389.906935563957	3118.571916360376	5167.22229566074
10436.38928514413	2361.322788509963	4835.32416049439
10531.264195033213	2512.060786983668	5328.3809149890985
11081.88865340601	2128.742118550771	5619.784153137198
10009.48254583508	3318.5368456675064	4693.719238867574
11301.616842673853	2212.721154395477	5187.26477795336
11988.587963149184	1354.2213500960504	5603.271024267732
12253.071868588628	2217.1482891973865	4587.259095009788
11779.667705529484	2611.051267761819	5263.70254825828
11824.42213296238	1400.0196006670797	5072.596347345897
10593.579935660237	4881.379815655021	4932.616096935098
9499.234043264862	3004.383569221495	5675.211544413987
11668.967416525415	2459.9051484270585	4658.776979486307
10747.95689154316	3783.9481418067426	5310.326949388657
11162.60751821598	3201.9286976158824	5713.43701245247
11002.193160213727	2190.597040984328	4949.667174555427
9105.695475581191	2143.9595843523616	5075.548890832537
10501.38047717598	2054.6026374201247	4214.59618000113
11909.844251110439	3707.0475402578736	5584.810205083196
10675.177000868609	4581.254726616858	4756.6847743853605
9966.01609875615	3889.1505277699894	4862.661682499644
12417.452909038066	1681.885068456724	5263.56635045576
11014.516305105215	2835.6490128529153	5835.836308895866
11576.278847584967	4585.261075890666	4898.630914145173
9621.961962417643	3776.7238752456424	5721.592292281423
11477.27467274435	2903.8935148380574	4914.417087312477
9466.487285541803	3294.919616819547	4805.190811910477
10662.049754827134	2115.1697015728128	5059.598308393618
10569.403424942637	4223.400462408469	4925.48096004465
11615.244718045042	1861.4830672886196	5037.4159601722085
12456.811116384706	2595.158442815097	5306.992062985135
10010.218458435027	2971.975085682292	5033.116009334009
9645.380344608862	3644.968087415273	5676.96237530529
11554.971368980772	1094.6904011429592	4502.189275342081
10996.440507469792	2058.479700753086	5116.592141346774
12267.051264097607	1099.1489672495452	4885.095199322026
10447.769706736713	4241.2161991396415	4848.404843335291
10211.886027428422	3529.173252680578	5265.569246941004
10850.451893729754	3854.3438186651565	5364.689952803727
9916.41465176346	4769.94018572523	4891.510784682367
10760.468181709017	2990.201987232455	5104.5322547431615
10482.581311594617	2487.5665669374653	5423.631929936525
10289.8871895634	1799.2430345481066	5173.12825888426
11575.649995600568	1605.7538757675761	5097.548092184796
10681.534799785722	3647.0283415212107	5195.773870396027
9868.321121964995	4417.985980739067	4900.41877161991
11072.813780793393	4094.6749052296614	5644.313877138184
10872.03016021026	3491.8675243658013	5139.163356097637
12174.05334690167	1334.212416368334	5189.118682064456
11754.721476383975	4094.3496640064714	4669.341002909641
10429.944806611993	3365.177329882552	5049.813186978689
11588.198329078958	1079.6898122012449	5046.518394898493
10151.841048361908	1510.0677068583418	5363.895070821814
9980.38454008538	3106.276437951059	5982.937957342203
11243.340978009577	1155.8661924912453	5247.9426124954925
10636.370336833117	2911.885079649969	5363.384483443738
8143.566694695579	4953.35405406074	5393.332948343684
10864.270722862257	584.9429074053174	5722.403663318203
12533.86971109471	2791.298569845635	5341.511004323634
7486.502397322507	3895.117673227856	5559.60195139816
9564.061714580912	3752.2575489620426	5435.304228711138
11684.76234137101	3239.1196039147153	5239.783959012568
10857.360399274434	2514.226716511348	5183.357453511392
11113.267771699293	1868.474479142509	4435.223518234258
10425.26044389543	3757.226009665877	5618.447446686274
10704.828386632536	2137.477214646384	5897.320587914955
9863.887057114045	4175.99936124483	5375.714516669165
10201.116699575876	4202.12206396767	4883.882076345773
9873.81947437933	2932.7686108335183	4748.183409777479
11759.833059679837	3765.3357074634823	5449.946131250287
11648.891007881206	2521.4908870735303	5779.413087998626
10497.679007431783	3941.294726121173	5256.372205360346
11816.079123298192	3077.441907985592	5006.214158168199
11028.906057176622	598.3435544614151	5109.918519827059
10499.261558625974	2234.5731775356485	4995.765684849789
10760.490309929473	3697.708085511169	4465.611334948851
10551.18727419243	4051.7817011285647	5104.110532293568
9630.158350721325	4241.192192491586	5633.8566327757235
10611.734976780506	2160.6147588966733	5075.030569631121
9942.77993515031	3352.3652989567636	5352.1194129966925
11817.461507628212	2296.576216167193	5420.463882129548
11026.354003672486	4625.556773466652	5189.295555548239
11341.205318572702	2690.3495470157914	5768.348282494183
9391.005103797992	2872.9580457879633	5769.956738522192
10596.433940554474	3537.7514961566526	4895.4620197216345
10477.536964240911	844.7262475282076	5059.541492354489
11376.13974444788	3552.172831369177	4574.981368880316
10303.633159711928	2253.407835739959	5042.876584246355
10924.50288055656	2339.172593866856	5074.262250896204
8500.61900554603	5182.407997189312	5508.76308819252
9900.550872617463	3707.3483193259863	5001.895335343445
11010.170071090055	2516.2790070208375	5245.301346625388
9658.58834009064	3213.2715608151766	5179.643979626227
10067.330120507577	3437.221333067722	5023.129292893764
12643.9172444606	1769.850906479932	5008.560846929901
9965.92657877986	2432.0175248524733	5120.730099576712
12442.876433847983	2473.8631951132743	5055.715873110372
10207.42190063038	2781.6813596523893	5482.476427743388
12100.89473458101	1614.5674310580564	4744.388043164093
11882.79706415977	4137.491626739168	4964.746792064214
10774.480208647936	2803.1487857240513	5168.24831950483
10669.180086672106	3117.0405606655027	5238.123995972055
12155.071061195567	1544.9910469746321	5164.5928086078175
10147.564797869594	2047.5712660856504	5413.402122228093
10576.436617481575	2792.202531662201	6006.028055763533
10468.080791656274	3599.903162741228	5608.562010606656
10642.286562584051	4921.931869133966	5189.006558291795
10717.125348071848	2235.20121310166	5546.606786795125
10373.700639979943	4320.346155168797	5044.127422994333
10973.43493677767	2378.677503613193	4861.847781237998
10694.58395777526	3622.5474825344277	5479.16438562525
10386.365117444831	3210.0578113619495	5470.878372091587
8610.834512101364	5947.914334771246	4952.308965399042
11613.496056396361	2739.045629253113	4810.538560955506
10057.629809044598	3510.7225128334517	5976.2201725429895
10672.30162284843	1947.1359425439737	4898.859672088588
12263.137874700433	1861.7927927954743	4847.4739369519975
11376.645125170015	2539.9912694444756	5344.895874153039
9944.06303274409	2607.273189414883	4749.917120500878
10440.102457587547	3043.3503836977993	5448.765271225381
10327.49012750196	3668.897757458175	5157.639621456871
10954.291451943598	1831.58439588036	5265.085665355518
12489.546498019758	2905.084429369214	5890.823008866998
10572.842809023057	4718.94132354374	5081.712906706099
11354.470637006625	3019.585334349307	5055.112734566982
10807.529658514924	2561.4350648480963	4993.692996518618
11476.712695156617	3886.2062988319926	5488.171822849176
10673.727834828867	2013.7984894445397	5060.1775618882275
10673.671208403834	3649.32038765865	5082.214972582564
12271.054201960422	2140.0239941471245	5141.0282282929575
9642.951743525797	4099.988138562906	5240.672951361002
11426.267294584915	1397.3292451549557	5153.235586009471
11013.644408049744	3101.431070685291	5207.0518223824565
11297.106034295537	2144.9667553369145	5053.108341574491
11391.655490785286	2250.3395902365987	5508.352691736471
10399.996929136274	3525.2855474086514	5565.025647822376
10614.529552164639	2343.415750719386	5335.446919950356
11534.208172935127	3024.9349991031436	6459.890096185031
9486.966072466557	2474.994539376649	5352.181373521555
11056.940135837647	2949.3779603182097	4700.547114957157
9836.596633819247	3502.1521840526066	5038.5945694757875
10496.447786319863	2365.963188406121	5583.32268134262
9764.63380771037	2205.426996726505	5196.914107107852
10598.295463906288	3236.811970177353	4722.953094142142
9460.41707197075	4271.784645209807	4888.6969103667625
11074.582481681722	2907.4109681725818	5190.881897989004
12743.691270540576	1946.8186197018008	4959.384042984819
11937.212404449632	2281.1114611492953	5125.592076215525
12540.071091825039	3289.7904669887885	5071.530837533385
10647.625642238952	1160.7912770498592	5364.636595720991
10423.051124094232	2649.9232307363977	4924.42571067126
12050.27397862846	1667.703727888146	5521.730037774329
11332.355439669025	1495.2863323343722	5134.400549364946
12030.110900977641	3438.74768900876	4664.340574162173
12261.542015107423	455.21270797946494	4803.0766189334145
11290.598603336504	2309.764519797889	5202.255990011653
10994.481726955437	3694.886175692932	5381.60630833215
12073.953533249163	824.0229418561296	4858.695086779819
11244.333913278146	2879.7267173064347	5280.2470775565835
11343.371331970331	3654.6200452345743	5570.080252776127
11349.125275867123	1167.6601730319587	4807.472705371734
9308.417447119315	1792.0646880067197	5291.539741080541
9200.21589050308	4273.161628326006	5966.260456956841
10164.098570760283	4684.06071375414	5220.926488934803
10510.040060417254	1695.7898691059543	4371.032533823683
10344.084966089657	2000.7499830025765	5716.615756332823
10800.845721654645	2926.9410778167326	5248.584617298016
11172.96440549326	4495.075390798659	5212.116082378981
9747.29424836639	4772.1544998808595	5467.428318118992
11882.785831606941	1122.404631084717	5073.062338329477
12228.770312364322	2772.13000411731	4548.180268798142
12460.541348322058	2054.155518357818	5291.429995988923
11135.673375170574	4169.887169458218	4699.413711818523
11197.333544838837	2658.153719591343	5747.480649182797
10911.689720997108	2245.043290694022	5340.3595973516185
11419.247007833443	3238.6279590848762	5085.060165317889
12038.729089231605	1924.011373019909	5534.4772230437175
10824.265629106083	3904.2072065788057	5209.682470112314
12483.11967977885	3906.6569116551145	4184.645657236592
9686.969554933794	4353.8496076182055	5177.116596324601
10389.799370901252	3564.1192910073128	4876.468914251813
9945.735219423985	4016.713082800899	4919.58458829005
11372.245770708294	2524.700100573134	5589.020866934485
11244.832900230778	2839.657144396852	5114.3925726187645
10286.888277611428	3576.8382455356727	4690.434247477667
11878.211715810563	3004.263358147288	5948.662363661381
9569.910318720815	3130.9727396699977	5166.361416947666
12314.328302734484	4371.300497021698	4583.651226768172
10979.97994138488	3150.1507626161338	5528.549501867428
11425.858380529882	3911.106545639023	5519.502062754358
11170.78120979114	1715.349561750359	4821.634238571652
11267.744156039853	2209.6169903794244	4867.8321193376205
11796.884486450084	4065.0814325629744	5526.563202565237
11336.196125450446	2684.7550600335785	5230.6655263523235
10295.298958582465	1269.8775260539485	5755.580496339041
9933.00316465397	3524.531550076443	4821.51338143482
10556.746284564731	3364.326029015953	5706.1070569753665
9945.60598022406	4242.76633854679	5394.753234452079
10695.872479214971	2455.0423922042723	5836.069104894304
10123.638400276794	1608.5648199003542	4744.036165297344
12324.67792401047	2226.1163291179396	4982.7130486636115
10168.561374527279	2910.939761739497	5454.970116579162
10950.747996040773	4178.701490269932	5383.486756372714
10704.456235619391	3449.934091132678	5259.2615655658
10652.358278309626	3658.653049680917	4857.793326527683
11571.406633031056	3428.7065488473972	5089.444251787801
12462.481746945661	3184.4400859380735	4852.916951079257
10438.150251529565	4066.1055376965123	4737.183139368488
11716.018858697314	3671.893621413654	4849.942814837699
12768.462656659904	252.03563507383015	4937.152014532134
10800.209940537463	2092.664627219913	5472.5755388634325
11812.471688936139	2697.243739739585	4857.683876788381
12239.045584101668	3673.3787196062267	4753.809621408383
12466.567560378651	2436.5189539228622	5190.411987936672
13452.182175138229	3126.4618969501594	4677.149205132134
10363.097260578608	3229.729229109843	5083.943277962864
12013.13536967928	2067.1092826153736	5707.944487630419
11969.079484426084	3662.0346069484253	4827.168541593334
10015.397071984207	2417.84180956605	5701.484164244372
11085.562820474775	1404.6158278393882	5774.472777073931
7769.2613969436225	5499.272542236108	5359.072219855959
10569.974138724365	1698.94295901996	5212.660453523703
10319.879198654713	2098.0488573631937	5413.803135590594
11802.626078249119	3839.8898542275706	4676.978836638199
11861.77012082777	2771.492539197481	5206.820543818589
10559.923352211079	2870.996246959647	5091.74050975619
10390.734862041565	1531.0727487863128	5812.360437500026
10264.244389804597	4995.555620609177	5418.135913457703
10686.759856145056	4504.505699951503	5048.383952560931
11019.823866213888	2028.2799500263777	5126.65737271059
11783.727781940355	3811.835358887012	5313.596906472829
11419.855680492215	3353.484664582497	4742.936867489812
11230.24149496077	1463.1066135959493	4775.91960888282
10337.92411277378	3973.165424657603	5628.163072351977
10853.341805758062	3093.4264613196206	4626.367085185739
11755.6963848243	3516.760375343148	5275.267032387453
9443.811516098694	1701.5498834851464	5528.40045938718
10738.230526493082	1383.0450169035194	4791.3154019453095
11918.443437934824	3505.6458522887037	5055.565843201825
11422.475673603267	2371.781450369857	5206.534475954688
10036.761192742642	3440.509099243493	5289.712289369044
10444.06650323008	2936.679750036596	5524.569645912175
10913.968334006257	2481.4986636545505	5123.076639883013
9575.96049965078	3589.179029044728	4915.197556719641
10216.210281967155	2696.069829953845	5441.292513754829
11580.150234687919	2405.466769883042	5477.4511096761535
9639.742370273258	3850.817109542955	5291.976416883409
10196.21939377491	1697.519295426156	5292.528085499324
3199.660514786993	10915.841891681364	6273.659455078745
12509.281744726874	3249.4294782547727	5080.408354461229
10761.81825608177	3345.374345016521	4553.816764865632
10177.592881280836	4581.860805954906	5500.442343946854
10823.628280755885	2247.0386073505642	5615.892326011905
10503.5688741498	3590.6252410121965	5300.040849332504
9477.861765144224	4690.2913022456805	5106.215584693478
9974.372345090489	4741.910057295545	5681.620394251475
10238.175620524613	3596.3531611347757	4415.962075592799
12026.87715882328	2837.466127551333	5360.208899609765
11086.84792055605	2511.057876885294	5398.315255642305
9190.85198289977	3641.4731932318914	4851.267388759084
11413.978295255189	1975.1638342594752	5523.595669917544
11651.052214764139	2595.2298681437364	4987.971829370256
11222.652558294207	2941.586034142683	5588.694354936237
10850.466643988737	3254.9821118781624	5195.7250809033485
11429.302029119668	2391.21254239805	5141.264130126751
10431.123087848198	4454.933531477734	4941.13716543357
11708.929578928079	3892.4994749602442	4965.034226400086
9447.555440671309	3044.6667445604003	5318.582483440032
9353.617134421138	2934.143913681902	4880.446389334186
9981.336251668732	3011.543233809957	6185.3506089490775
11413.673073727885	3418.0984606617058	4976.0855612951145
10296.22045727733	2465.996775751274	5509.508144466897
11056.824455443246	3714.8028021315195	5222.686762140339
10295.31101615543	3406.5197890456184	4948.136358782613
10623.05016149658	2884.402703535832	5849.82253609105
10415.872510591753	2991.2891525328155	4839.046043248334
11357.886390332456	1512.9567971402578	5201.551264704958
12143.53506484471	1759.820576911696	4665.369145880396
12095.139080857507	824.9179695281161	4787.384617427011
11266.419822107748	2547.223094558234	4588.032070368642
12915.142308574344	2524.270762786759	4793.489006863291
11030.212545852824	2334.2034518496753	4686.939048858583
10572.096811627647	2763.0038945685924	5799.631747883208
8997.37972319477	4023.678771499331	5074.021911604792
10897.105302144328	2350.2339759208926	5493.710641630059
11524.314760566083	223.44381781451588	4713.294631969959
10271.527462551156	4291.566912032204	5040.86593566882
11369.08376746127	1186.2068078337052	5590.4781670528
11930.942176206672	2809.745846416834	5709.491824884807
10390.095975858043	1874.242451681877	4960.534645887254
12025.091225675385	2018.279150919349	5710.75943060475
11321.317808903923	1691.3338216443647	5514.323297089235
9776.191173410147	1189.2648581275998	5850.935510487491
10181.575455366157	4410.708089394214	4547.867110072157
11331.008889195773	3364.2425187490644	5094.040109394129
11982.563367196668	2672.3750686760563	4769.615043493767
10425.20366795983	2704.1321059771412	5767.961701326526
10115.202414240917	1484.4764678064244	4670.374867360351
11028.653288350813	4295.622259793309	4426.499967203572
11638.442870542827	1912.7667046320303	5646.958463335223
11713.263983085137	1733.6857826553633	5703.2956433591235
11899.404493859862	2312.755337148187	4782.402876423255
8933.680896716438	2261.3357660083984	5570.0171937362675
8152.7548837486875	2647.1612288401116	5161.77012390738
12401.899144418387	3164.9699632408483	4308.721550953636
11894.969334371779	3400.1044380980256	5051.250875725279
11599.796341742172	1565.7839872943862	5302.837095770761
11014.225759736972	2162.7500139656613	4949.484046909885
10706.773385506613	4072.647049850929	4614.633541203671
10929.629917354087	3930.5831124720303	4809.2672039407835
11867.363933150697	1906.1384836732993	5102.618310789824
11079.224811349282	3896.8290549495982	4868.736301683872
11334.59359341191	2610.473829308	5109.338272235171
11079.472603710106	3439.98713156999	5316.590162616345
11261.390559497471	1614.9385586899623	5167.798907410231
12371.24325992947	1413.7375967808755	5261.150359469831
12725.076357194554	1314.0718681665949	5195.290388940549
11522.839723880064	539.6983994980025	4972.161422665774
9603.975661610431	4018.2352410798767	5223.178771885203
10421.017582354625	3460.5369339215463	5463.6647993275055
10215.285067030898	3604.875925785089	5028.281951812521
10829.633469327477	3239.361290178859	4560.432425383542
11718.24472828462	267.4203121312451	4583.286357172289
10829.17596276426	4265.693074908028	5095.899020184455
9889.555882059234	3828.750438424405	5566.455573263131
10889.276993874733	4207.2089198899685	5086.843302272608
10228.386685944628	2573.6492830474936	5297.982789182981
10814.270302183351	2412.6169117423296	5575.1908571071635
11231.71690939413	1346.4809971103675	5046.399436666544
11552.426555771031	3533.3918134929136	5721.070706296893
11495.90543760415	5421.425480834927	6176.844291860805
10892.606123701533	1716.6365159415948	5015.737412166361
10467.145986828704	3158.0310506363603	4873.280688814892
12722.634556196677	3314.643751044371	4663.080947765784
10113.776810984355	3033.4422434199037	5068.192458105639
10945.484019792668	3877.304476991327	5306.562354378686
8344.09843823734	4370.344025352106	5430.974747026693
10264.831988855376	3831.784914896101	5003.771596738719
11895.219138190741	1473.953813563562	5117.816976151174
10755.866349883836	3199.6802448696585	4649.855037054799
11244.126761987298	2924.0775064536206	4476.148730920671
10603.033011712965	3503.3206837972393	5532.544966625152
10881.675897910203	2267.6409567883356	4656.1831860952125
11079.898936968524	2972.8378487890336	5120.791498839855
10199.732023930208	2978.7737005817157	5093.313089857686
11493.611857686696	2942.886171437724	4664.8118522673685
11446.783643000437	3393.932200282509	4760.9782809768285
10464.115703706466	2597.374083128273	5530.604779705679
10035.642026972351	2864.3809486930118	4979.549309152863
11184.851111504104	2888.069725225089	5210.5910861935345
11209.011844239933	2357.0967645038295	4966.233274575102
13420.35402511812	3967.90321516242	4819.657601390953
11394.941737017924	4042.924203138081	4177.793457077827
10491.422934365744	2318.7652262763277	4786.600725268372
10197.884649592337	4236.734284479372	5247.505517241274
10293.246774800802	3563.3089989475952	5076.199636326609
11405.240459736124	941.0516466538676	5963.201737940534
11693.483776038398	2534.370466704304	4896.535636104138
10103.678633087722	2010.8187407903004	5336.296925781494
9210.391678334543	2642.1320449900736	5021.1421164171015
10853.985522411986	5098.758406590865	4559.780157952294
10875.444955554487	3628.670249886548	5549.579230186389
10802.219026815797	3066.8598988001854	4811.6975056470565
11785.689505108652	1004.8442954809053	4687.094767201745
11766.048316510916	2075.0967169937267	5143.148482420563
10726.976900731961	3689.311773469067	5841.441025483986
9856.636988961267	3545.1234624483927	4949.468750356621
11505.569641364937	2590.4145194284324	5463.219211453069
9973.767971033196	2741.943618644425	5070.950653389797
11182.218628446963	2066.7004542325194	5087.915947443662
10159.273311234758	2132.0936972804266	5089.830859643678
11295.649802816242	2641.4683884493024	5191.405474652814
10534.340019309428	4147.263946128568	5164.334231856262
11479.744546702643	2544.330018792947	5468.482985238971
11380.540349965135	5294.082450133522	4943.179919199706
9908.114745656336	3465.7740049412996	5270.158514920227
9797.929025261295	4911.665530903258	5212.330073612151
9364.773667825511	4472.254538000461	4778.320098787223
10720.335108892772	2916.754453500561	5245.674332012036
11251.251769592829	1940.8204983029252	5550.662216428148
11806.32104511759	2449.586116003545	4912.986757659034
12544.075398170527	3525.0823399951287	5121.599723745541
11585.70483104395	3319.0648497835905	5242.653855149408
10687.911461487634	1544.7730316442821	4553.921246246375
11955.589549323964	2084.109061822833	4577.863445454878
11503.645424341086	1065.1106812784005	5517.596378009096
11911.07618232935	970.1745670653419	5593.867508952489
10507.372761402985	2201.8097343556724	4808.189717226788
11747.113616891147	1918.9810072238088	5184.431497301967
11550.72813460246	2478.4289459588836	5588.111761141209
10251.223060262197	2628.9253281576625	4935.131419736287
10113.18026166794	2759.32487216814	5609.4707054400915
11493.94235727284	2778.3474069349386	4888.998823403835
11792.64009729017	2073.995229296127	5108.497217847102
10573.628782901382	1608.7280895189576	5267.016952688493
12082.207026171433	3767.692831509239	4946.877358067726
11287.843377643154	1821.4891273167973	4947.57481990281
11490.385046302168	3941.3237648489157	4967.794490058086
10211.43654850078	3598.3544226969298	5063.131263035834
11782.761101151902	1887.1986898355287	5315.3658949684905
10776.814267771866	4963.658651401201	6016.806817617345
11588.269088686686	2739.7667252967713	4550.766769262583
7990.896492508588	4204.759208721477	5615.559690910303
11369.220760796114	3187.0181496183654	4895.235124707296
11860.561051695635	2064.219118586682	5389.763776212582
11247.230791116634	2983.3966602806095	5198.419266959126
10652.054072390803	4079.0542382200333	5206.575294450277
11440.233103557253	2780.9892986252553	5119.447794739851
12539.378116542246	3942.9915288208836	5241.412824744358
9942.947308344626	2801.939905847497	5046.103467078307
10033.421084640791	4701.867150310599	5946.897451210467
10316.979550849172	2434.5812091879034	4533.005181342785
11752.60304959129	2489.6001710107994	4447.642607662348
12680.188969592316	793.3414628664201	5410.436007288803
11491.79298526791	1059.701861748285	4699.672777919498
11980.671110138526	2195.9223129266666	5559.821974469651
11079.439627141608	3953.9515157843316	4387.213595261848
10221.299154249622	2400.6090106611923	4962.0716531302105
10529.632057871258	3388.608912164121	4913.008131946398
10088.763488080951	3200.8292631185836	5543.928383350966
10415.700209299843	3643.071659325041	4767.219507441556
12179.471287141456	2014.0621194510854	5064.326793969543
10444.731428558842	4746.848842984619	5349.393070202516
10677.593785154122	3158.96238200881	5053.561284185657
10197.455775731854	3023.32256469208	5467.310323739139
11657.087480683667	3425.8856771671626	5489.594315570567
10372.176816269923	2411.5867323481084	5384.015153228947
10058.14539346762	2985.505159906949	5367.429024508355
12447.855683555184	1045.3563513486667	5296.499311062375
8925.383194273485	2758.7811368818443	5415.215644561562
11847.573009146443	3071.5343120895936	5238.373802775171
10413.225966673333	4352.666359906761	5153.276292337545
9940.769205034212	2571.9613029967786	5251.1646035174135
9531.205466290092	2121.8123167226427	4563.617588091516
11766.346788439987	151.73448920301277	4902.5432800917815
11950.70690650356	3735.0323926842293	5085.761912108852
10921.871647383485	3880.7023044726234	4960.7605830559005
10299.030420679708	3126.8822390408013	5215.221003909248
9936.707776992467	3612.993915520732	5005.062804966384
10725.114207052204	2435.1822895696714	4736.453535890278
10897.468381396055	3164.829338656528	5561.863103540031
10150.377889085736	3322.1836411449863	5247.6459863838845
9869.870102088478	4420.749838473175	5075.0918723773975
9685.358966825144	3648.0205717771587	5306.608421185852
11142.090127270274	2270.008691035555	5433.115781325511
10627.093278082675	2976.8269288665583	4883.645414010713
11065.885936207633	2312.513606826967	5250.54672146068
11344.561783681263	3743.3746883426343	4714.3976412600705
9324.87065102292	3965.4628916589154	5612.884479632563
12193.381854987989	2386.303434242963	4833.844369699706
11243.450984056588	1868.3941769176686	5034.01548480133
7752.167969260763	5104.110277730574	4729.835285481072
11083.324495023619	2819.11572674286	5912.605881713606
10653.416855743788	3597.3152349450725	4766.12391160827
9203.682284918059	4695.248169636554	5225.650215971144
11929.422519099697	3722.2056353634575	5233.578680009855
10972.440466461023	5493.674165567837	4932.052945403186
11569.975044120247	3120.3164752756315	5353.052946581423
11339.415655365869	1671.2635101814321	4912.181349235162
10222.789142156795	4585.736510585208	4740.249261983981
9863.549401448532	2718.1943180747626	5506.500132125386
10584.78632806344	2389.8947477337706	5054.494919239014
11320.262232722298	3164.89208371296	4843.960777304517
10948.40912203997	3647.7138246546433	5014.80659561906
11687.468033902604	1961.8860417474568	4543.331244425441
11460.485096786158	3123.1915412609287	4106.475032938521
10824.6851612406	2730.1885777844213	5781.897473869086
12161.984638128817	2918.9852861460745	4940.167772037147
10057.554595667749	2531.3519662467115	5362.859485322364
11073.228343587376	1917.2149068458643	4619.979865588019
10252.919054484299	4200.3067164454515	5950.5709872434945
8163.723241033154	5155.926047131892	5004.363239142474
10007.137102886176	3683.5489082148565	4722.773506548278
12347.620289766648	1534.3530894946891	4761.530655805494
11632.742584014992	1510.3275523614248	5485.923446496885
9861.58431045511	3879.71237263385	4672.294863000273
11398.161316179545	3672.5626067002354	5026.108036328712
11145.887223881842	3225.602844503721	4881.758783070271
10563.590049987331	2700.286767005544	5046.525665673448
12197.115411040966	2573.276646196072	5254.31342458494
10940.997215181693	1741.8323908452471	4996.620815510639
9777.99268334549	5047.063767516753	5575.678304007658
11201.517095148234	2977.429623468937	5682.448328914259
12273.678849059928	2618.9209078829545	5037.940340365913
11058.279179412553	4208.597605659962	5344.178187509092
10563.334602278286	2954.8588100763745	4850.249028280215
9690.394481486495	2952.537478718056	4759.2462653460125
10358.48797528764	4562.162317231167	4921.865315931998
9640.224368621857	4416.293840165798	4662.999152262254
11555.268134982258	4186.329734442798	5262.013595652618
12354.84478271454	3220.1279028333583	5126.741332411474
10706.301620177175	2994.136905799378	4815.984871115715
9185.760722859386	3868.1987470601202	5530.1658895705505
11509.466709851273	2221.610528132274	5702.243708630257
12060.477262761207	3793.523330271514	4694.615746937898
12162.697446710587	1986.664381659952	4851.96912497442
10331.932621026552	3110.9801786947723	5198.201205556545
10379.782450319823	4309.7432113130035	4485.697809085153
10781.355531586758	2453.8741023029165	5146.7574166326995
11203.906697434471	3045.6538409584873	5233.986628820608
9646.918045921173	3721.3094289773144	4689.391146649834
12022.981754644376	805.6175833140203	5110.379871293171
12062.743018541356	3045.235557897344	5528.404903923866
8951.316956051323	4106.9989155548665	4567.896604273455
11490.907791204083	2230.4182616180597	4916.787931464011
11586.682109798903	4604.139933369765	4850.216221739862
10442.320739567458	3687.015991115515	5195.459111477424
10711.822032349794	2977.793642213477	5726.45892019592
12021.962182547828	2772.508218587696	4753.77693897694
10891.001314735291	1359.496075664363	5041.700932362304
10834.405998506249	3168.0690587515965	5420.227006114057
9831.44250068764	3637.203409810222	5142.1821650318325
11896.91509120965	1060.0211232012123	5826.252553137082
11735.82386665575	2292.434112348029	4732.341758928661
9600.020330064472	4129.639179356006	4631.8117410596715
9872.059816685722	3811.5529729455693	4959.702846898745
11914.387715751656	3417.6733347537024	5331.465635795105
9494.7763623245	2009.5590614939445	5537.23326770612
12027.054799555912	1192.071589498834	4739.863167028565
11177.07881131037	2815.6959237439823	5118.399452642112
11664.496920348342	2408.9270068291703	5212.908933157596
9948.869498861259	2019.0986194554912	5320.227528468213
10236.897447080084	4250.856261676708	4830.446033179321
12094.628570874353	2534.065187724683	5286.04121799144
9968.682152295767	2498.4160396825805	5049.423745014775
11730.912777792422	1641.8616732229505	5088.46320338228
11286.420441599419	1125.6346523345942	5243.8627222189625
10435.073145951043	3391.569840766394	5236.090516107561
11400.56170845835	2449.392129513629	5378.076465413024
11933.885907216843	3890.8541014935704	4719.5254851290965
11399.498454194421	3544.6820289871434	4804.272153095042
11288.675794899245	2402.4376337397302	5149.705527219879
12556.595393242944	2224.9381004172524	5559.497924061161
10519.452337371287	2724.5999138561074	5564.665139838252
10189.893713041614	2437.940587642016	5063.340848201791
12359.18444196773	1800.2061808663598	5403.326579041227
11669.231597214748	2966.9658676106387	4824.3204202877905
8777.836456100404	2988.269948873657	5393.712849050058
10674.12368326635	3196.232492317108	5914.291163520234
11314.418636402654	1743.5035701342656	5127.618267146504
10476.715739862215	2495.8487228832296	5477.959728627127
10898.158323480635	3146.613783083631	5399.789937454866
11724.373968448881	3429.71118687098	5407.807538688095
11493.764178827341	4810.4163466258615	4326.743070923203
11547.330162555705	1355.7859826352537	4503.316317427531
11594.624169174918	3127.5449822943674	5009.116743867445
11089.199824137208	2684.717572752789	5311.877479035321
10287.074666033388	4615.684147183944	4928.245264044005
12210.050414698138	2504.056888885254	4841.736475303817
9932.04934875148	3131.477179731146	5411.6233702636
10580.738290024885	3704.396350889143	4454.788365940974
10628.01055543075	2873.5144518751063	5260.960540809187
11680.963435646914	2700.335244056199	4759.8654573892
10872.713984277289	3986.507557328841	5604.548647657716
9329.992577860028	2850.993422169919	5517.771360090147
10815.135650224096	4056.031270735715	5405.8540852915685
11262.600346688965	1612.4121177808377	5338.368991097221
11919.187229691646	3257.639164870146	4711.97185677939
10462.529606053222	2882.2781894878867	4967.24300631573
11576.207700310873	2325.0755177849182	5372.894568588577
10510.921088266346	2052.735486045778	5726.778607445628
9486.755740524726	3410.902884921592	5218.849764775251
11418.67787817113	1936.2278604542266	5960.665400073881
11650.547413537766	2728.7224664411815	4952.525720538204
10593.789963745317	3259.7587030073178	5227.564903178855
8775.381288212064	5032.959309339324	5383.179932536525
10588.645117608765	4047.734584119805	4695.493866221401
11311.839206654568	2051.9001368791396	5656.55320900356
10821.287875553846	2584.6095255811742	5095.799331425494
12116.586242902478	3765.665296246856	5109.325266328022
11275.527329912535	1016.0959034160164	4581.357303858877
11207.958951424243	4040.157543005219	5699.791096717363
10830.020494901566	4965.508056966862	5018.756909801048
10792.410113205311	1892.2849664205019	4861.865557297269
9436.54409512535	5069.681459864633	5308.501249091163
10876.218544989848	3566.445206501009	5165.412892443311
11397.550246711851	3639.068066180533	5261.298305851372
9351.247167565407	2991.6363798664433	5487.611431130029
9432.90263322516	2922.065438576241	5144.094937536236
10828.560297559381	3673.9759508404413	5467.634660274769
11017.207161911527	2489.3291019732023	5219.327404297852
10198.949083636391	2050.248765547038	4759.482018953176
9780.577465981743	4286.270856269772	5183.361798928044
11025.086991856182	3134.679246212631	4775.135980212396
11653.182739938264	2359.8640870993313	4990.370291611662
8934.995571528103	3050.4022981877833	5067.828364280691
9729.720934960376	3358.659392717603	4814.619451993521
10741.695899290276	4058.6585366166173	4788.2260271992445
10545.361971743761	3518.002923171629	4595.864851133832
11175.236586863402	3001.3110145676233	5813.450749020671
11959.413297550294	2635.2810330902357	5735.3182205573075
11065.053917565509	1503.0473257954616	5083.149814233207
11308.270324391444	3274.8993340334423	5562.805768264543
10395.038978586155	2194.0172619646905	5713.290777370388
10096.322963405228	2361.232190886272	5343.8484004173515
10424.534107123565	3991.195626459407	4853.414465743555
11021.945017757025	2255.7800861517894	5363.3120098610825
11957.42261820076	1350.026783608308	4845.674584398521
11604.051976444953	3651.902388790903	4608.02211073751
10212.692307903473	3555.0889435578374	5181.748394395226
9217.515024136239	3993.650705897493	6014.577607151934
11480.239599490591	2586.043784640079	4644.067514440292
10291.166423614093	3205.391812051973	5424.152281721053
10471.071468017602	1292.5892779435214	5556.949547314477
9691.081958188457	4951.335122036768	5306.3128734011425
12336.801690898405	2851.545648813245	5003.79743984175
10784.414096455232	2070.225087067361	5244.169232658641
9863.001345152516	2080.583066865814	5160.4590894543
10987.208607800218	3101.5203033965686	4386.814737427105
11455.463644321695	2674.249907342632	5424.8758133724095
9775.975854206985	3841.3608293517923	5510.05936928828
11418.59349041631	2211.7222360957094	5317.684204627268
11841.90689930056	1449.3261275747705	5224.542434249385
11010.866659280679	2440.2095330807015	5163.907051967875
10637.89403243275	4240.4952623111385	5292.208058414789
9593.902645379161	4990.345945082224	5099.310881614337
9641.128836644171	4058.2357641145522	4841.196914138403
11391.472596997675	2230.4901685714212	5010.608316031501
11253.854560987016	3764.2325997933103	4797.287657140129
11551.776574554742	2951.7889938345966	4642.210810448466
11388.166171510935	2048.459325270456	5631.885554935363
10049.076869381355	2802.692259065629	4918.033671311539
11178.54442148178	2439.9340903616408	5050.329847845224
10356.886170207543	4581.83865620227	4986.017213759805
11025.723544591883	1373.5300190860587	5006.735351790634
10305.268606325975	273.61698606650094	4998.249275459152
12353.230399773816	1670.8462555214494	5464.288199256697
11628.403809153402	2290.484333713605	5090.6949310815535
12154.297233596604	2174.571104197139	5227.045815483563
11654.884498800038	2833.409346121154	4762.5754611343755
11394.292607211471	1247.0378711965475	5695.531749137914
10702.286886211643	3296.196710680297	5269.5678678074
11608.095261349501	52.019461101221076	5204.371693377797
10173.243477911872	2836.898602659644	5702.265271558967
11072.995810321638	3860.0078268806415	5443.901074282186
11846.947969437906	2391.3424202667	4927.455001817721
12071.567079728471	1695.6731767297758	5955.064392103452
10438.223977388561	2566.5292232129805	4572.800614203161
11672.428083462984	3411.7223028700714	5514.062603601493
10212.336135440453	2784.543661493015	4938.597295519633
11236.849717401377	1593.1087261795994	5116.105010946043
11601.772781634087	1212.345404422075	4523.787390557216
11148.347281164797	1821.9067067435524	4962.167783252387
9134.83360893136	3974.378979838038	4672.156427051529
11394.8794181667	1784.775214759687	5046.548862046942
10476.787904179448	2641.931229970736	5543.052742228352
10613.141165903064	2907.7241307634495	5727.6033211560725
9946.746209695011	2868.7863513484626	4832.168689162786
10967.072278432312	1713.6563261057477	5671.960063135526
10614.971655818219	5790.5633748716655	4714.1062879363135
10431.829246999407	3607.9891070806448	4416.146020669186
12673.138064348137	3003.1770885477413	5107.646773279463
11615.470040783974	3390.819791607142	5417.062125372519
11368.543725326965	2074.7857251226346	5076.963064604505
11603.719600326704	1577.461435745793	5866.610018177316
10971.63637311119	4024.02531880018	5279.415300661204
8943.40510173465	5138.430610241344	5154.921551956381
10871.668768502077	2571.3492527481744	5048.638709442358
9898.872856205937	3461.332452404673	5009.499364105728
9675.328078035225	1823.3013465772785	5408.959401101432
11378.969858903622	1291.3660698964393	5417.167649549806
11875.834728963824	2481.001214602082	4949.7348500031885
10793.639281087873	3417.050816045298	5248.09188663432
9878.556412726892	2914.5651433021935	5186.268222106267
11846.58434189131	708.3700988176772	6279.442008488821
10226.092142304786	1457.584488104818	5283.110190704984
9505.456738008643	5365.741475630115	5255.821946582113
9970.64502549026	2514.2772103550997	4315.927256861846
11685.134833232514	3620.5886026010626	5447.852677177913
12978.340639688864	2172.8896549922183	4658.034967259099
11657.500000188584	3675.3245853117655	4819.137592260783
12025.701683849578	2200.9012886535097	4865.099557184445
10899.211993998953	4727.8711843452	4593.17094370711
10094.030108470597	1620.0500794682016	5233.31859317089
11430.593797478758	3196.207445871245	5671.540927163868
12328.010848674729	3060.2395138289944	5127.4298587359035
10434.273656419022	3221.0695102042064	4598.338455659133
10626.2246428592	3177.747529371847	4594.059510572945
10949.288270317264	1965.2602441936363	5063.326745934634
9333.313569824488	3685.9141089772884	5092.268141078467
13150.812722478804	1267.895052955916	5343.874783546266
11078.717025970873	1097.581066794228	4586.855120607718
12344.868745635109	3127.221927324846	5727.817015223993
9258.53512583553	4561.597474192672	4627.4607375817195
10816.406105577307	3181.223154099992	5399.592398924595
10731.327288438397	2851.220587403673	4840.597714558886
10358.859881803392	720.6852695828709	4969.630307818896
12250.654056319154	3557.9708378230553	5457.629210403719
10431.211479051753	3179.0654107458035	5555.295224164698
11132.519439823067	2734.3108948510244	5722.468147127
9665.494249214564	4408.13139170266	5393.9530775664325
10813.013961560358	3393.677548999564	4532.540541594331
10929.002127316278	3917.148884524984	5009.5777091605305
10169.567170622013	3926.2082533830458	4725.987008845581
9337.367981360696	3960.8657880540345	5374.335222733951
9547.598054312462	4252.683953613572	4880.47516263012
10855.459407003109	3009.796578518281	4818.069367704236
11425.859068311129	3322.873901315635	4813.1157177363175
9896.376429959817	5430.322786195355	5588.605501115191
10791.100181318807	2772.812271898376	5127.913899566866
10668.570649599846	3260.4166307040387	5237.57921230397
8907.782913160589	4341.590716705519	5153.064702369859
11358.419060926253	2172.2396880554656	5513.123186858777
11175.61673610076	2429.191778689669	4698.983184143395
9468.477090042707	2596.168026777823	4890.000428633344
9880.329358996065	4175.861372695717	5126.094675346743
11244.755255201051	4838.100131434182	4831.358428259039
11250.571368131928	689.1045324203324	4818.764083857736
11889.018119865652	3828.2408085239654	5034.081069428812
11433.375800616364	1918.8783631877143	5306.459053817678
9157.825380505246	4276.699505006136	5044.945093834823
10738.229159703385	3238.8008478071306	5028.486861054292
12145.979584850247	1973.68149627127	5156.17457060531
10795.667901062056	3257.437280210344	5052.6666290966095
10327.24385813339	1992.195387479521	5637.102296128861
10745.720393003923	1867.1806194657922	5680.489992272061
9934.32179880327	3500.176198065518	5579.385072873866
11980.105009649318	2057.722428317565	5237.522696598901
10499.900071094611	2351.14612770619	5026.702820991263
11681.618803507246	2972.121302890064	4930.12517049855
12374.917540069628	1189.0414780685398	5116.473308203956
10046.140630809035	4114.545009246852	4993.814004579719
9108.036276369377	4077.128301833819	5877.553196355445
9533.553589806043	3313.2204256972227	5762.420108274491
11034.178355122143	3400.1135985701785	5179.482663121724
9436.542361806833	3099.7205224032205	6034.793117573131
8944.427775707669	3986.4219858685383	5746.496177820146
10895.410452347245	3897.0932510758607	5332.117341300726
11794.235338385519	2898.859437716452	4638.376081884527
11439.06136879124	3326.3181488110513	5603.950530501983
10773.830157909195	1816.490320554908	4915.4998351324575
11402.032982663644	2051.659370740749	5472.905417126592
9667.072020792368	4100.453769019342	4661.445372718872
12055.555186216436	1057.0247149167576	5168.658031494912
10387.826506657473	3856.6062630876722	5414.461556168536
11175.167626649905	2293.2803461274534	4718.1471312137555
12605.246203400406	1719.752262353537	4819.621735638602
11593.453632164284	2363.062978314094	4526.563834858678
11885.89020874223	2426.3568717239896	4932.302697284536
11338.434293344966	3970.8872073794746	4881.877203811272
10834.259118275691	1207.6047655523612	5406.65720862447
9760.969671170256	4173.30255196029	4706.722149282516
9730.948211477735	4378.889843639062	5355.64307323573
11379.631014698221	2823.5634683315398	5079.454961653815
12389.19261821613	2014.1884068641866	4965.593882296607
10485.778014439027	3555.202682867438	4953.505126902115
9129.344446093835	4688.9593201482685	4979.084292804113
10322.737668465375	1941.3281878125265	4983.523234669939
10291.942600665527	2159.9508759624036	5226.070065796305
9747.088489612446	4467.478315374742	5438.370247832357
10334.844263939962	3085.2263606955703	5422.851700413037
9747.643200410488	2769.9532935562775	5504.182026858248
11422.693572015121	2647.5040544585745	4287.349712675596
11617.024337173272	2032.7965236372036	4953.632797364186
11920.73611302815	2419.5340795347233	4554.587857792916
11442.739705032638	3868.0519401182783	4740.033051123548
10027.109852181393	2959.636279796906	4419.610476639638
10397.315894895102	3206.1787121120938	5326.998259644573
11265.174978980232	3057.906501100898	5429.085300151767
11178.200166611992	3526.029669226431	5174.5411259183975
10497.52116059881	4054.22420160607	5819.971717922817
12433.879752433622	3067.3022399014685	4479.950215258094
10751.540622213866	2226.1775791696336	5619.108856519577
11635.463292780176	1056.8175521920798	5314.707616014156
10463.220947086867	1826.5312757256827	5373.803269278827
11954.033755126191	3375.602642192464	5252.927446716481
9961.229693215168	3421.570222513605	4953.40482934846
11879.709446844812	2768.690315363738	4681.186239294841
10261.728849708723	2157.8099299734613	5725.237808718968
10853.762337401806	2517.1336017173967	5297.584562154628
9750.40793483037	949.1850660166757	5301.775116657072
11174.853140897601	2724.8872999075757	5335.832993090481
10577.416649077213	3149.3560994708396	5157.30995112227
1637.2590202055792	13101.472224645448	5339.141849825664
10834.573393402934	3859.215665383925	4956.873781456121
11813.06926530711	2480.9373927412853	4993.185248544475
10957.060368522392	2803.397403823569	5324.949288515472
2061.0313804769607	15919.131021550354	5212.618660002904
10526.826416785774	1958.7010826439493	5317.570384977945
4415.205740555311	9730.96414604264	5481.708498736243
9310.506042311485	2860.885917094912	5384.505608529664
10918.620253031753	1471.781044556546	4993.434811168174
9544.822654779364	3137.5907202475623	5604.848306391229
10679.945693278982	3201.494727550764	4514.350512655941
10192.817052731929	2783.3190415551344	5012.691738139104
11219.882382009482	764.6876810085179	4625.781462921713
11792.777194440083	3226.3945878962254	4895.788350660899
10947.313848400356	2761.0244307556277	4686.613947165595
