1014.3903462755676	18500.634450620524	8367.231707428296
897.9316080265779	19921.421535243193	8432.58304004089
2300.5756817148454	19306.01474750754	8554.030601242615
795.3338191651258	18702.49345771422	8308.722568472836
308.9973221744835	18438.079798780032	8230.872858098106
471.89234587325916	18581.31211807813	8534.275605266772
517.5409258565878	19109.84301457596	7957.6009753064955
538.9684325154974	17777.779395961203	9176.702135314177
746.2522744553255	21023.213550616725	8145.445391783051
657.2348927808723	17059.41067794735	8845.006079783074
1161.6301032773833	18689.139445578086	8553.224445769425
1121.8432240680672	19241.00359510005	8780.2447278085
1065.3701322230102	17339.940936528707	8541.280696594455
1074.3939437209838	20307.724880315305	8588.747660701161
3018.5394750772466	19122.958503320533	8466.764164502078
2140.9816714069593	19518.38366361741	8907.62256161645
1103.2692335907523	20431.55838115421	9074.493929445818
775.9003662810078	19400.373444641904	8568.469060694866
-537.4765073184699	21804.326409692534	7837.314453679102
462.2522557680725	19506.288479929222	7895.507283588497
982.53471937264	19922.463111327128	9066.616341818737
1288.6435572417222	21837.957395110545	7754.202128065324
578.0134296935	17282.51260447199	8511.739222851727
573.7068389006741	19696.736505536905	8595.45748652397
364.45894156794077	17852.094336542083	8589.004885756123
2083.390621393656	20000.00725932922	8631.417105451063
1252.9609408834326	20148.207713630283	8267.715811179613
1517.1131939098111	18577.95876175815	8753.852884131264
2200.2624632308816	19249.183551087455	8321.645236850514
1064.1386366361357	18972.213311553744	8144.147722546602
1910.5932011574164	18921.448186215694	8609.58307827906
1039.7993051022086	21878.101005203152	8636.300604394564
1082.6452953438063	19704.45655621025	8421.526667719594
1955.9492710741897	17779.851874384858	8720.689893493256
1096.7652864291395	19236.113552329563	8036.715277565988
1590.2615719921982	18922.069613237843	8565.4762934627
3024.887036675033	19181.748691386558	8303.437689900959
687.8945507149787	19447.2364780336	8205.218955648192
592.4410919033888	19731.641797147746	8974.558217566177
-5.962786101603269	18097.36419183936	8215.507208636855
361.21773519095547	20066.727904618063	8108.473879175366
1893.6626386034561	18993.246170599476	8794.720388460075
608.2179385618767	19675.666812610107	8599.755559980333
1274.189029080187	18536.28866586635	8330.798649333468
624.4424263370107	17314.347618649186	8320.411717216573
1267.0586742479693	18052.74816313392	7801.841334274341
147.44520387757876	17529.46814512952	7987.972404893389
662.7194065483369	19330.747047428715	8233.093948196827
84.8933881348356	20547.956456233915	8529.714216827779
1859.4980817713179	18164.742297709636	8657.881885658133
1799.4342137390383	18263.829363573135	8609.0777601
-276.0779509722001	20438.38075460851	8847.441029382388
835.3456312562762	19461.92048059507	8848.027971591966
920.5673868182857	19708.858228979614	8545.691221850406
227.70438289936502	18525.179272040765	8665.245120901414
596.617320863173	18343.366595666634	8252.474311269416
409.8508196841752	18760.237695264528	8407.152370678901
965.248095082799	18487.354841206034	8360.675406573468
1635.2844387034793	17839.178573656274	8202.091906454278
1017.480927805332	18696.424861451	8374.411472693873
2310.622875934217	18054.739847630557	8529.03944663019
-62.40011948906208	19671.087310586518	8586.861472889308
1309.271207623814	19580.454537648387	8379.136486413356
-230.43451029867757	19778.863734402024	8417.389671998599
2218.1425392140122	18258.50357279136	8620.39099511711
2151.776198108095	18608.254143816102	8653.15680975023
1613.63439464957	21158.73331030111	8961.364727350181
784.4621154463682	19308.508907974963	8726.183998065791
1422.2624174151515	21008.12387101996	8217.02083589794
1401.4093505158423	17214.42072018531	8842.958345475905
718.053704711583	19108.605886135952	8606.412330507586
770.3011880661347	20589.09906057779	8369.29602509279
979.3039560901968	19088.526306753414	8683.926905091748
795.490611497797	19696.87389675793	7943.75498072926
2160.6902324808884	19016.431719053893	7850.52129558069
227.01863658648855	20644.026984362114	8380.994636991147
1497.3677698418721	21865.560776051603	7838.834000428752
844.5087922687989	20070.73914964067	8807.567892481256
405.7734944747417	19423.5960153568	8605.897305118597
1130.808614007315	17789.30174168743	8541.595859603654
1300.9176651009204	19703.226320652255	8082.630863821873
1387.7233189296155	17851.583672722663	8265.4812002957
-238.72270148422785	19036.674969240357	8364.193169613234
1932.3574107537547	20323.52558174417	8735.227520546257
957.6248291566145	20546.620854559776	7706.108428240827
1027.6132203893578	16124.323394769151	8907.649500088606
886.9513204663747	18933.676247144485	7978.042266317245
356.7129732953398	20032.55541962318	8490.374072545445
1119.91384263833	18306.062395421068	8321.607137683555
1275.0871718589642	20347.620571534946	8265.830140961412
-271.76203247111135	17512.482638280107	8357.785785646862
511.28148861449904	18573.4609196532	8848.5640386281
1802.967425866748	20566.906043295377	8680.412475092746
2433.09153414906	20073.831706324887	8320.441321288332
879.975614847143	20319.852050980455	8248.164956027407
1448.6840050127762	19854.47547974056	9141.123462699492
1506.832557535596	18791.57487562721	8859.369805583676
1665.5436894162885	19299.504495807858	8617.596689261925
1452.120075356223	20372.796566514884	8965.67081597722
1721.0762103462885	19630.282759381975	8743.882757247144
2001.6786575146195	19203.315718253667	8426.396787882673
170.48946216615957	19331.427605045454	8212.19318474214
-347.034722429413	18363.689145018856	8695.214534961404
1530.502147328327	17734.784788660367	8426.144323329861
1672.426839917836	17621.095303391416	8200.153034368113
1688.114867702298	19266.028779518852	8807.048004380204
65.01142967595389	17414.20280646533	8165.8467853192415
1094.79766263464	20287.562317472784	8456.185734838535
1069.5788188626912	17550.236545461816	7989.792038486105
1238.5063281326657	19658.095451044803	8535.612956100287
769.6991427076922	18208.09828714097	8621.575200929576
1981.3877980843783	19691.821024285277	8619.8292845635
743.7905882196477	20013.497904817432	8670.408229904122
-116.72413255568124	21179.55332063203	8878.904923178397
2540.9266139863894	18564.209989937186	8325.046706796866
634.4334136520166	19436.978769400055	8490.625080054026
1675.1703189797142	20596.877750826272	7904.3394096809425
-217.10381602539726	19733.17922202179	8282.139046775008
754.477954624245	18367.235982820814	8544.155757788654
594.2888805533055	19869.062784404658	8800.84066294032
34.3517123013305	20618.76056948001	8909.65784837356
1590.698942046215	18379.094664658707	8561.599850697497
1931.8660918868602	17983.27888428344	8970.163452996692
-20.05466732621445	21434.349712897856	8390.885546471858
1523.5259361917742	17643.507489587573	8507.857909085607
581.3127273957191	18371.878535974265	8239.56412018421
-569.8399126681603	18060.85944723629	8851.291390811077
1704.6925307581532	18281.4065667244	8779.332327808
132.68011879825355	19230.349532327764	8291.249641631872
1575.484319024145	21253.541045727317	8353.492233505505
1001.2098365620132	19156.06791353499	8737.585819378308
1784.6113205625559	17426.338825078936	8903.007567070179
806.5448811317226	19338.429747170045	8512.913018665764
985.0402871370028	20291.19466482236	8274.262035629772
497.7931378486609	17655.493753705898	8602.697219865395
358.78090458404677	18545.588942908285	8351.407628134542
1719.971513767176	17916.332078370964	8620.292114555366
1125.7655214134845	18292.292163928523	8354.796556605048
1638.8272470905067	19494.86160742402	8446.777186477759
1943.3392213977102	21427.480305866295	7990.148282550005
1594.072573711752	19533.003865750383	8325.19054051461
311.7446213196593	22229.347868761342	8435.627834110353
1188.4249157596394	17915.831060521363	8752.77758588449
1473.205033747121	19053.555516469634	8764.045476464737
333.2001902200818	20235.468376356435	8278.405916830878
485.84005177593923	18292.487217386883	8163.11652003053
1631.2374887756398	18502.582270321567	8438.515236171945
1688.9240362659807	18652.41341107967	8170.098327007225
2208.678787555245	20101.142787442317	8322.549781911643
212.8406630501489	18725.37387536432	8149.914453193159
426.09098419562457	19439.453643299978	8502.036216011327
1614.8233127485605	18082.50648108277	8369.288428980115
-328.1106504644823	17979.874757436268	8438.442158849493
860.0503100021823	18374.247767003435	8161.304726416076
1737.077944608635	18492.87595597566	8384.432911878232
579.3352449099065	19843.63620562432	8511.078929404583
596.476275048518	19248.643334989167	8216.067027995623
1605.330888118251	18956.035228403984	8375.969826789667
2148.0573214597603	19569.297717966612	8448.057717506885
1311.980351210818	19176.36447561698	8297.474867606381
1207.5684665089868	20990.323338415827	8104.5865570127335
870.5068699532784	19263.746993388657	8513.184179774025
1438.5206275096432	20122.27630467473	8448.071987985666
340.03424050060784	19670.182860509325	8531.132929362191
1111.4483133468036	19521.24727005303	8223.491910610834
1337.8871157447322	19051.841763209966	8197.59938727182
1877.179190557897	16505.89037505873	8063.435741910329
2059.2401315174193	20755.309299144752	7876.058827214957
-309.37144962879154	17666.119365894298	8451.251295456332
1649.4771681580464	19097.825535975164	9087.619561247426
1314.150708621181	18584.836405087906	8052.74279754077
1406.8575027205407	20002.521809550937	7926.594070396467
1208.808874544546	19873.868275769288	8717.638360613315
473.9455687190238	18230.504448686435	8399.081966691047
1190.1574952520052	19270.758841508446	8916.579543287731
1664.9251495801116	18896.600099494073	8488.082566008074
-166.36943328525834	18174.118019170663	8990.417952041491
1342.7146318398434	19187.813527164068	8204.450215906232
791.603922832442	20869.937971069125	8427.591272286822
2015.0594602673675	18038.25234370481	8543.358363470237
735.18087437225	18619.17926234474	8308.176143940356
1763.7072273456308	19137.58274645202	8801.530367989571
-565.1425868383687	19709.343882490586	8437.826451512328
375.0933546420183	18074.58714065905	8186.774278365238
1538.7764428533683	17566.9320841583	8923.756895760565
-423.30722904315746	19504.043534899025	8431.496782299137
1186.9252398103463	18385.764119578795	8608.848595380174
1885.0067492212472	19291.635526463673	8716.05869520362
1362.3450867980105	17904.255599488068	8381.271903331648
1808.5551109705787	18103.792494996782	8896.92799072943
1414.0531509842478	20784.236623630524	8169.949456900028
2060.251209354755	18611.224639208718	8166.024753740889
-425.6539525098938	18110.841785613895	8463.74351360825
1882.919460164025	20149.819964245668	8593.931600209997
834.37158457041	18930.27754356022	8192.076367797374
683.3400962739202	20003.627377392724	8414.18857617918
1272.4858552284506	18484.536510162856	8622.774791471671
1334.0345593598104	18273.14655418268	9046.801711600476
1552.5378355504308	18292.00349178684	9054.031930582496
834.1810443598858	17587.18753453697	8351.244806111934
1611.2882539094755	17730.761805528728	8634.101524604466
-140.27710048111493	19293.11071007863	8572.875487139965
1678.2286711597692	20654.95341912876	8511.850803750007
1479.3157623999518	19748.351535635764	8504.28943598854
457.25124112897083	20210.508456620573	8311.687990920578
1715.0297606744273	17646.471946794973	7765.162254908204
1160.7229330313469	20155.43548772856	8943.786957715396
374.4228853056701	17375.558329015937	8644.92892823062
1670.990408124498	18456.538832054855	8543.83951168533
1386.535882454089	18057.81413115612	7913.808199302927
470.24364713062783	20536.403822010987	8720.467041599723
1683.3095326531911	21439.43461493048	8791.952993068102
110.86726794090417	19377.29695779281	8452.852838586601
493.71090492860884	19538.76625374696	8538.631352450957
1444.2181802937598	18550.08286942952	8438.630659095355
1671.5112994102071	18895.068359872494	8177.579160718473
1680.0504480123845	18701.51892904446	8215.461355149631
1805.8644841310586	18388.268248124266	8489.527049651879
1492.2943805042385	19331.39822028496	8327.224577967683
2531.186713656822	18074.146492768752	8050.772377628635
664.741978907611	18233.82318475297	7930.551982072605
914.2531038690213	19962.062174681203	8645.880929690922
2053.830548608404	18179.16772933009	8439.922044523095
1670.2082725557837	18942.170115761037	8124.563930630808
866.7619918668187	19479.45493740202	8276.300514434564
2312.6766508672486	18590.091744696823	8276.480307944596
586.4234786858308	21316.782141441003	8664.47944626429
1577.2964099602707	18680.814022920764	8803.725896953669
1241.587541449524	18952.127018267485	8588.375892535734
2369.700474380017	18644.903104608875	8138.204970763414
1843.2104816361932	19142.64300960456	8123.064906204572
1503.6332841491642	21529.5436438643	8290.343889651676
595.3510565168283	19838.46235188194	8711.712617104236
1050.6403320977909	18152.49324089353	8535.995643713102
944.5416034177435	20074.902966875983	9063.722069257046
49.775011060590685	19047.20072282879	8338.7443788505
810.6222390514433	20750.503344800036	8099.913339805342
-289.86990101975505	18803.664437662603	8334.929707560324
-154.02415648743207	21801.66526550186	8560.447397188083
1196.5535015581877	17112.437320476714	8517.80994814041
1215.6775766297378	18793.403229838343	8691.370577017888
472.79442815878775	19923.708109006227	8190.390826909927
1625.4286716581873	18238.066231679768	9242.824950336
1639.014954863399	19885.12000755808	8213.39225347998
640.4828607662204	19593.420297270186	8454.03093560193
251.32452099717165	19605.279304233478	8399.230456564921
1373.052937807999	18419.561441882724	8411.178909556585
39.371312393630575	20152.15042076532	8611.006142923447
493.0022874072362	20294.449808975998	8496.192739925644
1302.0274745212969	17629.15144458369	8490.501005288332
1183.1270506961848	18260.60324430755	8493.215242644981
194.93554545003911	19282.860477639544	8508.164061106423
-295.41782748173244	20183.71781979396	8392.028806532531
880.9183493852715	18411.841494896224	8592.689522341654
2828.2552403110976	17983.442439107363	8658.596750024408
1954.9608374575323	22116.033993358255	8663.04631520159
1177.6671160666017	17937.301689672746	8313.042368795026
-26.862018306256786	19895.139636347136	8399.28790780047
1564.6782280671193	16735.45414387768	8433.485617894245
1309.542639053116	18477.956310036672	8215.3941270383
202.67329069532138	19601.609235056258	8381.396293108584
2035.8501242837315	18269.15837833625	8639.172134950428
208.4878937971904	18093.22489036785	9213.262460096745
1318.7134597858453	18270.59258513669	8305.087395913215
2197.4113019975766	17663.115437600914	8268.936001077127
1957.0701170956893	22183.237427955726	8136.118154877488
1913.8206176724402	19247.779186149735	8013.932059858014
1817.4058682467687	18778.210353973143	8673.681863190492
417.3983014049998	19784.94356892757	8514.320740862262
2284.717887041842	18223.081019647703	8423.004208751996
1154.339802296922	19061.663852789832	8676.09339251074
1191.3112632444047	20793.832328847428	8607.633010206695
701.3608200966687	19563.194384955255	8634.845510765997
797.5768705902499	20221.178083815237	8794.06369473518
1445.7686395764326	20014.260392191005	8219.674423030136
2707.548441776214	19619.208085295828	8347.433804117029
1376.9719418179993	19735.539205347108	8616.848920094091
2527.265550587371	18398.932327553983	8753.988208759512
1115.4823355349881	18323.712323780688	8931.217488746994
1324.9564159892277	19720.510311931146	8828.214693719448
1935.554195976475	19422.082836717786	7872.801396709267
2070.6610938601398	19162.89618883469	8098.117033223409
388.31294323408395	18646.976136392477	8497.306920062818
253.97531456754456	18927.741775649425	8668.58255698145
1005.9507116585143	17122.70066004116	8750.280163394815
892.5497106340979	19443.859089614725	8196.330868902132
2270.971057573259	17902.035590686923	8146.765665989469
1408.416140953122	19725.250149595005	8171.8129653542455
1014.1156128546838	18786.320637920584	8457.689605109865
1165.0631089020303	19406.292330346638	8971.180086084036
595.9812242432738	18345.921971046937	8942.602764410156
712.0727413420107	18359.97681259594	8935.370942945905
1427.9450471951784	20476.037706935047	8418.822304504249
844.8592456854014	21066.95360087446	8816.484405161455
1244.8534732346566	19845.87458890208	8664.288293447791
123.15757449739307	19475.87076197493	8059.4385156589415
1307.7827103622044	19891.46469162178	7972.819248003913
1326.7225181832796	19002.04294313544	8799.474051347304
879.0412718918151	20050.307519173442	8451.647196252048
-299.0916834942737	16714.73173825728	8616.768233650517
562.2580480674903	20220.555821321683	8537.079490978045
1211.2614625709432	20229.480069856236	8431.703210065965
696.5754262134714	17596.868306543245	8783.750712766325
783.3253859914743	20514.298139810155	8880.927145266776
-507.5026852749674	18839.880829122547	8559.966146078108
617.516928760365	20237.562711505503	8337.173542567736
2322.221837641361	17733.12470945718	8482.05468700132
260.3597798658639	20677.42514075848	8808.755965627422
1187.426582182095	18701.712342806954	8436.289011577672
586.3616295475679	18923.064600609607	8251.256735353352
404.325721149526	19576.972406482226	8548.015801653833
2513.472152388648	18168.46527516245	8639.722870968126
1446.7126204322587	17002.420049316035	8857.731926317767
963.8636810792044	18720.989806598907	8610.44411304411
724.9658825323265	17442.187123327672	8819.017298916038
843.0216081528724	19805.410891297823	8149.778727069073
1668.7803189390547	19579.003158579293	8291.190766386935
961.6908386832633	18954.717876668972	8173.431969020544
870.9635593557928	18100.971143685423	8557.57113063193
2030.6046816600463	19053.98208163292	8272.617258322318
2397.4951764612897	17812.735206368696	8583.503520478296
111.54773417601278	18042.055758705632	8352.626336504864
542.6206422823071	19156.810849469486	8426.370102176788
943.4086501775492	20472.001283620055	8412.789109338832
122.17964475359294	21280.763902709667	8795.912489094913
707.3203771831036	19417.310075269466	8364.346679605109
2739.1051040644784	18719.380053094475	8469.47604677225
1171.8411667343855	19179.89723796015	8612.3988768896
777.104986277615	18484.727980888783	8851.127324864812
2523.279618989477	20221.44801221322	8223.740831078792
-15.318468167454997	19101.356960457768	8816.402385464284
950.2388067700125	19525.016396318228	8307.624081768909
914.5003539172792	20010.405469426125	8817.935312257303
1161.4512230370372	20786.546135533954	8664.783149874116
1012.1873418457566	21354.944727050788	8782.136752823795
1443.0698362728385	18155.7510765276	7998.877993884473
1491.7888815158913	17936.8769618889	8950.69425978342
-37.54606054647667	17909.609575158465	8855.673498421
1232.3647344710994	20155.717525114094	8202.257840493683
1483.0425600894037	18501.470821711733	8152.658020691229
437.9842080887837	21124.828544249332	8886.76415661806
1067.9153816780897	18505.432872564244	8853.075233448553
999.5291857323922	20864.976455013526	8462.336947980706
1342.6998327033284	18402.739370427375	8281.098833210472
1149.1307809653388	19970.656940809436	8233.752540845151
944.8766898428215	18959.782112621124	8546.373838604135
1314.9325959419045	18597.659790676604	8511.217989486802
2050.839086433887	17788.765460031755	8565.1539641498
1025.1094207094072	18708.056331205742	8661.43183606309
1959.5897708691205	20061.916857228865	8563.681268986687
1398.145530729914	18858.363506691003	8405.778184829567
1280.303624116893	19679.96479808081	8595.182659452605
1350.2531778757914	17063.680677962515	8767.572088054596
1317.2879517431859	17787.580665757116	8453.300989745218
1000.1807668246356	19065.358439598593	8572.544410401184
858.0454125384508	19194.404595318618	8909.700330026322
1078.3835939360881	17305.566045150117	8405.171469577062
89.19568724007127	19566.33971030452	8563.165408839863
1808.4881813403747	19192.264438168968	8649.817654964987
1602.5694875035617	18161.677362788796	8676.325782825892
-841.3078125650297	19466.59851822639	8514.603607770914
1859.4830771341212	19185.387802027402	8849.721086952784
2681.799954339759	19377.08116213995	8972.454275415064
275.54823314373743	19981.716546573298	8199.407249518372
1345.1562158210668	20182.88973887937	8703.757243255768
1268.272143477712	17804.03992863885	8867.543666758378
367.4063750100789	19045.551224210027	8591.207610365616
414.73907797027147	20629.894938486188	8986.976652053128
909.9485482414187	19828.370065000858	8482.217182774215
1306.3422801647985	19098.29488084796	8757.714223708303
2149.4146944482163	19685.568391043933	8841.226582948875
1892.2295738378455	17893.307565487954	8591.130936754636
932.7163236927544	18899.282639119217	8138.042791239924
1225.4638366174079	20135.468918273826	9011.83765946021
1050.3181956237288	19189.40457862963	8557.376900071844
2011.4576370046566	18733.24764590469	8084.062390118704
230.03036220566761	18959.975288803613	8856.670959791716
597.0836393071756	20805.798227588162	8718.705969005385
2066.5507058016965	18827.248142240656	8245.50873891997
1737.8897691464792	20252.163004451486	8601.792483143454
-9.866254105058891	16672.73690543205	8800.682100092306
60.79421594249351	18800.962738445607	8933.726154912454
264.75824037558067	17605.08583820104	8755.162863294852
212.37608717833209	19639.10836170322	8446.522148319444
994.2567517052017	21704.679971368023	8640.904311710121
1792.2235217260998	16809.104793282244	8446.110312046048
537.4305413198856	19445.210423424604	8453.786597096238
1011.0201198521027	20934.678089035115	8998.783462482981
1457.047985346103	20746.31023068847	8680.994077245612
356.08453143477266	20398.80932160938	8021.3119867004225
1569.9545791047994	18993.598791670927	8463.04196866184
238.8454405900753	18940.205847736983	7969.976257598214
1021.6568248619711	19801.609319614403	8175.7304624307935
877.8744344604108	18721.159307755417	8473.420255280722
1445.1866974007207	18455.498508379005	8667.93356777606
487.40467048762696	18254.923412436343	8410.478482188184
1034.9519035417231	17990.7584068169	8139.500916657495
2102.94437440935	19940.018841488654	8302.542183282696
662.4073858582077	19110.50646670113	8491.823235731497
1184.052120071204	19212.94916250025	8388.733602661263
2194.8249773721086	18446.012009092625	8713.997304388951
1188.756504511123	19299.903497061136	8547.451574344928
808.386499075059	18389.531072677943	8213.655189329822
1150.0866087743168	18544.270921765426	8410.992285098491
419.69208781670005	19028.701782372344	8427.884912045327
920.9037287617616	20362.919014734256	8378.56434754159
1635.6457609232618	18018.253982178972	8661.76391100903
1013.4999319674948	17928.03296182389	8391.506718021548
1845.7214713918313	17826.900824059943	8642.053219965172
389.74709729250725	18242.898543161915	8313.690575359056
929.3079683865483	19007.782685312748	8606.140836425566
1235.6890408473157	19649.064932458103	8302.562045261368
1842.9801225693006	19502.68210213734	8932.515595361532
994.7385897240462	18781.833809750224	8216.762887626446
2123.5300413922973	17958.867714865595	8368.782837139368
1013.1225294839869	18247.30368356868	8846.9473877103
1794.4693502546015	17119.02609252222	8488.957987005366
1040.4031792939886	19685.546242153214	8463.147956353348
-219.5671041857223	18159.42390947053	8290.46823276716
2142.3211296445866	18672.905331066093	8623.737064154579
-186.94085314253087	20490.63258645512	8835.584602996842
741.6287142285004	18190.634297533197	8454.234793606727
1211.2054641777345	20235.155589493424	8412.321193901937
1356.6036844646287	19697.70887020147	8843.086989347961
611.1960358094709	19952.406187895474	8531.518728061028
3160.2466795570767	19547.14450412726	8467.36501644934
1117.3218348418127	21292.24811386659	8851.385727439076
-400.9242992452646	19076.938523078752	8348.795888418565
1264.0916682477166	19309.778118223232	8533.45263662915
1336.8411428727889	18359.24066108755	8376.79650511916
1195.1927432367752	19524.933669436487	8586.112483098646
1015.5195068855769	20181.43328449128	8867.764099757936
2420.9992809577047	18803.240235166617	8998.655077553587
2468.4490389666094	19851.006047424777	8722.328404482592
372.75915507942113	18409.76827929835	8531.593341484888
702.0183544860154	18063.12804822974	8742.923887552402
506.5002653517334	18591.07845467907	8174.658610165164
787.3729202967108	21493.537298686613	8674.287634052482
1383.21417506758	19355.780856997153	7845.5259016984
1481.2262425828153	18136.57441130679	8724.558785050724
416.2765379319136	19753.244115306574	8934.72050537972
410.3554843011909	18696.09063036032	8389.160802029397
1570.9325950635853	19906.293767476975	8292.974399373246
2197.7561787502623	22002.326858272187	7619.516842246613
1414.3878290590408	19192.832523171783	8032.3839807490895
1716.1369529698197	17690.201137344164	8734.387718463728
816.3529752012595	18034.11946640545	9137.650884159662
1891.8252420802958	19431.58053347347	9096.70337152197
1020.9996804298831	18125.986810005506	8506.109191164474
1374.7267029087589	21068.325459734602	9173.9286080518
1140.215988160164	19436.684156943596	8424.133536636928
-354.9614010243149	19715.7365134689	8676.042679339153
2289.484215339446	19228.372446892816	8526.04785317466
1962.170858833237	20739.803413897087	8855.768710996139
1320.4651649340612	20169.51137823141	8547.250014125197
912.4621923595784	19182.119249888485	8127.639188609472
363.72074886677524	20721.018234817966	8942.122464580661
1185.4204283645486	17600.0512934263	8686.405696615808
986.3652806447383	18618.922882924908	8500.569088220716
1654.0682768199918	20231.438386299506	8589.114563854322
759.834924713925	19717.44107110717	8240.023280762796
1910.170040916124	18779.005186490525	9191.736878481228
712.138685025544	18911.766016584425	8229.127136802657
-723.911000061144	19330.706374357233	8654.650456966958
1623.546908086231	19941.106075115345	8609.505258881953
1847.1445771137548	17754.246847015344	8628.410459170513
1473.1311087222134	20219.919429976842	7696.624775691594
108.98242961373866	19109.47600673374	8506.932742533436
1573.6471372088265	18669.226674623562	8172.434681517467
2239.126285291317	18866.26899693826	8338.225677687107
1248.5815764951749	20151.22192994524	8439.655641830805
1589.6828715549639	18522.78157470615	8278.110864724686
833.0388658575874	18375.946422758097	8546.93022018028
1202.441705356521	18051.710516115494	8598.645736969194
1086.2688462986061	19343.252644782602	8878.795536590904
2309.526974485843	18886.38401560257	8967.443745596142
1609.8602826005779	18012.932415534986	8678.759734763502
1237.3421199651768	19133.354941467034	8423.961312982676
897.9994401528883	20819.84306371529	8093.359920586961
1136.7958401601595	18767.501670724436	8427.63571173537
1852.746842008186	21017.58305258786	8100.768372304104
-1001.9287533060041	19348.390449433697	8671.422630366873
2958.1516114343576	17971.09234789689	8737.65898573543
1379.3830330478927	19907.235339928782	8564.564077214696
864.5119998609044	18633.748572584773	8261.865037078689
1214.6451964011876	18717.664276954525	8658.779890319967
202.59697490432268	20317.43948734959	8503.813240006462
-784.3277945852798	18443.746893031566	8614.885795044145
322.6654126021666	19968.26661001624	9230.763169981255
429.6573625157808	20299.92231360819	8401.414309496718
2591.3253928827953	18973.926928636363	8727.30292061281
1792.7539291584835	20278.387004365813	9024.274188622225
1294.8153410113243	17234.8152332759	8456.373365690575
1861.6376565251153	20209.312841604333	8449.047142202204
1332.2213652187634	18070.03249973028	8299.8533677842
795.2723177855464	18784.156124767367	8644.353140329173
1726.1188383099586	18854.897341168366	8868.527423730773
1897.5807632213457	20729.017697093877	8494.720478937741
2739.922507916813	16950.463392002122	8217.136894125782
2005.9577284800332	17888.747334116655	8724.392937459248
171.0604306932653	19418.384020768215	8718.611136716063
-312.74983865187096	17638.921422347757	8510.887984428105
1023.6644203996397	21097.908590370254	9045.2767221657
-137.59013219077053	20430.70482862532	8173.341906291446
1944.9816002390728	19362.25264665842	8689.372379019966
3063.1250514084395	16891.38514100668	8803.008789461308
1104.9176982001109	19246.882727609882	8866.62561767744
1186.248439082427	17802.238304651954	8082.466771388656
722.6057456633158	19043.547140972172	8610.411315693707
1592.1850090388243	20067.698278793	8446.659239574288
961.3229415245456	18842.18451654585	8693.831997445028
1469.3880843102206	19549.335890939426	7788.435279030473
1115.477936626008	19203.882266419827	8872.889181156232
1433.2612802674628	19183.034188328515	8440.275203436453
577.0289675397366	19027.649054686175	8787.86843048426
800.1816775881041	19293.452274531588	8707.167050064103
248.78179546121518	18084.649310765173	8702.837750060973
1426.2177240372591	19370.324922536704	9017.090972052983
2125.0629184160357	17222.595926409165	8663.481700163977
1403.2309623561564	18746.638535646656	8534.53838442998
274.2976401448698	20111.483945149623	8341.623265613196
1792.8505382964206	19940.825366674617	8205.275493756195
1021.6956713275745	19408.212662787428	8519.485542531336
-265.7573952292908	21716.785810025038	9066.75125382275
1551.2966261000026	18646.161737806953	8324.115645055752
1218.6921585932719	20118.547031716294	8487.887096423627
155.0331341805904	20174.16743279383	8194.203915965832
1301.185050709743	20306.385645771203	8435.085488440041
389.7643047169655	18009.34842256984	8464.914340782072
849.4195641348368	18894.450122791142	8450.22747687231
1937.4993690087683	17777.711407489936	8912.05754568009
382.0386347164969	18869.896901818516	8224.653276894222
1078.233504728078	18949.369123329318	8416.694209504165
1418.2328599403097	21053.89284957477	8863.256622394641
720.3510690685841	20023.15511066761	8210.346116570097
1062.6267750495958	18378.636107089107	8763.454581921284
468.353326024031	20272.78197658349	8366.721532460568
713.2908534487094	15752.324059521354	8974.315463960747
-667.5294416331093	18794.101320032252	8673.093133322174
-423.85493800820876	18363.236914420027	8314.263371938938
1972.468956295784	21387.51594195699	9091.928218486746
2416.1113844628067	20806.784275370697	8339.049754524221
1342.0123166299218	20197.31310939026	8492.516909176147
604.1991310798076	18355.026409151862	8658.54080864352
1598.810428094964	18687.221406201188	8059.594698075761
1708.8117877433508	20444.8620032596	7763.939356259234
657.0442847313975	18922.087506225304	8190.925029292148
421.3394406813684	19283.91751165919	8288.668540248918
904.717944390041	19822.776656032504	8259.506367552884
1375.1310837349718	17072.59484443132	8189.136762696623
970.5485704800423	18507.1324628266	8494.47249661819
1403.982092709696	19362.99746767476	8431.752842308342
1641.247140916807	18058.84810599026	8820.199422243964
-21.631109545023495	19549.69534246574	8252.11210412438
-186.24212414038698	19655.567479627563	9173.22831822044
847.718331640253	18018.301791988997	8704.977116509675
1802.6459504317047	19245.418954847053	8549.533409877404
1557.0487400600666	19440.788531691516	8489.35505876036
781.538776536396	17807.713172809927	8421.539410427707
698.7444672509748	19746.78560360413	8434.395173668812
1122.2728034882518	20453.008128911108	8219.01760971486
1098.2964930860153	19847.433399350517	8588.524971419272
1318.0853180094807	18594.09123515562	8582.66467704534
946.8165427534278	18909.388850100993	8466.071038187003
1389.4007351901992	18302.251367323344	8602.093169030673
1500.5000320064	19039.835802723377	8396.10964341698
324.72990061166075	19343.907818831907	8319.495666513576
1669.847353500686	18078.506698263714	8603.590148989782
333.2314667736663	20149.521468008512	8253.110832797653
1075.4168794526972	21075.44573010955	7830.128717641799
2212.4180116161756	18464.85033792654	8736.941841463806
1533.0907351333365	19750.786460435414	8610.484299371668
1638.3071695211177	18784.317175816755	8316.431394077885
1303.3837597885918	18123.45427090649	8482.133794669986
468.51064192597823	18198.97821712444	8580.798914968225
2368.6167941448048	19017.306918790895	8316.761728985013
2318.7844300430934	19872.462275018475	8153.619680642243
-154.21941049066146	19466.810985326934	8045.140924403763
481.24283556513535	20225.841461139484	8598.305334152607
1457.0858564810796	19358.493927836116	8774.92799539904
1350.1921067135788	19815.337113346442	8758.567513293405
720.8355257632268	20195.698819461937	8599.73506326078
1374.670286782045	19625.301837432537	8705.0890738521
1202.6671546113953	19967.9099094545	8451.882114846254
75.39527956128268	19912.845299781446	7859.933864976236
-535.7703616249999	20167.713822452097	9085.812239173865
808.6747560192482	19680.05335700762	8008.549873538222
301.7942812191381	19212.070168823553	8694.688175184177
-54.82403812629861	19455.34676423444	8580.550477291965
1071.1659526423603	17784.500904937166	8702.059787098377
560.835641329784	18894.948707787244	7636.876163749113
901.3714808974216	19886.907927775574	8075.658925848644
26.851613301784568	18479.15877049602	7990.345941951682
912.3265691890231	21218.854779397174	8069.926516877726
1713.588349271964	19046.444434397188	8222.249425273154
1463.2712537558768	19153.558722579754	8287.10247358153
-93.94361015952185	19429.56709556921	8169.5632930662405
1235.4616165903994	17370.16372194482	8723.554095690892
1592.288725449158	19678.975967154765	8650.691862680294
1298.607086051287	19346.390165055276	8080.052969186352
2052.051083457877	19879.393419342297	8261.020036768507
1238.2825713609902	19253.539045774167	8630.02761591123
110.41199283122913	20539.010535033933	8846.126839341621
340.19548197090586	20673.17779708438	8382.1795487321
1015.8522681766484	18845.462260214965	8451.608453826904
1997.4027530291694	19984.50550792447	8909.431828942104
1739.2718486733866	19522.261768065302	8684.6162203871
1365.7808296071798	17882.039246790977	8425.048997796343
1138.4490908349676	15926.770839477076	8520.527697163747
-427.9446037259398	19087.17958981972	8275.649968395557
963.7650045106412	19626.53337260797	8774.729284764713
1228.4266925347906	21198.029331174323	8372.703276518956
28.26514041654975	17000.014507361553	8043.410813423327
450.32277276469756	17936.047517499777	8840.156665332745
1579.7916645613832	19266.582517085175	8539.171165817761
1555.4066229798757	19773.223495300597	8652.939714049793
187.97995070406526	20027.54220989665	8424.807952527904
1832.0322811449912	18934.135944254773	8948.723722067603
1221.137733589185	19508.310042320783	8454.500991377345
1221.942218714594	18361.29269551904	8338.821934505982
408.5234947181392	18822.549971533368	8534.692213517077
3002.1780083575054	18225.692254364338	8451.670226736314
824.9335224044717	17796.88126181639	8714.651432747145
1501.0106235507853	19096.718504113698	8263.982818899449
1124.6903388752476	19943.15011218145	8588.021738762172
1206.7034081609083	18206.65254003171	8386.274122095523
476.16633881539275	19948.871392514553	8362.30468394493
982.1910310845536	21481.66488996779	8244.901358532721
1523.8684687704633	18979.769944509488	8437.44805947631
172.41457178133078	17595.061760510875	8447.45489133351
1007.4924464310589	19806.155349467277	8680.947619215844
1567.5423782181638	17875.407544408063	8548.512841499494
670.0720663893552	19144.257134437114	8333.078862346403
1990.8946778561676	21629.961163062024	8443.323745755195
1259.3963832956758	17946.374597460428	8522.28077763638
575.1201740014451	17914.805403654907	8499.641146097714
933.5266645442299	16915.736035507674	8473.98379390464
1475.462253747596	19475.221268492125	8359.728542716339
1328.439978720212	19839.585579810733	8591.202766764662
134.22180913171312	19229.2550159678	8418.917160366762
428.11908851224433	19413.328522614993	8238.85929665825
3005.5657053249056	19206.004572647882	8284.942730146506
1449.2587488438026	19833.502414654315	8254.135904388433
1190.914758964035	18858.745100969267	8671.721314884739
679.3430647520042	20289.88840149119	7926.822774567488
731.6267967388873	18798.362860348214	8557.0282023403
1981.9487882448414	19380.39554187939	8356.105477047111
994.743454948195	18667.28255910024	7972.865201494264
895.9604940236758	18819.86280758078	8118.6040002259415
1481.5745193172859	19347.96180206519	8081.6277326221625
1216.3090774882123	19124.940603233525	8377.93238380271
1762.0698377584115	17532.27426537944	8669.056112235117
1879.7297054979522	16015.20770340891	8105.480399369972
1088.3999665013607	18880.96091854264	8892.129684285006
822.3586170274357	19426.378668616642	7913.802751791496
1108.1426146750055	18753.36521067605	8569.604103224305
2292.8480610816564	18133.86335683369	8389.53665762559
747.5798953737157	18948.28944382711	8850.785396581496
1032.2496541526675	18562.06587193623	8488.640118898402
1667.957261222072	18495.845611982335	9104.345173064426
512.3625943236535	19512.646930939212	8509.880788331962
536.9154764340377	18161.810404652966	8643.970602862377
169.5284429492834	20723.598236795882	9063.237897867328
1172.550120346383	19504.874781834507	9072.9919188007
2039.4450886951383	17309.773997047236	8572.833812634626
566.940013193954	17904.92497406811	8272.346952365735
420.5293265207234	19824.74722565031	8369.909143081408
2183.4767252846486	19320.61957143044	8222.859503074686
865.4840704971826	19768.996903942945	8593.740097445903
1951.9265716863447	19445.558100226815	7871.3641605725525
1139.1593556052308	19096.30467544427	8380.086714372057
1425.3530958998738	19923.66767635937	8995.407016769994
2302.209070251144	19738.790546741573	8797.299987359878
1377.564933955845	16871.16778987726	8524.861890287468
1225.0505521477905	17063.784092819078	8598.231405149701
682.8858411734634	20075.644349928276	8533.833696638885
1561.4427984368363	20520.275204334674	8267.59409792147
677.1107309402946	19227.458346137257	8538.62075706815
675.0201696254801	19729.865294692936	8063.2966937846195
851.3659893179874	19509.166225827	7986.828313146156
1340.218394279077	18989.566880294864	8238.689161844877
1711.6847326426891	20167.13934806642	8372.174115637437
1923.8889342536868	21251.773081259995	8497.170633837157
1308.3401294344599	21315.827145017804	8500.604076201384
2218.41969869487	17121.905170905142	8419.320919976826
-213.7907118120655	18006.366113162927	8516.284790535818
1710.235305512708	17842.57298357981	8676.912356411372
1458.8200510744957	18530.30868941718	8155.353900425312
597.0668595207429	20634.885839354825	8404.497416743716
1139.0856564321355	18680.58057326671	8730.301275112462
6.768729811994035	18944.807057257898	8111.852741204206
1758.95543243532	18796.01747059882	8557.195462317135
1358.7966415588933	18306.3905263944	8328.347085544996
1457.8427001408188	19875.441259268744	8369.371414013847
2253.152746393225	18861.5553653018	8826.831670870628
1341.5742230616827	18865.854467269182	8765.013668838546
241.23471076190665	20678.91952921653	8497.143594113206
902.4184648388742	18804.866100816318	8548.171137176116
2811.62580637938	21597.874776707165	8279.003373181393
875.6465503166914	18892.549953554004	8878.211687030715
2212.863048225165	18756.0936480961	8617.258379059862
1139.3368116041463	17660.140955094826	9025.162329868655
1139.512174581307	21473.926815307277	8219.449963478228
1200.7041876081396	17939.828654590103	8660.641535408246
1063.8857606115837	20557.122775385553	8636.134518330746
2248.8606457081587	18506.870566942805	8785.111193337552
2144.0548735060183	20002.333665568254	8726.643626242458
1705.329242838462	18729.224511441273	8813.334056367896
528.6502982181497	17710.637041076236	8520.531986890273
1353.2363076521403	19772.429302580636	9056.883987797082
639.9318464022782	18235.965992172318	8730.61740132465
1305.0955617187303	19400.103258260504	8052.071962517832
1516.4402970720873	19351.06796633055	8759.126037731909
1006.6471546729158	17661.16919313242	8525.747441326015
2101.799626317463	19985.24026984239	8807.07260858901
422.68007926030526	19848.667082346714	7809.36222317534
3017.4203114346883	19599.37500634579	8801.354307336798
603.3519410399224	19864.85166263415	8578.675851793767
-563.9689813800121	18340.003294372586	8238.378007577088
1837.8331462426727	18918.173863251333	7873.899506343686
460.5068491104565	18259.943639324752	8307.819884419981
1192.9468760746722	17579.78600128289	8780.548776801352
1022.1357199243356	19354.600044875115	8090.8789000890065
1682.8491282530913	20198.466681837923	8675.881513131508
930.6483284633938	17994.508289306472	8679.112974318337
773.394551371374	18831.240669955267	7918.747421330384
820.7166394345699	18797.32140551102	9305.866848890486
1588.1130383814725	15963.103138969322	8203.799241594323
1917.3824586305454	18788.576868607677	8051.746239861298
1524.1826732136765	18125.121297150014	8835.203256065412
1051.387037438734	16737.943840986027	8248.309931537446
675.6410294958937	19247.755011868336	8923.139737113223
1028.3175666517586	19171.844055813865	8714.687515933692
968.3286601480062	20772.349504839513	7977.408400270988
-48.36163381065313	19262.12794855492	7858.280140183924
1605.8454294099884	20663.820194509444	8669.481610307781
1149.5048523235241	18505.548150428545	8301.890784469102
661.6357138904705	19471.371619908405	8582.651440463638
1152.3000842588492	19090.106419107084	8106.328649129431
-82.31047291876241	17729.47703501938	8060.016557308128
2254.6275609849686	18987.268584345296	8924.795007145141
1445.724226725662	19773.433601806923	8034.767909054675
-79.76347536123909	20437.44337983036	8194.163959804293
1508.8293956723971	21906.698318717376	8001.2032028115045
1673.28561446933	19801.952279106194	8214.367378765246
1551.1177612949393	21292.714862902983	8314.673534028825
821.8350434570397	20771.86268699635	8640.992882885892
-87.2172014831167	20903.94696595698	8576.83202979408
1429.3625453636114	18599.17393661872	7959.860014010931
2071.49063143431	18533.057736626975	8368.74914064983
1159.0075765341094	18713.447170213207	8506.712536970928
1431.8707250134648	20499.578583964787	8345.987953151945
981.9121979466538	20188.760949331685	8071.584173790663
1720.7328228157062	20227.80298394176	8114.887934730746
-289.2391121455203	19599.98562229912	8465.060730504247
1635.6854074841394	17869.237320582484	8168.231279093647
1373.8098432782901	18675.620983780253	9159.370173643098
2208.578737206341	19828.574445534785	8950.95783764682
1541.0572998201953	18277.63312423628	8205.010504021513
2190.939378489538	19392.068539994467	8492.004197799943
381.31177154015495	17361.200284304843	8505.037597361494
1096.8898046148502	16891.58703222341	8335.074541872364
1627.0035742165414	19356.161807510347	8509.244870566368
1512.033478617737	19152.294794056073	8071.166516350966
1032.0656493336	19774.755357496604	8466.441279418428
1173.0800059724993	19751.41481317976	8409.76484027703
619.7397542827632	19225.667159591456	8493.020200573532
-419.8538051597228	19329.227626518918	8339.312429305613
1128.3891933867271	19552.27115805865	8552.870649924771
1035.764756116903	19513.008542577893	8520.276491001103
2438.401046967969	16747.871333303985	8956.111351844978
586.8200808950778	19501.055763979522	8268.1076067527
2532.442438437847	18767.24519971545	8749.121077150088
1380.3853131579997	18065.473842888292	8845.530842249203
713.0394140312188	20568.013850200172	8593.98479069756
1857.2300014833336	20564.97155841032	8752.075861664804
-225.05498526586732	18851.72642322033	8132.126072311568
1425.9964719494053	18978.40163836903	8232.316883893469
2357.4354231696043	21158.017051928025	8835.477091613207
986.51780606959	17618.797738375368	8425.634898118338
1537.5167036433265	21236.529587566096	8454.57769060604
396.65220000193716	19419.89365355691	8132.188555447592
1023.3861364969607	20298.385264974164	8743.916617979954
-66.94965940610662	20092.47482891717	8927.225492484917
1506.0255232645354	20282.195231260983	8266.467487816548
1591.0353323567222	19158.72278348255	8119.041329954499
1595.6808259825648	18894.21482398205	8267.923743332618
2068.094949741506	16943.272074245382	8498.393790978253
973.6040313897408	20103.94424939609	8580.103451131183
637.2005174320714	21273.196501164213	9057.026500522039
2792.4136208390264	18414.64925828326	8115.6564701440275
1551.6928387781093	18667.222222239452	8330.9889241912
568.6622018302153	20563.73436145293	8587.19387068866
1731.653696928112	19289.75230984989	8602.747284989988
932.0125716466656	18815.357439363866	8024.194180431519
441.6337957552602	20391.177715068785	8074.642763651261
986.9337083338437	17988.986241522773	8565.267644045225
1484.290097880591	19699.10790161222	8590.797699273991
992.9395814842578	17390.167392774085	8982.700656966901
-345.11041973189776	19141.818245577502	7867.5128039852425
303.974862076028	19000.917545147437	8514.251530502375
999.1456428124316	19453.01151901287	8226.320896653122
1261.5981715311475	20117.69345706601	8353.504982278519
1557.6855816550499	19786.05719817399	8367.669040441458
1831.0015837930835	18451.758971122417	8658.224543795483
1344.0596247014844	18264.861888999378	8767.833160532346
1675.1280005646888	20403.93947253442	7910.2918606830235
580.697934294475	19531.3320715783	8502.098764052509
1108.5236880952918	17133.50621762392	8607.937943346951
1617.6490481600094	20809.188043151993	8208.654767031385
1457.8488232203672	19710.20310967066	8272.007206050446
901.396602426658	20142.44823653638	8613.42628598913
900.7456148589533	19466.048310691418	8451.50199301778
1842.5215600450451	20527.93166031475	8537.64210234979
1532.6505907828168	20396.48202361959	8585.998735154568
1124.8839061740277	19686.574362876774	8022.1404159812655
983.3360544761723	19200.103771478607	8851.473707505864
-60.59735492504254	18830.95403775301	8093.047209604791
1490.5895785167193	19908.365981343937	8153.295322352083
1549.78640107301	20273.522071250864	8353.04061138984
1554.8550969606467	18989.35799273402	8710.943716894419
823.5762542676521	17425.710855940353	8747.059322627076
2026.631938476141	18278.89922742416	8867.296972398659
623.2902947391236	19821.242899123845	8783.209975668125
450.33805694559584	20057.775732950624	8579.544572402718
535.1415264352119	18580.408363526392	8480.083703685943
658.9768735493225	18409.665758062943	8377.940518378771
2378.91755767848	18340.91137169672	8466.792756427469
1604.2013265658654	17617.690238317733	8796.768935492488
729.8463394511002	18988.723690990682	8234.102533421137
736.3889910677893	19123.11419081019	7838.988757409925
879.1631701400728	17651.21318202598	8418.107811377218
2304.2224435365247	19739.228349784637	8076.476170339839
930.1385098817558	16310.111600132232	8312.139854577847
1094.2899433310401	18890.046397403406	8172.74691329668
-10.141897157970284	19967.252093613148	8585.37939708589
947.5157578113302	21200.364455794577	8762.359702808524
2283.1319271213865	17866.944894511344	8416.133735028585
1152.5245703920573	20166.59787745379	7833.311472102868
1713.0807187156176	21010.026135517764	8058.017746008851
808.9719435165852	19373.149679794926	8209.962546420184
2646.792063991927	18629.200324127	8865.502945592545
339.83411264163504	18465.515474284002	8164.166125670897
456.4164639425106	17543.964134757145	8457.627004358223
746.3182112401736	19969.15993109983	8934.59694670388
1049.8262257320835	18010.44713480735	8653.519204694176
2156.950906760329	20172.93591785892	8555.018288491396
2109.732345023282	17946.739369391435	8906.872344816862
812.2261356934684	18041.66894204732	8713.58805353898
1483.2149241218465	18498.979895880962	8423.950350692867
2574.755770376366	19705.566243727913	8216.077877574819
948.5165854344605	19514.781994811172	8125.393935843166
1872.6550297444235	17482.036622977488	8377.173601637698
656.8673885327164	21927.202563222305	8142.348530616308
-321.54983615942507	18920.030112064574	8770.57984563932
2645.403531230117	20299.216175801073	8556.021250791808
-522.6791385464884	19137.668608027594	8632.87996176342
383.73378722420904	18042.989256867037	8535.259031230293
551.7678892245134	18223.945105809595	8228.027474532217
1269.81059103071	18447.83279049297	8327.176004429295
204.03537883490375	20376.346593008144	8445.083176168411
1666.0471608530581	19074.34599598965	8308.18907375186
2565.0458735318307	19148.608177410075	8558.283649171211
589.6375618350185	21064.073327949045	8743.982982269683
-67.64287400877895	19957.62511263158	8492.746593975531
247.14257597072344	19197.204800327443	8080.998311187329
-223.8806652308283	19806.05862257632	8254.3163761832
1363.3584737107242	17629.80589297815	9243.440743170231
920.0025123588017	19353.457790862256	8302.95635254679
1114.9840634218285	17998.653950817545	8483.588128884645
540.244494584309	17143.390205230477	8147.544045054889
729.3442757688738	19527.049422141095	8473.984321154107
1416.0152273272822	19491.864362167522	8769.793755320752
1022.7040857926726	18984.81829622221	8303.99803352367
1341.0024120879248	20245.86837750324	8406.66205088074
2195.1396348578073	19581.13864241574	8438.211120849923
2150.7279764658974	19587.190626739946	9007.843034398073
1308.6600708598887	17863.18522416676	7984.78996707163
1065.6336258330055	18347.951580464698	8024.800958694331
1235.0556573371814	19010.075993041995	8582.448667496277
351.3381780057075	18986.194242176316	8365.288586900102
2809.0234364055495	18959.560031685738	8568.028782276378
707.3169752379504	19964.02580755005	8857.808426429463
1400.9557554433586	20683.173979968637	7756.422525395792
337.94647731782845	20696.544969055092	8508.085660767552
1630.4843087571464	20131.705505200895	8768.914141589736
592.7426605828043	20319.358851575627	8731.326622314335
389.36685238689427	18755.80151399966	8333.040983962152
2254.034727730502	17533.4520363164	8275.9594790279
861.4664063305829	20174.423682512082	8405.829268999205
1079.1678804085136	18461.729673749378	9119.391752681968
1548.7231234287913	19408.434504169556	8296.811964913486
825.2342674831724	19957.58163108094	8279.41156448883
783.9958243454121	17528.07519328089	8632.45108295559
894.1544515006756	19830.86595590784	8069.0374414262
2593.867796585745	19543.879911464064	8430.906004677332
1395.0640956071693	19273.384392329703	8372.310722351542
2193.7339442450807	20034.01477041446	8901.52450373912
987.2407428193384	17508.480676590232	8177.89863657952
1189.7394526667463	15957.218338681603	8119.091132841337
1156.3939188380095	19787.22869778305	8089.510181202332
-69.45551679279272	19961.66318909157	8329.526101694251
1499.8289421261768	18449.927374622	9009.696660683023
1550.115470217006	19446.377259763016	8424.71910701705
2151.085663677483	19413.275642702283	8082.154449733809
2229.631801035955	19826.38910901515	8614.900559200969
1020.240853397466	18318.38953388557	8502.82506529758
1100.3879790495419	20142.693812291905	8593.165516743182
1564.3390274550563	20454.36254971484	8196.643207321316
1286.4272208417262	20796.23224190819	8743.113930116473
2145.2164919488164	18262.219526349614	8586.977411511793
-33.9200984381524	19654.152782470475	7851.179564600042
683.1297895666298	18272.259333465223	8852.664909208648
-575.986395650402	19594.666200521242	8519.804303255327
791.4505187694415	19061.965270743287	8481.397835421987
1905.1081057642432	19310.532416521855	8450.139234781376
1537.558716998472	20270.364474770155	8289.546914866334
171.6577776825943	20282.251684626804	8307.831785116687
1165.7650422862969	21159.31925500127	8435.24913545891
-134.88383307310593	21002.323250307156	8583.754704734452
1737.8921604578577	19263.510732903487	8851.722381501795
1251.7163942515094	17017.043096393834	8598.797693879273
1588.233985011867	18734.165578754004	8114.739074407384
751.0712646923256	19736.38943331836	8588.290473140572
365.2757382387676	18796.06955806824	8526.267072458855
1307.936796720476	20403.321484920423	7843.715325312607
702.8837173678603	19381.03134352023	8584.164393386662
1642.3773779877777	19314.75404134405	8961.023731085052
827.9077279705507	17057.34821603137	8221.221022637328
1556.504321011687	20903.04912066793	8599.480307804584
1152.8441583301974	19230.299496968608	8191.218727941819
1982.5865343916819	19818.80118500279	8341.535035860805
580.282008556736	17813.075952640236	8660.036988109943
1289.320755583924	19641.49666704983	8839.817551591283
950.3395473781686	19147.46130723916	8261.784748770071
2742.9725599547273	18935.186314806408	8477.130944107821
1214.682620461608	20040.83851057889	8884.121968433505
1400.944667275121	19763.538354964443	8601.713258390839
1899.831167362353	19261.5503432985	8832.438389878544
1023.0758720254132	18320.67139589371	8703.015237211646
1316.7541332433473	18978.565635273317	8480.154561699826
1330.039233521952	18887.451383088803	8923.292925479223
1274.296798081783	18282.119485750824	8454.783250409531
-559.5022094499698	20620.492293254898	7954.186241266662
976.2746407116201	18762.333016513665	9013.80795935769
647.8657664252536	18214.720286329386	8717.715524933297
1514.899224043926	21818.57298070235	8539.155990075076
1998.8732447661207	18785.30339893852	8309.793242923282
1485.0033134847024	20698.404264122273	8096.498034740761
355.7263830906971	19116.488751047174	8879.910902795858
191.89036349980606	17809.557013064357	8011.98108927699
1488.65237369411	17875.08297961208	8505.627307921679
1266.6382514826469	18815.850146903493	8679.082060145416
953.2055436934617	20234.766001636184	8067.154569542343
658.656324080031	20988.804941958027	8343.85739807872
1160.2092217683617	17770.812914197053	8625.219701250388
193.21303933297682	20316.531595056364	8273.95843385079
908.3063334592297	20476.532488154786	8626.943870619813
1066.1239853491584	18902.22705229328	8292.038240369922
2633.896443742275	20549.668663447075	8894.12957547447
937.9649644794931	20185.406089170843	8324.69555746663
1308.6307754238305	20090.107726353657	8340.655887249943
966.8234995337542	20204.185413540497	7946.598648842131
1022.9736774612483	17966.60426279466	8348.389714361785
1718.007965270506	21086.08544596117	8719.285846400955
1571.7054569512864	16721.29373810155	8560.672658135227
677.0913997858153	19978.86433187916	8120.331691806265
1402.297486441189	18758.072375011816	8384.995214530787
723.4755004121527	20100.607970668367	8441.714231163218
-1485.8109821392197	20038.64673261259	8587.331759089668
1550.5176797333204	19538.841094774016	8550.328794503144
377.0835406399036	20414.995700470896	8421.942839684525
1162.3454597644827	18757.604031796207	8522.53950959646
2042.3126898957398	21691.048206848096	8919.873896258476
931.3675875310774	20642.244484762996	8429.911547593047
2215.430226366962	17576.184508882096	8645.019660140819
852.6592442336901	19067.095310031782	8545.154418584078
2666.209105761589	17853.000167783743	8847.106615534332
1381.6629930263357	18712.186028598666	8155.703116126645
745.0320026338563	20581.97734725907	7927.8565028183075
155.13024119353187	20738.405214714043	8202.749583399509
818.6765032597109	19914.202910585944	8734.952898843017
1397.6219085614991	20829.869418599035	8287.929568640095
1697.698428648671	18386.786944381365	8509.475681299915
817.1632578158676	18252.441959552205	9054.320055959119
159.90767780902553	18417.31035700409	8887.532920387019
1725.9275824549661	19428.35837832657	8724.609501668938
875.4104456264072	21468.94157209586	8552.42257123679
1349.9382270310925	18274.16109076734	8496.746738299673
-651.6757742089881	19975.327420268317	8599.041291132842
1025.2350706703126	18850.108804361327	8485.009156741778
918.3631878072299	20337.136264528253	8432.24707630037
919.4305257790959	18829.194794555606	8526.490790517853
1224.2672217131205	16986.95252828487	8586.095224917159
1564.296223035813	18863.214497276043	9154.490800336636
2172.485254170455	19169.003209162252	8489.98737263955
1261.520513359027	19202.104616624485	8145.211357238532
781.4169037139787	18358.66117795278	8604.826493348404
736.6773730129232	19581.165214911536	8505.616052729965
2503.309981868316	19383.207769984518	8779.905909648527
901.119637925479	19750.493062832586	8182.434434130066
-124.0208044305218	21810.489366055346	8006.866709482612
1279.8329224910926	19022.828989300244	8364.80650454121
1608.4654333625376	17992.199662350355	8206.738769543808
2242.1573695576626	18338.46686759353	8857.19844191385
591.595289638055	20775.48231710336	8261.183541515335
1872.1242271722683	19920.565975386908	9069.189157719311
1742.0885051707264	19718.690664655318	8318.424935008492
876.8620347106184	18221.783572670858	8980.059018059152
508.44728044795215	19369.28088783574	8726.90894314575
722.5408655677969	17621.578588023633	8986.745720685694
2294.8030348704315	17933.610285620194	8617.270992299545
106.37745108624044	18473.824215655433	7839.810251174862
758.6122163740357	20082.28278554332	8282.963074219688
1808.5531419952576	17708.864281386413	8381.820623413027
1148.1959463279995	19430.75832080393	9051.46142070499
82.28671377160599	17754.768415916355	8332.245008912381
167.89222731016002	19960.078887230615	8314.05386407441
1413.3623861685046	19347.927195441778	8514.561964370048
1173.6981756189857	17565.23098930967	8417.260922213125
750.6792463132489	18180.978860417494	8425.496071834814
1276.992571527294	20086.79853460156	8429.357609627727
1314.2696430805736	19050.614207010487	8707.151477338062
1743.6261482854543	16495.64968359588	8567.57469246682
2750.2261439890462	18386.929689700315	8148.724995397071
1459.9032607738875	17337.62810178325	8297.841400739546
1133.7092188132108	19228.230010761366	8048.234630545832
-14.78994015562255	18306.07182111107	8041.98866738527
603.8760709194477	16612.03139773584	9159.219330130492
1217.937581189222	18976.431867383446	8793.755968857735
1779.46187062647	17425.865345215116	8448.519754406265
2269.9998535290765	18851.495215435083	8498.347912859523
200.24150873486164	19569.886828483304	8837.2015408963
1009.935796970821	20475.29946038354	8053.164709803249
1313.5434571311457	18826.239996980123	8212.674126643778
1034.8079491195533	20404.286430547094	8982.590750673713
1001.7934087828652	19289.357927648285	9006.933391119766
1128.0337267037016	19564.861526879922	8110.385573487885
366.7481974040841	21311.863917411072	8496.47693893148
1310.6191500369744	19212.317691018878	8775.060059308584
935.8559508861898	18566.57002706269	8540.603625508133
1358.9753285126808	17925.624995645067	8725.055408186594
832.850288935363	18887.447662710376	8537.080634293661
-843.822440625199	21621.797141553572	8558.64066688148
600.2873582980383	18337.16265846806	7915.4075597445135
2101.134743879985	19054.438580419348	8382.12961266635
1234.2608533278697	21210.79661017628	8602.45735218796
996.1747855760078	20073.029749387297	8335.452624342937
827.868209950289	19929.343988187396	8348.626575753742
1975.4409897996113	19279.075832583065	8654.765609581875
2311.4140054653367	18092.292962792697	9172.683230533063
707.3868898025712	20512.825072794065	8583.479509369774
1002.0248524523079	18951.722050452034	8730.305131203822
1768.9386380306717	18161.296720312606	8245.20561533009
1425.0399368363137	21472.518817753826	8967.901652466082
2149.717875947429	19457.617790006887	8100.371476610504
1471.498378924047	18218.34472715584	8047.123251872584
210.9982545319087	19097.2399131058	8014.034697654492
449.5631672202099	21145.977876684068	7718.783102095637
1646.7085739988356	18033.64307703971	8485.024218294937
1075.5010490455556	19053.801702654247	7978.433201266386
1321.037901137168	20345.791878406086	8607.031668897469
764.276566864256	20132.377349681858	8753.265142372047
601.0341378916452	19269.219275294992	8675.737399677391
1381.9777571161067	18032.84484487375	8485.770652867395
2970.60036237389	19589.59186358778	8379.001558198199
353.04158629791505	17116.136294955646	9082.436313040547
2328.9440801669343	19447.090028717063	8415.748227354876
2205.37438276784	19533.543698592573	8682.116251525264
694.6167662117608	19888.60949920354	8635.613478212254
1592.4966433263337	19113.300868828217	8709.969895631866
959.8021225960622	18476.455659552736	8570.310908765723
199.1404657977314	20476.495543432604	8539.690809791984
2267.7193556291236	19816.43338165051	8059.718306487323
321.81186952950117	18878.548678727304	9064.234620470159
1587.3135490210445	20400.23641326611	8882.527633079235
1570.3125238087448	19751.84988948432	8478.998715654794
883.4946506787152	18542.605068747398	8546.346668942819
-183.6122116519554	19104.04545683656	8274.478199037281
1773.2771014331263	21969.615430113474	8645.278769590954
-210.62716410629767	19437.152496626724	8525.630870384235
1715.9189560905563	20333.94108592912	8232.881241464871
2285.466381364178	18321.08035291387	8432.914604261268
1859.6400199518066	18517.57591760905	8611.252077853569
819.2509099232503	18353.966239895868	8647.351381030094
2081.330211927772	19684.10738808023	8684.87727860746
879.1983234418989	18372.362712571863	8805.382382638378
392.2769922892578	19598.02118337808	8258.433323939546
862.2797052407514	20313.166937449845	8562.637152484303
1347.0715327827716	20273.65704880832	8417.347147297614
1285.3216551504352	19294.389791568246	8127.796213152825
962.3658311650264	20095.99798509864	9042.05663852159
915.9587543850022	18906.674876491852	8013.438519970922
1403.706837866066	19960.493551306652	8479.120861000525
1782.1272709458951	19812.051355484244	8488.69755776814
1289.3841607781078	19715.175775434393	8104.647574554379
642.0866033532654	19576.797369384185	8572.895680428835
2167.2395943175375	17728.54797474015	8666.832809862319
2062.977844351932	18923.90787213904	8686.831189710338
1493.5798769646394	20929.356233947154	8367.438678324605
1031.3602857865828	18964.56126646817	8251.599132519932
1863.096447339153	17150.381785726007	8574.405086768576
889.1132141125645	18294.436762289177	8422.054822866856
1701.0169546048187	19638.015914882915	8515.813168940342
1767.6193508540186	18864.732176955484	8379.022446649413
723.9731443000688	20906.24319321348	8421.303575987553
1481.836271253615	19344.671750813213	8359.148591918714
1062.6505909200405	19965.64381513375	8509.018774862894
2194.2313232933907	18956.86306948983	8606.420282875128
744.2867805919243	16185.242977892623	8309.978651669337
1138.3361855344979	21711.84849135356	8281.23339600406
905.6891372234128	20944.21717795071	9024.718617282408
2426.167427899368	18890.927319359547	8824.097013070015
678.7231335130375	19486.098353131914	8592.691871167794
1039.742369157402	20161.140945499057	8381.049287685993
-241.86787407663266	19053.48022298089	8627.361151108043
1694.8877085700585	18450.212491444003	8729.079589915747
1155.665107010505	18065.94675547551	8354.6704149918
1393.6229468740773	18929.84150661824	7872.140664591235
1345.598436601277	18205.946355111304	8908.653187284637
965.9795754674561	19368.57217875511	8799.487971781997
1766.0283353799134	18527.402707188772	8520.658620211561
1644.9507582840406	18150.05805831271	8065.011849572949
1166.369237058609	20530.95361636599	8772.471709039723
1359.8829708221838	18646.37316310571	8339.407295583223
279.5930411809177	20085.609355758632	8454.058186811768
1995.6888281116765	19924.89033844956	8541.579795408084
1067.2507107691135	19343.743188405697	7843.837686174114
1523.9858717386473	19103.455973180284	9237.168219227853
1812.1287562211874	18248.525170080946	8294.970558377627
1349.2438237831639	17974.71609907262	8765.85289423121
1403.7492746653013	19185.35596075294	8436.877762629212
-108.04938182091949	19130.583454707434	8134.679110766661
2396.9517057932003	20616.956042972964	8699.988923630748
865.5802914238468	20311.10832971604	8521.47434621741
1166.4588702800625	19504.07425188737	8617.465478212178
1070.2484603780872	20094.619930614983	8475.37667949526
2280.444159562711	18602.419635362145	8865.801172929101
1931.4933381289056	20226.062742726208	8186.6184446319
1098.5327291960048	18229.955869226786	8639.421548561988
2103.9403320509746	18500.84172389687	8478.934643245186
1633.6180603861055	18921.11363394854	8542.436715779551
2002.2071780290255	19578.22413896019	8368.831375295718
361.1805161269706	19283.56096187109	8333.29870257934
1604.2970445030448	18527.178537350886	8265.83317976336
599.3071168718632	17528.453188234096	8284.03083829504
897.8162402201617	17421.056230644157	8423.745431249989
594.9972447528168	21365.706120946077	8284.051951763086
876.7920221172747	19382.542134394764	8942.954505220943
1378.2380235602952	18265.268399921526	7959.395343485526
1052.083875259775	19952.47527420668	8844.056052618613
1878.9303411374224	19401.155925011204	8444.246829974687
1540.2179795403788	18498.18607314727	8432.567261780241
880.149788243688	17729.67652860106	8589.94049661774
2039.6496276449009	18031.667819604998	8807.50681888127
939.9459285540531	18516.336762112485	8675.564290548813
724.7750024370902	19116.979854054207	8192.974932075009
497.02864362758095	18491.60207569428	8376.314905215235
1352.2971915458115	18052.644357447545	8514.94034917692
-759.6141504989586	20325.61828135755	8932.113298315498
810.5276260751743	18175.50110745952	8337.426027665444
2272.89779489815	18677.123905657205	8541.856897985348
763.6139683579813	18492.47478691414	8345.05493850722
946.0862361317165	20258.724550868832	8457.586507522983
1075.0642835928677	18355.54831439825	8679.75685825961
1449.1202408584638	19802.510101351225	8937.025945712187
928.3086861386535	18541.816807804214	8233.924655780169
1666.5832422648646	18183.68863236644	8800.263370361745
1481.2014740355598	17977.891827336964	8343.269430254219
2223.4286210926857	18836.36207237756	8668.28236843825
-223.9972054439111	20782.80178035362	8456.764976433493
1664.6100293084785	18180.905501508187	8558.262060356332
1151.7926113800918	19146.102337462642	8087.995354388281
481.3627753662347	18828.76448742659	8262.226486140918
885.244927131339	20284.569632204624	8151.802510114964
1126.004759428163	18635.358026811904	8473.412352379311
1447.6994754308416	18580.994748826608	8189.813797397016
1639.6195612552406	17473.104607282246	8785.80771502647
897.5017388370102	19852.136262783566	8312.429689149974
2446.578451041102	19084.00038748493	8181.1702313916385
1251.5203882039089	19527.990523923967	8670.484698830474
1376.7820688847687	20274.824500893334	7956.523498662264
1514.3977673897775	19608.298829036514	9198.719479640662
1209.306488428885	17143.087005830734	8551.728630033396
1156.679371485244	18841.65193534297	8154.258775817484
1365.260953554022	19101.32123576461	8663.352991009726
98.01924606083507	19734.79208661615	8707.774439842438
201.971644371232	20025.274536068377	8772.506833092842
18.70003228290164	18661.19522929421	8662.837310045667
1301.0794912083497	18860.282921864262	7883.1145570285025
1927.0114095824943	19060.040935741865	8152.326340791017
1911.8987194814947	20642.10548245128	8125.136590537595
2925.258151914003	17662.46143035252	8297.37622587092
1238.011629298289	19052.748321964486	8021.36483015465
1223.5210619296279	18051.734287585066	8601.746783741386
516.4738111251489	17977.632394840166	8176.592040797587
1911.4417191419375	17645.40174276004	8644.855464569604
732.9335984084418	19422.59206541521	8481.784788989966
387.8774980068035	19901.88934794165	8621.875121496432
345.3155302348761	20016.48303128638	8867.12397738358
851.4619944866683	18407.990348723586	8484.472470454377
363.54929528134824	18724.247774459658	8672.039195254873
607.1020490496215	18837.70100440678	8506.327618744766
1265.1352900916092	20546.56999358277	8234.047305370066
1407.7900143468435	18016.663619616906	8501.783333747062
10.6908413636428	19198.85941055703	8448.355723559156
1456.7620259293979	18580.64950122093	7652.367425651115
1385.7876137908383	18626.214673689305	8735.878289413262
513.360534542881	18659.395460727683	8287.789901771243
2478.8807591962604	18027.495123071247	8556.354481752205
1615.1854349879798	20147.74726727827	8481.38749983474
823.4420480258195	20404.250812384715	8641.612275946745
949.9401557668054	18441.459768254685	8585.782912019786
1504.058434146679	18226.823301066557	8176.745401828925
1481.7519862081608	18970.64994030393	8705.125101109485
1504.643040683727	17733.844959522827	8529.445028198623
1513.1137592782304	17923.340136938703	8073.209035509114
993.4812592548151	20177.223912637495	8188.745070099334
1141.5017402980086	20938.933500491174	8073.291247397956
1057.527880471885	20195.097341151202	8656.65426645741
698.58596619506	20011.054164103152	8210.162343982825
1802.684447218191	20163.36441396655	8357.369972770659
793.8999936229692	19825.27970933793	8778.8094967814
1622.6757442288856	20146.543853980136	8747.703219383917
1830.0283055158986	17731.074189270563	8421.114349725356
-13.78901795346054	20935.36733204198	7881.458615472768
175.96271216490024	18695.68885093407	8200.018467187436
1129.2689306258653	18452.31965516801	8015.836861423587
1414.904563735763	20224.144903168588	8177.233029866617
1043.1079649233393	18945.880878516764	8637.311185410052
1172.2202162267313	19313.88691686162	8604.064001067363
-114.59192398142828	19301.30785444552	8416.327954417306
1288.462968158587	19674.616371609125	9026.79720776372
1534.7619302941284	19354.812370864765	7884.6752447367935
1614.9198825949818	17423.597756865045	8051.504759107108
1185.0524007457368	20246.821548279288	8290.88800245768
1749.9120931633806	18374.086708568084	8803.89499722338
607.0087821530681	19730.74627135471	8547.844597877425
1075.3831261368296	19078.67368531087	7899.236080367773
1784.191392890027	17588.154875704273	8253.722776082841
-174.22582473993893	19893.063524875244	8492.62768223457
952.8538196319498	19187.75491259292	8326.589576043958
714.7577804898148	19262.978574575434	8522.801808692137
-374.5784870475484	20548.348863454237	8210.44566590876
804.4301909018243	19105.635521101285	9055.858054640408
856.2473125281658	20002.442150923267	8549.737909243737
3199.2754407631364	18318.107602204454	8068.285286584644
1183.0014208811192	18013.019776906356	8293.032741614745
1637.639923661503	20493.96947766339	8353.370889173933
1189.1967873978247	17845.771922298638	8151.347338209104
493.7696347276352	20327.384010628415	8686.657093884027
423.2750728277122	21030.973347673236	8662.06654212453
1330.5965901252314	20127.290476847105	8370.36853460512
-349.69802857044	17813.865376807364	8439.017368074557
871.4827462361068	19039.995481901708	8388.262570292089
754.9027792955047	18825.82769639912	8842.1862814375
1300.6154328297089	19775.851411794694	8660.044193386902
1993.5480210137346	18998.537721264063	8574.783197491599
567.0277408871416	19987.4187046427	8523.212941847967
2328.1344798770656	19124.581069049458	7810.5160688412625
1264.3529369278563	17656.663811472063	8761.149500540387
58.72074591686254	19738.34672946513	8431.518828385024
1691.1553968010548	18926.57409055775	8618.024946394173
533.6149363312134	20721.2207420613	8546.161314493835
1659.8665422459487	20178.58950385579	8600.113804591214
1061.1532648806954	17955.134067585714	8586.921896981907
2211.779206556565	20019.556735214243	8601.165305059498
1654.756163361952	18031.65693632126	8172.79725892602
754.6170683148581	18719.06367611662	8505.200153316462
2445.473901477443	18335.490638397143	8306.457581429333
434.36581750888115	17830.537401961305	7796.893853902008
548.5631629429608	19764.184055450423	8749.58185801199
1992.0935716649515	19914.56839448952	8477.80768748225
-499.4940019815139	19305.922914820178	8432.62113957814
670.1647101357623	18907.603556220267	8651.267540998255
654.0423773086093	19857.97675768443	8461.400779170344
361.08373748562445	19295.242487147138	8198.355261788809
1432.447714874622	18404.397678669295	8289.085527094525
1188.7009385527172	19062.60210361054	8883.29206883315
339.5039638429619	20437.20075482784	8573.30128749675
1024.7149147121881	20565.935417743447	9158.330829582437
2054.3061149206255	19663.620025505	8453.607320703224
686.9338900909851	19143.631089185084	8192.00725727687
1943.6176775805618	19868.28861947233	8362.065866479446
1073.4481917443786	20423.8347587381	8494.148323868792
2384.5269791367896	17503.741945443566	8497.47397681952
519.5900819018625	17728.062129659334	8098.782596684897
1045.9454900884687	19447.37700632616	8064.898194061282
1588.025808584385	19326.97675786378	8398.431270679674
1338.9144534750053	19947.326131536574	8365.613520531711
2044.7967852005045	19908.751430495362	7673.44849659758
971.0796511838028	19143.730457869373	8104.586351287987
1577.6663976204761	19791.49535212908	8653.812281487442
2216.899386355509	19754.143799824604	8422.441417927115
-313.9069659176756	20451.608457027163	8311.458815279466
961.8150955068012	19437.51208504079	8416.366794397545
1400.495936471187	21579.019294951402	7985.038329938494
1278.3819160556802	17792.634353054582	8848.385703993217
614.52200687821	18889.069957267802	8402.191772231286
543.8891723695016	20828.6464440522	8662.659004301697
153.19297846144468	17892.813924859154	7809.750652026282
1538.8892519128156	20119.142878078816	8110.903161957743
791.4639612721435	17906.137516897543	8050.238581595293
1309.3744614301609	19099.303948160963	8200.615917930361
1711.056633129935	20281.63170531247	8500.973805002006
1479.7456267309371	20156.95272388632	8306.820082255503
1699.982873837529	18960.96027634973	8566.400524434546
604.7048098321699	18896.632768116775	8312.823628683056
332.2139348813266	18897.747427821996	8458.915503709182
858.4612583069334	19489.62218765411	8260.066797226675
2410.9902776411045	18601.86804613832	8584.755256152377
1966.2120127050143	19894.55659278908	8838.801018529388
1812.7704155621936	18582.11944003333	8818.782029001168
1428.2648354879964	19863.419916573595	8565.502917811744
1345.3365683875136	20265.557702761424	8566.763486273469
-163.92850670184507	19829.131816622667	8341.610543414989
371.4370931100951	20730.18251629171	8696.758000963551
1197.5738151472005	19697.302977957483	8284.894126430654
680.9390859358759	20101.913477748436	8579.37834607606
1291.7283352803406	19704.365780269294	8389.84249698274
763.1892325759951	19879.102250039323	8864.081407376249
321.74511746308684	18698.65089444392	8157.358254234931
-517.1064767289745	20845.25995160485	8287.883247175032
1767.1076546397517	18260.196480601597	8531.501827226373
628.1760703633214	21636.615637104835	8710.017887829197
1849.4465509912745	20743.040058252493	8834.663690933607
1076.7919729976	17942.783036314762	8886.439802055596
775.810884540054	18397.307159906366	8363.702523969165
1427.1335743744298	20466.222942213557	8098.093709099532
595.6621596449961	19542.547511774726	8544.624393415203
2333.0024489331795	17045.54624446531	8762.213014209261
-198.3482497129426	18549.339235560194	8534.307246305523
744.2008177980109	20016.37091149237	8840.85527725961
1560.2546199613555	18039.09258925977	8522.447773176855
1305.1915642989347	19090.59988301354	8244.91157747184
1234.8147678254809	18247.459804283255	8486.170190912759
1135.909558680131	18610.19581283243	8260.443865517716
140.3356231311889	18587.748639641155	8621.446870236845
479.3204185042944	19223.219449892906	8458.511760803705
774.3874980796792	20142.94270706384	8231.619293064052
1754.2429827175094	18607.15412439171	9035.441393131303
1721.4791658522317	19349.73364576057	8192.95910718557
316.96451166921685	19509.080640684086	7993.398883701907
964.9491083893853	19506.556471939246	8694.941155981638
1576.6556026530084	18893.353798720706	8548.674780285017
-1.2919919833487956	18731.01660904838	8333.424201371447
1886.2661855140555	18589.226445168577	8998.186029963554
1173.963003661422	20660.174444268265	8220.031060693216
934.1400567543047	18278.44234604312	8609.668661513404
2178.5390629182784	17065.449585040307	8367.436103725058
1704.6853137692021	19034.450509950668	8317.844889948858
-122.86394032856994	18386.66389614802	8232.069728495135
1925.996994566556	19543.686126632543	8777.648735474886
2137.2874611683565	18648.984545094114	8538.57177347187
1310.9128514836918	19461.286070967137	8738.405820273523
1653.0020996699218	19859.095271022547	8683.993565625191
1059.622479194085	19622.07296582534	8158.687721380495
1379.601832607907	18196.20607509752	8389.638931186979
1224.9359664732926	18716.79061374178	8473.894926683159
1210.1585210820922	19329.272825666594	8180.304384478208
811.7478818383391	19133.227848522118	8224.45564333282
-187.60884858047146	21166.672870938535	8209.852063322842
1560.945479445408	18376.305047410075	8907.87124023034
1771.2011289059951	19269.79088140345	8993.37871229868
1887.008438566435	20191.41586317546	7779.143377029892
422.53658641809875	20944.078911828874	8404.677888671707
669.0831262097329	20275.02531088194	8536.355460214323
1098.1296811197549	18452.48350383067	8527.081939277881
721.8069588981966	18538.835149024155	8275.911655199237
1011.105652443368	20449.26412958054	8091.646969858565
583.0364292598615	20755.663408774282	8628.77309415906
1720.230890323608	19413.128570438697	8355.817328853707
1899.614595832096	19475.807036742022	8240.963710465114
2433.0572697950656	20725.20195006537	8450.664281942145
964.0613109838669	19877.1074721521	8421.223699429644
1293.5349508983916	19409.414083281798	8450.698507582456
1382.4912429939018	20251.47281157218	8910.261326185728
1098.9338297138902	19119.385973265074	8719.267901717565
1642.5483203806864	17676.959476583364	8472.704737458249
1700.9418270114736	18197.009432413397	8263.84355581303
747.9337797671476	20009.066324164556	8552.305911191503
2921.7850836057887	20224.250006812017	8749.256956735884
225.54993118252506	20221.02543587535	8501.828488064562
1044.0950471914261	20962.144610345378	8553.275492563784
492.93206767536236	20424.29326946067	8746.360059784698
1511.46873903747	17456.323628807804	8830.35825508966
-182.45692229677238	19575.530376864244	8334.586631802358
1233.0086291928224	18602.126602889573	8127.144252258162
1031.3218029802854	19812.891267483756	8817.675339656584
1251.2431022078601	18311.14990309359	8049.10279674242
-62.01556509226252	22396.904366325263	8394.974180010671
98.68186269156348	19244.469062721797	8348.81533131661
-221.60239520456307	18228.047001051313	8909.973788338018
1080.394571201442	19172.158533391266	8894.555043920294
1182.4285234109007	18096.405766139695	8774.768669911118
213.72578074342493	19545.68663080172	8105.270550532386
1667.5576240400114	19284.24958909287	7735.461531517107
669.1451443695829	19119.16766607306	8643.29087952692
229.78328087096924	17968.95631984878	8425.14013672359
746.1761387321739	17879.812086498547	8720.146959033571
1182.3265267946508	18625.539055191573	8859.594474640468
914.9116793454808	18951.254429106706	8385.414276244288
1473.6972757790993	19838.725800234366	8448.747106850058
748.7181812653346	19294.270103165993	8928.51350518346
1324.5970881847152	19661.74666073157	8547.107535189109
900.8799746058926	19206.885423882173	8444.9507546478
631.8542000177337	19520.447448733652	8245.032410331001
127.16691014887954	20304.990472044898	8712.970956037787
681.0574261913602	18628.89107436497	8179.628170745241
801.5222948117748	16905.656653438888	8744.622010731666
1761.378038271519	17170.737142150672	8595.34540585007
1159.4407231676103	19449.72773031344	8790.768505525051
425.72970371312095	19898.56980481338	7934.992362619335
1367.3457618833465	20070.65385085871	8396.14885440104
1534.0811391103912	19699.927412940906	8747.326732085714
1264.3804397840318	19714.937879236048	8524.071901079753
1349.1855920071573	17512.70735191277	8292.078770259099
-241.68927619048299	19046.656779896417	8002.025013951293
619.1872556606002	18947.268413964423	8313.0444136849
1378.1891754548928	19703.73474630767	8460.258110583467
1532.511707884139	17378.10094403298	8657.425195118709
360.32283473943284	17972.827483730187	8750.07456597986
1849.0539357736507	17482.933511975825	8972.44478756873
134.07779562784907	18908.747716622234	8299.146933055321
1623.8380613470902	18777.26351309821	8357.82141442216
318.66643052336656	20518.652446874967	8640.884856430395
80.14901235800251	18579.48752777403	8380.428301545324
61.26499074099041	19941.51198823419	8735.94986977967
821.8557690479429	17091.992187821335	8491.896027686076
1557.786542301453	18510.095211417203	7996.574131272796
256.6430171388715	20136.242907426917	8392.569969848559
1349.226668720855	18353.538424373684	8210.319504928342
2388.1677863865293	19187.915398170237	8184.4864021942285
2121.1136640978416	19781.94488079693	8650.561520862033
729.4534354082308	19439.07138301031	8296.200280816935
956.9339948019391	20035.16009018151	8586.962121313602
1444.3511032467284	19594.01869754516	8478.822785529044
-307.57623361428324	20549.68994266446	8645.650583153814
820.2902491096006	20176.079121581934	8412.860952262698
2369.8850102945266	19035.142819911554	8640.390752377854
723.2000745436528	18764.92553291569	8718.230569307249
1380.9653251286102	19178.043822406296	8474.762407796985
1793.2019854637222	21219.39087799744	7979.452547263697
388.82324828463385	19067.52168152951	8398.281608737683
1617.3300720143814	18976.859095450793	8851.259135513857
501.8971128938054	18307.378344714718	8448.010780033206
1348.7623839022854	16987.35090148763	8265.866305256835
1848.0141607873475	17243.11923264176	8079.478173166465
1772.1089554157857	20898.947652820803	8206.63013773514
1361.8053646495928	18608.940657090156	7952.373351008577
672.8465137140975	19115.792378203038	8480.229567170558
1400.851172722628	19010.18759919385	8584.873231392992
1427.64989455809	18365.005164697493	8488.820848150595
1003.9397044151264	18447.81162435057	8492.758983862625
2240.292374706164	17488.243262578264	8466.755903238001
237.12147400847644	20865.200668847225	8399.978023239262
634.1965742598309	17376.857115798746	8199.911554681583
1634.344936692642	18026.783175411736	8174.279674720643
2692.973086227609	16553.410561799497	8971.206679821993
1175.1028366345386	19967.852754043193	8284.006057784132
2425.5315724503234	17981.82458282736	8647.551419911046
-506.6759974560274	16551.72820666006	8210.736061457965
319.8490931324068	20315.748214345807	8649.724836284911
1130.6675730548416	18685.873106402854	8757.75359614844
1965.0604979284149	18946.366799552332	8572.148126063812
1279.7277973853095	20158.826585854542	8287.802507097991
80.36440064219991	19871.341266149113	8952.96103417167
-313.77901205270166	19772.743461926384	8317.292325800041
931.5176828920207	19307.624130365548	9289.188471142626
151.0381212351516	18448.659291365137	8237.38860270003
2007.7325353329236	17909.375907607544	8790.348346110255
2066.6368139352358	20320.181984998308	8334.615763864516
1226.6090368115083	19101.108596652623	8135.363340249248
1161.771895917352	20591.09313446282	8683.162654465672
718.5644599372466	17953.77252262196	8194.12199166293
224.24676529983086	19379.622962002053	8197.354293460929
667.7556910213715	19418.08612107709	8021.756441493557
738.4724347005993	16400.848866052427	8703.610111043956
866.4074918491131	19126.904063318983	8837.25671407279
869.644834558572	17531.89499788516	8304.903821240598
1470.4181873825432	18380.808165955794	8740.47697550106
214.7121637208349	16642.67952773019	8201.035624532467
1159.6144948172234	16457.823420619356	8782.382342662015
1852.3769449450876	18612.2214988203	8344.235013888538
1793.2812308277935	21585.081627852393	8607.88317380286
1026.486205173308	18933.251451442302	8352.926328290918
1626.698750666834	19358.572631594317	8512.093711282987
1019.586046773268	18741.41150842603	8809.395968834258
1435.8426720762122	18792.356013578727	8718.661279744081
1137.0196225432867	19116.47554720847	8631.94706545848
1321.5236823893952	19941.8823115803	8217.961387292611
2633.007869204169	18766.01375867334	8769.519806434186
373.55348893518453	18635.611175278013	8614.642368495322
-440.1786650620928	18100.348575781667	8793.734296986759
1329.1272204886718	19890.31638521778	8235.198289454518
479.3010306927615	19400.326468768086	8889.816280538813
1068.3384127292227	18778.495503959948	8096.456253479276
1257.8837635235438	20108.551207751512	8012.047736675962
1366.4010766136394	20947.82761495861	8491.834136376836
1426.0702757714296	19039.78234128319	8676.948858839929
