time	Sox9	Tgfb1	Tgfbr2	Cebpa	Tgfb2
10.5	0	0	1.059941888	0.975891136	0
10.5	0.539076099	0	1.220369632	1.807264355	0
10.5	0	0	0	1.345569756	0
10.5	0	0	0	1.546912643	0
10.5	0	0	1.154728207	1.02201574	0
10.5	0.904715545	0	0.62324929	1.340642378	0
10.5	0	0	0	1.249198357	0
10.5	0	0	0.86923172	1.170555059	0
10.5	0	0	1.314709693	1.410945859	0
10.5	0.975431809	0	0.139879086	0	0
10.5	0.989004616	0	0	1.842921121	0
10.5	0	0	1.143951116	1.399154334	0
10.5	0	0	1.23578087	1.617210095	0
10.5	0	0	0	1.574031268	0
10.5	0	0	1.123524981	1.020775488	0
10.5	0.906873535	0	0	1.543074235	0.376576957
10.5	0.133538908	0	0	1.168202747	0
10.5	1.624797579	0.245512668	0.916453949	1.042575512	0
10.5	0.600972896	0.195899652	0.84135947	1.38039216	0
10.5	0.133538908	0	1.148910993	0	0
10.5	0.588831726	0	1.128076013	0.626340367	0
10.5	0	0	0.767155866	1.480006943	0
10.5	1.046495164	0	0	1.378397901	0
10.5	0	0	1.22297645	0.326335861	0
10.5	0	0	0	0.709269961	0
10.5	0.792391689	0	0.790988475	0.897627091	0
10.5	1.839163683	0	0	0	0
10.5	0	0	0	1.067070856	0
10.5	0	0	0.5132176	1.07773118	0
10.5	0	0	1.123524981	1.343408594	0
10.5	0	0	1.632558515	1.839415193	0
10.5	0	0	0.609594409	0	0
10.5	0	0	0	1.409764104	0
10.5	0	0	0	1.455301772	0
10.5	0.164352856	0	0	1.544192111	0
10.5	0	0	0.793790385	0.730782276	0
10.5	0	0	0	1.658869592	0
10.5	0	0	1.1752218	1.258397804	0
10.5	0.970811611	0	0	0.376576957	0
10.5	0	0	0.328379603	1.025305865	0
10.5	0.737192643	0	0.685741739	1.462248215	0
10.5	0	0	0	1.558348509	0
10.5	0	0	0	1.31196566	0
10.5	0.484299839	0	0	0	0
10.5	0	0	0.240549248	1.645716939	0
10.5	1.161667412	0	1.203032887	1.276231958	0
10.5	0	0	1.414639147	0.725911632	0
10.5	0	0	1.36567514	1.262213705	0
10.5	0.546542663	0	1.18723862	1.481729197	0
10.5	1.441538039	0	0.971739591	1.431041945	0
10.5	0	0	0	1.557266529	0
10.5	0	0	0.974971994	1.259593879	0
10.5	0.848189117	0	0.311753861	1.4407517	0
10.5	1.089198367	0	0	1.221674997	0
11.5	0	0.227886705	0.781036939	1.445604203	0
11.5	0	0	0.92890769	1.426673888	0
11.5	0	0	0	1.015359755	0
11.5	0	0	1.292699003	1.534533756	0
11.5	0.856124444	0	1.105169428	1.677150521	0
11.5	0	0	1.562768543	1.218272854	0
11.5	0.912753304	0	1.248953615	1.161966616	0
11.5	0	0	0.59439255	1.214048679	0
11.5	0.146128036	0	0	0.896526217	0
11.5	0.133538908	0	1.237292338	0.95230801	0
11.5	0	0	1.544192111	0.912222057	0
11.5	0.912753304	0	0.775974331	1.236537261	0
11.5	0	0	0.212187604	1.051538391	0
11.5	0	0	0.808210973	1.264817823	0
11.5	0	0	0.855519156	1.288919606	0
11.5	0.380211242	0	1.043755127	1.424718337	0
11.5	0	0	0	1.5834255	0.798650645
11.5	1.245759356	0	0	1.120573931	0.643452676
11.5	0	0	1.451172158	1.099680641	0
11.5	0	0	1.295127085	1.325720858	0
11.5	0	0	0	1.45909079	0
11.5	0	0	0.487138375	1.456214155	0
11.5	0	0	1.142389466	0.944482672	0
11.5	0	0	0	1.294466226	0
11.5	0	0	0	1.188365926	0
11.5	0	0	1.131618664	0	0
11.5	0.611723308	0	1.18610838	1.487138375	0
11.5	0	0	1.410777233	1.203848464	0
11.5	0	0	1.201397124	1.312177356	0
11.5	0	0	0.931457871	1.122543524	0
11.5	0	0.267171728	0.939019776	1.132579848	0
11.5	1.525951341	0	0	0.741151599	0
11.5	1.21005085	0	1.070407322	0.235528447	0
11.5	0.982723388	0	0.881384657	0	0
11.5	1.080626487	0	1.28645647	1.263162465	0
11.5	1.3586961	0	0.643452676	1.07809415	0
11.5	0.541579244	0	1.01745073	1.685024785	0
11.5	1.373279893	0	0.26245109	1.605089462	0
11.5	0	0	1.303412071	0.769377326	0
11.5	0.442479769	0	0.721810615	1.385427515	0
11.5	0.492760389	0	1.587149498	1.016197354	0
11.5	0	0	0	0.794488047	0
11.5	2.181214548	0	1.649529566	1.493597449	0
11.5	0	0	0	0.989894564	0
11.5	1.214578954	0	1.627263417	1.725012725	0
11.5	0	0	0.485721426	1.219322508	0
11.5	0	0	0.830588669	0.79518459	0
11.5	0	0	1.491081413	1.35755372	0
11.5	0	0	1.433609843	1.507180977	0
11.5	0.63447727	0	1.259832699	1.203032887	0
11.5	0	0	0.737987326	1.008600172	0.882524538
11.5	0	0	1.752893155	0.505149978	0
11.5	0	0	0	1.031004281	0
11.5	1.359835482	0	1.077004327	1.107888025	0
11.5	0.837588438	0	1.241795431	1.712060142	0
11.5	0	0	1.062581984	1.053846427	0
11.5	0	0	1.005609445	1.439963936	0
11.5	0	0	0.123851641	1.236789099	0
11.5	0	0	0.725094521	0	0
11.5	0	0	1.498310554	1.285557309	0
11.5	0	0	1.271609301	0.437750563	0
11.5	0.94792362	0	0.982723388	1.125481266	0
11.5	0	0	1.32407658	1.227115083	0
11.5	0	0	1.2955671	0	0
11.5	0	0	1.235023159	1.145817714	0.851258349
11.5	0	0	1.449786847	1.176091259	0
11.5	0.726727209	0	1.370328008	1.644143051	0
11.5	1.222716471	0	1.33304403	1.481442629	0
12.5	0	0	1.549738731	1.438700533	0
12.5	0	0	1.037824751	0	0
12.5	0	0	1.021189299	0	0
12.5	0	0	1.4407517	1.450403086	0
12.5	0.971275849	0	0.951823035	1.035429738	0
12.5	0	0	0.984527313	1.41763774	0
12.5	0	0	0.281033367	1.496376054	0.57634135
12.5	0	0	1.079904468	1.106530854	0
12.5	0.503790683	0	1.457881897	0.827369273	0
12.5	0	0	1.453165393	1.108903128	0
12.5	0	0	0.710117365	1.36078269	0
12.5	0	0	1.076276255	1.239049093	0
12.5	0	0	1.60075515	0	0
12.5	0	0	1.34869419	0	0
12.5	0	0	0.788875116	0.990338855	0
12.5	0.575187845	0	1.596926814	0.235528447	0
12.5	0	0	1.078819183	0.953759692	0
12.5	0	0	0.954724791	1.266466895	0
12.5	0.605305046	0	1.148602655	0.98721923	0
12.5	1.299507299	0	1.481729197	0.892651034	0
12.5	0	0	0.957128198	1.05422991	0
12.5	0.77815125	0	0.968015714	1.128399269	0
12.5	0.136720567	0	0.958085849	1.522444234	0
12.5	1.172602931	0	1.690018781	0.894869657	0
12.5	0	0	1.199480915	1.629715333	0
12.5	0.693726949	0	0.892094603	0	0
12.5	0.847572659	0	0.995635195	1.157758886	0
12.5	0	0	0.821513528	1.418798291	0
12.5	0	0	1.459693976	1.38309693	0
12.5	0	0	0.383815366	1.09131516	0
12.5	0	0	1.246990699	1.284881715	0
12.5	0.662757832	0	1.493736802	1.179838928	0
12.5	0	0	0	0	0
12.5	0	0	1.127428778	0.880813592	0
12.5	0	0	0.546542663	1.168497484	0
12.5	1.599992178	0	1.03702788	1.104487111	0
12.5	1.638589083	0	1.521138084	0.67669361	0
12.5	1.534280005	0	1.154728207	0	0
12.5	2.125936467	0	0.696356389	1.23299611	0
12.5	2.503313923	0	1.358125285	1.465828815	0
12.5	0.776701184	0	1.51600623	1.366796383	0
12.5	2.126910295	0.23299611	0.833784375	1.040997692	0
12.5	2.093421685	0	0.267171728	0	0
12.5	1.731508184	0	0	1.213252052	0
12.5	2.246793919	0	0.545307116	1.605089462	0
12.5	2.536545818	0	0	1.388633969	0
12.5	2.292123104	0	1.078456818	1.618780025	0
12.5	2.102536607	0	1.465828815	1.707229419	0
12.5	1.745855195	0	1.056142262	1.616265405	0
12.5	2.006594386	0	1.483729899	1.095866453	0.831229694
12.5	2.670208732	0	1.364550995	0	0
12.5	0.507855872	0.671172843	1.310268367	0.823474229	0
12.5	1.368472838	0	1.644143051	1.416307587	0
12.5	0	0	1.541704023	1.408918021	0.08278537
13.5	0	0	1.234264124	0.710117365	0
13.5	0	0	0.359835482	1.143951116	0
13.5	0	0	1.123851641	1.17868924	0
13.5	0	0	1.102776615	1.053462605	0
13.5	0	0	1.271376872	1.197004728	0
13.5	0	0	1.408239965	1.309630167	0
13.5	0	0	1.401572846	1.292477594	0
13.5	0.133538908	0	1.843357378	1.39880773	0
13.5	0.699837726	0	1.117602692	1.661907293	0
13.5	0	0	0.447158031	0.978180517	0
13.5	0	0	1.13893394	1.394801777	0
13.5	0	0	1.350829274	1.503790683	0
13.5	0	0	1.651084089	1.059563418	0
13.5	0	0	1.303627976	0.334453751	0
13.5	0.413299764	0	0.979092901	1.671913012	0
13.5	0	0	1.135450699	1.497482537	0
13.5	0	0	1.212720154	0	0
13.5	0	0	0.964730921	1.111934276	0
13.5	0	0	1.333447274	1.47957531	0
13.5	0	0	0.744292983	0.936010796	0
13.5	0	0.250420002	1.387923467	1.028164419	0
13.5	0	0	1.342027688	1.016197354	0
13.5	0	0	1.126131407	0.939019776	0
13.5	0	0	1.642068627	0.31386722	0
13.5	0	0	1.08170727	0	0
13.5	0	0	1.13225969	1.376759395	0
13.5	0	0	0	0.753583059	0
13.5	0	0	1.150449409	0.921686475	0
13.5	0	0	0.913283902	1.31386722	0
13.5	0	0	1.369215857	1.351603072	0
13.5	0	0	1.293141483	1.578524605	0
13.5	0.170261715	0	1.649237472	1.333648757	0.267171728
13.5	0	0	0.859138297	0.797959644	0
13.5	0	0	1.013258665	0.704150517	0
13.5	0	0	1.220108088	1.314288661	0
13.5	0	0	1.387567779	1.382557322	0
13.5	0	0	1.003029471	1.331022171	0
13.5	0	0	1.475961589	0.934498451	0
13.5	0	0	1.116275588	0	0
13.5	0	0	1.537819095	0	0
13.5	0	0	1.18723862	1.583652109	0
13.5	0	0	1.366236124	1.443262987	0
13.5	0	0	0	0	0
13.5	0	0	1.255754787	1.517591731	0
13.5	0	0	0	0	0
13.5	0	0	0.743509765	1.491501766	0
13.5	0	0	1.395151592	1.296884476	0
13.5	0	0	1.093071306	1.105510185	0
13.5	1.626237685	0	1.53032779	1.600972896	0
13.5	0	0.264817823	0.95616843	1.002166062	0
13.5	0.877371346	0	1.16790781	1.375297738	0
13.5	0.617000341	0	1.012415375	0.580924976	0
13.5	0	0	0.220108088	1.476831629	0
13.5	0	0	1.172894698	1.154728207	0
13.5	0	0	1.478422188	1.076640444	0
14.5	0	0	1.249687428	1.013679697	0
14.5	0	0	0.190331698	1.254548077	0
14.5	0	0	1.406369835	1.573451822	0
14.5	0.64738297	0	1.056904851	1.248708736	0
14.5	0	0	1.655810494	1.192288613	0
14.5	0	0	1.212453961	1.678882415	0
14.5	0	0	1.349860082	1.553033016	0
14.5	0	0	1.494432899	1.270678836	0
14.5	0	0	1.227886705	1.586587305	0
14.5	0.139879086	0	1.38219721	1.381295623	0
14.5	0	0	1.54567815	1.757471948	0
14.5	0	0	1.148602655	1.505285674	0
14.5	0	0	1.462697408	1.636186895	0
14.5	0.498310554	0	1.330413773	1.302979937	0
14.5	0	0	1.040997692	1.407390904	0
14.5	0	0	1.459241665	1.804275767	0
14.5	0	0.198657087	1.286231854	0	0
14.5	0	0	1.103803721	1.054995862	0
14.5	0.222716471	0	1.294466226	1.350635608	0
14.5	0	0	0	1.57065967	0
14.5	0	0	0	1.6642658	0
14.5	0	0	0	0.737192643	0
14.5	0	0	1.451632947	1.380573003	0
14.5	0	0	1.608312043	1.146128036	0
14.5	0	0	0.740362689	1.307067951	0.217483944
14.5	0.133538908	0	1.189770956	1.479431337	0
14.5	2.241347217	0	1.605305046	0	0
14.5	2.403686623	0	0	0.836324116	0
14.5	1.030599722	0	0.843232778	0	0
14.5	1.991403303	0.447158031	0.923244019	0	0
14.5	1.618884485	0	1.553883027	0.837588438	0
14.5	1.501470072	0	1.2955671	0.330413773	0.782472624
14.5	1.23578087	0	1.16879202	0.866877814	0
14.5	1.690727544	0	1.577031986	0	1.074816441
14.5	2.269022335	0	0.11058971	1.32159843	0.682145076
14.5	0.661812686	0	1.754806855	0	0
14.5	1.018284308	0	1.779091204	0	0
14.5	1.16790781	0	0.44870632	1.020775488	0
14.5	1.249687428	0	2.026737494	1.492620722	0
14.5	0.482873584	0	1.220631019	1.086003706	0
14.5	0	0	1.847140617	1.830267801	0
14.5	2.166814799	0	0.924279286	1.173768823	0
14.5	1.845346137	1.20709554	0.133538908	1.302114377	0.136720567
14.5	1.379486814	0	0	1.049218023	0
14.5	0.10720997	0	0.988558957	1.410102077	0
14.5	0	0	0.748188027	0.69019608	0
14.5	0	0	0	1.435207103	0
14.5	0	0	1.130333768	1.19838213	0
14.5	0	0	1.484869033	1.191171456	0
14.5	0	0	0.264817823	1.461648568	0
14.5	2.163459552	0	0	0	0
14.5	1.933183479	0	0.948412966	0	0
14.5	2.050650381	0.501059262	0	0	0
15.5	1.894205259	0	0	0	0
15.5	2.048830087	0	1.194791758	1.303627976	0
15.5	0.787460475	0	1.39880773	1.602927713	0
15.5	2.24137213	0	1.583198774	0.187520721	0
15.5	2.243608461	0	1.256717746	1.378579576	0
15.5	2.597640347	0	1.096214585	1.523356207	1.2509077
15.5	2.042378598	0	1.684486292	1.775901579	0
15.5	0.899820502	0	0.978636948	1.133858125	0.120573931
15.5	0	0	1.686010291	1.62930764	0
15.5	0	0	1.122215878	1.019531685	0
15.5	0	0	1.611404638	1.493179121	0
15.5	0.123851641	0	1.15075644	1.430880946	0
15.5	2.274180949	0	1.585347911	0	0
15.5	2.031691169	0	0	1.02489596	0
15.5	0	0	0.537819095	0.346352974	0
15.5	0.103803721	0	1.063333359	1.429590802	0
15.5	0	0	0.992995098	1.049605613	0
15.5	0.839478047	0	0	1.668665415	0
15.5	0	0	1.445759836	1.338655666	0
15.5	1.820004307	0	1.035829825	0.862727528	0
15.5	0.11058971	0	0.178976947	1.528402438	0
15.5	0	0	0	0	0
15.5	0	0	1.377488383	1.401745082	0
15.5	1.829175074	0	1.104145551	0	0
15.5	1.619719266	0	1.099335278	1.509471352	0
15.5	0	0	0.840733235	1.66238002	0
15.5	0	0	0.913283902	1.716670976	0
15.5	2.381024781	0	0.615950052	1.357934847	0
15.5	2.279347492	0	0	1.350441857	0
15.5	2.32756326	0	0	0.904715545	0
15.5	1.888123307	0	0	0	1.182984967
15.5	2.529443188	0	0	1.298197867	0
15.5	1.219584526	0	1.202215776	1.94319763	0
15.5	0	0	1.310480891	1.32756326	0
15.5	0	0	0	1.097604329	0
15.5	0	0	0.945960704	1.281941933	0
15.5	0	0	1.422261451	1.196728723	0
15.5	0	0	1.411788005	1.046495164	0
15.5	0	0	1.113274692	1.698709349	0
15.5	0	0	1.767601068	0.390935107	0
15.5	0	0	1.038620162	1.362859303	0
17.5	2.243831462	0	0.767155866	0	0
17.5	2.506383251	0	0	1.207365037	1.139879086
17.5	0.982723388	0	0.525044807	0	0
17.5	2.737733186	0	1.098297536	0	0
17.5	2.399673721	0	1.192288613	0	0
17.5	0	0	1.374748346	0	0
17.5	0	0	0	1.612571954	0
17.5	2.104179719	0	1.29710365	1.198657087	0
17.5	0.805500858	0	0	1.621799224	0
17.5	2.521138084	0	1.163459552	0	0
17.5	1.207634367	0	1.34321159	0	0
17.5	1.788380515	0	0	0.925827575	1.260071388
17.5	2.125838964	0	1.44357588	0	0
17.5	2.668432512	0	0.133538908	0	0
17.5	2.523668443	0	1.519302849	0	0
17.5	2.925853333	0	1.430397591	0	0
17.5	2.579634997	0	0	0	0.127104798
17.5	2.12567641	0	0.697229343	1.121887985	0
17.5	2.666265193	0	1.2955671	0	0
17.5	2.647069852	0	1.388988785	0	1.256236533
17.5	2.462457896	0	1.68645751	0	0
17.5	2.33243846	0	0	0.611723308	0
17.5	0.889301703	0	1.696793085	1.403463701	0
17.5	1.537944959	0	1.37821615	1.286680969	1.165541077
17.5	2.42737249	0	0.898725182	0.220108088	0.136720567
17.5	2.408511315	0	1.539953842	0.980003372	0
17.5	1.998520883	0	1.032618761	1.353723938	0
17.5	2.47259557	0	0.953759692	1.062957834	0
17.5	2.651471852	0	1.209246849	0.831229694	0
17.5	1.781539969	0	1.557025722	0.726727209	0
17.5	1.002166062	0	1.294466226	1.566083784	0
17.5	2.780526127	0	1.450249108	1.289142836	0
17.5	2.228451691	0	1.49037992	0	0
17.5	0	0	1.068927612	1.519827994	0
17.5	0.910624405	0	0.625312451	1.642563437	0
17.5	0.120573931	0	0.666517981	1.1532049	0
