9209.40570414367	3728.4811971258873	5113.85612848101
11397.239940409656	4042.8754266730116	4686.682871098001
10704.778154672878	1502.9732061490697	4772.46948799947
10417.839253731812	3487.1927328443417	5017.567236930787
9478.513415712072	2976.471466679068	5236.91371080147
9343.974612386399	4306.784713347415	5256.205875022486
11512.67080973545	2465.7679030197114	5272.820882999302
10453.667747737669	3068.771233039213	4867.619066779949
10971.900566514923	2879.6096445489375	4664.151219430095
12629.559452274481	1977.9727082799218	4521.717624544452
11641.903984111816	2633.3433558453216	5720.1635772532245
11123.16415308378	2090.5724093809977	4733.298608102513
11509.50903612531	1508.2815433406386	5090.2427594727515
10335.425908351204	2303.2500528147484	5619.870735409275
10619.965262056052	3332.5753843415705	4696.23260714317
11661.996592780113	2958.1610856754355	4414.100556273325
11815.456967948418	2104.288379186662	5158.448271375854
10118.523417134707	3826.587967738789	4930.480157620338
11748.465776216619	1548.480314583129	4685.968423909527
10901.811205139997	2320.241764748074	5242.777112933421
11860.901613701562	1769.7526768397295	6003.480027653725
11821.58681470937	1723.8934512008566	4527.606986324511
11161.846479137605	2661.3558141542467	4966.857945380171
11121.963989313906	1956.2376096773569	5386.527432154142
10439.671235230906	600.6841505141085	5493.068890380168
11206.120612938985	3338.3710496438352	5003.004342966324
10767.054018770034	2971.3379813751308	4889.012961645712
11404.922453592157	2319.940436535281	4476.787360191741
11822.17511651988	3015.7504817791278	4567.755083501592
10348.116825615154	2739.9139799730165	5101.822311833539
11283.879048281582	4021.436109654283	4883.450345778441
11355.834847997581	1955.9043821768307	4550.19472035843
10322.684057578585	3224.89889056302	5146.7138130762405
10446.265424051067	1863.2569591036465	5621.04049285315
10505.76300818339	3629.3241971815823	5449.523522138352
10578.957723837342	4198.551889383129	4673.514872790951
8892.000975522355	4195.466759532221	5161.863777851285
10057.214969935409	2505.5769876249765	5538.399725383752
12285.82544870808	2910.1062246290066	4747.737079666465
9768.632103413958	3480.837703431552	5010.317950585945
10446.269054061784	1112.3251396901128	5074.1977536496715
10162.761632664458	2156.8751381382294	5116.1785087880135
9596.281084382455	1641.9649569490932	5196.543280528378
10548.680057436743	3087.4962315421967	5113.612036885414
12090.070343660984	1999.1860803053637	5038.576835174441
9867.538075188022	1795.446869472977	6131.572264997131
10540.521916017282	3181.988702981298	5410.2902544469225
10999.517715024775	2101.448684854504	4787.7128009262515
12642.80246400287	3164.096815819206	5688.752511714236
11231.698036436108	1979.9937209989525	5077.26908742927
10709.410990298413	1584.1945063388039	5136.109397248191
10739.81388736605	2451.3527845956564	5048.0456439276695
10514.71703638804	2689.981734121334	4894.808434719312
12950.691924831432	880.104363429489	5249.794572295539
11130.096807352498	3406.1969413000775	5363.859855658813
9210.577110100865	4082.923904804666	4995.863331672878
9859.57455683975	4116.836477218478	4787.664202414238
11158.86696510427	2356.147725597626	5752.824220120051
10697.475974094097	1632.5825295464588	5155.771186037039
9221.933299948665	3353.877091557152	5080.163857761222
10635.701292929281	2749.3545095802097	5228.979970007196
11898.20716579586	1813.3087132538215	4698.362656614005
12351.457607277362	1047.344768332889	5532.227176975012
11264.328095852201	995.2615954079611	5043.126080114578
11142.969880950788	2958.0775567367186	4655.869072746176
10920.421310734355	2281.402129933677	5279.668151743112
11840.33481060353	2557.7290203945904	5171.213267399296
11271.259579144416	1544.6000023382614	5142.432327872859
10334.702185035574	1790.3126370907798	5778.363717893009
9842.127691459755	3016.437482223177	4879.274022731874
10494.033902023415	1729.2741860887854	5360.896204908326
10231.759392750822	2999.609074179599	4763.714699823756
10915.995429481303	1583.8148051356306	5061.49915041622
10354.336101241648	1158.0513767400566	5271.273319017143
11951.279849440378	2741.438302147778	5215.20621114011
10993.960295470495	3252.1251579038035	5073.548737525964
11732.662223735133	2386.1088494695587	4723.245599642019
11018.609758389288	2386.5588858410542	5316.036523728813
10501.048434084294	2373.56320155198	4727.2551234017865
12216.999247245703	750.332842297009	5085.463773411973
12637.081187716027	2171.0952900057982	5483.14097558041
10934.048248350451	3377.144416372387	4882.336165313539
11839.496161377467	2118.529374876221	5608.890951527436
10257.488068561097	1924.2462431632305	4794.275647618507
11387.642076663273	1035.5447138880058	4555.423073412583
12022.069585053368	2093.1665432028626	5218.9189851975025
11213.19207331917	2966.2175792981166	5417.070046318561
10753.777252717113	2315.178230852111	4899.030358927809
11215.106004964699	3698.1891030416987	5207.27277451606
10523.747847753808	572.8052671686527	5521.826292538927
11626.48647724193	2561.851443279887	4960.534684355344
11554.15074134695	1781.255355859988	5178.2821026328575
10657.431529367572	2720.976469506631	4808.987715495075
11393.872809709746	2726.8366228898735	5568.426302895164
11697.71920499448	1365.0721844860332	5454.702078798343
12236.810145000822	2120.6446369274413	4311.617467977538
11393.218583199927	1816.2211991697159	4800.344321491063
10910.778177885042	3711.5995313781386	5076.906696992656
9446.877952328236	1431.6554780799813	4763.263671036953
12064.947744058049	3127.5751370591556	5185.911622214222
10884.173929720044	579.8092262879796	5149.647043341716
11784.443377430018	2070.6878226886165	4403.262353616024
10441.463874126768	273.8526469136173	5467.729160227125
10696.648186848735	3050.771148920829	5379.106987166176
10728.805564471057	2976.4435449485445	5503.642516699049
11976.803526929652	485.56918967297526	4762.165984055004
11311.079272837846	2477.159035723994	4519.721152979038
10826.852645740139	2160.3970602394884	5432.993014926178
12253.69168505345	3271.0527862437716	5279.983983464399
11539.598795222253	1724.903936182016	4750.876844687055
10750.041748134392	1989.237723659997	4881.955222220237
12370.038170458765	1467.1303516914368	5464.331930822073
10444.117091483078	1147.1943695954174	5704.515130765853
9611.336818371763	2371.8053606934704	5054.305152556331
10367.845283609986	2553.3235053736557	5009.380962228292
12550.27813815777	2138.4482683256133	5284.240396010203
10475.774960164183	1285.5792987108493	4992.208234259363
10877.868940373937	1546.9378490662052	5569.448224645805
10975.966402294775	1786.3944112068466	4457.154133987843
11907.304160342816	2507.0140571835473	4695.96870187938
11771.558141917372	2605.249584394828	5440.632002373176
10643.50715640355	1766.4992365108978	5226.937676643441
10321.783898736248	1462.5712943953292	5074.017322678719
10694.843829729138	1626.1956049754306	4999.7769118347105
11936.690656663159	2782.6423302874855	4298.697492936992
11536.027700915913	2778.058609281607	4849.150212654494
10543.801052326191	2696.0084167105556	5105.247463129504
11442.326551281787	2764.0650355088874	4903.68397373062
11056.815522308512	2880.7869290958697	4745.414702963082
11676.830480209523	-23.81194347088972	5634.125782268266
10046.167549106298	1610.7249507592148	4657.370584893785
11292.175374186127	2327.879448349517	5392.82579660514
10571.380875310604	3625.678847746602	4897.498082349971
10586.15399921967	1520.475637221219	4940.365411428135
12113.684855255997	893.425761650627	5346.331310736054
12330.401785037786	633.9799823445732	5294.914807092683
11118.24123629461	892.7392023737277	4641.538475270383
11994.521441194162	2554.1156040298856	5219.94243018971
11260.491313277038	3188.872558805625	5046.502496003876
11588.629553153201	1753.4694243883746	5168.879763481667
10577.886023492292	1941.0163978309404	5137.397542399234
10095.519231567407	3523.504467449465	6024.817593544645
9418.619828940276	2745.4939317030817	5643.592913870281
10284.980605911536	2145.536458448835	4937.685738742883
10920.722484478163	1870.739555335092	5189.035177393397
11006.870536493485	1010.9477556766326	4818.399386439846
11063.292807848304	3791.9647586508263	4900.984722177379
10011.802500963913	2929.1089205579237	5036.226697251872
11098.824129984496	1327.8577637085284	5124.652981050155
11203.503651895824	2377.8875023717214	4948.512255338825
12756.293872672406	2847.0991461337962	4556.0791602238705
11367.267470261657	1944.9107954659696	4693.64556560626
10791.704627350173	2024.4442659425315	5034.624492773086
12515.98877468044	3412.840662765612	5177.693871441342
12141.55750460963	2297.996454479225	5214.272736841139
12642.45897708919	2165.336933972753	4686.616854986057
11465.89813557405	3732.322677292098	5678.867806953617
9354.688448645562	3068.655276916505	5135.813728461472
11956.87329282897	1876.7147435120464	5135.956738841193
12234.825542010032	1992.8570836107199	4644.345573226932
9574.913772562939	3857.6490506649498	5127.328927757121
11492.058249608608	638.59570596758	5088.068181900679
10254.10589239871	2390.1436007301318	4911.747608980242
11588.172329194424	2747.333706037059	5462.570440871253
11527.15558579391	4610.033609809701	4314.001275044482
11237.412487789317	2499.5940420206266	5469.707490726665
11040.889524996017	1965.223987201875	4487.6380215631525
10031.127329496167	3455.092253886641	5142.129638978022
10611.490837617179	2626.9833487827163	6144.038151406649
9920.439782244117	3631.726523287022	5044.1679740698255
11821.285434505382	876.5579508850273	5052.329429750454
11395.511004946058	2114.922346267976	5353.311969402827
11634.027396581756	2419.504755859662	4820.6762337630835
11075.716464830743	3163.7831307661195	5309.382266711489
11204.118621239266	2726.078649408285	4852.615991742365
11283.675531828341	3269.414017929692	4990.84227980498
11297.983574009273	3743.076412429	4662.723978756281
11633.914971210812	2194.9020762176638	5642.16685657245
10828.916356573356	1812.0387464249668	5398.548010188544
11771.91614002218	1475.9715995198235	5156.375243471732
11120.669994226217	328.2245073771937	5124.07138742323
10348.488314938026	3001.155722738898	4757.533794126633
10422.132035391149	3287.649665075058	5872.5830351423265
12343.085500989304	2788.7707607332845	4881.711406490578
11577.61742200817	3644.794811678301	5431.808760817793
10096.4261049475	2130.1978553608137	5406.6630799399045
11313.234144699172	3417.8547216406846	4704.9370934816025
10770.483871047654	4144.730816330447	4821.04643637421
11108.69431348607	-665.4649510129814	5490.1314691869375
11228.166020246152	2919.789570833023	4932.716433329475
10140.721752187774	1030.9191510827043	5843.471887767575
11790.821608392012	1927.045867473426	5248.290746422065
11263.958418646669	2943.7893395186534	5004.335475757867
11802.482419845626	3101.80225380032	4996.102236438397
9845.45829212332	3217.6337928501653	5089.155221837525
9650.277120644841	2434.339242378761	5362.877943824465
8927.472123286612	3342.314083499269	5391.483155386304
9214.979226147112	5424.371347668038	5289.482124549918
12349.501295275686	1218.4288197577102	4901.5273667707415
11319.550730466046	4009.6405141350237	5553.711082528118
11225.322405929128	-228.63058621404156	6008.173904981509
11816.540474218438	1682.1457167669446	5273.88802767036
10001.111257231107	3703.138702075036	4647.8644846556645
9877.247647098528	4815.627528516224	5144.733671509786
11072.318340266764	932.127351860105	4772.396574988803
11223.04157609467	2611.611739923842	6111.5657674407885
10472.802895620467	2008.0215240299067	5149.628502433848
10126.448122238908	2649.1477750475815	5104.035915485581
9934.92528512443	4001.92382015702	4344.425274438561
10486.113919682539	1790.6427594851605	5065.997991704935
10736.614370504463	2540.2357036655653	6046.946948701633
10823.00514961096	2167.1342891725535	5319.742813592341
10357.644356828383	1117.196527271689	5023.347915850663
11166.92702226474	2458.51049835691	5030.683373803
10900.351351111422	-53.04145655563496	5331.333247629499
11066.167681700097	2893.395207093149	4928.097937384048
11068.183050080812	3286.2289444883377	6078.009943629979
11159.532325850074	3028.4633415612375	5139.84618553565
10712.035418943198	2624.6508568090976	4708.567157696123
12204.172669523761	1428.3457393073772	5260.722025773206
12524.386650181965	1488.3706389455056	4825.0119478397355
10752.011276091886	1393.6554527651458	5490.957134981935
10716.42924665504	1191.2126880163823	5785.429013278249
11205.65715363189	2156.946976265164	4856.639885040747
11983.631834432717	1771.6325597342366	5476.5792117264555
9795.45399447206	485.92121435273805	4933.611105905093
12190.454567840388	1875.007121797376	4848.944091408861
10536.164390322678	2196.586300243851	5206.760592916405
12086.651831971647	1329.8969476199807	5207.938453437407
9767.068166171377	2327.108228358523	5175.95542102702
11778.904926804174	2605.099919056008	5342.661495397962
11018.33786004464	2106.7546479406324	5555.412142470378
11372.708492463502	1528.9710299976512	4900.528854537764
11147.762839313204	2358.6322167706126	5743.932183080686
10393.555473900109	2964.920873358108	4855.912242022358
10881.334704742261	1673.4261483170956	5122.105730712207
9643.601412273976	3838.707164916176	4143.881213573675
10813.558483540588	1409.942020742742	4488.994177967684
12448.183497738588	1947.6610782208634	4920.053491096248
11035.967464012016	1586.2024543374723	5166.42335504911
11683.977403480252	3253.8168366109057	4656.124830638507
11710.355528584887	3234.1641607717293	4851.373046440243
10487.807893790585	2597.7213511716463	5234.9654891593955
10790.247968791751	2705.864892264195	5405.009505324252
11074.451961043942	2514.1348434096785	5758.574331944182
10957.980668283291	3826.6861770671426	5162.858519217536
9407.551160428626	2864.238365929785	5431.068757112679
11646.854409537726	2943.8175841071156	5518.395874950036
11438.882223539928	1163.8889677542954	5690.146838361698
10962.767994282876	1120.5889428417263	5019.741940769478
11734.65370518406	1817.977275234578	5691.273734949155
11552.861936831323	2834.360283903071	5036.984626575256
9868.558449510358	2975.742385992129	4945.926840743007
10676.745698659925	2254.131000381285	5245.2015785431195
10515.545721280243	2634.3207062050997	5256.642788934712
12658.462713730241	3219.92569919302	5317.07390997548
11264.990964251872	1156.586680569088	5643.252727363633
11662.23856379473	3167.5823112937937	5279.265919646317
11025.63458443432	3118.881786360736	4987.429126612803
10342.577184470607	3822.365645778285	4938.511153876756
11221.665848969738	3301.63715402618	4816.062012316278
11361.630821405284	1445.0929587321991	5362.081993603766
10346.325698358478	3116.5776302079244	5350.650847216238
9838.549676131192	2061.308508581204	4759.685863061137
11499.897040075093	1412.352870865314	5006.070305221188
10734.2730549638	1260.8893967296747	5655.778759439023
10793.998711007715	3166.3360035258133	5025.646006732419
10395.710466601906	1597.4959496853853	5213.998099851011
10876.307267106346	657.1342055198434	5456.714425767599
12147.477977860535	1773.8902025952775	4793.091218587218
13747.299193127374	1565.125171530809	4929.844511492139
11409.650596620419	2754.687088545376	5551.417932205177
11158.969475594688	2644.0051115173933	5457.320601036639
9557.820594368319	3977.123669738735	4630.097495381536
11349.62899604657	2483.3252568241196	5007.301766754437
10472.379609088923	3406.5433734527332	5400.9511348541
10792.678750063636	3361.5593114938106	5028.257272066248
10681.937395364997	2411.3252883576706	5578.435893159183
12380.26689347076	1759.8779599670008	4760.188084012627
11876.361632021928	2714.511381030249	4663.617467170627
12347.272315797809	851.7195189420497	5167.251432900354
12712.421544814208	-1.9607167719968288	4960.381048111249
10505.790302851585	3650.9868431958994	5470.660060321765
9989.253731689936	5399.949492109855	4479.960245620244
10811.78741829598	3031.6095966852304	5181.18932697411
12290.155776179308	2344.2572796108707	5074.587960940388
11306.2967767995	1875.008958800234	5152.497010727662
11012.360817534422	2845.9272000314236	5749.014928107443
10673.66441221332	3256.0724763536377	4630.542512896231
10405.889807003987	3912.739886908758	4968.216344912243
11652.64507374841	2981.0056638682686	5136.771148126219
10206.711732121008	3130.1546972138703	5188.381717477368
10541.487478913814	1388.5443843863234	5547.2276791593085
11492.071134938042	2396.6772679781407	5351.44207882229
11147.797526893291	2710.286926793525	5087.783846040975
10802.716803517978	2295.027609761899	4648.0924267509
12081.676532427471	2986.986303945736	4859.629841164203
10098.41773715323	3228.8575000112837	4915.304146703296
10260.194108256408	4285.290798702146	4951.338913392607
10033.509974767065	2579.369477503163	5388.447213506725
8668.417280363507	3917.3900924554628	4733.283940164528
11056.402327653841	1544.6866873973306	4965.919672704383
10419.94805854278	3840.550175223048	4945.0313335570745
11458.300099324038	1642.874252120838	5373.024786634217
11254.565887691693	1621.433279371172	4770.215594148066
11797.764612490784	2199.1533762515087	4694.066863126217
12050.263004117869	1869.087187482361	5027.125305754169
10862.3051357752	3174.008937084687	5016.058649612276
10324.633778340793	3706.8833268436433	5522.359454042574
11097.204738585102	4634.896762311881	5145.324211673374
11870.956523395396	3244.4624524977344	4671.006822857481
10819.981598510272	3045.8467940245882	5234.80938093006
11066.310439219911	815.5881570053173	5112.677228359032
11643.282137631031	3125.9160789719035	4998.368504943269
10580.039131897329	3839.2597861460417	4719.533308042834
11268.442409799376	1412.7298134827695	5309.328370713501
13144.784418066507	2802.0420268211615	4577.183840104895
11570.086907233279	1113.7157348485828	5030.917913402785
12176.905403993444	2304.8285632183365	4538.621975091974
8755.816147079631	2326.768150993399	5640.180443549181
9110.521217261925	3459.572502521226	4573.716393577982
10550.889968864403	2688.436421097092	5383.614515589859
11904.807400257812	3186.280683031851	4699.9265211351085
11330.315504794968	3528.5398215815567	5076.124410976496
13120.990336404519	1076.4717060271748	5129.005069042656
12885.965248561199	1444.6853811309586	4674.843724458853
11765.747625639513	887.9303808449237	5223.883166188162
11694.500563798996	1719.093407458474	5385.150657834753
11284.311387867156	4670.619843605999	4936.489034871998
12589.785123406333	4485.6316578693895	4588.801481535797
12191.958975077358	2498.3964191046275	4814.706275960047
10676.505015897665	2964.9672135143956	4815.5938804129555
10333.165967837387	2184.253724565076	4900.927784003155
13236.17134060461	2369.661159812512	5113.223040747062
9526.23777944249	4782.709553356798	5273.092266848891
10308.97524796723	4864.130485314839	5502.188565237539
10843.033330934752	2858.923169489895	5211.655095516157
10721.432584816435	1483.2443715127974	5142.905048137439
12254.695758077907	923.825657264754	5197.790742417942
10696.729243279264	2616.2255278619928	5441.02298721161
12271.96758244475	1202.9089350542422	4675.530802106356
10484.216398310824	3140.699462888228	4966.647796232366
9366.066812692727	1408.3518670009198	5070.995090632485
10996.743087082188	2759.9677407995446	5315.421426197152
10058.946923690923	3297.718108032399	5037.593646972684
11395.728957092602	1400.0567121759677	5221.418156985389
11574.21316764575	1086.7600902900797	5831.931801692866
10896.659250221615	2521.3173659567756	5558.588046613636
12705.867377959326	2566.5000407002644	4583.304095846034
11208.66705426143	2189.0956491816864	5861.356938106347
11355.29424145257	3726.5319338866666	5440.029838502747
10993.705919914923	2559.3908677714053	4880.395944071968
11111.219958864722	1945.7223749233358	4872.4777334839
8424.625332445363	3669.210624245551	5646.395549603318
11352.855326743975	2525.788938877168	5091.653439086939
11444.999862555134	377.593147261618	5094.865350381812
12261.89393620186	1803.3305287297999	4575.230033797516
11556.30578041225	1786.236945680895	4924.788368769034
11222.111343134184	1635.0993083329215	5364.162601286575
10970.619371105386	4869.925374634656	5034.648058433576
11010.523941831043	1926.7053484444489	4989.861492194417
10799.192096217806	2769.60531313054	5357.855557764652
10926.915141017713	1535.1300255531557	4837.846226860159
11608.468704694711	2129.203740387007	4887.859335080521
10722.032875224855	1930.1909761401118	5636.478157967662
11419.13618716157	3064.429225456237	4961.336645566026
11836.697997418687	2534.9107250227557	4429.806600497909
12375.277050187151	3352.150203425058	4890.921078109073
9658.940203010916	2853.936939328633	4729.8578098479575
8850.556785140421	2738.4716006013964	5200.656283157194
10199.247414857937	2040.4568475324575	4986.490918500535
10018.808367771677	2534.802079069956	5518.650150821101
11081.046417704958	3820.567366945541	4866.638706107202
9944.499874553918	3555.720579740593	5304.745606552222
10854.315437827989	2122.7842031378186	5460.466367331289
11114.98295474858	2911.8526982615476	5037.8548144895485
10750.916410249392	3180.9616137398157	5072.130435887893
11123.365223883919	3176.750599236322	5069.6950816973285
11043.16136525594	2842.8460931768864	5160.758331401201
10760.08925393124	1256.0573558377735	4648.80962069013
10850.84769599675	3795.261013142466	5364.8723565194205
9908.279208834847	2437.900929767946	4918.103152188575
10411.474297806288	3294.5107671969163	5512.27838443843
11320.303137159557	2302.8098135751275	5533.958467992665
10339.084155696588	1742.9359577932912	4852.013639823804
11699.396792510785	2033.1652616563354	5196.652294372193
11557.942706501313	3757.4288295813126	4467.820743798023
12183.06612066518	2318.5537552386745	4947.842668463398
11749.341598274948	2176.1345178338884	4920.929687489078
11578.707265409792	2458.7121637487376	5392.613514413221
10797.361588693422	1729.9662193705508	6026.322419295773
11780.53575044877	3303.610120952213	5486.403287709488
11554.03141385607	3268.855941111387	4805.264493532318
11342.880476232322	2684.258651208599	5254.521753581137
9184.107501381995	1837.285227717337	5353.7790285433575
10945.679723494728	769.7360779207738	5541.4979595847935
11734.222801697115	2466.670483411022	5157.728984563022
10867.896463493338	2519.6159481898612	5131.889319647995
10291.988243071273	2253.9445065711343	6249.091247967915
10481.94718910538	3439.2617884857254	4861.855928794788
10178.4626648802	1279.7025727562557	5239.659530993967
10476.63529409414	2261.1034169217646	5206.6423787180875
10359.001657280169	1689.24208107814	5124.458016466065
10994.927124611917	2355.546861682244	4978.649026020321
10576.113237428157	2905.5519307712675	5298.990740443645
11195.799872014139	1763.9061179510304	5349.952892411874
10550.274704590562	1965.610937727562	4918.716433866722
11559.416344361458	2728.013110810349	5265.017216889498
11798.839118754704	1727.0308418283719	5491.0331485870765
11705.917861578639	1539.8267180787013	4662.791532068568
10920.091219506445	2850.1006509280633	4871.031357870878
13011.993400025065	1818.1105660229778	4723.520547398617
11523.920835114295	1524.844746246942	5592.114005520175
11795.908937022088	2172.206270456062	4874.855001734571
11329.079383081724	1243.1840822861063	4827.185798841704
10947.040709878003	1160.4139182769352	5530.52701054082
9972.669689309514	3078.557522589786	4878.374436584818
11338.868539563739	2256.576194514479	5697.302776034449
12163.195195875884	3203.891725521039	5222.420304147574
10830.389322949162	2900.1394901170484	5450.250437602587
7677.383031102396	5960.620525637984	5191.689516793401
8975.640661348592	3291.7547143432116	5337.932364359974
10316.64729695934	1960.6156937239207	5709.779795374368
11818.944718436474	2715.5880305222668	5713.655623918124
12236.487493803334	2394.1971728886456	4974.606663477694
11140.890134481431	3687.6586734723764	4829.567137994129
9919.612458964782	3563.637681132367	4559.77786564015
12306.49628221937	2021.2601468767195	5023.8934535884355
10934.911744461826	912.1900107455172	5067.94824514503
10597.317816599283	3745.4396194913666	6050.293406790568
10541.91609695538	2161.938940281667	5261.010109909577
11537.77867378179	1894.2373598980212	4940.856668883015
11328.65263625863	1139.4891838295428	4906.154934304188
11189.764022022984	2002.8843680860823	5477.821265505342
10871.733362128756	2068.776136920541	4937.516380680375
12078.168281544	4162.716744077123	5322.899207084812
11114.03622514321	1904.6792176674949	5181.322013938773
11202.305409158542	3856.5090615463205	4711.384146785628
12252.994718332997	1446.3460871698155	5616.140903743159
10620.838207113915	1977.4852658967168	5433.992752326792
11356.191843963737	3287.805055833145	5113.959157339426
10808.81358602657	2902.7933275666414	5296.530771673554
11193.857531459664	1452.8921705371017	4664.058451490081
11777.87928134458	1895.7897014777848	5235.810001794137
11127.004844341931	3219.3567428460856	4890.89303082683
11888.572381229544	1176.900111621393	5521.447035870275
11837.347762467425	1615.4316131066055	5294.783206384101
11903.804919025364	1676.8861929457664	5357.148156871536
10543.798059613104	3090.945328470017	4924.743565228253
10219.507811017289	1962.4879431009642	5386.306083081084
10892.847805675538	3656.2426090497415	5295.764613400752
12411.492669490903	1793.595268524003	4926.852375674385
11477.242316432452	2673.8371013173773	5133.072130384699
10575.912243169143	4079.72646165988	4931.582787814825
11592.770598277672	2468.807028558874	5090.948958581169
11460.874244585815	3304.127821257932	4866.846804724435
9969.158153575347	2876.0307257394124	4987.765782571847
9170.454777362944	3305.8466161313627	5075.497270336761
11662.455331159403	3993.9626726905667	4698.705802588083
11299.05201742882	2851.06388306841	5362.746367037015
9694.255483581961	3597.4990893558197	5191.863336114181
11075.077928430364	2381.3269380141583	5019.360167106955
11860.712068897654	2879.116704487559	5221.358771890254
11149.185343323876	3934.461829442762	5289.256739576528
9048.017585289359	2582.5640844006284	5425.2614404379965
11823.257381547863	1674.8055266569168	5827.4052147098555
11721.026270100581	2179.010922554008	5412.37946158429
11451.467680451247	2000.679405807155	5549.258938032823
8909.326056236578	2120.3765941931742	5333.788208276224
12135.854085089613	1571.6951382192938	5389.863284024358
10969.29725413208	1856.7665239933162	5414.9173424806195
11841.211124660844	1643.7527558191907	5259.076201283142
10636.246200203985	1482.1730074926797	5172.134924861914
10678.024451944624	3414.7603404921624	5082.845120794967
12197.39798495227	4014.8218457359126	4818.5396537966235
11707.483543879418	1621.1427106006684	5292.821804581855
9501.505599452312	2436.1782811149706	4879.70907991672
11148.82255953689	2658.682547743943	4998.581555698575
12039.762008667205	1800.3989063007211	5530.379560387416
10296.124721040438	2582.3891476000317	5378.625127885524
10123.905373924006	3582.3594157481484	4806.329095144366
11660.389252332914	2206.6602682158587	5478.411576126096
10091.869856289508	1648.3727984875732	5478.338214823482
11825.220530358649	2138.1405535714753	5374.750552012328
13029.920520964091	1092.619368412138	4228.741593324588
11584.939521069366	836.1448847693139	5038.760497981153
9852.720198520774	4762.162933322304	4922.159209994994
11046.315161265004	3198.734204336707	5192.5614896837815
10494.010783842961	4102.340685149807	4544.49019970949
12381.261151328412	2531.560350001547	4800.223802099477
10090.035699512893	3361.8436754283975	5034.454535674197
8321.253605808448	5281.462153134343	4953.113591410344
8773.325751303488	4176.714314543819	5814.442798958744
9477.403946141509	2854.314149358549	5413.312443607194
11718.654583098794	2995.397191410729	5568.306196730574
11564.06176205439	1996.6458017432972	4576.607366892333
9679.522563841154	3641.556560058424	4905.655392798024
11672.393402079579	1525.8285968473192	5509.315819657334
11188.189592669198	1163.8511287563877	5049.205388131502
11901.973821641492	906.0325485258601	4668.272453349636
11689.759020377287	2294.0682112089667	4807.697939840942
11961.905292636276	2109.821451346378	4556.120010133465
10263.306247004046	2475.2924077792463	5569.750730348168
10466.570600471787	3879.7203541182807	5433.799178287175
10908.80061587339	1734.5540104594706	5466.748530152468
10618.508247223612	1994.1590098597997	4878.433081558284
10687.30395167549	2916.3861212545935	4946.284829880709
11194.863630019636	1748.062607396124	5169.862159816553
10922.224073708043	2092.5360677098292	4779.37800396325
11115.707655817032	1375.3008114415898	5889.243935227772
9529.512186037842	2550.767353162414	5068.643797911456
11236.834112757819	3135.070735040123	6228.468800493378
10752.326459431593	1483.0275820346772	5542.867574016034
11904.403624626415	803.5053638237873	4572.510523698884
10314.820048745996	3054.80520963323	5360.445307389254
12127.511227601444	2249.413914583983	5411.619657779969
10308.176728080352	1082.2883236859936	4850.965639758743
9494.59210343283	3853.4558341815173	5548.468045561262
9534.436156630663	3675.049290424243	4796.297132923988
11510.273117672657	3280.2483560701544	5362.103537654002
10745.28123074957	2501.5052525997135	4893.4446754137725
11227.380760710304	2820.3513612445927	5191.673321361987
12645.951083121327	2233.2153508468004	5017.31000283192
10908.023817596168	1494.6775397387844	5043.259172509075
10808.314513238654	3346.5203047748355	5257.039045675445
11772.814066701036	2605.199040397091	5418.601611666586
11756.46391946827	4239.279899179486	5092.01288381579
11430.285320383782	2781.72833637124	4477.713167643563
9694.156545764363	2950.7127495143764	5569.14355388646
10836.555583955034	2689.2132818631358	5169.543035562879
10396.97893120034	1654.286988844851	5276.553429977016
11246.55418752843	1831.530229074801	5012.333975859672
12423.917122496603	3724.051826500465	4907.351285374081
10231.015930458205	2829.379587935655	5071.040386318975
11098.39981673183	2230.3726295663273	4869.058858577735
10818.727604751364	3496.1855601728857	5561.368293223146
10728.623254190006	985.3361856413803	4996.707006273233
11469.564057169786	3322.2203560160488	5452.9306514847785
11889.351636793568	1795.6472345763589	5172.775606527493
10136.59373966881	2597.3871441555484	4891.627191085757
8785.94185525207	4515.630654959992	5515.598652633265
10252.410953198238	4028.269472848761	5086.786242090886
12100.448556491068	1888.0508325910434	4203.297942749761
11311.117652300201	40.203277024692625	4405.856010446839
10336.343121312228	2379.532323696207	5721.243177746232
12441.500106242365	817.615864439182	4902.177322166666
10121.201075066832	3693.6299792520063	5478.443442788924
10071.119131340096	2275.563787325446	5302.52748183579
10599.742106746658	1853.1562535938701	5558.494588702806
12410.540872593374	2173.5913047593135	5031.914379441284
12399.552658623537	2702.7377142389614	5037.832192302622
11030.842024326259	2263.6235639574193	5431.963560767442
12666.499247451366	1632.5172704913307	4477.0348448517725
10960.50132512132	2386.2100574650744	4964.671236843926
11228.465035272558	150.45755287989155	5590.207629122465
13027.552436653996	1340.7488061887857	4849.985273540301
10736.176586477523	2010.2584608603825	5529.090762750439
11166.971372913775	1689.0826808042443	5303.009182805275
10682.625022882048	3813.0307620987783	5037.58697449043
10818.38338472745	1604.3082728788108	5361.438078499995
11110.753953212938	2807.414835673459	5746.4405543304
11275.550777718334	2631.3568951311836	5032.458388379283
11279.354195353968	3574.747474693749	4856.370979555462
10014.504112905446	2836.117938820402	5741.021113921249
10455.750236088199	1362.7727051914355	4419.656369632558
11554.8494012655	2134.6371840678935	4946.957246055568
11137.072139580196	1751.3272620192479	5282.665434321684
10169.608422047653	661.8193633431789	5280.424393058495
10621.383321600917	2397.374100561004	5906.861885005539
10794.51580940337	2645.9036764880916	4561.3013984665595
10967.758794260486	1520.6811684139716	5281.956768138792
12770.666353594186	830.4586543672143	5187.190602501572
9281.90399764203	3138.5205410232775	5334.273302744079
10912.08527442569	3166.028542771486	4952.413885689152
12069.807551931432	2355.88416601016	5213.030001255838
12053.618875144091	1981.7577521581534	5725.271449197023
10694.615166787957	2757.4154441998176	5106.187091778018
9791.879194704927	1648.277748413782	4995.6769253369475
12328.394766821575	1367.6319061208383	4873.178676029132
11016.797206264733	2528.811547464492	4890.484615501234
9580.135913551745	3503.9208492002513	5854.869294135119
9976.619977638047	3619.1153914046668	5303.689096178192
10563.146463170637	3380.876953597131	5546.323034283548
11799.421454227733	2968.214040912121	5434.119634306499
11631.957068674308	1217.231500436013	5118.971873432062
11782.353224023129	982.1787180144355	5351.482621700657
11704.487379757613	2319.639393439927	5533.536832447509
11736.146398144634	3445.2850617083495	5261.040473035437
11185.526478022812	-55.98681455233189	4775.94102450219
11092.84248204992	3148.6497905211572	5157.050223194135
10570.894783756748	754.1025293969478	5682.179905455035
9946.608873820795	2213.3381776364936	5703.130800641492
11085.950466521217	2145.818308607213	5560.561988676565
11251.428945595411	1929.8124989961095	4351.85036888162
12299.804742777675	2053.342151205453	4878.202412452817
10475.031856761498	2739.8226564262827	5219.621152689906
10911.010368905432	2691.118986402704	4798.190626782424
11258.235581881321	2566.653888332335	4629.3817733698415
8637.973010960384	2795.4229063627245	5434.011746742381
10484.395363790502	2415.591433140349	5430.8047603165505
11542.411758967915	3973.4603171940544	5640.2969605893995
12265.330856288978	907.9108084932922	5536.134641905899
12425.609424140664	3322.406252206654	5007.5735715665105
11340.571410310855	258.53101068965293	5039.631522196169
10381.476474528641	1273.382547340592	5151.533632106004
11423.770928566693	891.8910347916915	4959.520876282541
12116.087851971977	784.252411639166	4621.078854518503
11156.118923303653	3002.11624157285	5161.304452566771
11356.521062447307	1571.702124388099	4932.088984260886
11627.316166481834	2946.0345587256143	4807.831102381931
10689.029875452363	4070.5586657241624	4862.6648751227685
10803.246963195299	1363.5147879224219	5061.027391177577
11220.330711814104	1489.7249371393839	5587.516890139299
12065.626536559641	1876.394358641176	4607.11697706526
10910.782628471854	2192.2787804432455	5041.596812181317
10845.18429159006	-323.2871782104449	4750.752453283527
11046.050837330295	2459.843958550191	4858.200580863744
11330.540737815476	3188.5045746199075	4949.045366649661
11252.013067141379	2982.6532638863578	5048.549020252156
11063.453239257524	2144.399300329206	5625.823789356009
10923.374188331105	2747.558019692004	4153.965515501014
11120.250862316234	710.5380877904603	4714.488386542301
11170.27409943858	2794.348574625228	5409.377957270422
10238.27823227808	2876.1595359795324	5347.778086022896
12345.252375376313	1538.6482520265006	5560.265451324983
11902.399790178375	505.74179309805135	5083.398157451241
10055.456383515335	4633.274767776394	5368.541539748396
10516.933082192289	2043.216973238511	5420.731459824347
11546.182116376493	1269.4606645703368	5847.887080700286
12215.565451551422	2043.2878053622596	4761.800073555864
11145.159248360324	2474.005548750238	5066.007023785861
11246.47610166555	2456.6846280422437	5342.412913462668
10348.294918731333	2476.626957683121	5730.909188876346
11495.021922769152	2425.3761814277846	5369.325280890477
10218.65372353717	2800.43632833346	5357.322947261372
11120.334002142083	2679.690313798223	4957.187254804733
11883.238511381507	1326.6926637745519	5222.022361025101
11521.38718733741	1909.5569369913067	4812.133229336484
12264.220553218978	3513.694636777767	4471.769506465546
11456.159953445713	1164.5402766223344	4896.727374664412
11053.939108448205	2404.9632854051906	5163.802721591712
10627.402146335744	2197.1655354109434	5410.110392148225
13204.904357518924	2501.2823614250074	4207.7406456331055
10384.349159202926	3224.2067865856116	5066.319818580944
11710.036957844684	2115.4668457645143	4603.605289059192
11604.201278996823	1799.69823125312	4857.635946200393
11560.756088794022	2291.1974732988338	5644.809235032279
11209.870969403844	453.1942051472919	5280.82711323906
11567.320526016752	3270.183087386747	5332.24450008168
10371.98092811731	2031.5900895366963	4880.232306416113
11100.228807566915	2123.043377208249	5197.227099071069
11521.820844332256	3422.343744284029	5387.310450923186
11609.963554020034	1030.9668614357656	5055.018212765108
11617.226265589183	2422.1397732505993	4997.911264340483
9308.838592303198	825.2368076625172	5607.404276980023
10102.53106360185	1951.8397952604403	5619.550375113675
10762.991753544015	1101.3534498361619	5273.474874912293
11687.283795957435	706.4788366847469	5290.887611847423
11185.399657114798	838.5838225959226	5383.296962770093
11816.976539220379	2357.2631697505135	5344.216445254049
8931.418073270283	3664.888595339555	5315.978615584725
12719.969186032353	-747.1810434174237	5064.495620978153
10677.59581325041	1103.7393379283742	5262.916830038781
10432.185292194172	1487.977362488859	4856.326392042428
11251.11681578895	1513.4210622698956	5378.079400000554
8450.680022015658	3514.664731094153	4802.483812452334
10367.487279023282	604.0688183791076	4723.2125914405615
10351.405189422332	2519.631141422719	5023.832640950575
11323.822206522762	2460.038774294516	5220.687309008359
10272.490129092193	4521.654025086197	5099.2173714538285
12001.772857891723	2082.8444126038225	4708.448314431304
11386.559722768987	3202.767435394574	5468.0531806271565
9911.83798833493	2260.009854085121	5584.032171795218
11464.986398678595	1849.928596025805	4693.721694833699
12020.091519513182	1541.5011848036897	4979.542070649852
10924.446794157908	2383.920525178819	5298.031161650098
12459.6941816808	2703.077693652955	4581.359009603539
11232.073663740819	3338.69160057456	5076.352762376813
11243.835910702946	1945.963307794705	6009.068054188855
11978.231210397806	1759.6950159271657	4640.005888391163
11271.535218000032	2307.0288035547	5054.3190214941
11103.646689422378	2560.475409788464	5720.396656862639
11223.101750156105	2146.429814635271	5589.912040939457
10804.969240575616	2244.722495771787	5532.4533774302745
11257.02893892153	1910.847989316602	4752.863851611007
11457.419793504358	2192.611267494419	5108.168391539473
10393.45499576187	2224.5449311052716	4836.936105411022
11054.033145097677	1072.4161657537775	6014.518144740873
9399.024458668451	3408.133475301392	5052.880467068183
10639.165121463126	2715.1845922361404	5016.951951741485
11971.736208691296	3527.078757501586	5335.718373451691
12531.31006349964	2602.7586010179075	5390.726440753595
10358.125368982848	2515.9821259383903	4862.531685416174
11038.428428273835	1610.2416605082897	5744.618838242779
11894.291364048047	2516.821517408976	5175.372655345057
11122.754513844953	2463.634808333926	4782.614304440843
8881.954513505454	2877.1343771791912	5548.574734089053
11471.913232114526	3389.5878258361768	4971.718126879552
10741.87497275321	1230.9898733643365	5613.224646265377
11484.082536778034	2531.961495570109	4841.012720470552
11702.417709853753	2973.9768666744694	5175.103624655769
12422.856445011239	4779.961095879282	5305.760143540689
11972.415215982854	2393.583496738009	4707.472906192842
12546.520331631391	2170.2817134800316	5001.373148841343
10534.364473668038	-90.81489247975541	5681.273844200561
11173.04096515914	2946.878947909303	5680.103254556398
11691.4061833485	2832.113814388119	5260.787699404138
9782.983379511317	3327.442166877647	4901.065985715591
10478.039069905984	3929.5148162686173	5323.322390706548
11174.991938266978	3709.1794012742557	5097.304617455991
10542.720310686538	2303.907534053203	5388.62043411225
11185.065531094215	2570.5145852508736	5436.312688553052
10684.78729087584	2583.06817346795	4967.4078740490595
11316.18191322489	2578.8490733834137	5409.856076778965
12047.421362911691	1505.9650159891573	4338.179128238853
11851.988468878808	3675.3322550431003	4784.049507636916
11052.88601849175	1925.9022065209494	4935.208514790295
11022.085198340686	3864.7131965592484	5292.466669249353
10752.076891160532	1832.568746107348	5603.940732009144
10739.23868299502	1937.1291229169526	4964.7947833994
10201.110912047588	4364.784838995413	4961.26153854303
11562.617535976124	3089.3217300254705	4840.901039647422
12284.71263911913	1717.2728218887214	5013.123423905085
10656.651601726708	2761.3633804564033	5334.532818027854
10213.763792988815	2088.390897743617	5865.993747987067
10215.39679931922	1245.5551477368642	5435.219038709445
12808.894501353372	1958.457668279574	5162.329912858523
8800.851605416881	4310.676774731728	4967.604195399594
10747.471155939642	2063.4864390475077	5051.5051664899665
10940.75959634661	4047.4996250594986	4745.314377205708
11440.761853158994	2354.613887202782	4808.274685670862
13182.578507400152	2039.3812451623255	4438.946304822005
11942.930132156129	644.8158326723027	5662.272978916818
11350.921252506127	433.37702819109296	5055.809911615336
11089.305505177283	879.8612710244815	5575.546794767191
11678.477095224298	2708.3867595983465	5273.408007870129
11253.340889856945	2711.545298039854	5313.593729964302
10423.580033018145	1539.0541972160809	5047.560022915007
10831.46142639007	905.944109618742	5395.07144058353
10979.607349173764	203.55906872840234	4831.758619662436
12199.05020512504	852.2593446124838	5400.896229139436
11246.003831640088	2823.5487814906264	4532.086553499834
12274.772692825478	1563.8465237919454	5190.675812103777
10481.330470288956	2989.584409873908	5205.433670706478
9922.582453901412	3114.28141888672	5671.291950537814
8932.248026373967	3524.2645211784425	4705.882481663002
11812.085084264358	-473.7869855660301	5678.565390081638
11533.698308937848	1127.1641096101985	5787.442125498485
11894.381544802136	2889.0756507272968	4766.917880447834
10853.593692315511	2552.6479120729427	5275.813387968556
11035.566407501778	1798.7943362746323	4519.820599368612
10208.123592086671	3486.3081201573136	5464.283027068947
11341.38213219914	1714.6079027622452	5525.1111735696595
10498.57278082999	896.4343052035626	4872.376566789405
11051.707499313163	888.5962608126097	5677.156999334835
10221.413965211303	2511.8444834155025	5031.790124754
11706.000540706305	1663.7019353335795	5551.512657761911
11326.79494148284	1057.7907224694873	6195.49822600968
10117.865144966225	2589.4151390480984	5696.157795847045
11829.124969535493	3400.9893928212273	4165.571380445135
10454.179348593216	1034.2161121170107	5337.484207806625
10542.99400276067	1477.3048126492968	4856.857498346597
12303.39733842263	1226.106237110697	4915.721656371676
11799.331278519317	1593.3092945379794	4907.885398974849
10614.87513791022	2316.460234176463	5529.70417827363
10822.43072894904	2405.4361292397484	5282.304329723865
10596.684737244508	351.7990223674832	4673.855832460496
10639.031699027537	2464.1321770770637	4744.0543414997965
11603.781471220365	1499.482797898555	4510.52237618463
10688.062719372518	684.7537200851378	5444.07646521902
11486.556492118381	115.21501532454316	4953.34274412375
10580.591268940634	2220.8105824754857	5121.539077990441
9613.132014279478	4994.96698359875	5118.773441894297
10330.98754062099	2250.733219631612	4911.7389844808085
10007.736921432806	3453.812470798756	5326.1624489503
11622.582951131979	1986.0705396756623	5035.227710666598
11646.268065279392	1631.384082495777	4594.767723049189
12012.030067064645	3664.131918534277	5130.023122417431
10661.795368312407	3937.0407963711887	4816.10697589629
10632.664055747995	2207.3119941262817	5298.08179948922
10171.764156143974	1959.8965069457277	5481.594021508724
9922.56084435268	5109.39664837518	4723.236654555946
10535.38238357923	4680.683431797032	4413.129026880058
11546.468465681904	1515.3615705167097	5116.443164778559
12431.482479750886	2066.2926672237063	4223.090357653267
11740.680664514115	3064.8459431354177	5283.789561700844
10301.041956439862	2709.059827102239	5640.819536146025
12106.593775098863	3331.5792677516615	4912.135382062896
11270.593291218209	4033.559562381427	5526.484905057655
10658.111956083007	3268.635940735963	4793.96994790247
11020.221785108255	2364.7925487541083	5538.147450706805
12640.219200762904	773.8835582991974	5456.987882568628
11313.035782714085	2383.63887841412	5323.071010467721
11350.671258851806	3674.5529604865437	5399.466179747246
11334.457329887438	2020.0879896483548	4216.059308033741
9994.22830208996	2591.2889295170803	4949.1013114577045
11533.018478925515	3361.9379207093325	5467.263861585945
10906.286050105275	2251.31344472077	5322.533545156389
10882.604011214496	2167.369104564192	5559.658414610338
12476.075790370329	1880.85822462332	5193.730818135117
12243.10787902459	2451.1761306767958	4775.029509692832
9907.472684771255	2538.8901576257686	5392.88163728044
12215.212240811297	4132.153426446978	4488.014585446258
11399.358504549205	2422.8355158522468	5111.345266507768
12107.231512671146	3082.222368427965	5255.659925743725
11778.35233846094	3228.0225037213004	5039.6675845183445
11058.156138982622	2609.0860019204088	4820.109516487455
12084.347131393559	2149.6193005715904	5112.6408325925095
11036.341309947931	2471.452363082135	4685.120618110365
11534.976354217946	2802.1323563583283	5005.456650422609
11268.439976751388	3395.7721662966733	5328.273643046748
11738.837958630815	923.8752547281172	6318.705808440279
10074.056599136653	4566.967109997446	5455.120502522952
11571.115205392143	2360.0340237846394	5662.176734891613
11668.264396422006	3318.907183396033	4759.502644124625
11036.602494508374	3344.631102740498	4971.258688357852
11799.151499011705	2267.6912884228104	5282.598676095572
11611.601910772491	2216.403069575419	5523.50441149761
11457.572771737812	2273.383171754853	5212.70065375571
10904.523564792435	2557.0444959955403	5919.676761503017
11187.84914702239	1208.7121229720672	5226.649757364315
11579.103723838849	1080.3972801611337	5278.992222409753
10202.735493190161	4014.948526104801	5208.244191389593
10137.451170444265	3455.25842746521	5128.061906896918
11491.82721183247	2602.8455767656405	4997.644005175454
9784.90115495867	2371.5165070961993	5484.272314189235
10452.001828803577	1880.4509257668312	6115.183544273145
11579.27088782619	2311.30570107652	4679.712679999441
10909.255121247566	3205.735105489505	5324.985703982653
10434.983935684537	4250.865015448969	5572.9364389608045
12824.504819854668	1734.189310215625	4810.897801531546
9853.651386647996	3098.4930583722653	5374.371670248692
10450.434331531646	2043.6431783374687	5354.385245074239
9598.006372541939	3430.8147168521905	5342.825253619252
11378.692375454873	2899.014476119614	5017.04658308935
11172.184713812556	4136.717678686082	4829.434584629263
12318.057208030776	2998.6547518861607	4935.139877309748
12569.169122169513	-660.2212316974897	5032.267840218915
11961.186938330844	2495.813640091027	4858.920183321672
10194.25217964797	2258.561261279974	5072.9743888326575
11713.559920744574	505.92109648994443	5395.958938144145
10761.91452700547	4276.520819485012	5022.2884767882615
10655.833858367176	1260.1123269066072	5183.451071734925
10937.729546890896	2055.1759120351057	4751.118660216597
11341.357923022937	1009.7326591538232	5466.024760193979
12252.40670743186	1640.9058031964114	5643.160490161096
11310.013990984324	2411.603510918513	5131.636135098099
11251.096790835936	912.2304613236018	4985.740405932911
10877.209914035944	297.73792977892106	5251.788328239364
10782.54235810204	3511.8373993678824	4950.401007083932
11196.49533280153	3349.4383676982325	5254.139622253871
13406.385484704582	2345.641606027763	4819.115499449947
9910.441991631546	3032.333903568909	4701.4103995541755
11855.821848868909	2887.2156839892464	5001.912402915076
10441.494864415692	2116.737616981384	4477.415851988537
10067.160509540408	1378.338502484599	5582.677544919124
11041.216719201446	858.3689858040615	5501.778837654821
8841.756312770292	3950.873688570794	5341.984792991045
11639.049323441724	2243.44364378755	5467.770954238329
10775.123395612696	3924.225458624341	4574.5687128210975
9964.950005321774	2342.797360000331	4544.779513688139
11754.761815732807	2045.8894219546128	5643.531454821257
10551.431439867749	2495.2936601108067	5195.7643797268875
10869.404355925788	3156.268902758241	4792.746181740726
10339.606687807685	2469.6593295089215	4938.407855178385
12377.223401453357	1467.4366899293973	5331.385744973163
10940.148599504133	3309.4036038845793	5034.852686866332
9985.37912805419	2763.618431787974	5625.413382065102
8076.534432021035	4415.509964868012	5129.124037861584
11384.305101630325	2099.7404082243656	5032.342968711751
12434.361157819929	1766.692851764447	5014.844119761423
11016.002235816373	3200.3865284809217	4579.443282409504
12147.561340929075	1491.1905063548838	6007.222671762394
11984.753085068036	216.70528759290923	4854.390296748602
12126.857113993918	2940.525528546159	5279.507859702531
11026.08145904783	3452.836601750365	4864.704774788473
10940.815141716035	1732.1288448835078	4647.866448297767
9807.284673574659	2209.8918680828915	4766.742609365443
10631.536933695768	3555.9407899566672	4827.680997760539
11769.557068176466	2611.5044593168395	4959.547350197688
10671.133387960004	3035.881331069668	5229.49316210084
11538.212616315024	1110.7921318305837	5349.720189813294
11093.84246213276	2885.8779430879376	5414.78112712745
10554.27461551725	3581.9785791422964	5370.008915782868
11497.181570502498	1236.647416838764	4767.849409398998
11102.725284430811	694.8835051263412	5262.261896693932
12129.176915602755	3323.656551472948	4682.552194713046
11042.562488477004	1691.931931766986	5407.67872657777
11348.878629785564	3381.7126756512152	4673.179789310819
10512.732833654345	2075.301220681948	5247.045207433875
10391.237503245586	925.9959831300488	5088.128193796548
10549.792775547265	3395.117630537759	5161.047288159743
10094.923737236064	250.28380430047287	5601.654445722384
10394.041246257684	542.7819894463694	4994.9619196361455
10438.953597773818	3303.4173192208236	5117.2635685994355
10370.084130587757	2188.828165430074	5488.869660799083
10953.678535932446	2710.779806918556	4761.696286154726
11894.077557262895	1655.439261213785	5300.456669074096
10624.036484919703	2599.2298528858255	5446.520523437924
11381.522869229739	695.3304259337324	5468.0967824807985
11641.157063963963	1440.356950659385	5094.199956686788
11623.291479870619	2667.444825786665	5709.679180571434
10739.12588433604	-112.5768776780347	5647.972693999161
10608.203296470278	2400.623695768841	4925.90659075371
10882.393990675162	2508.719212463782	5630.695162367315
10243.851665314976	2344.515514572014	4514.187640431889
10668.074484783669	3212.1805449618914	5094.943139570132
10222.307784332235	3933.881656385392	4175.901661130236
12429.28980783102	1986.7378653615883	5190.096456452334
10410.85028419179	4354.613056827753	5160.852561075883
11688.425308181935	1423.0076077875372	5307.968645505063
10846.04427707037	1623.4997044514123	5156.8798499036875
10370.000012780245	3671.4013722593436	4370.182136652077
10788.656127591952	2635.320879005064	5155.758675749339
10426.67820425535	3969.47163388298	4848.916757688555
12218.371266000395	1258.5838855371244	5446.198113749909
10551.958501835135	3440.9662898218353	4965.263719150323
12044.245547457744	2422.9764321456514	5230.870776044733
10283.604398567813	2063.6761778107266	5031.690958219108
11998.461852861385	312.9472083946691	5668.713327848978
10770.079912639645	3264.046670651038	5178.41035471231
10095.36285918946	3004.5846790816004	5845.3260243264795
12044.724048045755	936.7740499311041	5129.726459009844
10115.039930534596	1641.450543292761	4646.109575636055
11037.241481033036	2126.3213217633556	5076.918569620914
10842.682840488851	-400.64257022974147	5675.602082507004
10944.178654237005	2884.6945355129096	5003.0735427190575
9553.20821767205	1719.1207026105487	5323.312759295825
11515.340273935863	611.2449936923142	5213.335440351597
10701.5498803572	2837.891564390071	5256.781615878622
11132.052418509342	1820.0854984226992	5409.469259219481
11049.47007415561	2242.8397310788623	5128.849827107207
12096.472214564244	3064.067057424069	4958.1973720784645
11405.127455122602	2705.662244157071	5517.217245055857
9281.547682767401	5361.284917016717	4649.316460621102
10065.742611461086	3519.8867239383953	5930.8588864291605
10026.375997829286	3047.4110251053767	6060.933034871104
11808.120907103825	2757.6983386780253	5217.072489013864
10749.634354956208	3592.7779696963125	5049.819309082203
10302.233316579433	1888.1477789344046	5234.790966481903
11302.092532573599	2224.977738057179	4977.640805827467
8351.356684439337	3148.9522717052114	5557.36836592207
9331.767597258571	2302.1481048850096	5413.263443083159
12212.229918584648	2063.0726984730513	4606.550483589073
10049.536845504694	2791.53687718931	4926.146082853121
10060.6379254314	2140.5957579989345	5438.839863712588
11377.61436194046	1225.2048453887487	4888.566615267768
10936.407176565071	2380.0818203839654	6055.872591657377
9519.954910899807	2799.7609719350703	4862.244479412602
10331.77829959235	2894.8651633023665	5191.603212838185
11080.927324435217	3027.6799734709416	4811.943558758623
10644.269078749916	3273.9038009642727	5472.287859367271
11541.333999917777	2074.178769461189	5119.476931283979
11122.559846584863	3002.1664370581434	5346.229391313077
10112.628364409584	1691.9073509672035	4906.301461208523
10937.169402339561	2814.039282280619	4827.92235293899
11619.256309733602	1670.9279896047285	4602.331145683568
10469.90428755794	3187.7662630339655	5598.601444377142
11441.784074620165	-569.8053787231462	5053.354678122841
11288.097680144405	1677.6600128884436	4855.371269291434
9365.06293002393	2669.2146048736495	5263.281621360882
10800.885123793449	3011.336184393998	5379.592070498916
10836.013404097359	-727.3498614911092	4964.134481457331
12503.924678339734	2085.6401805195596	5284.128420060583
8886.580854529037	5162.883950029974	5057.766446278053
10584.338944784133	1898.3950535434828	5088.752733421358
9461.971868057084	2897.2187074377066	5031.083164067053
9813.751041760395	3023.600820456275	4533.464044380482
12465.622906777655	2467.9844008795	5238.237792573177
11816.708464260344	1369.6896035335467	5381.941742793219
11614.578868338469	2301.4460105704125	5341.421445769855
9977.53370238509	1188.3377570297787	5796.459357846334
11714.11379778889	1047.6128327334054	4947.197111481049
11247.668788825315	2578.858509639182	5581.2584090576
11498.079970209616	1315.921911699384	4212.85356949589
11371.04962863492	3109.5041843878016	4964.38086584803
12113.62595849239	2472.0906086030973	4141.1893239811925
10950.34714987125	2795.519233580151	4858.05709123636
10556.531107873998	2714.731074482984	4572.889370984932
11762.676247162495	2019.7166247968362	5385.7632179375305
10093.77669318307	2799.2953891810034	4519.890591743303
10895.39799089459	1428.633895246413	5438.433822671589
12344.767074387368	2685.821623169103	5435.376170042303
11176.766818069014	2135.8469211965685	5392.448123159935
10823.096297695463	2418.164542298219	5079.348891419642
12373.43531299456	953.3433693911863	4951.300532903255
11913.890391092245	929.2089619941623	5548.504212281475
10465.74006796095	2644.7431741365326	4548.716245752048
12105.01515035999	1803.0458905520647	4839.041663299611
10560.97809367104	1192.3983883529506	5067.76944622207
9943.08757416084	1973.6766903861853	5430.908477422529
10727.38079649572	1032.5428315826043	5332.820142973056
11160.260211759376	1929.8038544391084	5890.956593748936
12817.380532295836	1868.7966507055428	4757.70244840649
10787.601238484602	1844.0969040927205	5233.322334881514
11947.653700540359	2827.256301161347	4776.7389934342045
11332.00605740838	1898.3506801857902	5205.557381845472
12906.133444632736	3518.1735200295016	4984.4374638401505
10902.147242893441	2639.144943597941	5384.020091463561
10663.024498842211	2393.130080547062	5263.8491825148885
12015.605287440509	879.6270502170438	5252.936494427624
10145.444479999353	2239.9247419986887	5236.942478758297
10849.978226423285	4329.92802792311	4742.5979833544825
10985.886585260041	1405.498547353208	4982.0031200281865
11149.04378185689	1457.7354873760216	4916.157571731252
10635.706546752559	2750.2168767229964	4807.070668552921
10706.807901040145	2460.9268092353677	5429.343073343147
10377.520473082066	1810.8999300927978	4915.414820885973
10138.453554798252	2986.465405927933	5465.998279355847
10343.458834458606	1634.366226204	5722.4231902109495
11085.777975731058	4522.457323882891	4856.115929119981
11231.924678113874	1336.8802572877091	5726.528072760525
11303.493142202435	1433.2819364885477	5041.7955052237785
10969.668410811595	2000.2418272319226	5469.308201968448
9101.913188563012	3941.2335752590548	6180.6561884486155
9906.514521992454	1323.0404763236197	5317.719717915988
10765.211551741191	2074.881081891529	4796.83945348041
11223.27912849208	2402.5216008514763	4434.8870175721995
9121.845056896796	5939.131800020603	4891.21742115619
9634.024921671727	2354.8134665850007	5133.008727737943
11759.511326313592	2056.169043502897	5160.3251566910585
10512.229208567478	3439.028963153894	5489.981360403952
9605.010087691442	1515.0193526112796	5907.039795404911
11631.7307868731	3472.8597349674956	4807.09961251725
11429.682493655779	1009.5427815987398	5254.652046296346
10012.215247530863	2700.006752551462	5433.285313174766
12181.679663174993	2035.989861112815	5053.036547299256
10717.439654175394	2722.125031675937	5100.298662610686
9427.851489548057	1462.8968927085796	5212.835651071051
10717.817733993166	682.9787270903452	5326.689331265463
11223.445925706135	3786.2802658704	5531.61720496889
12538.827600502409	3267.730630921752	4664.258113011824
11120.483935664259	615.7815054740539	5128.7802779027315
11011.006056456552	2964.9379878068635	5228.610150264587
9903.440168285413	2767.380078285127	4962.461029115965
10081.936927516641	1338.3764340345376	5434.739217330934
10574.893896871263	2102.0026008450095	5627.564317731927
10710.858839548817	3284.052665188315	5113.5250894218125
10875.838011615257	1202.9804902798192	5326.403915514326
10143.537042497761	3942.6288201560633	4673.167688410547
10408.19918442853	3574.8615371484725	4927.1269306795175
11190.632486117562	1752.9013180888219	5382.23115650263
9711.805131562232	2020.1414242239096	5435.396797600973
11582.761398643948	2307.823067360226	5141.25518465133
9526.703714417563	3172.8577488493997	5326.044616180688
10358.751748817667	2675.8067933138896	5367.029907827682
12361.313346848861	1326.4041689752949	5374.026366956986
12670.767848026235	2145.1760641062647	4968.981276014083
10352.851452224557	4129.996485055374	4838.6525076893
11790.324226605144	1294.514562381346	4851.1159801901695
11376.16758842033	2552.8497961571557	5122.800048897025
11556.556118096569	2460.345744068465	4788.286488661109
11297.964155742931	1945.184331400294	5261.513129086603
11784.04178347604	1247.064596704902	5039.949446107449
11312.782280119009	1415.2286583430132	4966.239254549612
9785.427501570692	3560.6078963600967	5291.930824036595
11740.917916723667	2402.233727599144	5198.8804161692715
11561.07998904803	3536.533055634776	5235.579077292916
11237.658421407703	2555.3323854888145	4933.378384649516
11473.682249048175	1463.1195287579953	5620.96086546345
12754.213423396137	2318.6386961720427	4788.565048070306
10265.93139851045	2782.224609093564	4617.4152762328185
10797.160072408144	3343.0501469948704	5298.292295908857
9572.76874038386	153.045886084694	4924.812462208901
10500.20456813736	762.621555089209	5759.691684585093
9976.958676795866	3065.489226556931	5213.845809078425
11977.423515140035	231.02012097893547	5014.845644991225
11276.716493893879	3976.2588676915757	4983.855243169138
10803.58196954531	1638.5974149047618	5394.521222913549
11584.938805302052	3324.0624658176685	5013.28553377008
10802.783696503724	1506.2662101302813	4676.298515763161
11482.378966595908	3425.190087228831	4931.650168601038
11997.635619641298	1954.5229960527838	5353.3503859881885
9810.780377484976	2157.059694130278	5607.280911774938
10815.148516446898	1110.401163755464	5280.63397093103
11695.848373033377	2519.145359271099	5026.550445829865
12127.383158615901	1562.0545532323642	4697.346345975711
11244.182499101767	2535.9580314850396	5128.566361328188
10678.759463039029	2720.127550476798	5210.496060072983
11517.364000048907	2647.523660223981	4715.178403204203
10318.018871725939	1974.6575237484203	5400.715447795759
11390.91811393723	2554.147927901514	4961.037994577792
12197.775156071737	553.8566858794627	5257.551712963885
11196.60815172916	1971.1347502668589	5129.921250937556
11052.871741939063	3435.4028541560597	4782.077397880995
11392.949109602498	4248.623550945345	4639.046052628458
11619.690571216493	1545.011962384163	4642.277698796766
10868.656794861394	975.6489548559831	5121.150488865274
10065.417433524835	3382.3432241087385	5539.216111829849
10039.352194332161	1830.6018780807588	5153.699569877898
12264.449600965138	2610.501152740053	5117.613937766329
9578.668272052428	2328.1863496076667	5657.295338657205
10411.033555484442	2251.4577993313374	5673.703507189182
9981.075914828873	4007.8751194302317	4486.9698546401805
9862.73741619774	4269.588472461612	5807.046316849997
11606.702559038744	163.6193201481289	5657.646341014261
11194.323106008846	2041.4811365261555	5227.511927567623
11205.049084422844	2267.7132262488217	4530.472019302101
10849.027357653897	2195.900393848399	4901.2207817330045
10175.561184078164	4303.086858347419	5045.496583276123
11298.409049857	3705.607634533344	4481.887409201933
10904.97228892918	1775.5121603703926	5268.350774308298
10697.674504097713	4547.916018811112	4590.214440097929
9475.065461647819	3007.7121550210054	5132.464965263641
9977.244880670964	3570.8983579349856	5258.591383119535
10332.504658734439	4382.621144684137	4591.790671989958
11899.956744835272	1678.6215672100777	4926.249998217127
10096.736712863722	1464.4523244278328	5152.112208845378
11094.297566038555	1930.9514724172852	5224.319572574397
10467.19283754867	1517.1572241118713	5236.479460324136
10739.577784812644	2227.5271395520267	4709.267244619659
11714.578772500025	3106.8083406077126	4827.364193409167
9515.926476971248	3617.32277223704	4796.506087093891
11867.14356713226	2455.7810153947476	4399.52062047371
10985.15977818702	3245.2444211762354	5454.727285330907
11467.503791994757	4065.7857040743243	4949.231396467356
9371.64153097403	4066.3093728871127	5117.605421710893
12246.689471663705	3244.776292415299	5023.30506057931
9514.503614631125	3383.2788356248775	5226.672149245447
11409.14262660835	2165.9136047502643	5735.024954109162
11092.239885950157	3321.350541085697	5183.430486981665
10971.413835153784	2933.9631651598406	4987.002752499536
11322.492033467292	2616.3957324112594	5339.7258327126365
10962.249782209949	3049.2164656806094	5582.354632130402
10717.747343271349	3549.2751517060856	4870.770990835961
11116.447452981543	1483.5948977261678	5087.054084891868
11331.168784723357	1792.6661803378074	4678.029965566789
10759.057522469297	3229.8168385895556	5464.476381721841
11372.542678343883	1362.6147907864645	5074.887737161338
11057.604491376776	2678.234582550413	5589.9043380597295
10390.308421164138	3237.8100761427104	5646.678386020405
10762.804419146107	2057.675881272311	4623.380539003145
11179.148033792517	2938.9979637535457	5202.746228775965
10797.577479345377	1075.0093406476844	4496.114882158779
11001.332575229728	3573.531222648795	5063.962962762289
12037.185761100305	3048.789855014688	4893.854534615941
10890.975826004047	2285.1730708626174	5204.05254114286
11401.390655215375	1632.8829561201014	5425.520696038301
11772.251347836494	2808.3386979272527	5470.7758757558795
10579.146799447073	1196.7657208419523	5355.198249190853
12040.896475258429	2648.324748595994	4960.364510303423
12062.699297774025	2395.34865746987	5328.277621244103
11115.645197320464	3267.6199257002904	5726.651453288443
11908.308854410578	135.98025883177976	5669.471708634528
12192.088051134182	3004.1173101256254	4806.130996471863
11852.683981327677	2217.9356601007894	5243.450096146314
11082.150553821035	2397.970164637573	4896.564090024877
10935.64915633585	3101.981359850693	5496.427554133722
11186.29363401793	2730.8195027080624	5871.438701695647
9129.133194347378	4640.290347041127	5149.582123442057
11148.384848538899	2814.8157101782285	5735.538131812664
12142.066788175942	3180.466868711189	4781.184757023441
11286.55507190751	2395.62755526527	4839.200138475571
11176.242431356586	2037.557979084002	4882.730025066134
9982.551944005168	2804.251793661816	5182.464805315114
10760.955723733214	3556.82112851128	5453.4405765721085
12434.323194980916	741.5111237311593	5025.152436422943
12289.465265244718	2060.2458044969944	4916.281034971163
12995.626623014059	3440.4334021135724	4990.745599223385
11973.585996246196	1608.1898057352344	5550.276433724268
11335.961069343086	1872.0079074975679	4860.637997366033
10635.881326563973	2029.1947613691004	4782.98095292842
11564.461256761684	1956.2602047698197	5082.195165476072
10832.615488484671	949.8189053257136	5153.625919461128
12178.763471810254	2114.27331824775	5674.32420972382
11645.534762387979	2333.108146334815	4571.8936769938655
9970.097490625016	3114.95760142828	5154.5529703823895
11199.826517796007	2056.94342362145	5477.960462557216
11828.102093558931	2888.010270584937	5229.665807199073
13797.097646362743	1880.2894676019541	4669.465497929253
11481.278936193574	3003.0601454312045	4945.498812239964
10746.605424523046	145.66751603030323	4961.660678890253
10426.18304883751	3583.3289791986585	5228.18210324195
10689.681338430517	2746.239094227933	5112.160148038034
10876.046798885189	461.5338848357603	4555.228172129363
11858.27421869327	2453.206205399496	5194.2849778893005
11164.44923698475	2327.3242708727303	4642.23624961075
10449.74462551925	3532.6080456630184	5219.618827498069
10841.302612778672	2728.602549355499	5556.001828521842
11584.594810581199	1795.0859934242067	5299.741926529844
10123.208160124417	2811.67754195261	5837.069318961523
11259.907901826522	974.5497327862101	5281.679293328227
10293.653428431535	4601.8351282888	5097.066388484031
12421.74788248693	1448.8769746576438	5591.069445196245
10647.787427412959	4756.060519325038	5523.202506682876
11032.062165716112	4257.748233368512	5219.615834056001
11241.268251778713	1837.8157592440762	5196.602570177445
9843.579779902226	4451.880782703801	4544.486388774463
10806.322347967356	2356.484595271885	5025.856557832017
10103.548682707577	2470.183801611902	5474.443888095728
9506.822140925855	3759.705179894456	5830.983255396467
12269.621466609207	2552.2649090116715	5794.050139733205
11536.573410658404	2448.703609883362	5328.926125920846
10244.23106988947	1941.44471777348	5409.2098528330525
10806.893147383513	1963.2851824959325	5342.349325083559
11549.994360069495	447.709284213043	5083.890170293171
9860.171311964043	3121.250106434058	5427.817731326361
9906.025624890739	3124.456668039924	5224.384707964139
10053.386111004595	2913.1174712958696	5193.011661906444
10979.005274280553	785.6030189427046	5023.057543841201
