12391.292700543332	3054.4062908306905	6028.767868703971
10506.382050656372	4795.849913035261	4946.014207135836
11070.897510277615	2308.5660961020017	5119.724405465282
1681.2777464094424	14414.85479745259	5331.763187869035
7390.842690583306	6892.742395373453	4697.052182682342
8144.505369009057	5793.317965938942	5348.250465703533
10647.668047494057	5092.770153111508	5060.810945544727
9764.127399412895	3785.393838049375	5650.690944856164
10387.845793778173	4368.732449196199	5323.895018178367
8470.602905138852	4983.796096542401	4486.346993199114
8677.152610475068	6202.114089441552	4957.245795220169
7869.381779146082	4970.37301487687	5370.213870771943
9399.944841904016	5821.469201705256	4999.379894769099
10404.2967016633	4174.590846831388	5322.7267333978525
7200.016266301722	6767.4768049976865	4972.314169022356
10240.323039330902	3673.2114873808414	5292.175156290961
9677.9304029124	3224.6569058521145	5838.401874151172
742.0636307403789	14394.012411058431	7294.946553984963
9332.868784958277	3562.246205578004	5121.918400419876
10835.813248848566	3987.980818111841	5320.405752779428
10980.704267134914	3088.0409459225243	5182.637478883525
9180.08167365676	2439.730300180106	5419.685302205486
10136.661888649609	4383.078812193734	4948.814461581629
9736.258255202183	3532.172185729009	5269.691705037569
1252.8011877400893	14642.835455266371	6365.3874881126085
9137.083363159261	4599.775665302007	5486.09172953082
11934.146090996497	3023.5153554931508	5375.580480261455
11993.796179101602	2628.777931286041	5888.774871733156
10391.986229397331	4551.027649981795	5239.559212816833
12537.029756809616	1887.3055697946781	4826.378547328423
2072.410539503706	13841.793535850533	7178.689888310997
8719.055854553113	6041.54630635522	4822.8348354441805
11146.948285166734	4433.396430542169	5067.417463194269
1584.2425680415054	13532.985519448102	6949.552121990276
939.1272329236162	16750.74449532461	6739.3272878306025
11899.327197731514	3186.3102516374975	4879.971662022305
2003.0869206360308	14651.11635611413	6779.097883882658
1784.817045252318	12433.767892579912	6987.910852244252
1277.5139188940839	13777.54006927372	6926.672024616247
8455.436096693807	6841.32981930443	4844.130062892964
9273.893678079012	4791.685434350768	5224.862912769134
2813.962278361501	15531.562418257414	5448.203511815261
10371.470173198255	4204.436963796497	4985.772896068791
9573.077866490194	4558.913981544487	5490.70475419892
10915.428970831052	2528.6430983078544	5408.653477744757
7917.972069752584	4420.84925733989	5431.267882725478
1200.4193000794442	15476.755624985173	7029.634290486093
1878.4713886588677	13323.364280290327	7325.937268247349
1892.9441395996419	15146.953297772123	7971.6889707564615
9989.424140795305	4856.7982434647765	5995.568696317031
8426.098364988671	4184.880833639745	5081.525462095817
1252.2739680670509	14244.329189368946	6869.116419181829
10703.636085116705	3054.078712337924	5338.088301382542
2546.0468601525504	14472.554941502834	6963.376222347908
9594.787155440092	3031.455090250776	5536.289401500252
1672.650884020445	15928.58305112426	6389.527703287247
10151.713630986222	4361.00656100202	4966.28050850352
9568.058862375941	5575.887367799331	4265.016995974542
11724.41664815829	4131.950635900246	5654.341629202471
8620.11729978876	4676.408930532898	5468.416801355924
1936.224795579954	15846.312843932854	6344.641894690949
927.303466870593	17936.053648660025	5068.153706370376
9428.186680985556	3903.9484563232186	5382.865955186676
10070.990204700824	3953.415372695314	4975.533689663413
11641.812194339955	3171.4814779826124	5226.007941136052
2315.0069351351667	13136.915396734224	7224.211173640065
1304.7319806032408	12505.880883779411	5202.9864555447075
10498.48434201734	4197.250784223534	5215.042839580231
8594.620949774579	5649.062010785727	5998.670619728615
4363.219431198887	11521.905461010494	6131.034845431965
1240.6062751216962	13257.148013299706	7259.141015204232
11200.049337677538	4325.553054295585	4581.722839983557
3141.907768382242	13317.810367467699	5965.239438362401
2418.7542941889456	15142.190902011793	7108.622979443848
1761.6538960580685	12688.065853039065	7111.986800797011
11223.815203044724	3172.1679562871727	5588.9083329251725
1534.6263538070593	18017.526110042967	6306.9381904823495
7540.883501272001	5626.430332808125	5430.431097448645
2395.943105078593	15980.492757486722	6609.636450159178
2096.036656523439	14859.990460037923	6451.438061191046
10801.997710753254	5591.408343330015	4910.828935659443
9599.41849167393	4177.659952132089	4813.493165089251
9478.503762972776	5962.4189557501395	4659.1147911687185
10323.397931060526	2535.697750656193	5700.29002307082
10495.569742577774	4373.090509138983	4703.470813213873
373.9822115513513	14468.597675749115	6107.774588212149
1973.0436108438382	15696.610418273362	6074.003348525758
10972.692496847167	2768.5014909678243	5447.220961017896
1162.8593567032497	13759.941765412634	6749.760280006414
10604.294472169317	2482.7522934542344	5124.991720435455
11318.744419996096	3602.315810493997	5053.26805169115
9134.775756531402	3878.242442094798	5649.556234399827
1008.8724861888302	13434.935086211024	7263.820950069679
9193.784027092626	5693.127129992323	5906.669353336581
1288.9519796604675	15010.17519453782	6373.531096884176
12461.955517260305	2209.98932645694	5181.958001973066
11038.36516369757	3367.2722416853044	4665.819747899584
9989.202717364255	3904.6826761889874	5970.692428833364
10864.82135716951	3835.3866181828053	5440.485415479416
3301.918070923394	12028.543551842586	7004.489038600111
1600.0073567311713	14544.38284139768	6435.06582360744
9917.463271464328	6272.055329360801	4717.561224800406
5764.482312358932	6369.670691499042	4929.684380090991
7538.421092699675	5292.378778306722	5532.652560506318
11103.339249231316	3922.9308629100974	5478.428061665398
10185.865587720726	4291.285453741756	5411.55957541292
10981.698119796269	2271.480061493201	5206.444906027785
10507.672010904265	4362.519830671744	4996.928762247791
7526.251843626977	4716.834760479887	5534.573003190626
12179.883028772218	1491.8684952374276	5263.674255233878
11907.666860545323	2443.3758863487983	5057.7239425012185
2195.0956246123433	14969.180524326668	5725.678064715582
77.36033711430096	13260.397050347445	7351.191367747807
9448.598114729215	2712.38674230523	5012.896110774243
10464.943610203036	5881.915437783199	6414.708631135502
10542.538472130376	4246.397267015004	5064.85161374836
8769.387676584758	4354.726236378526	5449.3783593597145
6969.031520542535	6788.246172132221	4777.713215163135
11240.696390135592	4304.879531501653	5374.031049034422
2323.799782260911	16747.690240972228	5704.90385815343
1298.8066570767814	15216.189549723325	6654.044058068667
1721.3688756583842	12598.73154506673	7283.369930886308
3377.714879876183	13009.013512614292	7004.90449725694
2520.222891149682	14038.17291977756	7119.349427156139
11563.098590196958	3019.2676015636443	4810.768751001112
9850.500493032547	4928.012557245655	5279.975618051349
11421.025967693125	4037.3128451757307	5281.876359840108
1498.1689294693388	13448.615144477259	7123.72512089839
10237.934933093391	4758.958487824916	4329.490218580477
9551.154879867096	4944.8870283040205	5416.086862308346
11030.260508404268	2714.015213339886	5626.450146842805
10993.290371705827	6818.400374541026	5039.213231025107
10049.96499411638	5335.973691524316	5431.990094635583
8751.835855984176	5021.2319686585015	5873.095145208205
11098.207824387973	1675.432241853513	4990.282306625461
10338.277906860438	5731.029506552204	5742.665070622043
708.6916414538072	12729.884643245978	7706.009290782874
11469.669968852411	2430.2421585419756	4650.659042303808
8996.129375706756	3888.7488225886855	5355.607351690949
11664.458111524656	2378.86698218738	5349.413053306478
10824.947369476535	4013.9871369013813	5724.454342421387
2106.3447260483713	12849.673698539531	6893.63772017476
1600.0431402440215	14633.301457503752	6561.889206525612
10786.06241877036	4875.072018596579	5275.920471545426
1551.0561057371742	13271.67182693189	7387.2016234505445
10414.619395742959	3100.163772548468	5674.091028460726
10361.949102891142	4112.295705625261	5145.190737214105
12533.264333586412	2078.0663806772245	5206.154649356963
11291.606223228451	3759.6942277396706	4864.134716497957
2949.979602207195	12374.623243673177	5374.991117360937
7536.356611386794	5182.455342806988	5028.334174264853
10268.736095271068	3623.622616425055	5204.368791025012
7661.506224773029	6001.613779496717	4646.4662587998155
8837.909904649685	5585.063933011568	5344.378078381812
8737.117781168736	4559.30808841631	5441.022256974692
2798.943490859082	12874.839069580958	6989.29916701146
11545.397277098898	3059.13668141227	5322.86645010442
11516.0211024059	4839.77305263333	4894.391417079913
8833.269053798414	7002.239208293582	5339.857774386963
11555.59588412139	4747.827206030661	5107.56385463972
11111.790543386407	2918.5141596430713	4809.866838022673
1688.9156393142623	17379.591562588925	4921.946058984274
11138.54350538484	4248.142067080557	5317.127265102793
11617.817427595252	3571.580486661739	4714.664920640976
1899.6167791544815	11871.283882670201	6878.070260669987
1499.6677340901172	14310.65791671274	6996.171132536604
11571.885669947482	3405.2123072438526	5204.2275714847665
3017.1573579250557	14824.57152231858	7353.78902404729
10692.103987678916	4069.7171309300916	4860.927073496481
10024.661494168782	4840.794295350243	5366.784801106147
2110.844094391734	14888.314861659994	6751.692902781758
2314.200672617508	12097.498221528875	6530.9252690035955
11193.893914364957	5073.117110934435	5784.9366926349485
10202.249733336843	2714.125647662329	5203.491353817648
11774.749302096081	5154.819196835951	5488.247427432704
8217.080200746106	3713.387048988648	5051.463165637518
1607.4875330783334	16605.451206907124	6178.368273716012
1681.602583084651	13533.396668990079	6763.01925821419
11640.112934786051	3257.3135744589586	5610.095084190554
2374.3314517826548	14402.250261460244	7242.26760404444
1772.5513892057395	13141.433978337702	6738.5792808833585
8067.288630439999	7110.242985276385	4309.027386829357
3028.634753980919	12795.336991977138	7151.014123188009
1534.1068047213648	14810.150128144478	6691.20327566155
9050.740203940259	3967.088645083441	4884.836213625943
2514.736127727421	13051.009866380058	7413.504444403394
9530.742602731301	2259.6212471889953	4654.827204305944
9460.390777817545	2375.0249144428153	5317.78082584709
10430.456163590448	3320.4519307093115	4678.993868479885
8284.620271374848	6040.301569739143	5333.806825674577
8478.846378753622	5622.928956008953	5045.485000791809
10622.453071835314	2773.195419387876	5096.346169129058
1841.551918751746	15790.953206976526	6409.103289367222
11512.673946887704	3131.67353341054	5218.596180350263
11501.440760957428	4843.942041926878	4952.046130285968
9635.774902057194	3485.349595657107	5661.256250399036
2292.3542189315226	14239.084901772665	6965.347866561274
10775.26116691208	2597.257334922862	4745.838060977671
9375.072936945602	4782.818791428957	4825.448733719954
9421.662434468608	3494.1304322233595	5598.829583256351
9865.038398303432	4213.2467410491545	5445.896589722151
9436.958379627746	3047.152909714485	5674.340195280587
10124.943873540395	3226.5866837075446	5940.205812771972
2053.21435477995	16291.375167411152	5385.021000143242
10744.896159978796	3745.5408849301057	4691.191811736889
10675.114349099844	2497.7556010318444	5067.152779572354
10733.912411387213	3562.7046771959003	5802.044002329176
1666.1566398063674	13177.470434825163	6995.331311778674
12783.92844144259	1585.7076604184854	4790.570483200093
9729.533402024892	4602.081869237725	4948.24830335744
1872.6647472811032	12960.270914037717	7191.102682525954
1064.9555356133255	13690.183362332653	7133.160576724685
6362.903778238215	7872.686364029383	4803.061560295158
2987.2069645719544	15804.530822505461	5621.49584194234
8912.253348102999	4814.069102810915	5430.039965493538
1596.729421402961	14069.829580604475	6120.279436542811
10304.096288842313	5000.173948045913	4771.408984310671
1324.276749015459	14798.02066710985	6393.698553025934
11410.742093345389	4222.934596255147	4703.691798913476
1413.3379088993886	13405.816695849506	7417.332832687412
9006.1409079477	5034.847569859747	5210.14703476892
9916.204101734042	4914.923511626182	4986.140709421292
11716.412505581617	2913.0750495726397	5354.479733583573
11873.19354064905	3026.8208073936557	5202.974558926516
13146.308918216904	1705.3888821255612	4585.472855064411
10425.750153516246	4717.874682339071	5235.096004772202
9639.689607156044	4779.627144345384	4928.687661043969
1120.6693088912582	16820.810720027144	5233.242740031701
8861.469939386257	6324.000219167644	5689.737184231015
1503.0493165028513	16724.88125723286	7069.002980925446
797.481620898637	14111.111859138904	6241.635238822351
10813.507999125213	3447.760027439991	5732.856957874205
1400.6905979225528	16088.415070854835	6535.165908913382
2768.9240484111906	13528.836144973773	7489.781466289312
9650.840036773714	4072.2948596723763	4927.29526545887
10933.205571941726	4143.480317383371	4746.888705333744
10723.866268386706	4265.538408556092	4719.372795570233
2616.8008175093228	12421.94792836665	6789.339550372819
5665.843835918666	10271.95662101776	5074.03608522041
8745.526675973213	4820.092698695883	5361.409783392723
1189.4628593686862	14281.547359014214	6942.028243167016
2518.3532228012896	13819.458879715545	7135.578358531227
9940.915639116263	4351.937348395941	5279.878181015538
3328.175040328376	12018.085941478099	5314.088734785103
11094.729135225736	3764.805798578591	5271.249808613116
11582.523285555051	4136.878935158814	5033.3520003818785
10999.006191671817	4125.686254169534	5145.409949468538
11029.925124300791	3079.8679418586703	4815.588272600842
11342.641242175065	2357.874370766134	5347.743476138767
1154.0963858227874	13986.873781403903	6893.949598931704
9398.350010340817	5320.271066205521	5019.638651583871
9036.170058201167	3667.1585337559663	5103.863596105728
1946.4811705904904	12502.200832310618	6981.9907028669295
10717.9862498402	4780.9291638388495	4922.167566506669
9892.112649230148	4560.380650787578	4903.858049028259
11667.960558531684	2666.056725988271	4553.937309295548
1045.338678815874	14596.903898657123	6721.5207187130345
10937.446317369973	1678.5823330854273	5131.495016268259
8270.292049860143	5327.97036800191	5166.243264423249
2196.577829369276	12772.230832804564	6886.803880878375
11239.852501591095	4186.394632923558	5303.447806040876
10106.208067377645	5021.9287980616355	5680.906966043346
9249.13557352943	3625.698807843558	4960.357541092163
9725.461704225172	3568.007435585269	5545.641140855231
2977.1184205124136	14075.352453172223	6676.039894643027
10486.762711482463	5130.590177462152	5142.485931740966
9045.253561966047	4603.999600984777	5056.236352995382
1763.8067511918296	13660.687805868469	6957.474826462268
2468.078421464078	14273.652487582098	6880.849213820192
11016.185981399922	3462.1587715526475	4992.694126171008
8352.20118105569	5117.547693271101	4726.9068343907375
12129.741782441683	3083.062490086414	5526.146469117012
10343.643175434505	4019.2901035194996	5349.758385647655
9943.31656840657	5397.802631979495	4869.377500309186
4065.969031960741	14523.850701603322	6219.132207567608
12374.221295595817	2285.9584514543017	5125.793001935928
7992.843799295671	5903.622356939788	5202.458649607508
10220.681575995755	3409.8007959878278	4822.638643080481
10848.922227243926	2614.0842086042785	5042.456101600247
1832.15669796558	12322.898648131684	7174.336074003311
10746.943614619537	3784.7788012929545	5869.171918485325
1500.6684065720553	15472.494222801099	6878.360401472731
9326.727501347914	3011.321555307244	5592.934680512654
1368.9809268849833	13026.114826768538	7691.1662178901415
10374.466023579835	2473.9910192633797	5434.4365439203275
1587.4241958763575	13632.546086359522	6949.3801494796535
11984.70389866867	2192.656829095769	5818.3317706640455
-5.118082594229377	14564.096075503825	6848.20755791344
10790.455841361842	3894.4136628656174	5185.271762207615
-766.6196204251924	15251.081919785809	6689.049403835876
10910.001846535837	4182.502528124066	5534.706176534132
10429.121357555745	3916.3500640968073	4884.046105056819
1295.234635360192	15100.779652780962	7028.544319809395
11442.896878694026	2908.574791592538	4959.063376214846
1075.9406756065664	14416.431553513281	6480.782132840782
10681.834620652982	2785.983717237932	5659.870177137327
10122.406635419575	4232.462686594713	5470.763730699253
11814.06616531375	4470.898407546201	5596.555947025199
10720.652388395662	3207.665715924124	5133.19481296691
10183.020969810648	4256.7440080229735	4711.188715350529
-390.66940700843696	18422.099676660917	5483.9803012595785
9747.385383067789	5018.68442837563	5737.128596682894
10675.053360506596	1460.1406168451806	5531.881077551839
766.7038061456324	13697.244142894988	7023.407361979664
860.6233367827195	14750.346018957083	6103.439716750729
10273.734844016431	3543.1801971927393	4884.7554617185515
11279.89271432211	2250.601411821385	6239.960149075878
10187.04536235624	4848.1295078379935	4842.53370577711
2895.234915290538	13392.622873046037	7233.929989083184
837.8814029502536	17883.32010078483	5949.469153451862
346.73830798989684	13336.025445295585	7308.693592876198
706.9640133688731	13901.269970994808	6377.580964338979
2620.9822737389345	14353.790108119001	6949.558167556406
11542.34137589226	3538.2516951267485	5158.144061016753
3023.422900441585	14552.052344247584	7068.101069162933
8972.587249890794	4372.723237234539	5158.060141103203
10781.91095136934	3807.3140602824797	5482.565456332142
2692.813776043285	13016.932366313018	7147.91383210611
7264.9321659249845	6858.586063654118	4900.561594733804
10198.75573657751	3756.34179056374	5025.803555594769
10738.287073583351	3969.385715289471	5276.885878822963
10375.872869222021	3551.1409606030697	5532.026980298612
8945.255719946985	3349.666597027246	5521.523503354783
10698.293604953014	2734.6300443778377	5762.010878022228
7240.665590106944	6671.111979320846	4830.77264351262
10627.316274393459	3776.310847586808	5613.849686485285
8999.840944183166	4568.0916014251525	5333.660468107082
10107.33046795496	3121.7242217471894	5132.122210688999
10938.126059549562	2460.1190639364672	5384.184700306156
11778.699659828706	1806.4367770543827	4723.182038785467
374.6985405579986	14447.45055162811	6739.622002006446
8695.282379701948	6020.900768034482	5409.210493631927
396.17849443848013	15469.30125505628	6063.013665604521
11033.554472404045	3076.0406261052	4737.066467920756
10254.536510396423	3353.8863723489835	5420.734629362126
3440.8340466763293	11293.265630116613	5577.40152117401
11753.713453770044	2687.0443172220544	5509.15528015646
1192.7149069949214	14494.463411292778	6919.455727965188
1133.3298940869322	12367.439566796847	7137.599017302339
10480.871101779478	4081.494556351235	4877.868515138161
10426.38836324173	3031.1202914399432	5375.274244323887
8819.455590046577	5540.601661310448	4971.751664725131
9414.052854296462	6716.137647421603	5345.639129384906
8185.710996032532	5349.1340187901915	5167.468218027565
8180.009026237286	6267.21150347516	4895.20449993478
2513.988582785774	13726.439505257926	6500.483070999177
10255.664364480324	2724.067928463253	4512.774663471056
10687.480522331558	2270.6525881545394	5599.49682894073
11158.933033660882	4762.943422064196	5018.913697093736
1939.79227179689	14533.084346275571	6965.6497691872555
10498.785260206014	5231.537139807722	4201.269067420053
10849.098718109492	3533.129479768684	5119.070271686809
8979.776561419474	2699.1160365864107	5912.111319470802
11279.539469435862	2808.6738026692447	5826.226856691534
9094.732285798165	3208.7710160702322	5774.0676838252575
11573.053371482238	3179.7983846551074	5124.696828471621
9240.247198179024	3645.5059112373046	5312.985001275386
1801.8486052153037	13699.120454921089	6655.148370057853
479.7045420086584	16934.08891265725	6319.188014629246
1702.4923654952029	15163.135508850506	6621.250776597203
10422.357274375156	4514.205539850437	4937.100022440166
1612.8957739065556	13131.126087549672	6807.822969507631
9979.885200812998	4697.746592809765	4834.373326873831
11068.171802856474	3574.9815972872557	4927.9468437564765
1613.9861192893648	12663.324241106475	6752.493763767918
10886.10274273417	4303.093460277985	5507.467504240815
11281.582303685755	2967.0966709174927	5385.032048039632
11259.6028270229	2882.577445681808	5073.216477498266
9207.707699023757	3841.9385318879968	5423.734638928155
9335.404098745246	5805.284464207655	5328.210478986084
11155.395852907914	3421.5610798428615	5276.461232333788
1856.0317789278536	13339.801822206304	7004.18820009588
9600.908579993049	5608.897789691095	4772.793267673041
11462.914409183493	4143.956835469547	5035.484366895972
1072.9231871608793	14969.540754819296	6304.784927349133
3037.5341501159483	10535.265579124332	4937.03058186151
9895.63305630754	5543.852708864141	4911.032389474273
10901.200981564489	3891.8987704717033	5208.543990509091
10902.008075848476	4118.594676468666	4806.656710935493
10804.31765999853	2852.433205250445	4713.443888599025
10570.69227708464	2648.976805260284	5753.256868024921
9242.641743836932	3661.8718249229846	5015.248988317971
10537.017114581715	2393.487258383082	4991.563646448888
9864.684106738874	3664.111108664413	5737.586496686848
9216.80340839478	3183.2587144891145	5709.478100998763
1442.7692554234902	14214.503193071303	5489.665316874305
1205.8863965468006	15575.4739672161	6779.079492654785
1620.8575029231795	17060.041671469815	6495.839414061724
809.4881172295812	14503.160609842149	6531.483492130309
2776.990996712431	12965.172471368984	6943.480217918323
-264.99188383511586	13827.376294994609	7276.580343913515
12117.885370814281	2395.157934129591	4908.817024470262
1742.032303173488	13259.78353911947	7237.183295025335
12094.302395599145	3722.1175981447054	5102.5352143154305
6279.5341103943765	7529.090909782762	5571.722305902356
1283.141942397445	13719.556547185635	7359.1818298517355
2130.625887743509	13909.863359126179	6798.383493470127
10448.327300407149	3851.6860788917666	5307.048859356191
2684.2689259512917	13433.853689501979	7131.000993856339
9130.107178482845	5814.991210735468	4781.085069016911
72.99589956617326	15215.253966528164	6491.211325371373
10039.286819008083	4647.710944618127	5268.916610565907
1195.832350347938	12355.272656395313	6900.685754743158
10294.786782907335	2999.4348202163073	4982.337288885553
11023.377883070949	3389.0504949622346	5232.948275967682
10349.023667460877	2990.144300894019	4557.38570970465
11057.76220425544	3275.4660231373296	5201.87917356163
10165.720902299647	2911.684600281466	5515.788996468307
2682.7230686219527	12961.319329453085	6771.021689399172
2383.8466726063534	13881.149011459749	6964.789854522977
10850.510991762838	3677.7763918839883	5257.13669461233
10985.532237994916	3767.2714417715124	5357.6732137278195
2417.7525937804485	15518.052679542765	7039.143893624606
1778.6662353526795	14143.93210253999	6968.995108119372
1848.7030634187074	15251.688159145691	6650.840858003302
2603.406637361479	14249.948596645801	6929.513964047243
10381.417558944948	4316.434142084735	5754.796070120699
9403.295917494499	4111.84688263235	5981.642271090227
11678.328978967475	4065.789219340786	5121.8715071903125
2260.0088054632533	13369.074928980399	6712.033526736957
10998.92733263451	4207.988217146454	5359.599163365484
9192.438627318304	5007.770592141345	4461.02694321243
9041.529761818574	2784.4083215094333	5145.3371953513515
1864.203002415671	14009.957078053401	6777.0523619842725
2642.947506201631	16646.604689023545	4802.789303506212
10819.082286412016	3430.2717186426635	5074.202231257816
9563.864019967496	2416.9000600924123	5568.1658763716905
11429.010968401115	3220.8004206922838	4732.418814780888
10448.443419158157	4010.899325106084	4951.240672784692
9014.541435710831	4029.849469224378	5245.3972941568945
941.5459137940794	14390.26067767655	6875.288023970535
11757.615863092096	4797.995720914871	4904.837772960737
10469.176372927037	5796.1476354918395	4593.734510573954
10335.674250942458	3027.685308068654	5629.389765705869
10156.452658834334	5027.236078500696	5218.687127152355
2274.155927117993	13946.094893105346	6213.856011641047
10888.455896634174	2218.2472159984236	5422.865027197515
12938.702964311811	2973.589342061989	5116.805508863085
10334.964400820685	3054.540037667875	5419.188138219995
9599.08564264986	2493.3219038613893	4796.875429395524
1380.7934386332556	18272.50387214462	5578.583109591527
2478.023194562095	13615.342394496643	7184.958045957918
10961.130083816126	4912.399299473281	4891.338367805331
9214.365359920048	4317.560503614454	5469.7468392523315
1296.3489963706286	14954.306792799924	7118.06566077459
9208.448931069039	2495.20838131763	5676.373653851318
11320.774865651072	2952.3453459150064	4775.520231356436
2260.446856558072	13268.982390274132	7597.0203429839075
11098.118560072397	2552.8414396985895	5303.801208403219
1401.338098745712	13994.862603755742	7095.618332229475
8116.657604567392	5210.929544314697	6021.9143163297595
2836.3631091588845	13933.16425360825	7134.810971094793
9799.313984588136	3699.407827003266	5506.0351650786815
11193.55971409252	3544.299628666476	5062.208985674022
9729.815038804267	4491.905006530123	5087.536512617571
10941.115791168446	2704.736263420641	5137.006480908002
3381.0995468751207	14975.910371778324	7415.300095645442
9904.942640701232	2781.075942720947	4639.169273114653
3400.855925826412	12106.342124865267	6615.054400230244
2451.7790214272836	14488.160011012493	5272.248405411986
3833.2176967969162	11313.382518795326	4706.808190451042
9746.009333376429	2955.859089406638	5256.285224892866
9439.32675725759	4078.3123389774187	5305.364400888812
10547.681594376185	3525.0855600908594	5610.316785202301
1926.028643817009	12671.01579822362	7372.043268248939
10497.569356898084	4720.566232497498	5308.866002700761
1810.1842056267167	14186.409518511742	6816.206062105684
8804.890704026444	4926.470906851686	5882.706180041564
166.4257976606072	16254.338935186579	5791.407094015072
6162.229733112216	6433.9670716064065	5390.64494182797
2538.6166988370032	11620.22017078628	6714.923942301913
8837.538403559354	5093.6052181088935	4824.336854579557
10968.845689888756	3193.5925551630094	5558.539753229438
1746.3758749795102	14409.231020516425	7223.593003280515
446.8758793043134	15627.479610430715	6318.778851521802
2466.253301850985	13349.211844061178	6857.349204011028
10311.2948409603	3868.2304604134956	5244.833524528204
9434.733367204188	4756.843973254365	5824.666218331407
911.2269456468333	16446.81372242583	5800.811758122363
11429.18881783455	2839.455585008132	5088.954084586992
11226.065285713657	4601.815874214507	5023.0725091704435
10195.297396276532	4427.89368269633	5397.634807185032
9343.654232251056	4099.929363839367	5413.599466894971
8240.822473628685	6566.103751426324	5241.288794717932
11095.404714110195	2494.74791231718	5149.342455340647
10989.664367724332	3721.006992244066	4913.834989225577
9669.573404128947	3306.06206879045	5010.877729550293
10486.717386735016	3889.736610556611	5594.659374997629
1363.8998988548458	12772.132269907983	6835.232136228481
1502.7579105562945	15184.333137634836	7276.069855685096
1633.148476682273	13420.449038931754	7162.864288665055
-270.2517816151181	14035.900958628574	7435.380450937742
11002.555475884019	4211.161882544713	4970.51019412087
9958.969851967659	4091.812414871678	5505.890107451762
9638.438348991716	6130.422616380022	4667.512402844138
10529.51733944615	2230.8503384954092	4923.355230839172
8864.714954220553	5569.607749121922	4977.4905445466475
11462.257412069042	2442.9665340622687	4792.161707615114
1718.867709847012	13070.515611878345	7310.936201334867
2141.1408719062924	13193.800864651126	7089.908631936836
9384.505567999722	2617.490359969636	5460.592776288623
2207.6124697788828	17519.350350173616	5136.358000500689
10542.579824332946	3787.4166085135284	4840.356679469449
8738.05635461429	4755.268530913533	5323.700238435652
1485.9417095648012	15065.935954807212	6683.477125463019
9402.922501403975	5736.1981964190745	5191.77233150471
2028.1371160083115	13717.143989774915	7308.4545158901155
11298.097106146173	1665.9026723701156	5829.533100106029
9962.72032727804	2316.11696808147	5124.598613714028
8948.357806301316	5080.161083164538	5773.83515398742
10480.990342944935	3281.269536277434	4588.305113697339
10472.32850142139	3256.3785440846355	4875.733936472491
824.1831338077928	18401.53014030311	5407.574102160315
10139.369413003413	4261.694675238881	5033.390944309688
11073.953968590647	3736.196699177226	5438.487950530932
10937.689521152466	3811.404492410548	5026.935092333605
9311.61213149861	5659.457178115301	4625.722527837417
1877.3838782648145	12996.017556885958	6677.649100094481
9565.404767729391	5336.290998712387	5554.389414691466
8837.384150248356	4895.704692113863	4872.165103280152
1072.6158373388998	15548.892542775562	5950.635538174595
12166.692944785715	2751.0167780128722	5848.800503442078
1494.089815209021	12464.949050826317	7326.574491218648
2420.4378495774945	12677.264386665453	7428.140206115092
2338.570747790806	15833.781245535898	6964.9537161194685
7589.68782940193	4625.136164226767	5761.787050643818
11686.313777989564	2581.345442205342	4851.736818654235
10150.327851815671	4799.641975512341	4971.893441557358
1208.3965516885514	17428.897107607958	6016.950987833916
8390.980127389832	5833.0728891558	5574.952633269186
3470.751334462926	12819.436179853303	6847.4614191124565
1512.01896423478	18600.44369180999	5476.0552624975035
10690.150246758414	4213.349846734165	4525.954523016032
668.1854364231888	14922.87768213974	6248.150188463114
1439.251806861916	17954.431830299167	5161.536291223121
2317.8048823203426	14993.850402528564	6781.143996873304
1758.5772196775727	14098.44079606354	6971.0374969001405
11477.463710970149	1482.3762486935107	5673.761931306952
1779.6805618545864	16215.114969501594	5591.274436835463
8470.713322275427	5777.61146866231	5323.410982804335
9585.923851835654	3586.944427034664	5020.347491315643
6874.84757353341	5410.4956683245055	5153.74203074007
916.1044711911047	12192.312221820353	7183.211539143022
9423.315334099274	4758.760061067214	6018.126853867286
11239.464973922659	4992.838393474858	4576.9551172246465
10844.242101948417	3406.0450923650906	4812.4330969046705
11609.970170864095	3066.2850785177097	5384.119003714372
9299.683163742724	4645.585183945469	5727.666311062874
8422.765486498949	5097.716810096677	4910.881774767533
9924.982490578383	3395.340113568007	5515.388467685532
11277.882894627632	3028.5954320110077	5057.545952513251
11006.718338051818	3210.9464392450227	5524.574336205664
10144.415983011835	4206.388386890612	5647.692754623582
10694.864382546226	5128.101895006349	5063.821927985092
10133.09677443116	3801.8923830159315	4926.672649363319
1298.2400268952406	14687.142637631352	7216.021257345893
9289.866225298676	3299.136304696472	5492.210810149121
9394.879919499957	4159.76321302868	5683.6334400543765
9402.651885444222	6292.449476948693	5015.85808592139
2439.9005422344835	10991.543748490034	7471.499216318615
9961.15929106893	4764.816952932089	5007.290077092326
10768.158646508697	2068.9609719228015	5066.213348453652
10027.67624640169	3889.8718779219266	5082.881158087116
8710.523658793865	4326.114650013999	5435.092208104591
10503.4353928998	4001.050915322497	5281.161286079042
1082.8589417099586	17425.462944610797	5924.791332961815
970.3790489093041	13272.515072927356	6552.299760447754
11568.59364265444	1964.279307407597	4912.159968810802
10848.825254979429	5215.028465133053	5277.688742407668
10696.026764192971	2414.671687684503	5204.237673125246
8639.435104219894	3553.2368843030313	5356.68114307167
10228.244732096608	3231.062478430464	5296.652271040608
11717.992069520727	2452.1567316919363	5485.087649190695
2325.4982089323253	14342.744061714924	7244.047563441856
745.6826186670396	15103.231133089836	6974.475424428182
8767.086701082071	4621.107153234345	5102.838674527493
1434.2190284927517	13543.5281064894	6640.206311764824
9428.419569528867	4424.780236673885	4738.129527625417
4275.059439294896	11670.290448077429	4808.217949373812
10298.501761120082	6005.425906412677	4622.351793718289
8861.129496488888	4032.0434212537725	4954.071471186689
10007.792099916112	5321.277074073541	5189.64928388399
1734.7095391632338	15133.256151111267	5404.545239070836
9166.941303455982	4133.205494280389	4762.250002685084
8702.000364889604	5841.398720230653	4993.57298798335
9645.046083417046	5187.496010537646	5213.773734324829
9791.092153171625	2986.7187778209454	5448.246117204742
11185.362952135998	4202.604380026235	5196.472772023199
1405.4992547380066	13670.164032425539	7361.407570912849
11648.308360298619	2672.4557292240333	5498.757398711005
749.4106575346966	14924.299707000813	7122.100417896208
2408.907479502666	14295.480897266372	6796.746670624783
2739.3843492388874	13419.758246100062	6960.480565167268
11484.755038359965	4583.286613330462	4907.227555301677
2172.956490034458	14891.260058621732	5501.580243024671
10869.841501360846	3726.084560714609	4953.71166676724
2575.561634118468	14949.432459632613	7002.357467697973
10406.081382981767	3398.2806233743054	4544.723407090286
1660.621632116482	14034.749907629654	6791.969093157552
380.1109807954281	19261.91797876493	5001.452561969557
1574.3424925898632	12575.40310553071	7018.252018487479
9395.182578704414	4431.659496017251	4758.457057651319
9635.737115614056	3743.8215422193557	5061.379426895816
1899.7145362249973	10946.73709215417	7136.078779275021
1394.3999378237697	11842.1629017361	7736.68761762091
9875.599306942628	4368.611567931203	4362.006015970807
3178.1177439951107	13272.690031050786	7483.736571036627
1487.0104364028637	12974.419634430835	7451.175813918774
8715.395021272856	4187.9932402795375	5300.371954754394
754.7147928953655	15627.92933692544	5897.340389714283
10248.263758472687	3353.727011548404	5425.596397444905
2445.024723372978	15519.902177401815	6702.18609075357
11660.236458451878	2574.197443214559	5655.975000192311
6860.13353666724	6915.661157839381	4749.41908743619
632.020955349529	14919.314907784521	6391.249170184316
1029.060595309185	13590.120077707528	7058.161900884565
11925.282238508838	2785.739132841833	5920.134259809476
5662.64806045977	8690.05014256955	4515.944981233821
11315.200909224624	2294.768891414221	5082.292591849299
7823.699990437546	6139.962818566017	5128.0902248276125
10498.089901694586	2464.758489440037	5152.94702610039
8388.748724229703	6051.726375406013	5214.852181180954
9237.631625383177	5109.798873389148	4875.057024523647
9521.82496408768	4509.426687446516	5555.554534628917
3188.234663050075	14962.936550621731	5093.641596635178
9542.87296151983	6039.051223657572	5733.320485210071
2863.7188661897967	12131.043360394204	7373.43010447856
10869.08665054536	3537.1509332593782	5149.273693536518
10010.901023348333	3559.9922274521705	5137.871857741499
9902.257057864299	4748.399800681529	5499.543747739603
10814.825771685151	3124.77235463051	5469.031304839876
1507.5150159437396	14452.089396492695	7071.693569697199
10361.249129700662	4698.685269599073	5267.472507173868
1995.9648627705328	14305.277483931055	7368.44238023893
11110.197546373383	5666.024039807622	4816.470206244355
814.4019718222346	13781.383609906226	6658.20328458654
10828.938066391851	2819.779796184109	5278.706927113908
9269.400733438646	4159.378552878899	5249.855876576029
10330.740273806687	3790.610410589913	5361.413408995465
11085.373504254945	3112.7666106306365	4873.208224545833
10402.180221280018	3199.2590913969357	5129.788450002542
9075.137865676596	3484.0351132272594	5347.015823907407
12003.767005988822	2731.0601877093345	5629.3621547056
1386.8886682796422	13609.834973947747	7044.156182629396
7735.602765220521	6230.44398058787	5022.601022751712
11515.77199016891	2227.9200331219454	5029.219697338131
906.3046558902602	12595.061179404704	6609.555993754312
8537.622427134738	4489.963550377027	5490.463801305267
1511.6581676906862	11775.38005285034	7155.893002295771
8503.611552744549	3878.755746790459	4613.713062218913
11142.50254568189	3079.189119423751	5005.994317783245
1589.3956600072895	11702.473653784446	6720.078057107972
11653.135473638402	4100.049720436289	5612.621712190243
-100.71883456970377	15137.542433483717	5515.308312961261
1926.565664538449	16240.715541866379	5673.728447398195
10348.267289765558	3335.4749584317406	5126.027947270864
2278.38393471643	15768.556112280656	6935.274135942422
9423.300951257568	4345.736106345652	5258.775333468656
11174.356441831771	3858.5309308078613	5637.471602618156
1796.8499975124596	15068.315567911666	6576.587355679916
1804.947045571183	13797.935640137644	6747.520132139527
1813.2986939849798	13430.157703001514	6844.135837648061
12033.901341500432	4347.102808994238	5554.066068327035
10744.143223256577	5004.002199571162	4943.026329883389
9439.474155063368	4634.203538716803	5497.400614798519
2241.017467837461	13351.039260277419	6616.8892934086425
10774.403019715452	3124.933306173521	5664.806574634901
1694.1034519060956	15682.635001280276	7016.001832870541
12334.33071440153	3407.6800206742164	4811.339300273614
11455.918579374249	3106.0631720446236	5200.462448609094
11142.08747763727	2350.595586520425	5461.84978639531
996.2769081492187	13857.058799773398	6875.470170720741
9941.225481057674	2683.9723287822235	5444.383318900621
10082.444600321975	3244.8742897111415	4829.490341703505
9489.369323928375	4075.468651379697	5393.6043927608425
2467.13154948554	12042.297739500953	6749.2320423863885
11058.148852783837	3263.892586165489	4897.882552242694
9847.090927184816	4933.6247496353635	5720.421995295658
10547.2025329117	1795.4278585595175	5594.135818291309
1437.1936331044753	14505.578925972397	7397.429245943071
11450.630093103404	2768.2057447175166	4925.890223516995
10944.124752354785	1091.0213599799024	4789.587309956739
2243.4119465960807	13224.183348903327	7251.83462018298
1265.0514122434631	14868.503762684122	7096.355158624413
10500.340810929069	4288.626364370033	5035.271055817387
1708.6915152074398	14531.64429925134	6948.191696292091
5907.038112648851	8160.572065410918	5304.614457361304
9377.92831394189	4062.338212721521	5538.704979130949
9965.360329553858	4702.670352234266	5185.883794985231
1485.302164892317	14556.15243826228	7624.349272738765
8876.351175492535	5994.497424315543	5306.574522226435
8779.514640650117	4312.265060540051	5003.879726907031
10399.25805174494	4252.696547876004	5504.872905537582
11522.442929906065	3284.8085090347954	5874.038884903931
7185.873106640774	5802.105571802087	5684.893655381682
3265.2393588572845	12016.430525030997	6528.55439383236
10184.80634542285	5060.45744137052	5047.337583092015
4864.742674434816	9031.14266844418	5215.031266822492
2296.895724235985	16537.248151306023	5662.889308437348
10843.426578011049	2029.3610338718092	5322.849107107971
9234.57421762996	1525.0069327721355	4521.3303396538995
1604.6673517381976	13415.481839324084	6877.04595901593
2441.1060922635434	13861.158987272007	7206.890551961765
9516.92708834922	2846.390103832546	5040.949334936758
9666.062021655835	3921.264728727756	4984.384644555957
1223.2249293245552	13344.303591697262	7283.4298427957965
10939.347222145101	3577.652713713044	4882.267328747529
-4.771866006258968	13730.34439361363	6898.290892771889
10787.64656738565	4303.629259428048	5252.954878045673
1122.8383266553865	13172.6272283348	7120.321284782895
9621.437085525096	3690.0792487136237	5605.993292767181
7994.690676425164	5902.042044781796	5481.574042703696
491.12772561260414	16777.225852006894	6940.625546839223
2138.00936458779	15905.781828132194	6249.39602547356
1319.5019150988242	13968.985242478486	6337.587621915205
7769.236950052399	5593.059650461723	5083.408522106929
502.4972794735565	15205.912502746549	6704.335873976917
10324.391008020426	4010.1325004992755	4772.577865975313
1076.9548240026527	14310.911382885293	7125.337566935752
985.4001010297055	14886.55802576051	6554.360470633457
9114.429804820664	3180.6909774117107	5442.51283482786
2070.926543861789	13433.728795961826	6325.055272352031
9694.544825373854	4471.6914514636655	5464.42150945494
673.5369913334396	12964.855214416382	7256.842324507099
12604.310036924539	3329.271918554172	4826.223449812826
1373.506405525871	16069.65396454706	6363.898260193843
1346.050458272038	15010.083858585389	6723.522313676455
10260.060625728633	3186.426518618953	6025.615027547211
10036.628455432005	1563.292862187776	5283.438326943197
1557.0989370031202	16430.22930265292	6756.834524396786
1198.2486393177892	16447.138957403364	5530.087434769913
11356.301538669415	4078.542079781936	4687.280874584272
11794.008024599982	3898.128344746316	5357.151275660039
10469.988310573524	4342.324538044039	5323.0768323028815
10513.867073638257	3409.656076286546	4613.419411206643
11061.990278076486	3008.1500620341503	5067.771858370692
2269.715809879227	13635.911328285389	7481.769423620735
10963.547812673047	2235.9327588803426	5851.120421599464
10311.760447338176	4324.8739194659065	5084.188760529029
8387.95613830803	4980.468508136462	5143.402652791192
9674.37422153215	4580.309863909494	5307.993607987238
8858.647869460861	3778.7361194574596	5489.679732335591
2527.57084766837	11272.195543144511	7116.638719974588
10604.434230669143	4142.208419103891	4912.2117674668625
2129.806424839393	14819.894874943167	6618.026613636139
2280.209884657637	16774.634863232117	6650.259306602659
1231.0783704670262	14226.997395565073	6805.496035473034
11069.677592133272	3925.7180038399415	5271.628683854635
11372.01223628184	2724.50530794697	5254.456950210611
9833.520116267096	3179.5074018614687	5102.253713901099
11908.14625888588	2109.246788796017	5431.849237734654
10518.232761891304	3667.4533694953	4621.928147498277
2066.0816748034317	13773.406710984746	7091.509206462316
496.0466077403797	13261.54458597569	7096.085167364624
11306.666881262745	3207.3588999332646	5084.273982054868
2346.5433454303384	15842.47079694997	6032.997690419666
9987.376721019864	3505.954411379042	5259.588692005357
11023.23913971668	4205.497110525846	4760.634239118072
9164.40065327952	5109.387659266063	5058.63669292139
11047.81577809348	3373.5289305075025	5008.665056288909
1304.799846568632	13180.415300886756	6923.59422243425
10231.175624084788	4580.814279942924	5331.477586104851
10656.63015745909	752.868685700562	5860.852683676075
1847.832008084021	14609.00872243948	7686.939764366463
10409.425848186725	4180.222229916393	4357.28517710599
10842.304902168124	2352.9693521014474	5305.444627133118
9625.003178362782	4620.334914756386	5167.044433316432
8255.64095644852	4769.567855933673	5749.737092151473
2409.0159475486826	16084.914564756815	6187.4471190031345
10717.348333029604	2164.170422080212	5370.086534862012
2474.512917738943	15842.765789171564	6999.468216606115
8995.058376318131	5623.879214693833	4530.155670396602
10260.382797124577	5317.130080987134	5210.596646140548
9410.111393305831	4173.677041225905	5498.7699796088955
11572.982641414465	2882.0106700025244	5133.249286770236
10453.438925243694	4675.727338654502	5107.204365846478
2421.3264431227285	12611.79067403255	7136.489190800426
9922.313724784388	3839.2938508860593	6303.106223032927
9386.309494990033	4434.623172691735	4855.02453437735
12086.836867652466	2976.4396346735684	5356.503773971868
1490.9900817398996	17296.890669133212	5217.450780940362
10595.788776934305	2794.6656762368043	4495.127005516011
10923.53558657999	4259.630051371503	4968.948504027353
8223.67390134691	5226.233542485213	5857.931253176599
2835.232790917051	13035.972197954756	7130.04656470702
9806.70206620088	4153.400396801741	5093.577980154992
8250.299583599315	5222.993844840504	4963.619543079851
2567.7345590210607	11428.689876380122	7592.8675313905405
12595.774853777695	1881.5289659376024	5296.064634576199
9361.174069286284	3822.43162059359	5322.125265935115
2339.455225688445	13226.202000914009	6953.128200497258
9927.212077935787	4051.034403588772	5123.694205842173
11199.382196848592	2006.1012823148549	5340.868569794463
9707.78326400398	4573.688943028103	5538.119194038981
2854.3323204068442	13417.897273155324	6830.817326214812
11767.724642220901	3040.374585728777	4995.194829138043
2079.8103876612317	14410.8011194349	6307.609553748641
2011.737824193776	13707.818895886885	7135.97884587476
11441.071845012186	1967.6614645413633	5916.982805617132
8940.705298366167	4734.654891340185	5522.779418385194
10563.336852493574	3938.0279091980838	5126.070994997281
10605.20630941206	2913.0860294244353	5394.148887683589
2467.3802689537533	15826.537377728167	7138.994017675888
2046.8805084084668	13809.4441424259	7368.359766965328
11831.199790296387	2513.3385054126425	5205.710672079574
253.90219345973316	15205.021205270199	6396.795915203706
10315.945956543314	4106.81702221189	4853.814332228659
12278.801593345768	3423.3636714886566	5671.798598940413
9175.20406363523	3871.735641547908	4960.230447056497
1121.4337316778374	15937.758839100425	7269.084081779774
10687.438401291665	3398.659694571973	5766.836298216931
980.4641947816897	16785.485860490953	6720.134280013078
11876.23449744357	2577.170864409265	5329.94099167049
1689.163592443533	15656.958586612762	5305.231205124285
11026.259556081157	3495.3104376604747	5548.18511772869
1367.305454572903	16318.859656976787	6519.54292423906
11459.516943015604	2789.663617727378	5471.494500805641
2714.8573608733905	15038.373683255688	6458.890928740382
10087.62390766166	3980.3801441060823	5508.105962818257
10295.149735631023	3601.9740823375964	5381.406284823089
9696.311709404852	4584.761493165287	5243.891854704595
1757.693982919568	14550.851389604735	6218.366073503314
7951.284117867064	5174.325619766711	5430.601048578783
10950.038616771992	3848.3594442318104	4916.704330140378
11699.134820089397	3133.928789827169	5069.079774772591
1928.9351404814013	14910.03394825571	6620.0053601983345
11231.741793941226	3693.521991876512	5881.316414936702
10280.147072101254	4192.694924388788	5458.706778477788
11614.68378281832	2361.8809739011117	5005.155457785056
12280.054342574822	2371.3749820564344	4913.585214137511
2873.318435801542	15214.878947036606	7032.794069942524
1436.7979434493775	18054.17605488684	5932.027768179794
11497.013667119065	3602.7995525139827	5330.442998331766
11349.876921061528	3769.421197262184	5053.534055418015
9844.556959073514	5005.4790362879985	4956.0399417987255
1089.375098111711	14463.340928110407	6661.490774126982
1348.958475793273	15317.304666745089	5922.119538305275
1466.3021694051386	14360.837918714908	6457.875494952934
908.0114168952283	15981.690433278027	6643.512753200978
2749.2908976736317	12851.85306565384	7621.198683564805
11403.74080888511	2923.780584600942	4901.447307488106
10804.89329438329	2674.6914875706148	5814.2463416000255
1190.901510507626	14597.21206895286	6976.221512650051
11209.75982854687	3837.3042236352	5043.484874995686
1816.9161830728594	12724.088286204302	6381.023460322966
11792.699720265397	4720.740042771875	5422.17646280543
9589.52992264858	4218.040110085419	5250.206721334533
10910.141517439277	5009.005521094161	5456.019097509346
2068.911862108017	15918.989327621559	6269.011925152809
10693.499598289412	3788.4993666514865	5192.51630863627
9414.112806390633	3790.100253499073	5431.7235597933195
10014.528975783016	3256.0430700458974	5120.932102808112
2272.5855801919147	15720.540453094709	6183.991604551168
11885.390253500565	2401.014244567595	5694.446295639614
10802.328178364232	3598.7879368347644	5300.138415813391
10049.08541909885	2377.5748110288687	5801.25219349036
952.1021042510955	15995.557442113335	6004.077206507003
11107.994193187027	4378.926392374582	5525.438796104066
10180.1786693678	3433.0864639243564	5819.898790489565
10235.464984636023	3096.427102910357	5171.450617099198
3543.932998574885	12400.646397578917	6919.401496916222
10376.343346646181	5258.7565274190065	5018.246828440219
2160.979515734805	15281.864456445912	6437.601880723819
10851.559248795775	5283.391136387575	5050.216034293818
11493.971641381799	2717.643801836279	5306.927104524576
2293.5031964675736	13189.309034728944	7114.954105221724
1299.341542462041	17976.567198170647	5106.334350271893
11977.070206955948	2249.7009758658405	5913.916696752408
10536.663091806957	3516.7428808184814	5320.129963074045
9052.588125919918	5022.489459533151	5102.675135789495
1677.3169341525488	15481.599179358143	6601.872182341021
9119.27682222299	2017.2307864513555	5619.739872486877
9511.673835616357	5959.22539913353	5231.37415447173
10915.854477604247	3402.33090258821	4774.029523374259
11018.065439880993	2161.8258090339455	4854.395372136198
10943.493139987324	1226.5198629901934	5379.168122051738
8388.997080883233	5288.348712841308	5403.701951400319
11838.582908469096	2492.760635239553	4737.8536149797665
10611.321346534774	4133.11860751234	4850.008418965692
10024.184899847862	2490.893888530533	5784.609335050439
11230.839422886744	1747.7499652277897	5268.474746517359
10086.812193314703	3670.3996430865714	5692.46581344848
3201.933677842951	12428.153112104741	7086.2460794177305
9204.239183243204	5442.514350048608	4726.476365277714
1023.9103541142173	16792.11807719339	6887.254043041462
11046.35006595653	3939.8346401973395	4825.402816984206
8726.613440106434	3739.077060955252	4948.608579097499
2686.204891290314	13681.516505360567	6631.634964166157
10513.233911892741	3712.540980147454	5252.212438544341
1570.798957132917	14028.835951714495	6725.219197064682
9134.798263246637	5209.522400552784	5368.861758794753
9632.660569348558	5375.827115295964	4864.900662825956
10701.446955786392	2515.058129302912	5109.087416647755
1339.1943709688994	13849.975372566256	6212.451217948947
1925.500542336368	13583.099384046978	6908.48978066545
10011.488171121244	4373.510981193417	5363.226283862852
10304.221312396796	4614.524823279649	4809.21741100138
10047.127684776111	4238.65531413048	5024.0888142398635
5394.812428143092	7823.9812440185515	6316.087486424002
9873.131818249629	4666.857483823784	5123.895430336245
2344.389971892517	13087.976949628875	7227.951597175071
348.0387436696908	12938.947331372983	7589.838169172914
9731.635005873804	3823.840104435912	4720.057393236837
774.5319323707911	13152.003380814629	6512.4968547623175
11823.983477430913	3800.129792786999	5187.791923551304
8789.461981319519	6078.774447371076	5189.179585127067
10888.41684480251	4676.028912008728	4333.488258937483
9238.793104128466	4095.0600909438385	5180.7985709521945
9097.076811756884	6403.5047145059725	5795.474733496173
9917.19744920502	3603.0380823888268	5121.031041687673
1207.3256348653024	13194.903985382365	7501.73125161095
8333.042794983328	6240.764923039582	5759.001541024239
9112.341004653714	4523.268954840996	4138.696413447148
929.6044822812197	13721.542614278322	7737.61665517405
3348.6615771009097	15249.558451319608	7050.394104571126
2848.975856376664	16092.543298862804	6916.919223491358
398.9459488802153	13875.157590362842	6786.239728827958
11386.411952101593	2222.0306939088036	5008.606352838718
11392.734266560105	4266.209645364341	5249.515631698803
11077.962150371253	4489.667862805206	5255.853732101921
9876.48840467152	3876.9877286013666	5228.067851794106
9635.806258846316	4174.633249020856	5459.398354108488
10341.730491545595	4262.990468128896	5288.865710223588
7912.681598718205	6449.337125112768	5092.679180791727
10769.235566624064	2831.703054980318	5590.822691960183
2531.771711438362	12211.570334275493	7124.639743361544
5921.055427753017	8386.552967927113	4897.698880267552
10318.572923112828	3526.8944582216172	5825.552551257025
9010.616286306797	5570.709740806757	5039.828987235256
11339.413275948225	2275.184892730546	5037.595318430792
1631.6843467264168	13158.356589208477	7210.5432460270895
9147.792213026305	5407.179336726345	4984.80741900137
11126.368226624823	1034.9770682771107	4998.925322260973
9083.82106287379	4828.767627273716	4718.235777211658
11034.13374645936	4280.115313078886	5583.829221852427
11752.204456770372	3544.245785952513	4908.008541445122
2382.8419038777715	12151.862253044603	6661.222138338655
9789.621043363306	2305.363222835215	5530.704339315362
8252.364130206748	4089.0571755470082	5014.559613529979
8488.736791813	6500.442519942802	4727.107748164098
10558.040223253185	3313.330259451161	5106.898939169463
11637.399266778393	3442.631246091405	5457.973471804843
10691.75742416737	3996.2583213446346	5122.076006317939
10601.514093618343	3950.3107200669533	4444.5034240932455
10504.481011418318	3663.868600499766	4377.214013255721
1624.4474671497287	14700.297655530905	7877.290940164541
11506.092968322733	2741.4681037184414	5010.559751001473
2344.955799141597	12742.336295093544	6802.687235212599
9075.65355459596	4553.328459682995	5271.14304747436
9970.767693423571	4985.016200743424	5349.10846303443
9596.900076278635	4683.072219577456	4583.84061859399
3726.216727221306	9558.1050452516	4727.398825752459
9661.146629726076	4025.665772179281	4809.748078353589
10822.547687441995	3806.1879009179115	5866.052322073136
10073.262180044563	3101.497677418081	4966.678313353128
9996.49008266557	4136.67039704597	4855.210646070466
7215.745166732749	5348.335307297467	5073.953227496155
1723.7023288799312	14447.804687014253	6934.97780568793
9120.254640515945	4074.9906344666765	5210.753243034677
9761.141368536924	4659.530726955155	5201.681382938616
9360.372163745384	4040.7805910322286	4944.862386452378
9629.079364746329	4943.565892706694	5083.582999903345
10459.257250355797	5715.207552108079	5458.947539092771
9571.189140977152	4269.371649046462	5265.848275483457
9545.9621200653	3590.3796690448426	5914.039897075165
9369.080520270456	6746.745575434142	5010.750594371221
11562.18664559578	3476.073824399494	5356.53242160245
9195.101449608474	4977.065869896056	5803.96717688053
9725.8361738197	5608.924704083822	5154.639211822204
1414.3726266240787	13400.793117778905	7208.408542227461
2079.0789325000214	14105.799547465034	7423.441763070859
10372.87947671411	3455.3010820843724	5372.187162327802
2295.437615978958	16090.14812762902	6763.53875868703
2308.2052333268466	14514.588366991333	7151.279514194475
10614.91531473153	4844.310994746447	4980.686604688995
5347.047633065794	9771.953868157141	5213.1960921055315
7151.034497304352	4646.180943148912	5081.008575126314
1207.179359498696	14136.101950330321	6811.701475912971
11266.78659196309	2778.8650855999895	4802.42891925609
11714.047070143071	2375.7010204656635	5254.712308528619
2455.074805957283	12751.146418923185	6942.043227703213
2453.728502516372	12322.794229502564	6849.255897066081
977.3993857779378	12569.494442737137	6680.606573704204
11293.215452152095	3528.6021251025268	5061.59503015268
881.2223343305701	12987.657126065533	7534.318826854786
1234.5289594948817	15158.40464811709	7140.791607017962
11009.553208309757	3964.4988353600384	4989.3095965461325
10599.674416095382	2828.9574831761233	5183.563495787736
8557.26944877848	4238.412242607368	5225.670857845301
2474.894012964501	11981.6734241745	7065.70883535611
2092.9724329283035	14012.510947422556	7336.473639923764
3014.8994373368896	14315.372370194622	6925.559603656751
12529.078416038432	3986.135769549442	4742.367358109522
11203.734177102444	5145.264174269656	4522.02191887649
9365.883129815593	6389.680527210867	5154.044439909939
2657.617300442528	15416.912595790733	6200.998436136925
355.93105362787946	14111.736389031297	6494.812089561228
1404.7004467321717	13594.998507103124	6058.75908755732
11687.725942871699	4315.176132894856	5186.31379972828
1730.289074325589	13389.99310538931	6623.536014862866
2003.618030766158	15499.596377812628	6365.590585817357
12061.247084121393	2731.9552378572757	5453.412477537583
1498.0584340390226	15622.42916766471	6633.566988175672
9201.509024465371	6062.715612881492	5248.637890180322
11041.489301819607	2614.8743763332336	5937.230557069441
10349.963432742501	4096.1658994597265	4931.4976058032225
10111.356324727765	2573.619015828437	4918.500541575335
11049.632841896071	2675.8879390652187	5195.560062188461
8985.897671062421	5577.748711608403	5925.128288262771
11919.327635420894	3130.6920653319426	5248.234418159503
2340.640654232815	13801.481023279057	7050.3486628075725
11619.813695547196	3742.51892331203	4845.060888969061
610.5491442480051	12028.595915881433	7081.12848385151
11470.210810344688	5022.961419747522	4823.077649623429
2770.4928795421815	13396.947693425533	6648.4954438837385
1512.7765379615405	12801.74894098981	7758.352310691802
11390.988826306739	3412.391655079943	4749.087102770396
10502.42432520041	3302.7572550804225	5342.389487462489
9291.175144152934	3882.3544612577316	5964.560425046387
1475.5244648156531	14556.86802383684	6698.25152594234
9426.565200682528	3988.8401953369685	4985.715947942165
1365.2498792322226	13862.999917685538	7500.426675818687
11043.149806764917	1634.3386379202	5124.068798167493
1901.3203508137244	12902.754000570036	6440.050402374229
2346.9832764325683	13803.971948098217	6988.899485793824
10108.624666906013	4005.1563013018203	5112.7753915216435
2871.116944438728	14042.426986096603	6344.552036891961
10695.449878671354	4534.906493386506	5526.903905989917
11447.634614711462	4004.5055715114295	5349.346391973811
9389.527952903936	4373.613026930702	5441.546422603751
9112.044953551434	4521.915086055251	4725.948982802921
10309.931017162231	2345.1582673460416	5324.779630463675
12045.106144556601	2808.153258117089	4959.622747115346
9211.844210325618	5970.374836583394	5390.631663821784
2092.8937797670073	13378.79704722884	6832.632032148822
2402.5116840774754	13110.197700363671	6802.442759285825
9758.629813533007	3027.421535487615	5340.965439664833
12261.753029602136	3271.0817691254083	4813.847344936851
8574.427061992381	5184.56058401786	5188.94685821627
1137.3933747245344	14249.296098698504	6506.6689801485245
3076.0846209085616	12971.327260633576	7277.214123755247
1809.418672367855	14964.900839161559	6874.945581101596
10971.018567385187	4399.526967512825	5218.728682784779
11005.9935690431	5224.106355020157	6189.241158080087
12104.530285296822	3503.102777923497	4794.194216781751
10670.845207956752	4015.2799219473673	5286.251155911227
9564.829121662595	5929.652561175368	5486.6449596488765
2339.8059890421605	12958.852009298886	7359.201253872195
1128.7058669022301	14472.920991679615	6609.4529149904065
11044.274953958793	5452.0610358435215	5276.660387410968
1085.9152531849093	13611.969990184332	7013.936225438873
1152.567039171821	14728.926218189143	6801.196488193366
11698.095974164145	4977.3120793029175	5579.18067671298
10908.48424994403	2709.1871198356903	4958.977096282337
2414.7132599934753	15820.739207910497	4893.41288679455
1722.6335462920295	14098.032721314725	6368.362168628981
10883.551606327477	3457.999605662104	5072.848360839129
7375.098293755412	6853.14288778782	4749.931510617552
12159.821782589106	2780.261411912967	5540.274534696194
1815.1261189231188	12843.257931610538	6746.076189296074
11378.070142336335	2394.5976305766026	5330.365244217662
8856.550641258968	4751.1704411151095	5091.6616473679815
9591.883701759914	4032.6606542413383	5347.64212882945
9427.264170173165	4075.584531991787	5411.454663171755
10507.241824104947	3875.196458345871	5292.00726116621
2920.7470121711212	14649.458148453821	7308.692633856865
10148.8234984767	2830.9396207739755	4480.984473985818
702.9251366581099	14149.59019809605	6611.381538398798
2048.6915567026604	13452.499277181185	7689.910783182824
11239.209266285043	3614.504555344776	4437.765758678889
9535.624385406916	4232.707748784322	4938.143053890675
11389.314667365621	2380.98131766207	4475.053735520867
11469.861443008997	3690.5524718329657	5226.302098172471
11078.794408876174	3259.5591474988755	5273.5712215947815
9952.910274187056	4876.44374189368	4803.59527162554
2314.754256742591	15181.472892451604	6199.7009710781485
3305.2257246670747	13104.991501659544	5875.146654157721
9917.268620718862	4002.40976144844	5131.2034715535565
11423.305270087147	3675.2171585856354	5104.9382338888245
8836.09961661976	5953.959869184583	4594.200283670652
10329.381972195693	3235.5368887317104	5091.335832251518
1960.1679443126707	15015.688436287206	5534.237970304276
11702.309219978351	3200.8852068246556	4956.319812430546
1697.974494432251	13520.094923743522	7593.420068364626
9982.2034167254	4201.749525714331	4989.460405800527
9943.721866591615	5008.182996096277	5152.97612016423
7040.88792235047	6494.97326820733	4926.4024485675845
10852.50612531052	3364.1157553876565	5365.245493623841
10727.453329104192	3294.426570753298	5244.146700488764
11470.625107519549	3841.2965077780227	5723.02815733514
12343.17914448144	3548.8070492492297	4981.760621343832
10662.86511103079	3865.4395684636024	5406.879505655811
1942.293217441602	14150.129577687758	7655.352040042248
9821.61340893071	2346.2086703218406	5488.754111466089
922.428513444216	15735.975431200399	6319.534913413113
456.1444143726104	15662.624887223748	5782.470771221434
1054.7409777889093	16238.461912691315	5344.580050058013
11906.458733650534	3632.5393860080108	5216.730079982591
1623.310250125718	13340.50053640458	7452.220173885627
908.24660935836	14324.29420415933	7308.474832053643
10929.484832090597	2205.532087558901	5458.345612153771
2024.4738382269356	13170.950488638304	6821.33344664438
1982.4719875972417	13575.574713043003	6854.21740360897
9443.957045426769	5518.662522075226	4853.701121791907
2884.175688562537	14796.164378981528	5428.729332924239
2024.4584618704323	13824.130481455617	6961.8014730560235
3149.887966152143	13331.05173154169	6917.387899519062
11758.919307094386	3886.3425091409013	5249.825506734789
2019.2630303872627	13026.67388797258	7393.515691481597
12241.859721046694	3712.3462696953443	4435.633041838167
9842.171896212783	5254.337632236692	5264.001502030401
10463.451866634769	2872.3234304471134	4832.076684079642
10739.158250366363	4605.496313026862	5379.581257964236
10359.242460084108	5418.178598069831	5411.096899283793
10569.547731208057	1390.6107823571735	5223.759774979788
11221.060392563364	1678.7731579696313	4809.333398588053
1047.7752877281575	16050.341236339871	6726.68145776591
1200.1993379213852	13353.387973678584	7050.074126828908
12000.408468990081	2022.6499095668148	6200.019591636301
9897.539535919825	4851.139730584499	5601.070369317378
11211.152981972673	4415.004229701174	4967.217813290167
2704.6605997865136	12660.654745414628	7224.464951060082
11330.664501472947	2295.2732582344506	5219.522260766332
8685.149647193331	5430.639450911927	5109.353850721024
1276.9863030191605	12884.31262580028	6845.559464627085
1956.2389368628121	14367.21758592528	6976.306522992065
2414.7705448157285	13057.597290370226	6118.303397099208
10249.552251370505	4160.960045340383	5862.372812168421
9445.257155739198	4769.996182915396	5253.500791913103
10619.773073915949	3226.2003273325286	4541.010039904391
2701.1333307051614	13657.504735522463	7098.359474725982
9726.85470848106	5386.848448534865	5312.902697599471
11241.037542020173	2192.620562506496	5809.254492457341
861.1818627412505	15692.084999163295	7224.446986181607
2495.7510383191266	14087.758564576992	5309.351480089909
11342.62574236302	2507.3705468075655	5165.434466109377
1702.2735660751803	13999.771630979552	7342.24486097906
2124.302587495617	13352.513015140263	6849.237082429149
10210.13129677888	3210.4600659112252	5455.131275812804
1103.9472331844422	12895.483096548805	6976.824825791744
9363.486273749879	1971.50331284514	5339.477055031145
8853.12645464479	5813.055503980496	4967.105603865185
1420.2633966841345	16063.858331632986	5125.227826406143
1667.794459237716	12159.917732088066	7517.918460550883
11095.84683124426	4196.6007236562255	5467.228806271423
606.4045357335166	15762.257464659768	6251.518771601409
1453.6345089527524	13414.127881534409	7745.80022955298
10766.771433454318	2268.263680956408	5611.935010348055
2163.019891919925	12269.840405951601	6818.1246628975705
11928.490167862697	2536.630373422421	5452.0083721590245
2353.622460089278	14481.3116613049	6949.125707958168
11384.243682004224	3521.6944056033694	5394.767121331617
11480.04010380421	3354.659660296733	4879.341870825276
939.520311442556	14407.13910613827	6563.48651951468
10991.601075480794	4908.392358947539	5291.604153932348
11246.75439185257	4790.084829608077	5352.151523844689
8932.111555654878	4418.581124732509	5252.66613815942
10366.950817394067	3702.900349235086	5146.351474912477
10285.353805344923	4737.524022008478	4555.748798447403
633.6526686175059	15179.994269259896	6042.207552512047
5828.540440556698	6717.205134852397	5817.958425362294
1803.3404844630686	13971.366106534562	6644.04303002444
9266.782302804371	3883.3456512532293	5710.5857684374305
9946.166823534288	2272.4903721186097	4944.529797329042
1751.0672303506462	14120.000884116485	7121.88487066176
866.7864214556524	12854.274941040605	6490.8380040815255
2793.6008222964097	12964.854764383384	7205.61895340384
11311.871958548465	4077.8586972648977	4903.6426208170105
2832.046133820512	12533.886152989027	6832.626363712885
997.5569234160602	14140.424184471	6748.391530813279
5659.30235347731	9901.685113917723	4524.672899835485
11071.191638114991	3285.48436552813	4888.985288799978
992.1578201559572	14926.34658141176	6694.269121162501
3006.629976835473	12106.75923789265	6684.120754014696
10844.130981031736	4847.732722541432	4777.902458730264
6390.445479299768	6709.121208809086	4841.792043492993
10535.818701398053	3818.8191703860484	4502.802872378254
10369.549897930876	1794.5010594266932	5683.224959736176
10496.703075434574	3559.600227723368	5275.582273530265
9855.457257631271	2737.032698727016	5568.00697282005
10502.217959432128	5049.260332032991	4564.962136274783
2339.2628331710052	13990.445255085875	6660.825172753039
11475.510518513478	2491.698876758232	4967.940185400875
1657.6170926673965	14119.613171640727	7354.914195478892
9800.206107430691	4456.599493512051	5235.5026730129
10871.9950753609	3123.6010797900767	4792.9725574945
10606.37218266567	3390.816100194854	4721.643115144026
1791.8088222660472	13109.56723286691	6956.094050767828
9539.504889136379	4445.069431348956	5208.380656101466
2477.48403688594	12774.401594335788	6685.268015039172
-439.2480141029206	15317.304406941515	6985.105144651329
1753.6868414209157	14269.745755065636	6698.753970086924
9074.127710066095	4706.2298782507205	4474.133248339065
11753.517220970532	3172.268434867734	4901.314791899647
10173.333947737665	3813.240192706759	4699.600480136557
1300.1267154785128	13009.085022845504	7313.070067782772
11126.08254549734	3516.5322312544845	5108.922895749274
9549.080067876419	4997.321352767937	5388.545249731942
12363.705884377923	3288.4128900564715	4736.382677671381
9742.45517739242	3895.4813827526623	5385.423041001305
