9923.229345704953	3300.1673246157025	5553.0704714750755
12302.254643507533	3926.079499011965	5053.747633340751
10273.136373626365	2706.0089253697156	6271.952206724371
1368.43104682055	14238.76199097531	7609.322292934279
1704.3301084222526	14980.834497210608	6770.834232204474
1965.648936940293	17581.481731899235	6846.664214629684
10830.206450532138	1063.8338165995642	5083.98417292852
2023.160928056045	14893.701115058551	7803.259215821424
1509.2085397327219	15876.173976484504	6928.702475475188
1814.4682005779634	15356.202634190611	7026.853558765637
114.67749124360039	15581.17005948764	7388.430003636501
10979.953446528545	3061.9357998628825	5403.326170626952
4513.294217277577	12524.62361194485	5635.9024837890465
7669.881916516827	5552.858918209663	5194.642167418704
10922.051500227863	5156.376265857226	5932.0076550181775
10975.503342891243	3639.8297871246987	4842.7963739469105
1349.8863769562868	13021.750352796951	7124.971670303451
9133.200021893665	3895.4404085262363	4476.424055684781
9401.709054896932	4858.003203151731	5298.164935106982
1209.9439960169643	14146.43155961076	7531.63080083161
756.3278348279187	13776.948043012495	7257.132664214761
9567.326364998105	2390.953125630043	5725.934033207509
1996.9064329975372	13256.477243885658	7467.774008935677
11007.94788694182	2467.5302958244556	5401.895390661885
1279.309337008101	15080.735379787979	7222.070273421245
2592.175337343416	14537.371984398107	6924.527285611322
2213.9554196757276	13502.228658107206	7865.056862268976
2727.2391478796285	14633.585779910627	6688.953438759907
8994.873269202097	5305.647554659994	4519.212093473448
536.5909635505875	15494.41055003871	6614.739102108002
2269.2322103165043	13651.020330801555	6803.380256415003
752.3536218101876	15364.713799005149	6609.2227175854805
2858.431772969286	11826.363932430511	7533.485335860492
2963.3331557945767	14477.393007556459	7805.523709479037
778.834147715717	16719.328069053598	7653.289960252128
1933.837743354554	12881.780749755755	7147.523310139668
2623.6811535162788	14750.185651676415	7721.951751075348
1107.4133967804094	13681.387309867941	7195.412741597506
358.5569029338338	14735.333619065503	7160.955308866497
1339.5546074424144	13313.852422178512	6999.221361476391
1161.4551228511812	15475.24190667661	7215.373642829797
8001.312073462044	5223.814167330083	4792.196229866584
1664.6945971605278	14068.551161522124	7530.574951017951
9371.603776949916	4428.870700886338	5015.119254631174
1638.4131481965323	16493.288922018713	7195.00105644949
2001.559910503616	16094.690516988781	7302.020792683792
2499.018878058328	15038.32039997638	7279.687429003223
9041.00079645866	3188.3759698414005	5454.027468716155
672.480845430749	13040.154701879814	6888.362609269703
2671.4055045876275	13217.010386698465	7488.86488465833
2196.4276901511607	15050.845362568933	6796.406054723432
11568.279956882949	2030.0821726207168	5600.069334713371
1859.1959987101761	13689.066298447979	7142.45904735857
9914.955063166526	2454.542245901032	5643.537933571588
1511.3585214183406	16886.50935665564	6565.969596977912
1437.9848544424863	13265.60931732785	7305.237095200009
1013.5441318522833	13363.675730801117	7141.771156467223
156.34311095543197	13396.388164695625	7488.009971733884
800.0587988686124	15929.435921126482	7257.543500052783
2132.520403879639	15025.691797345089	7092.100514543949
1585.5800392830297	15005.752673990519	7077.80222580104
2329.8074109963154	13084.647122750184	7326.66322531706
10054.0369022663	3369.7103098522607	5518.3259494098265
2204.873991865616	13398.473963292561	6956.830187612835
10436.939407311445	4744.059499503008	5772.087430996299
13157.205680825002	3883.402786645513	4648.756921571082
1111.136553836415	16864.61489783092	6590.991075470195
872.8162363409054	14985.970777533705	7192.366186758284
3.9744750022712076	14716.945368275145	7309.035212484275
7962.415063917068	5400.732362503331	5331.2763345125195
2359.9805757712243	13446.234422376001	7396.361939714252
1362.6856286878854	12044.684185192978	7187.889164405226
2175.778154582561	14004.888109668174	7373.351411812914
451.07567908233335	14516.99642921706	7215.45510468131
1861.443061667372	11971.511791007619	7311.523580716517
1744.4239835068408	13993.69083367536	7360.284441020103
1155.265490100128	14960.751304668753	7095.914209774666
10683.101752986051	4267.8351445747185	5153.5335587179525
10641.927427841834	3136.3932739365328	5097.557215587484
2181.962021307073	13142.679675061117	7766.2245240826
8692.403679814786	4580.590863697952	5517.998714539916
10559.252532057806	4189.57635006444	4724.892491516195
2799.2107510505775	16383.875037274927	6567.955200643798
1569.499043421876	15224.971837962592	6230.20957642363
10366.427232502185	4969.706858129325	4943.791951206079
2435.531916124952	14274.317826491613	7337.763439419764
11200.213616804092	4048.194581232657	5750.70628917215
9535.530957416973	4575.555992694866	5490.12984192456
1176.0411907978594	16411.943947692645	6763.937258714728
11061.227535953652	3780.4339403588124	4917.180211048662
1786.1076812035383	14900.044181190082	6190.019668454331
2932.758273471492	12382.332672067738	7233.941975281369
10099.855169945107	4251.382185751946	5461.300781186422
2341.023963233801	13698.86895364824	6787.370467669854
8272.484393275565	7443.90377843635	4853.881947469409
748.3230823894289	14844.275454843117	7210.957679265204
1835.0444788673071	13541.721192366937	7393.26449279651
1244.2835877769412	13830.906024891767	7633.187643458436
11329.89381491284	3616.3235041412195	5462.989517292894
1351.2048596099928	15042.428224004701	7007.982168242653
722.765982847161	14603.064403122979	7018.413910524238
3045.5239873845635	14409.054650410482	7130.31693392283
10187.279961193333	3695.687351942376	5761.477568249478
1739.6636935869903	13617.067730963612	6858.016423404363
698.4844067679068	16458.234594891215	5791.484146951558
1753.5579053934498	14627.571025683277	6590.026282758475
7655.306534610656	5327.8901781461145	5234.7661546839845
2463.6247451304307	12390.431726644452	7608.337855569004
11103.286090333904	3333.1899194705534	5643.558827768432
2107.6370180417885	13590.461296144505	6822.959567757994
3317.0519962442686	13960.506966831832	7206.827926454547
11180.214840373235	4119.903644089051	5770.825736760903
2361.5707129653415	12254.220295724324	7574.012766721906
1011.3562202333045	13676.665697840488	6949.550315220827
2646.0040581621206	14881.45038826966	7439.672054536991
2047.3083479072973	13621.100439573149	7075.044259395642
3482.2336221268647	13418.11472358555	7184.681291010497
578.7517849137452	17603.84020550548	5637.8503257644215
2471.533892441737	15564.193623990845	6631.942413903845
2012.013311812764	14253.607687214182	7401.1645506184095
10215.018747632954	4432.059852940542	5086.357480684706
11365.817189513695	3468.3128860691704	4714.4705007547645
2708.554029219492	13953.161268394095	7743.207372472603
11121.99493648033	2558.931694117574	5409.599896520125
10906.98397659101	4218.282983203804	5210.870841383758
1711.5099951038444	12918.32845581646	7096.16709033699
1449.6217667757085	12972.173969646432	7450.489848141851
707.6982117285173	15293.931829677918	7164.973016275712
2237.795892023285	12297.472570028545	7116.484216437412
8659.732579463633	6055.691993743776	5878.7552262668005
1906.6273662062806	14142.645780307854	7276.832538262101
1156.9832700021432	13775.597541624213	7407.80105364259
3019.9378495541728	14079.345928341047	7608.997860061307
10224.210791100728	4998.19949294341	4785.520511046565
1762.725700377088	13423.798720146373	7291.848443419771
11260.370265151796	2035.143219708194	5530.230721893482
301.10561809193405	14908.260805585218	7360.426835992566
9596.95478727162	4903.3495500392555	5078.417159196481
1274.124746971545	13723.177875743158	7621.795530095456
9272.848323091297	5829.168500548365	4388.608625648308
2619.36658678003	12086.962462613781	7021.692771731509
1081.6275895211209	13687.709729449003	7486.171905569356
9512.556513957732	4143.253383833819	5023.995268864134
1904.2196477413788	13882.720321477313	7592.412135275647
1035.342508732448	13319.572680767993	6642.180937103073
10241.808458921885	3460.854077082895	5357.957526320579
1459.368770014029	15386.80368614775	6839.558974790121
9195.866976645137	3824.7255805709456	5392.2615781353325
1510.751128400146	16406.19722682612	6868.434993624923
9319.46468564615	4695.416421176707	5525.533743187661
9658.644331589794	2948.0894509043874	5900.789239016489
9148.632551081464	4974.41183272848	5218.989404105461
9718.009088209492	3988.4713411892503	5429.035063541384
10175.212318106627	4019.5932171263557	4657.512440896883
1348.101689705035	17133.18883498276	6388.899114755334
10145.411048431024	4966.088027166316	4973.140274691514
10169.871788011213	4343.748471890957	5487.923560839673
11366.243978914139	2984.6410282683423	5188.905908687799
9542.98401196037	4198.110712727358	5361.716613093763
10333.727409617008	4014.982646578729	5907.138093662986
9844.04951552912	5438.27828360619	5131.016783828566
5950.278010132037	7181.325388153542	5160.39055528945
2780.275219501163	13710.571574870226	7525.475856610214
2269.8147060431124	12850.064777438016	7640.284390135793
1633.5343589338652	15269.161928402478	7477.951224204347
8277.817653277125	6335.180040190175	5266.044129718776
9527.02065206821	4803.7620345799605	5771.908690156677
1909.917955866759	13422.320286015094	7618.659023605028
11386.884580628392	2705.91996777461	5137.303433512069
1311.7310118938992	13749.022161933291	7232.610717442406
2909.3918415218623	13605.498046075958	6983.284127011668
1068.3354431039722	11951.994272541737	6693.002052779306
9472.494450797389	3641.671349449925	5418.041935669843
1796.3052216271353	15401.935454938157	7170.794368154744
1811.6502234651239	15097.011555485955	7500.820760750392
2375.591937241348	13678.403104677709	6788.323184226175
10110.045597376471	4777.146246956081	5179.946283699678
8122.977081378321	4410.60177713143	5012.462366316809
1059.5337932077487	11845.909682958101	7215.736458051402
1103.9637961770645	16665.944307380505	5189.805809480688
1606.3825235015638	14413.9648065254	7092.3626443403455
10322.395662913881	3432.6484213164654	5496.30407091138
2067.741284438069	13161.86216021418	7789.64827416667
3049.2654220930963	15202.364719264207	7346.244567781033
10888.850642569922	4136.3731280041575	5754.472828191821
636.0594215999904	16790.054066767425	6194.625103665327
368.3636953883171	19055.58706466058	5514.626040166753
7013.534029053419	8002.997943994425	5116.591361755119
466.28507900936205	15471.459301432786	7830.245767528667
1959.9691762068298	13390.628813605963	7418.716029437798
716.7116436661897	15671.318674439312	6917.862428241021
564.0847283845607	17669.834969982254	5752.625693727529
1351.2193867064059	16624.16357298824	6567.842341068669
1024.6542601560304	14127.676342960907	6704.272098330028
8584.7365987851	5237.651707354305	5094.264829190398
3238.6356998914002	14619.30770116983	7385.691040508446
2011.746664507472	14396.742453566076	7192.082678231235
2052.134270602619	14066.256253047393	7517.185056771711
10201.264521836396	1971.0457765518083	6135.623890897716
12043.749853744286	2482.8163242429505	5037.325483238152
10404.666235284825	4277.370700220681	5170.605343716404
11433.836776213939	4064.1945658355394	5447.7765591616935
10162.25886101253	4077.4120518428595	4836.503064388654
2052.6395175792177	13061.20154570968	7617.532938316517
846.4119885795462	17347.24516978647	5953.988664723066
1802.808069784066	13664.980293479355	7414.8675072767155
2401.409835479861	14242.51460466582	6934.6692276115855
1550.0491822715028	14232.528761616535	7401.683793098438
1909.2141311971009	13238.144938617592	7870.357028977055
8937.666528603137	5396.357710806633	5365.129610721283
4383.973583139226	13165.81861702334	7396.550008083692
10459.358914962824	3379.0080297861	6204.59040982709
10223.09274103938	3266.549171714686	5269.385608457963
2374.840370856671	15948.08197695537	7250.134141196624
11191.54517785027	3033.560430133442	4999.6274423975965
2545.200232647828	16422.257818537662	7168.553379196335
423.95385684059517	14035.27194705578	6382.1914019105725
9834.280754210718	5349.759290886903	5826.024763098871
2353.383265897558	13281.5735126354	7598.124965201776
2008.254105010679	15702.094614911368	7233.161775376568
1572.6868052242346	14180.413306769085	7512.039611735628
2973.4841859608473	11844.712032666983	7552.675943792411
1812.9817225287607	14363.58528549527	7124.863791846717
1452.7839515726873	13759.339264256896	7629.135412935674
1857.0709766496946	14610.411205218805	7063.6041068527475
9955.727343021043	4401.781165755483	4852.895479190023
3368.469992828217	14544.32306141212	6771.173306706554
9042.73299309079	5301.120832864896	5453.594780325477
10469.821728058967	3653.113410802152	5370.140545409059
11525.461060382477	4394.749978891842	5209.080985743946
-512.3832964271318	14138.032051731177	7210.831987494163
1029.9826098130866	14040.780782918657	7066.5226516233415
9677.790237366244	4644.439484906191	4745.599872648943
10747.53062317081	3123.96926338112	5236.546839961926
1839.1571085080166	15312.07184819814	7270.732552243401
1479.1560213167156	15618.1996713451	7108.669256555697
1448.290330165351	14329.737231498635	7087.942680325336
1394.9714182961613	13627.600506791621	7370.733166909266
10021.087553340749	4447.880964761482	5045.494483022404
1675.1588596553238	14934.148888298327	6936.424407584521
1231.1548672710016	14545.461508078517	7154.471715809503
1236.5472392112704	13104.987970680912	7325.424680845613
3003.7562908006303	13435.312212248871	7272.888880504674
1887.014070519771	12551.781639539055	7494.61289917715
9976.109796515855	2967.876950647341	5717.450641039202
1953.9671008514238	14877.062791517086	7162.327504115322
1041.1124618859774	13902.337960806914	7264.833849815391
1502.6279358587874	15613.61028200353	7304.0529840175595
4943.500630010772	9828.723815941961	4983.868206166826
2714.149527292874	13251.762920038764	7252.151700212442
1376.466169012088	14960.438361061146	7087.846703141206
11108.80568502996	1815.9982889096175	5732.647298021466
10927.547643213855	3243.3044222643757	5670.540941628186
10876.199677390536	3333.472765548979	5571.905405173411
2284.540813962593	14455.150783385698	7337.309367076226
932.9225320797241	15333.536887657632	6859.594633530862
3379.991278059396	13372.93244066373	7294.839140327004
1428.5955727320713	13954.354519960514	7168.763466409418
1331.6410425210365	15197.826618716708	7114.057608501523
7689.720090650232	4844.68643656053	6052.49462202283
1677.8846150112631	13914.069790753436	7544.620228601698
9635.915339211226	4190.7565356411405	5586.748238761546
1469.60784103468	14712.360427787762	7255.279991013497
8495.271192458718	3930.2962545183345	5225.995962810552
10084.313623957027	3763.823487611013	5061.270933490613
1048.9281400957123	18323.591948947073	4987.281633750302
10151.225296888442	4818.391623807436	4700.27688107174
1657.220266034589	14839.830706088771	7236.811094765024
1123.4579156205155	17169.278968606228	6563.102322406619
9982.929554920896	4638.630811782757	5055.516206619729
9730.273356148131	3241.093356835872	5566.691914744746
10776.213143797182	2283.3586248644588	5795.026812216097
801.257397987458	16423.294947306	7067.341171765901
5775.561840265209	7810.310868190373	5238.275865775041
9927.174671300227	3742.561595727287	5619.93136815841
10979.093098067939	2809.6562390595236	4450.401124295866
2079.679588459291	12610.170802597155	8023.91965365564
1735.6600505858353	15208.142180408418	6989.062014486103
3519.2240150751013	14006.241898685279	7297.716564888804
2311.173571960326	15761.825841607591	6400.424326924904
11903.558439032397	3020.0179849461983	5337.219396740743
1264.3254741388128	14059.437716148668	8063.029664690772
1253.9654370169449	13708.59668837311	6798.659697340168
10477.724424472426	3871.6468203101513	5722.919572810268
1504.3184072169072	13229.837087808935	7019.105445893755
11918.555092718034	2935.692805263719	4993.110977199821
11018.237815900959	3741.9888837055855	4992.520930152319
1888.5806735722524	12265.243297131796	7290.324375796449
11370.460505863948	4913.351869075927	4665.7524290838155
1174.3507922860672	15554.293331175346	6673.5200604988795
2253.1625678721284	11787.546357145187	7332.937782043838
9269.96689146806	4961.351843849688	5072.623111903256
1795.6089158964055	13261.057686437769	7795.3558959760585
2892.807563654082	15689.397601509849	6477.962502702207
1335.2760593127493	16538.07485341908	5509.7065364242735
9733.214881170401	4616.621638362298	5403.1175067865615
8342.720832093166	5108.116787980334	5654.673475705297
933.6995635700649	14489.111812992349	7230.658617114124
3193.877949459922	14473.673230444649	7604.169140917582
2922.6934905732905	13384.597713556019	6929.894605174071
11917.838730604242	2744.956846147395	5691.909178082168
1265.2514582597332	13048.933179815447	6951.62004197241
2048.250466083725	12538.894140617573	7491.876287824528
1946.1163428617774	15985.976652444537	7613.938647814129
-328.44326333258766	18998.879839091147	5939.6004356646345
11112.322702936164	3951.253401364624	5272.409980168891
11515.79431290429	3544.016613346344	5470.60795144367
1470.4740378493714	13808.706708929663	6822.967510068848
697.9710430182266	13995.27252899819	7507.692849335011
2677.907014284269	13803.22749017665	7458.149176061852
1430.1272452165194	15651.22987705753	7169.068799499133
10752.362192380217	1941.4385086486952	5006.064014197971
1713.427598701398	15732.842759200925	5597.525432554282
10256.19323939253	4605.378712036063	5066.377883534638
446.69546362504445	13904.110592222405	7612.381044171756
673.6793633958407	14131.338082481921	6823.768165117791
400.7801057415487	14610.61503886498	6813.864662431219
1690.278591815325	17503.763175491014	5372.387346049592
10003.98164024931	4743.254382586068	5251.892714064383
4890.598248089615	9918.664416283802	4981.45397756099
2398.0489525911235	12834.257963101949	7820.045892241418
10385.174686579649	2289.1373070898767	5715.3009028063425
9729.238671224986	3956.938406114627	4890.74397804297
11586.639295556308	2116.0863290782327	5563.9542274199375
1514.9513022713684	17918.53462085436	5139.226081965063
10169.675072247972	5159.10302538918	5238.070380623706
9853.914105489286	5855.624270208427	4277.297076437999
3934.602932574227	12305.807867702615	7052.914480512713
3603.8785599535913	14811.861177553426	6944.856777764694
1848.560406246651	15650.169549954506	7712.102962086059
10071.238522508369	4561.250823061134	5014.715756623332
2333.7004542675713	14999.67229038692	6946.24824886713
9123.378975524127	5000.250412361	5369.296245989457
10466.802206393879	3980.115441621811	5925.978662368918
9220.46874742575	4616.151102335919	5890.6683305334855
910.3452957476292	17352.36980447548	7142.293354854158
4802.638391259917	11757.692198498076	5255.265256492599
10399.966951921862	4740.786235555468	5958.013265869131
10324.847505477432	3147.214525753567	5699.934492294926
613.5203184918456	16415.588406884483	6838.896823879635
963.7145835663468	13659.720605230228	6941.649877595787
1716.8722090762303	13708.109959061174	6748.570115127341
9612.658284417934	5249.327582798541	5368.663076038225
617.9082200837036	13667.30544674257	7654.992966271451
2611.2598352643918	14086.056262860078	7297.740052927076
9838.07505462916	4870.840030586801	5401.20804123591
903.7745968381515	14224.32378343476	7247.630533010657
2294.423528757549	15307.747312390678	7452.16815618629
2075.091018988344	14914.142369426057	7463.806796669719
10588.815608822784	4760.07055570879	5527.368223303521
2712.37019770283	15447.079088972905	6960.322862486889
785.2956124207753	12815.308964587568	7769.887650171134
897.1837406077025	13345.18580406394	7452.194467322126
1292.2011599434513	16210.443077473497	6495.211390201973
10165.981424544952	5183.722078060893	5242.360085159474
-482.24666462756613	14548.125080370959	7355.248254837127
1020.2314336788835	16160.684466163433	6871.649157825106
3260.4629395629436	14725.951056347056	7556.471269959737
1918.6252126762051	15112.936465401663	7460.167002824538
1312.7565113381809	15050.428246627738	6832.4200139920795
11012.584172968494	2475.301233658548	5499.15640667983
10457.87394236779	3500.5220446374487	5910.182748154108
10462.80728729649	3777.0145936133786	5707.275974561085
473.29679785771174	12269.805797993295	7368.294428253062
2370.7541014446015	14319.35237218914	7014.332064579432
9144.262125165164	5579.647462721124	5271.0489987103665
1987.385832532416	17580.802504407035	6411.645764569695
2172.409930198288	14093.288607666045	6632.920257506083
1691.988385187574	11057.205178355296	7533.528353747627
1932.0608680963087	15611.286719479722	6477.4509434501715
958.5044644364865	17025.131472911933	6430.904596179596
1606.823966721792	14711.853257948083	7224.848497005636
11567.71598124333	2522.3333638662707	5516.587830671753
2025.114846757866	15286.163628798948	6855.576602979507
9135.493133246177	5823.046964627451	4394.715599955075
1241.0089211223817	12866.712582874829	7360.0090442813935
1586.9371813942682	15172.877708661565	7565.250119925041
8979.480535754323	4453.271742554627	4647.1137149286005
2183.1984411690837	14754.43220781118	7089.672723324534
1256.7061564497315	14576.245157906422	7141.943841482907
1476.389229666742	12686.525352873188	7098.630561623928
1463.403598804049	13651.1731803421	7482.477894310841
1699.2519997126478	15824.66223691126	7535.276719097055
1916.8000693422516	13234.197792531888	7569.094785743712
1276.706992226663	15288.672260913836	7198.654527587083
10169.361510749819	2410.6829969427577	5843.8955072451345
1955.2481815384442	14013.754406531158	7531.585554315753
1909.8404117603695	13563.68591504901	7719.545101296452
2338.960421001619	16488.776965436995	5528.764684995411
10474.760703450456	4505.6439521023785	5021.9021192618175
1641.0610367825552	12404.534544830369	7283.31995291983
2223.633796057329	15277.889406919205	7267.602633061823
1225.2622365860395	15597.587801601328	7318.360165191066
9955.961943369502	4431.419625730109	5203.141962441817
10549.482046801068	2829.4612270626253	5262.87955653715
10380.118812333902	4496.018261229079	6141.058709676364
2720.772669329885	12132.38841120236	7395.3839736839045
1017.4402994037084	15323.744002281734	8101.252157540407
1897.4266401867594	12635.90995352211	7742.915147951839
10412.73548689566	4861.268737510113	5157.850404078802
8.375879922981843	15310.373274407619	7717.660224803004
1918.5835021279313	13862.985855234623	7610.385892399521
11043.726972562632	5582.9673549195295	4877.886539480073
10289.393366685597	6025.416262884201	4913.19330792737
2821.5722319665338	13649.549424812507	7479.7881336039045
10151.883158987852	3346.482926878366	5815.30788130963
1299.2211667865226	13236.848415634255	7410.738462626094
865.3424123278716	14207.498988809419	7856.810015651546
2920.679927823185	14485.153772120935	7266.164383547035
2734.9167819467893	13556.613842166726	6866.427674029406
1079.182421475852	13607.722796014776	7475.6316081947825
666.8303006062316	15116.654085939761	7024.175100785761
12587.654334502555	1624.8576613875077	5475.383996525644
2380.2317968018756	16268.563378386792	5011.809129941817
2077.3679310557427	12621.93832585022	7334.003619677945
1884.8766575148943	14908.995647527816	7341.667580064253
10809.105536949979	3742.7870527664654	5093.442227911825
1866.357361773686	12531.593926964038	7311.598118499654
2187.4338336799347	14137.822858687701	7320.657315880085
1244.1542798453106	15757.183545910872	7126.9314083995505
11255.123344233996	1952.4174416246044	5521.597006245961
11434.303123524824	3509.136242951963	5132.0156773111685
1374.5110284144655	14192.597019035631	6911.958148352445
10528.138209244493	2668.2445724714753	5509.4291213777
2491.6252026825837	15282.411198727295	7287.785892045995
2272.6136496508398	13068.018401603686	7615.43254471407
2505.830140784888	13933.458323753952	7530.87982939866
508.3982788295686	14103.236626539348	7514.471902932587
8015.840734238303	6388.037750383304	5139.015624425389
2853.9579754568404	12464.383908101685	7659.066853583695
9660.72505058965	5276.812232928266	5533.9975007974
1101.7423181340596	19240.58001041479	4833.814226940532
873.8171792440401	17982.454630890814	5842.763170892896
2191.2302798444316	13482.3023255149	7271.325380898188
607.8593713810598	13409.814648622787	7077.263274330755
1781.9215216733016	15314.074372665738	7134.171620325446
2758.74932927956	12105.377227676703	7605.727864164834
9816.895515358277	4189.261969258366	5475.655908221672
10091.367612415663	3217.8914030116816	5519.896460656212
1598.9385774130467	10763.068309742996	7475.3332501337045
1596.640078492092	14609.464363188614	7107.555808584218
1057.3336124005818	15030.044750343563	7419.65647886549
10079.254370500315	4212.6964437780825	5056.119921609416
2762.9349814083685	14500.198952233497	7651.216198235297
1771.2521334658081	13506.797194361878	7425.32842098633
1431.7837992973907	15424.523650596284	7087.91672618408
2016.3901854586088	13326.40714115961	7804.278774327486
1429.9078352208626	13888.697506468403	7268.991483407242
1994.7628352802774	13233.471250353476	7860.6924448646
711.0858927220169	16331.431773540684	7233.323611612232
9150.441793124251	5111.1228643852655	5136.085040256184
1763.0767458536918	13304.971376836784	7613.091259975555
9870.742632072772	4492.191914023612	5389.076607747871
10275.527075497619	4667.335212275382	6048.3115927332055
10259.027736610227	3675.6879812595585	4592.768809631931
1593.322603936614	15612.79053491298	6954.767462875399
8537.85945371482	6351.055713955587	5121.497772762511
650.0260752721467	14891.492716293827	7282.339779178668
9940.151768610604	4393.342575944472	5822.231789814932
9147.963892751308	4597.318408313711	5623.41550710878
1397.2200605091587	14726.066282357911	6954.843429704462
2618.639372619651	14328.805260567928	7364.415955180309
10421.190415411633	4747.756721190849	4539.467930973962
908.7365247989915	13723.704831256315	6978.93444646231
2196.162970635857	13219.481402402507	7206.589728383725
275.94252093421096	15300.57166972874	7097.86883005485
2522.377852736306	13729.091377405104	7036.793742723029
1014.3610111205223	14436.420681761658	6618.2990780832815
1255.4205691746406	13187.055431754736	7069.919775898831
8532.521748739548	5893.157589242869	4733.897680538658
2142.65609644781	13916.334144166749	7511.408427114896
841.7915351759091	17570.999357257235	4829.974843900031
2128.4093999896454	13329.741109588911	7546.868911091674
2099.93099928544	12455.971255647904	6933.189408712666
1572.7275098518965	11880.615912580208	7815.645544161933
10780.274535909017	3229.047725914196	4737.603040796059
1140.7515730048653	14579.720665168239	8109.298263906304
613.6718749055005	15510.403511596223	7693.65100100261
2151.8521553236437	14058.701933965413	7388.259574082063
2008.7633982533996	12971.042077454706	7579.533215245651
1510.4153790952628	14626.90738337269	6846.459815094966
9555.39547255306	5341.346219757859	5274.786064163059
1800.794554936488	13614.451565818625	7809.4086475230715
9669.121922090646	4781.16544256842	5146.342565046748
1997.6752689863208	13505.416662402973	6962.925335316346
1469.313088615626	15300.658287677226	7064.601726153005
222.4893502872082	16105.181692617465	7193.032521473102
288.8489017142962	13411.363837281498	6937.35274031294
1418.991442996431	14954.252315336476	7817.320211129164
2237.342238835748	13679.336503365697	6972.21934524168
1065.955762292721	16527.13150267456	7291.216569630734
1560.898906582693	12189.651820714837	6935.953163950678
1613.1330270421993	14486.736030911175	6607.874897452013
1625.8187190398717	13164.162850361607	7295.382065053716
1460.1855854230287	16384.97702483503	6617.514987979472
657.3344322381921	17004.78169876136	6879.482728378886
1423.2189459580882	14807.023004214747	6922.0979020281675
1222.6246482587987	13218.396581229821	7348.20112489763
931.3137369006727	13799.898061624623	7532.1361398539575
1930.541113613858	14572.525519553132	7105.904195895801
941.848175884087	13850.510049186	6771.378321333482
9643.0525415076	3660.832440058133	4885.336526149933
11339.88011543538	2591.232467500965	5540.638545936822
1961.1580739025026	13944.182349033508	7470.941398829159
2828.588301385932	11323.574492197578	7407.542898400605
10899.611070907507	4004.070143470698	5291.047088118386
1847.6819578102109	13186.319918729838	7243.472479349566
1850.0824147355067	14938.92584904721	7229.102806652876
7556.227052188075	6041.657853416494	5515.408115883362
11506.082333699262	4311.881938617684	5046.20419503982
1933.734745706361	13580.262112780347	7051.111217097155
10785.169302462764	3274.8098894982018	5565.2664504047325
10930.651595385296	3311.144686280045	5211.047041884492
1754.504792615673	11763.496467080073	7228.042676032965
1948.8507786147202	14661.265993917737	7372.003688552031
1024.82274497736	17148.508774298807	6693.760548754924
8814.83004341513	5180.873463121512	5350.279069235628
9963.650980014765	3849.2010245337283	5052.241584733173
1439.182399023676	12642.02961135578	7064.320289534266
2443.04384608516	11318.612394239777	7530.181337945354
9779.767826877605	3234.432277656072	5157.326326221596
10101.156367751033	5001.684187562098	5347.780017451671
904.0578487552456	14527.242207481762	7735.134630110995
2075.2148554828286	13182.993507960377	7348.418533612654
2773.254794129909	13219.181325952137	7344.621268882927
8626.94238465343	4632.380164020089	5419.232330787755
3099.314497733811	13397.493044678593	7670.268731382335
1997.7752030319589	16962.568296170775	6332.653938663622
536.8942440744286	14935.8634547236	6995.60049463167
1256.9706596325595	14332.535872852544	7088.606213263708
3474.442692478152	14032.761024973479	7093.408154377697
10769.130671978934	4600.412758965087	4953.319222376085
1119.8942088827262	15325.59300468784	6711.655432793954
2391.68041548014	14333.737479335405	6789.5277896423495
2085.2766938132554	15488.924306857265	7354.153549291916
2061.893153437084	15450.412881183587	6883.9444548730635
1645.8218135624995	10851.35000064423	7581.66252913713
1896.9152121721556	13822.1785998004	7377.348201924393
-217.22650069613505	17194.990031129968	5167.317291615378
1804.1363399081688	14227.01954201183	7439.724149450381
1303.8010822571198	13870.021933345095	7848.9189547550295
2229.773441458144	15126.816474365385	6885.054328524885
1113.6575704237632	13312.48927958606	7080.383259263169
1706.904530059659	10809.10594899299	7542.654784969946
1599.924277443782	14139.289864449063	7457.466069856443
1302.1060607636186	14374.734079414526	6801.015976074654
1405.4230442996643	15519.852062574122	7589.758793858825
1365.2936165586284	13844.03776194498	7088.255932654135
1994.9867755690602	14584.931399241465	7584.135682269998
10122.995983915149	3242.4930340232145	5648.03521829703
2137.5712376396295	13979.461279799409	5214.13069355937
550.9115192530923	14974.47769886081	7642.415089328427
8494.399924816387	6199.456542940494	5327.901089716313
1622.6706991041142	14848.809299697074	6815.5046156261515
2092.969867705756	17310.19265158743	6185.203287958046
1011.2748499566278	15817.525517491933	7143.517986044567
10832.001648501238	4718.827856461001	5959.321721112968
1633.0890802504794	14075.797848132746	6770.050999315009
1894.7937575624505	15838.221893636479	7617.868489256021
10388.301604654212	4790.61164729612	5553.845743407747
1689.6436135066233	15431.985320526921	7312.103307384148
1866.6008566077512	14986.66879180933	7151.119899593321
1278.4847697436746	13665.4670578082	7106.675741364357
9373.656200063908	4465.152404720153	5155.58690569487
2350.9912096241464	13730.339021947657	6785.333674654586
174.10222918653093	17672.7680623108	6148.28615840867
9388.397173840973	3964.4926839422446	5894.971399873027
4444.608039740934	10725.708950263062	5414.187881390069
1668.692005291004	13976.017670093857	7533.554327707536
1399.6314377251529	14454.779577811547	7110.892111099882
8983.982885616113	5456.194607794905	5288.683211935582
2445.6923333656737	13062.163863857028	7513.244317881505
147.50153258300443	15662.443508204942	7316.316274581669
9380.545019607756	4380.763455628316	5209.274683666446
1044.6555549663592	14971.065210328692	7531.537470172029
9647.818124869254	5748.485058941063	5609.148698179266
1276.596400075922	16367.430520839756	7366.8934473280715
1622.2074173051367	15073.989508311377	7101.443141219528
11209.618203294873	3442.364240147789	5237.943547014462
667.9523237223942	16368.909823746375	6992.710031324388
10396.5221845156	4757.307234269794	5081.669323001011
1077.763536536445	15241.001250628959	7282.319000370715
1152.23532375386	13168.045431343839	7185.829777520751
11065.9829767581	4749.935595097857	5367.121206464122
1233.0131116997154	13747.406935694098	7500.809942785912
723.0999107302966	13547.055905473067	6930.845210657288
9762.736789163378	4641.450716646738	5166.731957580959
8632.079359683989	5948.761333908698	5636.259744652073
2155.18186894544	14814.805123150234	7326.305535022514
2066.5290365137075	13875.540737813913	7256.282648140565
1409.8848037491443	15757.329367336559	6560.014467817616
1348.4519093265176	13594.832572749683	7153.137667127987
825.9692450274863	15836.682308915648	6921.627989121779
1606.8309854300649	14084.622554429916	7214.758462936994
10043.485065623814	4284.502931970849	5196.97309299048
9587.375972057993	4096.239522607564	4656.999366538495
864.1420019712548	16751.755519024577	7333.010818412427
1986.7423299655813	16779.00312646569	6873.621621737528
2740.49718791347	13823.928881094198	7233.720513160322
1472.6923513724948	14758.501236699998	7030.184421175937
10629.838779745009	5021.044238797854	5162.411817492684
2049.5733385191393	12398.777203798292	7647.839096847398
2433.0354669763565	14394.946813114866	7479.563404439426
1707.2025082218763	11425.47504594827	7372.279799978894
2279.9994495861806	14144.764909150508	7458.302864143899
1068.5069243958385	16865.520633177886	7137.904643890208
969.1022547346764	15406.912042372935	7452.863853948451
981.6845609259603	16318.101897863164	6396.518872981553
2932.5895686328395	14264.220578788347	7544.207687491959
737.4833406841155	15471.514619936823	6961.274432677715
1546.1918404531002	15735.64338089909	7317.5293197485735
9253.869357410373	5092.144648574457	5322.36274476662
2282.7798300962368	15802.143653583258	6120.4477179858495
3044.098149455338	12382.386999735672	7160.794442941143
9851.924642492251	4251.332011490004	5556.1361765941265
365.4693422346993	15073.682910698688	8002.697298193128
1156.9947655800079	16143.334567306192	6470.375883435222
1943.2874691018892	14668.779263289529	6804.14021376078
9478.309526583607	4278.445369997143	5127.314200881178
2740.1901342863025	11887.104551470247	7514.264673004157
9584.367369933525	4540.250766900401	5265.267993525844
2182.9728420018887	14164.263644647974	7513.873475505063
2054.2139361249906	15388.597165552064	7846.350222923534
11005.546920712977	2243.3300678796777	5079.667642365996
11032.415933734523	1348.6336285031273	5631.5877061872
2991.846375615234	13963.500787776533	7387.835954072671
2343.223509939103	12069.141774333373	8051.743783304705
3553.2672758181366	15073.97498147276	6692.817771481652
11841.729216767484	2571.8133448937137	5504.407741848011
1537.3427522228906	14768.661161993823	7256.384178799668
1854.3126056153542	14149.825847049757	7466.183097824945
9966.223812835668	3605.672711403004	4897.831163219835
1705.2361755938207	14252.750950231053	6912.823892137918
11389.934549429854	1200.0649621766802	5684.167227051392
1158.3258312806822	15143.034741622123	7073.131459142899
10597.12272785935	3371.5591096363555	4779.615725128138
9329.241970583262	5341.594507565097	5252.1683426157415
1329.9407454896839	12625.035859978394	8101.788400923129
1399.1540430362825	14561.443855620028	7207.315492334322
1444.694026919935	13377.836769471061	7919.432739248382
2258.528713561201	13518.400542667323	7316.654645746406
967.0882220623445	15955.714331698127	6478.684505607382
1499.9772351634087	14172.148964844107	7054.366309002969
1263.1509152543701	14929.424485261541	7745.511720651293
337.87210934827675	15199.271802765345	7068.512203621686
11629.638550933445	2874.862217039454	4488.027900307861
3063.765627676601	16562.86229427967	6878.66363592459
12317.57937119281	3602.380272200983	5242.456502927171
3460.6353368219525	13023.361473123841	7616.75049772189
9739.931534395404	2830.352634703921	5116.50276486892
1805.4692131266952	14125.952722359269	6964.14917013106
1407.5532885176046	16023.381956656125	7367.651392362672
6783.843724434314	7222.098489635653	5449.773121500828
9952.724416351943	2383.049019663009	5521.054826965252
1652.4707247932606	14126.566381640712	7293.4617172069065
1342.7433371576633	14509.9634362599	7130.874320034276
2553.015893270917	14786.59871031277	7584.761277941156
2236.0655778363207	13853.067569930861	7297.447809078681
9042.68375837036	4425.519211882091	5347.377191361935
2345.2625230814915	12929.842596800023	7597.224871835584
2650.4577642853337	13944.733694132929	6944.630345284293
9277.306485474915	4759.084457635848	5622.642942246878
1449.2136825765162	18069.5901228329	5307.44261606918
8535.31591484236	4824.189470621596	5763.301616716857
1759.9078986243144	11873.247144670744	7262.0088392458465
3047.640500041076	14879.403753137838	6398.424659778279
2514.957848546489	13101.841267846874	7541.778289232369
10998.449955473645	4241.2401947660865	5092.672818487425
10418.867099922194	4843.128004260003	5123.445293298818
10267.877047167945	3552.379427066842	5129.135206147051
1667.536061762372	15249.781456674158	6287.54986763627
827.6345563821769	14973.02465079099	6162.532185648415
8963.522622487584	6178.502298541499	5193.355404626741
3215.806524973122	13844.992592258219	7026.210610673071
10895.484845939578	2560.8903927364104	5820.557103046867
2111.564218927309	14557.3991269823	6760.173105887903
1046.5966360095663	15031.422646436118	7061.656066548048
892.3669541244858	14723.072856142351	6749.258109340236
2256.645361788132	11878.3774474587	7075.595922016992
7306.374257722314	6747.566302108486	5245.070661532763
9978.220661570133	4415.408310782358	5462.134853668202
1834.3279827738475	14596.85060686774	7411.944002256064
8434.783438079514	6266.507819625419	5179.416534633175
1358.9783641725298	14736.684138108125	7248.556261843271
2838.1833650176754	12797.3151193803	7869.406500752459
9390.402847981934	4573.087683999595	5230.629888924049
1265.6723729652467	13100.084474653528	7718.199779501525
1720.9248813643603	10783.872975188164	7263.1372131221015
1705.4263860147207	13947.5732500032	6821.62894204219
2043.616430088942	12868.066756475802	5901.103844660372
2930.4017359768186	13714.479705023892	7331.2334443138625
833.5131554390351	15962.98822362344	5916.5651766313795
1770.3193682800745	16071.973293531457	6330.816568285043
9823.925369707375	4489.163144202501	4872.646126099812
8811.306390825011	5506.4342815340515	5455.285479592828
9190.269914255397	5418.085436136756	4931.960624734375
10093.361991038077	3601.2751446052744	5294.2483613890345
2733.430633121116	17293.63433306407	6678.302948642557
677.8440683966087	13779.901114094646	6848.961432796631
10118.917636082744	4625.815885216242	4881.398188226892
9677.651790510516	4454.755140450448	5563.5342613326375
2345.5813226795044	14506.085130211197	7552.829619733939
2547.1930696459485	13763.528111241229	6916.085751769957
2593.189725899513	16643.609830387373	5526.742711864006
1445.2515907248148	16672.095530767296	6540.744673813202
11088.267796277305	3154.309885512983	5176.613600132803
866.7152456660059	13317.952434169745	6559.838829242491
680.4451929227623	15042.42670715697	6828.68577699648
2352.527196396945	11790.057008200849	7353.813391063224
1642.937551431924	12612.332809777296	6894.495600900559
2334.2086836501217	14062.879588772024	7121.899928501558
2517.3205489855786	17001.459488690947	7762.70135842276
844.159324660022	15044.643950369693	7325.951048032817
1465.9613987049254	15920.669614757337	6389.853348711742
1669.4269756833266	13802.192020491982	7616.942182676643
10938.342310594333	3359.7359093800974	4825.158756864246
9964.689802717807	4595.841022793013	5347.317039640255
10925.926504265339	5411.960223368808	5255.652785678312
10017.289959620448	2887.4946245697374	5367.187117314973
2942.700766580318	14709.44077266147	6421.254281519491
1750.3288666086082	13229.619568214783	7725.125974221218
2707.466752584961	13101.887411465521	7633.936422248002
1786.198325696032	12879.44377986516	7458.131336419661
1086.044607767346	13778.889723383993	7110.213403872072
1367.2790831903408	15392.10454692208	6827.969431944616
7250.6013423980285	5701.765128944281	5355.756522747074
1631.8746175954798	15464.608121078953	7349.2632522295635
9332.570163240853	4556.270567323997	5216.407000653038
11443.060508167815	4126.941095240655	5601.713527650135
8766.51175888733	3961.020939300622	5689.530587637098
6041.412933414286	8701.476266787822	4564.844501628328
10327.416238296259	4935.128925793783	5524.782409092769
2317.8063941749383	14829.217789841869	7004.0718929613695
1413.1053656664476	15647.280518274192	7300.952337150311
11002.743821806891	4715.0393034352755	5793.326081844171
511.26181180297976	16296.88208426439	6827.829053024258
1947.5713622628425	13604.45693426548	7130.345033477309
962.7513928532098	14208.849483344815	7124.5533726376625
10741.580545871502	3989.224433999732	5447.317552412629
10900.852034930595	3089.50218168471	5952.474738477757
415.77581974739707	14043.212872220693	7238.335541243774
10221.343122046119	4543.023997947687	5269.521344949257
6810.511879844168	6220.460073244381	4661.860840419876
1160.2595941568745	14452.399186435387	6817.656472946477
1283.488819360909	14061.601451279636	6062.808392536585
2967.847981352226	14369.979629992342	7257.652031615354
10764.40653873633	3417.2842122209986	6331.589126490208
11722.994517101655	3155.432678865677	4627.60703265468
3238.8622559007254	12516.671173020615	7222.912895724019
8113.4382550106875	6710.115425246878	5141.87356764794
2391.5029507065187	17631.658984564463	4821.989430764942
2027.7202760694802	13345.912671598828	6878.54288039071
1999.515736608843	14055.823100309772	6723.419995606209
10525.808895319586	4409.39759604176	5769.02081642582
8281.930349582653	6700.168987887685	4873.328072863772
2605.720753323984	12910.79073577986	7114.890643410725
10958.597495555528	4276.2312801901935	5437.745858060122
1352.1116562656186	14163.205646380718	7643.837026797689
2193.4217395691185	14950.324559742732	7291.67613140481
2099.539223311763	13075.706850333228	7563.4730939746305
10464.407174947899	4511.963359602517	5257.079881394374
1480.717710298378	16120.182117953791	6888.0904187875285
82.52293207241857	13006.315128607619	7501.776091664083
1703.9508223974935	16143.522272286293	7462.658511424895
1158.6658737190264	16495.929634723645	6843.851811172285
1768.4852580738957	14645.279056554637	7566.185868352964
512.7364108718077	12241.495504044216	7408.540859075299
4006.3194007081247	13928.274354975249	7152.252604870302
2546.9189197503138	13904.599785846736	7869.561621760742
969.6548046734321	13960.971110396664	6948.5468734343385
10485.168170527744	3714.3308394453034	5127.172414007457
1370.332116277758	13943.860927397893	6705.9404739438105
9699.024400985774	3420.9825178310475	5040.580647254146
1362.3130199766606	15248.049412469305	6449.007964346562
680.2969234179557	15401.365669438557	7352.4491207790115
1806.9630512685262	13051.303477526411	7220.304053324653
9049.38182501842	4822.1122333086905	5471.8647707789905
10030.662625090537	2643.0843946445916	5288.097028343729
7059.793365092555	6949.920200330756	5469.1926183327005
2523.595298784329	13317.437189067181	7783.8982625944955
9953.284832875413	3083.753265293745	5738.468840576735
641.540711536654	15361.902982490215	7351.409388304313
2418.9864124120068	15562.820818228047	7124.547818906833
1494.4282721196942	14207.179974075732	7131.0709111040305
2253.5094677348284	12462.020894017538	7824.310680942057
3771.842411594992	12689.578394549942	6980.305693764389
2345.6952229478916	14675.501656878987	7113.44499098064
2198.914590662107	15605.407179138285	6269.377396460118
2450.8355256390746	14319.322000987082	6603.857836901474
2711.6168676106836	15394.078393606345	7310.209357306643
11965.34022628544	1938.002256859262	5223.329692212447
3253.827308687089	11411.557837988672	4983.655046829838
1934.1245564058001	14110.20512818519	7482.222101442816
1848.414423265367	18508.513270489108	5930.326701009674
1008.7036428708274	15174.114419105583	6833.425444011812
1464.4603712699022	13245.711940936535	8033.550343653928
1825.5992835242453	14402.371735603998	7313.863831116863
1715.4294571471069	16131.887472476119	6698.542482001458
2439.0013287958627	16249.916076326414	6870.5919063307865
8693.663618027073	4606.378707084415	5753.8058141290885
10075.016774646094	3142.4627303943007	5680.486532139495
1321.706345852955	14325.654013355115	7952.098774426714
1965.9680401514847	12492.797588131509	7254.7512089355205
2090.8720971246444	13094.018557065658	6648.643601915059
1313.1606766527848	15553.811549397115	7233.08023298764
9682.012281363224	3841.9463607344383	5299.148276955417
1016.68813475022	14376.45491049004	6914.899272591516
2156.887800771632	13987.684418043898	7114.5733131894485
967.4779683705202	17539.814907987886	6985.8769993527185
1888.8807980278405	16189.776313512162	7491.627210477885
766.3818064312753	15906.393364159861	7226.554994841411
1671.240609612664	13107.340843116335	7578.377865420358
9530.241278753852	3709.772485753813	5205.858720580724
8787.448908656484	3407.764615510389	5237.3797135549075
8856.97452165884	5673.154020658577	6171.938054116238
898.6022825559388	15095.135878243947	7234.043729631988
9912.675742208909	4256.022794695844	5841.296438943044
10196.578554782058	4304.171542439663	4891.990704477882
1104.0716891179482	12258.696212174522	7694.4563417211
1537.1019278700774	11867.904296710314	7372.221017890608
758.3138322538148	14906.26662243993	6732.7510930258695
1434.2764050553217	15586.964732441993	6686.977235935116
1393.1486599490627	15743.367615523737	7193.06913149815
1654.8818917179137	14353.10276012819	6888.388518527774
1652.9125267589577	14320.071395446797	7772.28137551807
10354.869831945412	4065.56869112609	5071.333875968579
2539.850880728236	14810.779981275586	6910.836600563679
2646.2144053210595	14119.088637008002	7472.600240994797
920.1414427359005	15688.61836754607	6796.398394061918
1634.7624213147087	13666.179809481275	7027.713597979633
2892.7564037632665	13188.02616674489	7210.8232704197635
10229.62548898173	4730.140608289731	5474.431219738674
9354.049098827621	4955.861263765512	4954.19569307965
1897.6955296017093	15423.731650784739	7215.564387870756
10155.761950073284	4668.344862679449	5443.739840930759
2780.262159525694	13222.043113241163	7326.291869274771
1893.3278425479277	13693.77020785879	7009.4366740515
10518.302843391395	4900.396675389337	5467.05974873439
1619.1966192127366	14928.95034343054	7467.479065979881
10477.078058092326	3706.8925720378384	5034.146072679243
2003.437621046896	12223.073333695069	7375.552504191298
10310.727400163873	2686.3786279180995	5345.037579533845
2542.846154435286	13864.085990358531	7497.945613990507
875.960456882169	15672.885099935073	6404.858709453193
2431.665097286485	12237.645581489918	7185.505243386631
2227.757403297486	14345.234991291129	7231.255675658595
2468.016339180599	14321.175622456938	7526.059540536907
2547.0384648481286	12093.299662836114	7559.14952410825
8549.09733302476	7430.792145092292	5437.223562051494
10855.866565581417	2579.2812814853814	5169.044039082699
1174.9168577399846	14472.523544339865	7253.249262817577
891.613457831492	14833.787379145515	7330.786355100655
10363.879676780336	3010.5178231929367	5816.105232258479
10645.8680286595	3759.099376320302	5206.263609453548
10889.592719707012	2365.2793045043713	5125.09360373015
1316.9034617078835	14380.925404535305	7713.136735226202
10853.424164381953	4420.109244091581	4785.33116972112
2628.8075030527307	15909.529867636036	7337.324997508778
1576.074797636824	15959.132968981341	6660.623617551345
1293.0464871261702	13292.940068704196	6763.190732789641
11908.678166055312	1620.036536660256	5502.4035812676475
7886.36479417	6399.271957877474	4875.746278400656
9761.112739741831	6056.926605385926	5382.4456479857945
10458.01024218006	3298.9433294821083	5078.692673634555
10858.218220995066	1255.286597409117	4253.011431021136
166.57043066469168	15079.432858130851	6421.173184068709
1862.2295155896222	14446.736704273724	7576.21933219363
10704.900496643106	3495.0967730411057	5268.787382948134
2031.0974130868844	12147.717659347063	7339.780101153637
219.72229157653067	14664.30531083316	7305.199071108401
10545.453263293417	4477.975593970682	5026.926534621544
10244.682042946268	4053.1211422654615	5863.702156618475
211.089716592376	13116.429158082063	7462.764760502421
10186.599218940068	2784.261808381585	5109.686742230328
2417.8181267722844	12678.209540225966	7472.371645593363
575.5463762143529	16236.125700738374	6430.9790902735285
1372.1592385479864	13522.948752657716	7238.839633499351
11528.896217206517	3649.7911126436366	5371.038547642745
11006.888915985717	3835.964944982862	5388.2779387950095
2629.1190394671753	14226.874170288562	7754.529853758218
1945.7837438286242	15298.897491681966	7382.0116948812565
1677.3516190376079	16416.444080173518	6459.701686626819
3240.3879969561044	13964.418475874505	5293.130387148031
1322.032553830299	13567.48280584514	8175.616436400903
1954.7145033667698	15421.295187861544	7088.366877869876
9184.02981420974	4326.269843444682	4693.5238382948255
10515.741735987453	3263.228110421599	5084.108286775545
1605.999237989777	14098.307997930522	6995.75495308065
1564.200597643543	13642.004029842929	7752.667176793906
2121.010529788523	14815.467747100058	6967.481894963688
243.34857811188996	13730.30195857503	7539.86076687603
786.459036616632	13810.636749916053	7563.337732129513
2748.2730934303945	11980.536498927579	7399.415384089509
1474.6861307340482	14289.114564875625	6883.043671097349
3397.786762908357	13176.910635258795	7799.4902761407275
9802.194547441572	3734.3219654665954	5251.788063033424
1803.7172686966853	15358.585062504073	7175.52023607502
9121.61369615444	4894.991028747178	5324.020724341694
10512.893908632594	3900.524186812418	5485.881197694717
2874.777694219566	13713.198211916511	7712.9441491496345
8945.965326524512	4442.389661718319	5261.349157070024
1686.7479791143246	12217.316918499722	6855.096831507498
1464.3845893655775	12409.495830773458	7079.730577540628
4526.643267881375	8929.159819562165	5817.3025111824
1396.7121279257972	15863.47607179985	7644.808782724771
2100.7317829848394	14659.087850331021	7124.847402251363
1370.6145036751032	14308.734867104993	7366.521159049771
1565.6830926005146	13107.898080742267	6174.331866180857
1223.9834834514054	14333.203871028474	6816.828469087929
1278.732805019148	17280.94002480332	6823.683691270947
1938.814870485237	14884.328454136017	6877.944731915323
1884.9665661976553	15475.350794954704	7136.9944083888595
422.0050837288562	15226.18221177254	6993.3587560019
10452.955637674633	4309.689902625979	5399.41778119816
2311.298633624912	14880.2097844238	5640.995385954734
9740.873714400113	4798.471599726077	5302.562626756153
9215.110142866457	3855.0868511793765	5640.218380363441
2554.4791628870244	14402.067372385314	7624.031301978787
12184.136057890179	2158.5060012636563	5239.695829875476
1685.5838178387396	13877.717784288227	7528.806862053406
2512.326242269337	14077.364436499385	7370.396991008697
1192.3630472075242	15420.068239964587	7050.132872056287
3181.0151452797777	13449.272421497075	7495.469960477468
9806.759980537641	4821.283057349173	4967.207334670433
1573.4930209591287	14500.142489117117	7212.613321620357
11797.959465374417	3939.6221206555015	5241.563273925064
8314.002712227766	5487.710492739816	4991.078790484104
11650.087508330254	2929.1496116366234	5668.967449928343
2676.9389838607344	14685.599414369179	5492.936972262359
1404.806672473538	13416.36953532748	7122.299283749988
11442.724187162625	3802.068439224325	4795.319382560417
1501.2955507536958	14211.226597654997	7717.006080350171
10392.874351343311	3572.5722635396673	4735.046279267413
1107.8159109292485	16287.661167945591	6484.31090089147
11294.187636690374	3091.093897530082	5154.563819879598
2023.4621219461976	12329.0118468693	7355.340979085834
5796.8919611503325	10210.030846322534	4889.698093950298
7667.6237707602995	6244.535711908371	5736.698837610578
7959.294820236658	6301.727896532522	5214.241923597669
2412.3658847748243	12710.579724244166	7786.73143243663
1922.2492412954518	15448.534544178321	7293.044850685217
1852.1631111193635	11892.496771297348	7179.255138622441
831.8153339362383	14912.294229027959	7855.879963846611
831.8318299348623	14747.791073311295	7044.645545927547
1506.3441237496918	14848.742477067826	6972.639628949798
949.319612808299	16778.56780510819	7002.624599133718
9277.422479381148	4196.681963863292	5454.138081657929
1370.3416468549754	13036.481819916178	7431.205094021595
2587.8313977469857	15162.279422617528	6892.504142767094
982.5769908191704	15547.947730047936	7389.1838596536545
8348.837395019053	5990.665717744546	5263.701990313713
1884.8496236262868	14036.893328532069	7059.12557917695
1872.05371834608	12365.184339865822	7329.976253706654
2862.1121452600014	13869.627616080856	6850.407754502016
720.1295719339267	14692.23268383754	7340.591834261241
3194.174706399905	14124.516537857406	7279.762008118375
2488.178156410953	13517.69572840754	7142.095491810519
1363.538469262441	14599.15744334208	7359.778080428556
1976.7166342246219	13185.838735746693	7676.990408641724
2395.3770140634065	15205.57046857394	7173.336576326486
2219.754960908578	12527.372167291807	7134.891955832662
11031.11256659766	3457.8534354417266	5347.035438155033
81.97618008488823	14895.870465162461	7037.639185036613
938.3514808817605	14718.417426139044	7643.403223916537
167.6602842538127	17263.849761648627	6066.865334451141
2469.1885491335934	15537.74871596582	6813.0172188266
1982.3272160551817	14443.598801160288	7469.350811360215
9944.729064705096	5181.951564209275	5981.237878463436
1283.5098959486052	15626.442439565611	6712.105843555605
2298.41427189626	14486.915416471518	7151.872471008236
1377.4591392122838	14497.180162824176	7082.003128363198
6877.179463259559	7854.571556727212	5018.323940922109
9328.14370185582	2963.356609077527	5933.7790168630545
434.30047659876294	16220.98441767826	6792.493466759119
982.2964978079544	15596.733749657029	7324.455081784095
8769.113884109902	5609.005514423323	5684.499012955764
9141.641018341217	3890.8025835795365	5413.609702045793
5554.223747257016	7327.050790379755	4813.5970794227005
2759.0652095808355	15634.496323109415	6986.746509040299
9910.366049705448	6186.416369833646	4478.550091775107
2610.805292791554	13739.179301053233	7122.444306805605
9538.760209256172	4869.795666078022	5837.064431632613
2450.2784903382676	14957.142984271346	6924.819978748914
2407.226656675038	13347.875606937265	7228.726584432077
1669.0528695367357	16343.717416818643	7108.503036686479
1208.3427456094107	14423.894908880104	7689.310464139152
11598.395122841857	4717.2809096912715	5235.850699440445
10781.29839419278	2848.558552047123	5599.8684770435
709.8031509296594	14375.434033452253	6673.918698425613
10230.60364934686	3583.9864561817285	5446.6162357350595
11635.931754821153	4836.530227600491	5449.557513831245
3465.3100616039305	13415.723016773083	7696.722602630146
11524.871698869216	2727.8434049346747	5107.022719231047
1689.7639141842014	16840.7789052746	6586.6987989579375
1487.4777867713765	13679.13012619125	7468.363577261831
1751.516814005222	14456.108204397975	7554.350643543958
1350.6720373569676	14588.528128370215	7172.5367093858395
1689.694042635914	13772.7649253752	7267.667705968689
2992.2026813119132	16533.431263996397	6353.51576204598
10858.826330263519	2885.1433783788984	5583.276729190402
1522.122033892644	13064.634377494256	7429.530992802836
1487.122273820035	15237.110079276781	7303.47131742542
10867.313639785378	3902.573052194224	5447.1704692365
2571.5236622309667	11880.93173268549	6809.381156982137
2086.7703564846356	13779.66364213747	6993.931644581719
9000.944096506279	3937.5050009219476	5332.862559599724
1598.8363380845935	16743.543645023576	6222.453711071272
2085.1726265124335	13738.715862487337	7479.855017276272
9705.680998943139	4966.480363652191	5713.1979810399225
1134.89440121751	14680.511465069862	7451.148261955377
1515.2217927441325	14220.287405278254	7190.598739585793
10739.669372863376	1914.3065111589844	6003.0617436776265
10606.150231870626	3253.153567145436	5240.274253306439
10053.384549987784	2839.6558497305837	4854.234196032621
1156.5043852225904	14833.207388270203	6806.396446973995
1739.9812051518109	14313.68435157873	7350.934999065397
732.3603563056561	13560.285252667518	7034.276301024878
1652.7328151643383	18053.95075999608	5206.559664243661
2813.510960176603	13754.2672747633	7318.0715667974955
10456.348778365811	3719.38980344687	5911.917021919102
2070.291663421343	14263.458386018474	6652.078698114943
2484.1186488429666	14931.37311056091	7516.768241513052
2171.465769668001	14324.269382045399	7571.8096647687535
3150.2979824405024	13502.185872515558	7391.541775469969
1268.4494486728333	14782.272768481986	6397.864815576679
1123.9459220568024	14323.07511914594	7675.606186465079
662.6119054126375	12338.816898267976	7280.2653524560465
10955.60857978067	4936.497647730163	6167.292398262693
8918.978796341458	5836.4526354338	5346.408767679857
787.7048363605086	14083.481892403403	7114.884129592363
12252.402106838537	3006.6716328927523	5623.44318339122
2472.2246397039403	13549.627999992945	7383.49669656239
2022.2430238945717	12412.24212511384	7652.4199914596675
6059.439023025372	7570.4738441934805	5886.324634680625
9407.142154012237	5645.848718329399	5484.766484564872
1848.12734829128	13844.393520611033	7782.605616794612
9248.032544779915	2919.3857858728784	4967.01039054309
10405.505176419516	3905.0900299665236	5918.218004272953
2265.6958712408427	15037.35880095236	6940.723188886425
1187.2143098823706	14975.958952890804	7500.112990942351
12265.25259273647	1570.797009793095	5531.122980990563
1307.9060575404908	16724.263813734684	6039.6337286602975
2136.504390927009	13476.26395174965	7515.463244661432
9998.575554340048	4317.269678867514	5349.186591548903
1999.1640824794795	12463.595112931747	7974.059883313165
2550.3639799739217	13820.945157384771	6680.118382597708
1701.9271959975786	14419.187613909917	7116.9146428922195
1236.6523774695358	14651.546929914715	7169.386351283955
1637.2367185958285	14006.882997400298	7347.200771216153
1813.6174797118383	11615.020529005298	7418.128589400758
9989.393663690462	4276.776317696304	5329.133558467256
595.5821074883299	16166.82315770828	6809.25478322946
9602.914309047048	4131.121667222116	5116.831782445884
2224.8800968980704	15039.721565418575	6442.948552469708
1126.7812820384509	14802.295255418072	7259.115829251849
1243.0797277010786	17608.956950708965	6502.290510153229
2287.7216406791704	13385.112501400916	7016.210193819454
1527.4982035476999	13961.708969398058	7625.312304140077
2131.1135774882323	14340.218371074097	7853.0850431014005
2082.2989736271243	16907.10285650352	6278.657719742501
11198.339775345465	2518.6408408438374	4730.259211616465
2150.303618968463	14788.786877644301	7123.512140239686
1131.654491697058	15444.084322898852	6741.298424094181
1304.8826459562742	15392.640891929528	7226.597828120401
633.6561588661779	16134.732142676772	6732.112246599311
2184.2763799260533	13659.677582357855	6624.061765416961
1678.7668455134415	14778.911742996146	7614.727371540966
9822.994381789262	4335.298333005965	5091.2819306393485
1729.9745397866025	13196.33895135918	7764.260818903614
2952.3176719254316	14283.750023646598	7119.575986003237
6837.3062249115965	6212.887717740212	5074.0435902048675
1893.2756446120761	14043.129675708384	6953.769175938753
791.7794530652048	13014.35631552127	6944.946281368964
1468.117756424641	13347.791971080465	7172.942193926383
2743.0106739959265	13329.599942542589	7266.909712726052
507.8541598259074	15817.26769675716	7048.854742138297
11356.368721436424	4060.5703907135057	6006.395632140995
8587.321408028287	5227.400474522937	5663.407086735981
2034.288151137384	13946.469858801354	6848.686156486377
11227.03460615974	3218.6929571074998	5041.891939716602
9731.592572877684	4250.77361087796	5399.064850762464
9886.647242982464	3909.178478496589	5501.779267340337
1377.482590233625	15965.268679562641	7140.533992832349
10940.982399659428	3881.6829344545145	5234.894884301469
458.32295047249994	13401.970587052769	7532.247632804576
2627.0430292919777	12435.667608663269	7633.812708048914
3215.851728217841	14219.804265990888	7715.211607794086
10683.055460509098	4268.104621073969	5643.815614702567
9847.611645169587	2300.257162264462	5733.97414516014
936.3546080768397	13845.054738838708	6686.077264348067
9855.147659513668	4077.647540530469	5017.843103108286
966.6977883012377	14584.366846902414	7784.325102112834
1046.140595807854	15002.69806979243	7434.2689737045885
1531.3163137301556	15938.414491379815	7320.850184284371
888.4434470812145	15568.923806762996	7095.332620833628
2859.244351893184	13648.820245876144	6842.920983812758
2048.0437497349894	13711.659312114458	7195.074321889273
10947.110805227818	4957.620608418499	4986.270004829997
1475.776966226226	15089.8334153869	7592.380064103008
1496.8502153501486	18898.721598926608	5322.976530228319
1384.2932277926993	15839.064768846014	7071.756117728302
2004.7974477007708	16063.27458837097	6546.897266336691
2035.9247995111018	13009.387636872458	7102.3988658463995
366.01707727488525	15791.99381235882	6638.701562089987
2138.1107533545933	13521.261375421926	7438.4035528449285
364.0025379024857	18217.346520305015	6541.4534999743455
10988.951927464745	3972.743534361758	5411.669895572633
2309.7434217152945	14125.536373567591	7042.122406273475
12295.042325723933	2328.1738971130862	4891.35404428297
2477.7577598893686	13015.844201799868	6977.543788118507
2358.0436133582502	15142.822772550713	7033.172008920166
10763.401198330173	4329.334577312746	5365.966836420308
1149.832638906295	15469.430858357755	6497.845055033574
851.2036628759432	13102.962815950259	7351.064738937071
9673.266636451774	3311.555827535044	5229.274911574003
8357.29352260396	8578.769193945702	5130.956852710983
1441.0166876872365	17101.845921932218	5297.036889576401
9554.44601494781	5057.248894208608	5154.201743431795
11440.305082168003	3798.287246883603	5688.595324298362
2644.592745287856	14841.682979313115	7546.929262991567
1286.0719237909598	15075.70948719811	7043.974037051766
2529.713544622922	15384.08823703675	7159.960677587068
3211.8803739955138	14309.755410221644	7265.641765226381
9181.954219896968	5257.89158595872	5021.93359622738
11112.153627885224	3656.219484284694	4881.39226781043
9816.705698772159	3934.0543953053407	5526.606234288255
11691.800081198537	2821.999704369852	5285.78568387724
2395.709453291284	16920.8049660211	5561.252078273892
1887.934821888646	12648.812394535738	7414.554194992918
3139.4954244995693	12949.469990549833	7110.008918807076
1668.707975939898	13606.929009516583	6978.459669634
1440.800736773099	14710.91473851806	7136.938129620634
2182.698748355862	12941.547220283002	7640.728013921644
400.30787382539046	15628.026075259855	7448.022500274184
1881.8752680941693	16660.389643347535	6515.258593609402
2325.8781500204354	14276.04223061789	7314.5422217529685
1757.9606647563164	14378.220490467229	7146.710688912047
9599.803720722632	4384.7761669213805	4709.112422726076
2121.3312578387795	13443.353786837648	7623.173476306453
9003.804808148054	4909.99885282307	5661.022220553468
2108.9547093452775	13001.706635946151	7292.619120050937
11565.134724415373	4548.100113208259	6176.586559722569
1730.6546428119675	12378.109301915658	7653.578407600046
1984.114813926656	14553.803704125088	7269.316865832064
789.2595364221949	15666.676200008655	6747.648409682996
1136.9441737968402	14570.168273481791	7118.986932794476
496.038193179425	17138.71300683844	6126.304162751116
11642.4089877816	4398.244974059672	5079.272412688268
2205.6223004073563	12519.887950496764	7598.400489849852
2184.789768746416	13190.749554902446	7481.0476090490465
1054.2063238423802	15767.178082971035	6957.0158868737135
1784.241717623998	14562.104847860193	7697.064085215108
9472.739543779342	5435.037523195971	4908.980671064928
2103.452824672999	14506.717524972724	6708.071099518917
-131.95670308749538	14835.208307394092	7683.2707374838565
2226.1948231531683	15185.732749326324	7663.327639390318
1819.772646815609	15670.34845065598	7582.144674451839
2365.3049289401765	14241.402688474707	7402.892178903857
1529.3836700078025	17012.302222830058	5444.268449578208
1527.8930403550214	15855.410547793292	6147.289267275176
1293.1572432876937	16722.731338317764	7420.163173965173
1303.1415155792515	13139.495903033663	7575.559850727292
937.6342029456916	17463.405908927387	6920.876406175894
10501.093508135322	3917.727181888475	5154.419357186053
1308.4110510790135	12502.915998874381	7139.86960519496
866.7292286354731	16137.167479105827	6843.340036387482
1855.7636017877676	15262.952624133175	7277.947104026455
1046.5996100710686	14758.551936690274	7373.459848917747
10594.63918038266	4347.530659638872	4454.011937973525
6020.213944810841	8285.309961602115	4479.404149745248
2781.3300698019198	14464.237838094978	7460.074392718138
1628.969941262528	14701.87444272246	7670.947665158404
11.97050601481405	13919.298333380755	7630.202607480079
9541.946520639547	2957.862508490088	5631.109112030198
3645.7630171481696	14390.781592594856	7193.614284403552
2757.5100989039465	14463.096000382118	7387.051087317745
1505.2673984050352	13887.239877927881	8051.819451857276
946.2495766886427	14914.49784263058	7266.155552025746
2155.2646144579353	13129.936898518376	7305.565043205577
11269.02642410302	2970.508318848893	5360.219559185112
1264.1616608936797	14577.450000212148	7279.10849849504
2766.574403788145	14584.896154785905	7591.9320305830015
9975.913251519498	2976.89065633995	5891.797304912392
2376.7307900248375	14087.448583080903	7600.132791590473
8131.325118155724	4926.069058074524	5331.689805620407
2129.7769815632273	13105.979374195786	7206.414281105726
951.5960144597161	15657.923912267293	7049.522427884849
10185.377675544822	3329.1638203818566	4415.296862966043
1903.1923800980926	14985.448399993547	7361.573892072114
8791.423184351504	3261.1274885986522	5844.8077136514585
1307.5260141903477	16053.662016583956	7432.025209187283
10266.117096589427	2484.074322779874	5224.859799930158
10189.40649088996	3383.487146828167	5312.177255569187
3013.8430304371186	14035.66334887046	7832.879268005992
817.5843736875373	16456.03338746104	6716.425270987305
2121.3572345658617	14061.581849975917	6176.649803028174
9908.591914321083	5061.528579734334	4727.2199651596575
11443.889464073754	3323.046862649135	5605.267405840065
2029.1480372199976	16759.020208663685	6524.344287167553
11251.053225370932	4192.877621310354	5263.455489171195
