10814.563203283145	1281.5818066034187	5011.959964060382
10932.48657466469	2487.7375423319595	4770.765821640689
11948.75903825427	351.8332661731875	4722.726039113934
12570.332298460562	4712.506638675837	4861.396966857136
11351.12671373786	1933.1925917125545	5480.015238675217
10744.980011819589	2476.4893593587954	4841.102137594293
10643.849776769088	1430.1035933171274	4915.005346422115
11895.472243287973	633.6867974789807	5108.828199756708
10613.335314025124	4999.877550288388	5243.540712408089
10550.34421970847	1761.5591941547546	6262.268325046576
11523.012375058059	2686.4986348178463	5129.042515903312
12246.98759610685	1190.725196876031	5162.3300519789345
10267.896862229334	225.9378425026835	4973.181316340123
11078.65925142758	2560.210561309137	5347.152304185928
11218.150374106788	2354.4470871784333	5306.592693605514
12194.01675638967	2047.9744252244195	5036.977658287453
11251.75653781325	1662.0291987385826	5338.639122775698
11405.1282042228	1979.8864995607375	4612.534325770918
13296.078854032237	1009.281057644805	4998.945319424882
9075.968230829021	1369.5247766488897	5022.808328150791
11046.95200910247	1662.9661777598978	5299.25108041997
10053.049955202103	3093.528120203421	5788.264754472262
10312.24665793181	3242.036764422756	5015.338444234809
12810.119490140307	718.5833998326108	4770.642282069203
10171.468834005947	3628.183112426258	5250.490499700854
11292.636644109296	2063.6774999838526	5132.918571004191
11764.619626867907	5024.348770905254	4447.504190832292
10145.43706833419	2196.8875000102375	4598.127317422733
11546.84292049175	3788.331848313465	4817.740671720115
12882.273802550317	922.0669619230854	5666.082319071977
10485.363887796813	4534.324147137843	5204.5472438088345
12116.143459597042	1991.9564959606007	5282.9895024431235
11800.494601698221	1275.8791245046827	4934.709303806195
10143.136446407902	2261.4536352836726	5390.742365629344
9863.946960584364	4097.982931951382	5054.035654643883
10680.768769460401	1889.8004245996738	4968.609668915951
9477.278718295926	2830.106981673868	4951.552557962171
10519.474505660688	2304.808153222923	4998.251150122982
12308.429608162784	1675.419180790708	4559.223185116859
11997.099050840226	2528.4783621272722	5669.586110707022
11060.636289406903	3674.778326553178	5136.77461795286
11060.0583401005	2816.0982317081775	4416.1673244062595
10109.93078924989	2760.6664386377743	4608.5734284880755
10503.105475431019	2357.712289257099	5501.2674111802235
10630.241802872653	2737.9147678946265	4944.242498356659
10543.368305224218	2514.5015150297754	5534.799409722344
13004.52921485201	1707.3923245627248	4935.030903147881
11246.197271836778	2062.0105574214936	4977.595604567283
10868.176477208352	2610.867485763845	5181.835657158909
11031.05931066637	3822.983642831285	5145.241787060444
11279.372638099525	2520.5038031627537	4979.946164287475
12837.084373564558	1107.3855035241425	4546.1238061258255
11862.801684488797	1541.4401879632724	5695.474305082742
11678.77995968789	2595.2374523991843	5302.2187529922185
10106.547028608664	1070.502391254532	5305.501420911439
11438.627873811822	1177.5810006567951	5421.822350110916
11440.479817189316	2669.103915023988	5121.309244486897
10279.084490996793	1242.656128905542	4941.9441301025945
11509.67456366795	1884.591707078154	5084.266053080563
11532.710221034376	1354.6238974562623	4965.678577938696
10068.105541852268	3973.0796439390597	5926.394450854345
12016.585070605732	1955.8889222646144	4743.729969313328
10269.14530605841	2688.9367841801695	5577.497184012358
12491.525206037948	1417.3774569439277	5210.66612332845
12277.341064197817	3014.9020179065797	4982.406980038688
11683.324364616656	2433.4386679303607	5434.23725725435
11576.68361117238	1901.2670965150205	4779.296611995053
12051.58068228549	1141.2220984988078	5089.703788543545
11188.543487858604	1555.4480274552573	5258.896255111662
11784.093816905524	2731.950577959511	4867.272528748241
10766.901621568893	2080.6931516344307	5084.741727871085
11389.595530347577	2996.2988657406017	5047.16444362516
9978.979172647958	3217.891781460335	4820.688662766078
10593.688474870378	3801.5801264944234	5343.985971089417
11857.915021192654	2983.5355406161702	5004.884843648206
11003.191407196515	2364.861154050779	5047.570104094415
13349.376930895123	778.1406406492845	5652.8399626811915
11864.749461493688	309.2255645229291	5266.35432264598
11768.18758616928	1431.1867634904315	5138.87431970576
10672.583480650066	1260.087350301149	4555.4524665085855
10895.812255367577	3227.532335970674	5044.90018417857
11683.155941739875	1963.1380596554814	5082.861505437501
10411.637141787605	5059.808087468804	4752.805396761034
11968.863661116318	2479.39703709599	4907.507659373257
11166.067212935068	1947.0241137907026	5206.328598192432
10490.16114266327	1120.8652417033945	5557.662155222871
11429.338792338562	3002.2579820596234	5991.735250931281
9630.542214971136	3745.156997371053	5405.593961503409
11368.452259515634	2028.995822468907	5745.934069592451
12370.932529107029	2028.8394579912272	5550.600569144531
10623.524842715184	3720.6837686852073	5066.24880382876
11674.986356579719	2215.024927826868	5204.841160004204
11358.171576841278	2644.3633366588547	5525.199865479875
11837.135484784245	2604.247735280242	5039.17545493278
10792.565042686141	2762.436774861409	5060.735398074517
10941.097099529066	2964.872914747659	5453.301740447854
12251.66886574255	1256.2019827412526	6160.733412257249
11511.452935724777	3038.3830671921137	5026.209190819885
11158.730293171217	1222.9089509760572	5626.536762560208
10553.204880578824	1198.1464889451117	6107.385229649555
11493.25823054528	4153.6489547825	4830.57921975643
11885.445917526155	2164.314681679086	5633.729933490044
10719.534210810521	336.58900638061635	4950.00562826897
10349.84944208789	4170.12335793389	5525.59873871595
10578.465890220996	2096.2425469415334	5457.379727010353
11735.511461836522	2159.673173904347	5010.128631027919
10718.662676331996	1262.7555234313193	5019.132916157025
11845.41628138219	2839.1306761174624	5336.956772450901
10510.215823206101	4118.150408738326	5259.614569140513
11091.299308235531	2159.0858190148024	4679.950541187769
10034.325905057356	3671.653328082407	4870.997568036644
11994.540266553779	2678.818482960913	5344.413305256324
11916.208474948193	2548.6388292915103	4838.273001205305
10118.083932141946	2930.1939043396155	5079.974406823998
11849.104011779029	3121.81792649457	5122.840015634638
11378.448275466186	2611.4260276383657	5100.309146131786
10820.098761181845	1376.4854983959237	6039.71775770211
12176.872399473279	2045.7842165222432	5046.031880111777
12065.092363708276	1745.3475170329798	5264.398940594822
10131.963647417704	3034.958672600293	4786.1395814514635
10021.332435546321	1649.642626903652	5520.8567343214445
11468.83343507121	2800.905120081789	5698.90758726872
10901.185365413667	1953.3191074260637	5275.71880729285
11271.432024500347	2939.407558105043	5417.166838580263
12514.324096673125	1836.2839381303554	4825.007657495909
12485.72495168432	1409.5109269019565	4500.4306708119975
11324.381316889061	507.7123329767012	5871.872847837209
10766.586635514384	3256.632989667201	4954.516144579874
10858.359859603897	1827.7976286919431	5306.602871089196
10875.194086278918	1718.9945292769903	5387.358170375111
10738.790221336256	2579.9335985520443	5672.62900139788
12164.47171810251	2784.016537787977	4720.245565736341
11219.43017573391	3729.3336785286956	5391.553409733495
11480.062897825932	2042.052326268952	4679.209732235216
11785.905528883739	2896.163470669892	5853.515541248781
10146.052680077455	2352.522495825645	5034.7740874384435
13689.990668011924	1923.379639283368	4892.512576933309
12283.964803391938	2294.7049225933433	5023.738820051672
10310.519531444137	1651.4878994516696	5775.876717935638
11266.535091400923	1342.066722283201	5807.122805902407
12438.614410578351	2514.82283370136	4994.9209977663395
12556.260163957677	2270.4401572126762	4934.985009721878
11415.82951645338	1699.0783054184412	5404.2045117933785
11532.885521186072	2476.2553205206664	5019.778514928599
11193.312627368918	2703.012842728851	5317.915812337667
10836.217367498874	3162.5934878648422	5567.96157621239
11054.357331165047	3789.841813274096	5673.082028839248
12075.695837868156	2100.7865201947593	5138.717892873797
11502.442591820274	1750.061973805177	4940.111801490533
10745.190141362937	1045.066530060869	4787.695269939258
10673.452349992836	4394.321951853038	5328.232229671737
10889.150575038804	3359.4965079358562	4937.309417328032
10751.739607395944	3238.5575591204192	4831.182545135203
11491.553432737639	1670.1036309203441	5335.2487173475265
10781.20683390907	347.7134231068215	5143.359649114917
12084.88570284626	2140.6697108904527	4541.970558584169
9704.22986446314	2982.4028087203033	4809.1992700850415
10661.606239175357	2440.0841782640396	5142.420908445915
11443.479078847264	3019.487292809134	5239.20134112541
11098.709375470471	2018.1966226913867	5174.654037689305
10495.103382542955	3692.7787453989254	4923.931450513458
11024.99045149002	1336.064718813659	5407.791469290734
10777.902008090568	2659.018024043834	4442.506217769368
10755.189265350391	2796.3041902065247	5371.48705697883
11992.353727877213	1258.2922310375504	4815.126158667945
10950.909919747024	4002.100205791561	4418.330346765966
11971.1531721033	904.7080819249105	4941.666596397684
10779.895141236546	2173.6706624796507	5218.210923395208
10397.158944786412	2419.5686342595664	5651.911109648588
10489.07071993118	1715.8910272791488	5706.585223530721
10572.851701817648	1922.868668484467	4996.402415163989
10218.794856477432	3078.019088825779	4741.879105062509
10257.694244712311	3886.705118071567	5248.431515781231
9201.596602905951	4517.627476773691	5551.115505436435
9341.669697631327	4160.019417423628	4729.2264032567155
11534.75854014046	1526.314178704972	5490.067215347948
10247.297382726083	3264.4966452832505	5175.880116725479
11496.823190785304	1307.1077898532901	4693.141592372246
9593.823371310327	3815.064603628013	4945.374535808469
11037.561541174422	2733.2690802140687	5954.630813396905
10847.722372328164	4503.331921706075	5639.410551082722
10719.726687419301	3243.531925288378	5391.8138916842245
10578.309361391777	2063.112349013988	4578.712750187505
10090.83620657376	2421.1094021216672	6014.616907766176
11178.145516605464	2654.208057842314	5281.566098862303
10354.144299471833	3753.077949269586	5057.063744049253
11865.941610563097	3591.024738007511	4337.730987970081
12190.08842953628	1291.2530089195104	5954.72863407209
10194.690683139785	2678.309475211566	5596.630363906262
11138.766700565599	1818.0448837822003	4998.039727633373
10820.150131035436	971.6912272408149	5592.640051520262
10677.165925290761	1416.6562479663673	5511.349917421639
10702.220082048198	53.51184941062676	4969.436350218943
11496.684766833589	364.721063724519	5005.896275789567
10505.693218857257	4402.695251386708	5195.032508029642
10792.897024338978	2244.10670701262	6050.030468032783
11707.719975164811	2531.6926493238575	4918.392508305814
9957.634870866177	4371.740223068687	4885.807292175855
11501.922714019387	3248.774745122208	4992.726693800406
10501.518375917818	3027.0624116177687	4990.544647840756
11175.817430569377	1878.6273264450128	5402.9062120104945
10881.75336500448	3246.107047853859	5250.471378767573
10555.95014649305	1877.6473448121844	4855.180358655463
11822.288948616539	1759.9352170830002	5711.118389178311
9619.05640826468	4323.376486477373	5306.8206599571795
11796.869709240542	2237.1893683132685	4869.133896195181
11955.059104776474	2564.3792918262366	5319.795053565186
11384.87387220674	2557.162156313876	4615.3114282789165
9718.556821708291	3739.1346322510026	4999.5569377675165
11211.822183526237	1652.069273789725	4763.998651043372
11418.636368561201	910.5327892347617	5050.34053880141
10875.490485425616	1955.849393021218	5314.952099025122
8346.56566592287	3560.4216180779513	5366.794709731739
10264.003833517461	3149.784899355796	5279.531059666536
10522.270396645225	3746.928029333742	4974.008515281295
10808.157229061064	1729.5122688697547	5204.570154897823
10570.93992759951	3285.24627986441	4944.9175380498
11029.679100061154	1504.7592875437854	5665.257065364386
11413.907390588834	1733.2548653543552	4879.380689601902
10580.009174636061	2205.0245637231465	4970.981207091054
12684.040188507102	431.952681218513	5178.439387012805
11029.132684186343	3691.934030194042	5003.456403702135
10307.774314898592	4201.1726153566215	5024.594949244107
12005.760426213386	3195.8501382767404	5550.118778142712
10485.920076413651	1192.2263054815949	5418.361448822545
10921.78406026124	1926.4991507634347	5408.4856973562155
11509.413703818966	3230.8824734087584	5147.746023908928
10073.366818676825	2777.366633297381	6162.283561915348
10482.766160715324	3595.9723822018027	6473.138767018649
11009.370623171075	3304.6470746298937	5405.917737867531
12031.829801986189	338.5615540498411	5415.145611165004
10007.92897279563	2334.568970191806	5103.060800976563
11716.40312176071	2665.9704043029915	4458.13652713356
10142.157865991468	2208.176150120771	4797.5084905174135
10992.889737568586	2710.258871470724	5099.915033189392
8564.470381295132	5898.148339075454	4791.078035528465
11378.992551779602	2240.8607414091616	5303.194932540321
10299.71801604675	2681.580322092069	5324.675710314789
12155.991234448988	1362.1664146182982	5210.234777011337
10734.519094912857	4624.791182850416	5380.793651085551
9879.060583509685	2993.7861635827076	5672.263160536154
10920.812218772331	2437.7954674007738	5099.0197343305035
11285.846966220866	2399.223755362592	5129.251483773747
10572.63154867373	3031.848307965875	5380.710175267036
10894.093009644022	2637.4074725667942	5133.617635114265
12115.647054145405	2600.055841400272	4839.907635398322
10141.178709608663	3054.736129984104	5094.091052183014
11189.406047241382	1853.240826748505	4769.293340311076
10053.148489724641	2948.574442325825	5208.361849423054
10563.022207793656	2533.6204207285923	5250.077115908366
11397.557381281524	2325.6067863089133	5223.759918775722
9816.893710493441	4389.109968949161	5295.186553723324
9906.621872684242	2381.6206213340815	5245.4633033597265
11568.626411365407	2041.3420469264456	4849.2695338518615
11888.609068194713	1757.3430396093565	5007.363351469357
10123.257062809447	2085.5694842808693	5438.825785177387
11509.659625237597	1519.9267365622256	6174.549771014061
10523.326658793769	3396.2609232638997	5331.374700716297
10905.978473373849	3186.8310021657803	5173.574855913299
10260.100169484129	2382.9328136994213	5262.038845501441
10686.444909538834	2027.1661505480588	5422.920482523564
11902.52434461576	1662.0426505371954	5640.414321002308
11249.838268577198	551.0483152700517	5885.784253007301
9552.873999796171	3610.502645359443	5100.595213946313
9992.94318988296	2510.5105802037933	5516.214694341251
9514.051694383676	2712.8639234557836	5072.345110345003
11754.219448137996	2656.559270524255	5395.199667922773
11453.213126055694	2276.2265851777206	4845.411111942496
11678.734036009979	3336.0765771641813	4946.8866838940385
9542.048945260185	2211.974402166027	4929.725461470524
12249.174644939956	3053.8695160011	4715.661884157336
10362.962574987629	1504.3456554507097	5201.590065081891
11115.23995274564	2325.4371187497254	5233.896025368526
9654.8776556791	2911.5987381447426	5179.169597282967
9652.228342120721	4074.5889150052003	5128.09579956266
11394.47215482173	1649.2605225192967	4721.420429780496
10978.775454767407	3874.2317293916117	5648.674247693155
10669.016772344394	405.073790754264	5421.349886503781
11199.177649036523	2430.240821457406	4815.922589749658
10675.524532119649	1884.753445225951	5311.92523857701
10796.106732878621	2706.696515450288	4772.447993076732
9759.599833276012	2287.3682276052955	5168.32932939419
11446.682187111146	2572.919529049592	4993.082471122359
11262.603342676997	1347.436589952945	5239.11869381282
11358.949556978157	3731.6060689155606	4923.70734128824
10625.562284857971	3282.8553954182685	5198.647588942462
10158.821124561144	3023.0521504954622	5243.901747058796
10926.043766717943	3729.8416136837573	4948.616669637171
12246.137967186647	1097.2301531724763	4819.826369328115
10978.886474714685	2581.2098331290003	5276.792484929117
10859.76443561613	2130.4340471966593	5465.399612719864
11295.442992911925	296.5808925428284	5532.562802331265
11918.29849934638	4331.861826212886	5253.708378409712
11053.614555447215	3416.5872178238506	5112.48086359813
10830.118678540042	1644.9514697862207	5398.724454440509
11142.84562971148	2510.921911659906	5749.009507177563
11917.445801600517	3904.5159534831378	5417.025658206293
11080.218430416056	1573.2893411177001	5441.794426792135
11097.258429271182	1065.0497079728111	5016.234988523575
11075.13845160266	4465.373286079939	4932.453471505791
11050.69558196375	1438.6520003294786	5696.171277443316
11975.682126018974	3403.773387670479	4993.745851394412
11920.621132171274	1918.1467913871486	5058.703931829238
11783.191160166361	1781.0207782315103	4871.858258808107
10054.777714759173	3337.784643181153	4837.490203252028
12188.322881083379	2191.0853131787967	4479.715294284397
10501.654612722561	2308.20782719818	5287.251286343169
11665.22538811013	2394.2770005620996	4992.878978900285
8528.946077554476	2833.3060120647233	5576.807573897978
11119.105609431255	2542.133866334086	5291.967779989204
11012.472243360793	3467.21069192012	4989.192232270359
10516.990685278808	3538.2633648618726	5174.852746215804
9048.622558683763	1717.925523661035	4847.172568269967
11672.809135142563	1188.7103117241306	5694.9647381293225
10626.448195521694	3523.0649109954784	4968.879791254044
10915.462276282793	2675.0395836278017	4992.533614264663
10755.589144734242	3020.3213410306303	5854.20801044865
10461.821911170899	1958.954370879789	4671.8132784195495
12150.267955621206	94.62793083310065	5523.687081846413
10029.3984310376	3148.3630547795815	5184.671899818854
11195.377697804852	2078.6893834938337	5053.112459951372
11178.40664116003	2027.5558469415998	4696.122368009336
10900.237479007064	2734.5179940996672	4581.0010026695645
10194.037182895992	3633.1170595108197	5623.817203478019
9598.604311605714	5009.247166488093	4780.071876073377
10678.666671658782	3590.1559580006433	5387.111101712702
11612.525186304925	2730.7001176924896	4672.162518137962
11940.515207083548	3536.376922597917	5497.475933608642
11355.52637390897	3151.2763404641446	5221.989411095609
12175.15295304565	2186.289524806135	5498.237503761582
11172.033078153965	1867.6320668537387	4857.027714461722
8304.15807416358	2737.613910288388	5170.938440170964
12644.87082128443	3623.626355793482	4696.33641757596
11609.177757085043	2380.5761788066056	5507.52762198646
10069.977637424374	1772.5052658326977	5419.427934728623
9871.95107483	2441.997523955194	5508.752523168679
10764.318605881612	5067.050676447467	5178.94536407574
10364.776776653376	585.9564779267914	4152.571314127861
9550.956471143836	3172.1081131692226	6033.848942046138
10930.958459690788	2427.749157851174	4794.894880952504
10408.740699916467	2911.229973986453	4820.236433951053
10417.51477562862	4380.23391502407	5190.932690436392
11342.641204444277	2837.478146536377	5316.407202018956
12149.3629278121	2169.1676278960726	5684.59996285266
9830.189702773063	1717.393404410481	5515.395006613874
11840.666968485053	2111.9774249875163	5512.651058446936
12255.36345471064	682.392808260354	4985.828987353538
12164.876581469807	3232.172218805307	4367.582170041226
10340.58196067331	4044.3284964804147	5332.629860913617
11837.763397486806	1889.3770858931696	5343.634223617218
11604.49171393964	2937.776392997515	5570.2441614261925
12453.026529726052	3306.6819119392026	4722.615134513611
11727.544831999196	690.1673062306465	4960.525102810398
12010.688802496827	1538.0641305028075	4665.708620372697
11605.634556139325	2635.8600543203347	4723.531218823969
9957.353650675534	1246.8231757737951	5458.150676092567
10781.615628351008	2499.2408967330402	5394.187789315908
11048.841850249828	2753.4793186106554	4948.024172194015
10400.563165562979	1852.42976512453	5299.795069599159
10426.299525590253	3071.2298523800373	4951.387637666663
10787.357039688364	3903.801136619009	4676.029668930789
11106.967494549412	3030.307630084436	4839.484035169373
11607.975436564255	2363.19995245788	4817.003233308261
9988.718110111527	3936.3567623250897	5699.888343741828
10825.65662475842	1724.908950727489	5256.602655451927
11143.648947800906	1366.9099315838755	5093.675065451191
11946.699499961696	2087.8006236300694	5286.080622866263
8958.41151282015	2648.453354075671	5522.955604673441
10021.717590911076	2492.3906073994035	5583.875403537387
10974.530539980873	296.8385248485076	5421.045948826786
9322.676275003305	2664.4040612445647	5488.410284114316
9883.19973838978	1766.100755329441	5148.00042304123
11301.41375821002	1413.2883412548981	4879.8297077669895
12081.642012339622	2459.82640995728	5331.547678979454
11207.111408418352	901.7038644334871	5454.334929139026
10800.99178889646	870.4420331395269	4888.446179914148
10693.013960506098	1066.4827098026424	5870.542933469307
11518.50172321994	3205.692807313026	5186.148048633357
11918.52408202811	3066.5273266021914	4779.021345756378
11954.803065142838	2290.0114724584973	5499.780418081709
10629.591544904097	3226.430816601189	5516.842340581682
9868.121755395387	2474.268856520653	4869.483943661388
10001.925535546861	2621.148854973522	5851.692763366157
11305.772010562729	-104.37893039388685	5611.417113852016
11002.670801023567	1782.7520292701881	5439.85597863106
11485.802183070213	3151.096378254353	5524.581298531662
11802.839186334768	1410.6760037779452	5003.896432096451
9985.840720113518	2421.068596637001	5356.744121126262
12938.253557475484	2054.6569731635573	5619.716318149232
10150.909636489112	1814.8756758653808	5523.155578439578
10768.934368274837	4108.646582154951	5068.791054390722
11529.917675559502	2580.0915352356183	4633.966109553329
13227.817194890169	2104.401616684378	5159.01437692973
11581.006085079374	1157.444201059123	5345.287726217861
10029.64763916848	2836.109053609798	5526.182911812385
11069.609522520039	2646.133585775962	5149.425975500432
10398.232399597628	1164.820260722569	5191.127314324563
10937.843789252469	1496.3143183834131	5306.964158368142
11079.303156011549	2667.2643018783833	4745.969788787793
12581.872009045053	1382.4450509346962	5702.613072196479
10307.491843349142	3985.964372947423	5026.743438112016
10007.188089211035	1179.6969250748723	5732.294280457981
10435.49723256223	3152.418593305879	5048.901718627286
12581.614803697808	1366.9807166837238	5468.352507645523
10498.230582446506	2784.489127158644	5442.105529555923
12373.130938983973	2723.959660753888	5577.475886440497
11033.230447865453	3274.63229046347	4927.526340625608
11790.170669969968	2000.2292588335006	5287.6465763152655
10280.417780630001	2543.268952644674	5352.127637451192
9286.204277129418	3427.6945142476275	5234.758002813377
12856.165151318472	1281.6048028294254	5033.610561868671
10905.30174570918	2481.0630269645167	5787.842435311864
10550.500368095516	4040.7995959688665	5933.051660421772
12419.561891150297	1805.816876016924	5286.082073211573
12213.928763358419	2367.973441803755	5554.9136334544855
11266.313397724685	1549.5615603497565	5575.137406833665
11239.991678540975	5393.291729004673	5720.803575918587
10654.54925909334	3061.6367899059023	5357.045490291774
10402.895400574886	1395.4488159559328	5253.356696312805
10742.249634640502	2816.723597559495	5027.794344101177
11312.45919520898	2212.861906722473	5290.535804521616
11359.22965660819	2860.414298084234	4891.294417376352
11975.162533554536	1290.4244986495992	5047.147482027418
11690.146141958656	186.10010101331798	4678.639333571325
10686.650961198005	2422.537317079792	5518.439304413397
12203.12974329611	3425.7968976878706	5429.300009334969
12703.054509520043	2670.717543640001	4908.29529006993
11790.948937107483	1956.4795197232045	4937.9055978281585
9987.464337538044	2965.7841462408637	5003.013850301652
10343.25606943462	2414.6376483985455	5214.860341308522
9577.06277937371	3199.7221068759545	4974.257423495641
11327.140883064954	2427.293540253431	5576.3154359253695
12199.965020269794	3030.5393319255622	4700.834481806957
10185.405434868786	2924.452368023323	4781.801275248803
11800.540207699847	788.087770594097	5062.393374503967
10976.809096189798	4337.242427943659	4850.168565657104
12379.660820707322	2160.6331517461917	4878.880632946918
11533.270458950892	2806.088778377737	4642.595233085768
10966.575068625845	670.5163361945545	5062.926243498821
11877.302222094853	2600.9481330881677	4656.201471658691
11111.247432594739	1245.3529238419344	4794.630138600006
10289.050570992707	2253.4373679272126	5277.238628431514
11371.816680214451	3343.1695680616895	4536.563367880832
11939.3850362597	3011.963097540401	5613.379654887441
10800.532469720294	4060.049373051723	4497.682803824174
10156.502496011648	4034.3912984940985	5052.987539756134
11442.26285056302	1702.406235835834	4769.782032950058
10689.392511355105	2903.5361844009562	5511.683328536451
10065.156484194838	1742.4632507176673	6270.825745870936
11484.345791617425	2500.6719383614477	5084.208041604418
12241.427551008908	2267.039754754527	5560.413951198935
11561.717271024281	2429.22073730796	4840.1119984135885
11181.273979447467	4216.803002127592	5348.08508688266
11323.826904356376	3206.2584610460967	4949.859553831086
11165.33771736084	2200.8226757685106	4711.163395529973
9644.010743194129	4925.253375461141	5282.564182071673
12133.564361587949	3335.477908848987	4368.306902542458
11656.232862234234	721.1053723464964	4958.381670097917
10647.382110513994	4350.312845467242	5088.133504284281
11191.914687640223	1801.2192558863353	6011.143492717636
11586.295552165535	3054.0252213084827	5402.154422714676
10530.134989221555	3961.4107780194245	4702.183711192137
11530.266485718092	1626.1348214908523	5666.851471619781
10706.73506666966	1880.1889934114522	4720.294727610004
11106.89833186536	3916.901424425354	5398.288787432312
11717.990931682254	2156.4355771718424	5135.9802673654785
10741.573794033306	3336.0079188912327	4921.280369161165
10557.086612044537	2979.889669664098	5479.331164927862
11290.516124659362	2682.0848577330435	4960.370405464278
11622.564068612694	1562.5173840370185	5176.165626311824
10467.546947609964	2619.9958904182063	5147.403426197386
12143.305634002096	1979.2022595133724	5438.342785896331
10056.550421973147	3628.4687813048995	5300.134020417672
10873.944488247591	2769.4506075238232	5605.079362259316
10844.581569029806	3587.6294058875956	5189.279687122998
12397.392642894078	867.2456958898426	4910.769303337075
13490.090389238429	2870.508343571506	5624.209115557693
10598.356647091561	3566.2379395136354	3926.6524419250845
11207.638341994127	959.206762908211	5567.360165153559
11648.170615925665	3511.6571326314292	4496.602650794733
10809.475242621489	2574.3336754639245	4624.274061641123
11693.76635843008	4079.0302839283804	4988.739648484947
10898.036461250418	2087.806382891059	4612.748733466759
12416.909490467828	2136.4929738637156	4897.620898150551
9271.88162454525	1490.6297955289638	5325.665571529149
10325.690089004636	3413.651939539387	5738.814786831702
10871.295717832967	3839.9784801732944	5054.980372447134
10706.716150836988	2559.3739257874167	5513.390113761563
10562.909102390051	2295.6675782358748	5271.2999684945235
10750.553049124412	2918.3341107692963	5036.058269606255
9973.583014751839	1642.6796142093513	5806.945171694338
11613.898498777837	209.26624343317792	5096.793200781378
10154.332725341326	3741.766190727841	5706.729254452466
11323.826200569072	2928.0146951223355	4948.6655708524895
9198.285904426713	958.1929072272885	5366.425795923213
12711.883011149019	2155.8564370512254	5073.656843210339
11122.892090547986	2170.26900495364	5647.907487016686
11995.306889784084	2371.562254284162	5448.464831970351
12273.471052123446	2915.896654395021	5164.512055687669
9700.478778759365	3378.6436827458224	4800.8151375025855
11071.371537164048	1883.28641896943	4823.448501708039
10139.062739844429	2871.000234858279	5132.436457469861
12585.564399650137	1477.9199027935838	5063.355491641488
10355.31928027032	3409.2254826682674	4926.344421613611
9668.387365645543	2424.347607250291	5126.156025543011
11869.977922298769	2474.9779387712533	5595.396740112179
11039.370058243547	417.46725575312655	5282.619385622571
10814.459176930684	2279.1184078584306	5288.860250636179
11193.05291917987	2314.8700706427585	5059.1845009550525
12635.703773790165	2253.271786550979	5039.441594266295
9719.692337417255	3616.4455718770405	5855.823761235156
11294.986395194372	2782.2843311459146	5738.9837574415
10943.408153343487	2425.5953264613017	5067.452943554732
10417.717306996616	2226.261625777049	5263.988662736405
9691.022431682315	2950.804100216877	5664.8915984289715
11299.288111751397	734.0888998098469	5039.255430998241
10156.009465837624	3844.8984185271197	4950.1573437089955
9928.068780749167	2191.197132065506	5202.145627501819
10221.389004244058	4432.727436415457	4674.3456935512695
12091.371790568568	2276.4616191179175	4921.276198428791
10696.726289162762	4521.938036800787	4662.183679224686
11589.45190838365	531.2520998613204	5195.540475268757
10088.366991596891	2122.612430247585	5243.663114529014
10699.443630119793	2623.1924699859687	5516.528320078615
11234.318849223202	2156.1782603033357	5309.991643322205
9052.945324612143	4923.3184783151255	5352.33463193001
12675.764789775367	1873.1136939806756	5176.422279032609
10636.611193226601	-92.55981637977048	5406.6496787520855
10959.094208032895	1460.587983406125	5463.326700142773
11028.657076873722	5155.781462864772	5165.655733723657
10764.48367002122	4086.277144914967	4221.075650014164
11247.981698523987	3622.26405257623	5106.169588060579
11478.806716410409	3587.795085450768	4736.949170088009
9915.3868560455	3390.3730205706947	5342.378346162544
11277.512517129871	2730.3828724894306	6198.7071402751235
11840.712782183173	-38.4471403874075	5655.495560315139
10439.81179402089	3099.056044604431	5509.379159947654
11060.55841609182	3261.606326457207	5272.821341174035
10701.806867181185	2523.6014058630676	4926.890953118129
11479.69758850523	1527.2710934629772	5212.401189815047
11668.064419020535	907.4806022234611	5370.211449884245
11688.300386693629	1939.6445150561083	5709.249653151108
11158.443731437847	1884.0195521237779	5213.616392192092
10676.532067031143	2890.157524194986	5467.476261818442
9842.699048993089	3507.959830450575	5242.815467215959
11049.055191487016	2482.799081539954	5389.823769613576
11655.347008466691	1484.9323774131803	5121.905916759305
10205.380278847568	1883.5605340673453	6015.880442122826
9899.598171312033	2848.7679205272902	5304.446250464253
10760.287964960144	3194.387841501651	5525.560613462034
10711.281327366753	3892.938067828467	5336.301403312425
9701.268460790332	3679.296012439394	5474.915662732902
11671.541619434693	1640.9986584872356	5409.612357590336
10851.076601001174	3280.417000618941	5689.60654659126
12685.978646877675	3613.1658941604796	5233.369987336781
11301.771785167835	2386.1248525925953	4463.932285594003
10617.277773332007	571.2883843045437	5288.850595610782
11367.267286516495	2087.9731750507867	5309.5416696435095
11273.24684370112	2464.47345105897	5347.343753848007
12253.95023954747	2152.672072210403	4897.281008695524
9886.14188934084	1835.0185421837896	5017.6296308158035
10609.75960717976	4109.773775993637	5113.40373421977
11443.72222179386	-23.68720156761007	5425.43219122753
9978.327615951146	3976.721927240321	5068.217670117343
11261.709873916854	5278.248798212996	4988.642326627837
9700.292825941206	3249.869654713689	5000.87391802564
9520.902375990494	3525.222120950233	4923.8264760060465
9286.087600837489	2951.1146500766617	5258.635013214196
11535.9966048407	643.490206502158	4977.775940997567
9277.567251234485	2032.1507585557108	5829.985348839935
9959.611238942398	618.5410189179796	4603.0930365357835
12295.763479437886	2820.4559369606195	5093.7462351589975
11082.570970211193	1994.111678092665	5336.459483998186
11077.146751716824	2771.385186447538	5630.159896599558
10905.008704396325	4046.4459982025674	4844.057415475308
9949.392652391225	4099.719596242672	4735.764641481007
11077.679109914861	2326.1326537327227	5692.933422291027
10861.584834807187	2369.6820507113653	5283.019842434739
9671.341112140804	1021.4530865667366	5183.987885342568
11641.643683660714	1817.0898619091138	5070.871148355435
11998.151095863273	112.98233038233195	5053.880564735286
11843.084630007792	1943.2458180082683	5144.068509221434
11348.116496078666	1610.1230446814384	5554.851706485214
9633.32422131241	2908.1899827204793	5164.990712216299
12659.917606079345	1617.2069564469257	4891.960734639203
11876.473964615063	2711.6544130003726	5232.586980621261
11182.733223511304	4115.758877906866	4694.387718220056
12643.363297835567	637.6305809980405	5059.840264139816
10595.146818356088	1632.8486801714032	5199.49847568601
12873.755088533257	920.0089534743856	5780.662548891733
9567.652086016076	4849.35714758299	5120.493065908259
12703.34723142953	1948.4270273344603	5750.792675117499
12088.299596456898	1496.1720616241412	4999.582349835454
11355.072351455176	3407.4679964319425	5260.048103319
10619.447416165454	4038.5508650830284	5502.353605657083
11039.739745370001	2837.5028478744543	4975.057605869232
12146.657452838244	1434.346457065422	5204.285469529295
11074.478459858232	1519.9912584631384	5363.760889419818
11840.976312037572	2440.4885992052746	5141.75741884575
11716.429712522075	2311.3132053528716	5472.0485021271
11769.685083883127	1177.047449269961	6347.194181711769
10933.535831745197	3221.6981662585963	5734.300371259416
10532.796134727996	3231.240641411356	4699.671760810983
10895.028619132632	3399.0411900417052	5083.025058534992
10636.711009605067	2262.9119505525796	4795.089168786195
12490.172505699744	1870.400271072451	4978.79077798893
9161.440367402043	3838.9144367758245	5315.888015277437
10690.170665751955	3494.1103112854494	5300.1891296293925
10921.208703168699	1214.7792159644084	5531.49125668784
10799.154402667182	816.8678263576834	4982.206493997552
10883.054939818157	3396.3994702480313	4636.201513058425
10778.060293029035	1927.5425634932433	5130.20315190203
9547.177044224032	3930.500794941572	5105.356476089173
10257.649711576252	1808.8379539644504	4680.358258461187
11227.110212967189	1797.720734623513	5209.2145665281405
10810.420063911712	644.1628697866505	5359.990676051416
11751.006843999387	159.02358319986794	5680.775690509046
10240.738277780516	4791.062119400976	5489.901460603418
11081.71360521807	3246.727178999482	4332.694408322523
11445.517059964426	3325.542046806001	5077.283721639823
10652.063430237138	2997.3710640468234	4972.046769889064
10388.626460494992	1454.7999144019673	5399.3828226765545
8458.752373251144	3039.572390194571	5789.318463877719
11738.604272627868	2617.8786926104826	5173.610161009195
11297.176414057243	2568.7957555345633	5560.256582879407
10383.87756498066	2714.6074723852794	4836.578700697771
10813.73902703018	1998.2356699548873	5132.60983465796
10766.083268542132	769.4037646007142	5619.426283050725
9818.158111541343	3089.358978947031	5352.716542865082
10347.193515768535	2630.032632548908	5238.6278478905315
11873.27688022984	2263.486378022716	5113.172905991663
9684.947623480657	3618.3577475343773	5107.19622827004
11537.312421043473	2847.3653817959653	5323.603019215758
11128.725448186775	1031.020573752284	5369.734330771263
10531.31246195017	2540.0867121370998	5054.7346227939315
10396.475293714786	2826.9761434693696	5458.678015945003
11179.718145507277	2959.1672841968566	5491.791732282369
10514.451200642798	3151.059814526321	5323.568027394417
11081.396660752975	1018.9526917837941	4847.081812537792
11337.706600195677	2520.433258747223	4874.067736240961
12332.809996664584	2821.105945114778	4624.657661180483
10818.926719805786	3298.1858898518904	5762.545615742518
11157.979664044968	4157.400779525477	5396.0636103660145
10266.75361725751	3382.9944847072293	5710.312162510562
10945.52257577825	2730.8405577230974	5527.0116101064405
10668.804326068825	2449.9276125596775	4722.875752735576
9950.018523902674	1586.6853499025347	5643.553485092025
10595.856397774878	3135.584739687034	4940.828862959392
10543.551958143376	1418.6888283387023	5137.889425791232
12274.33333010506	1221.1790303408477	5199.113487047538
12254.237352745335	2579.991144905371	5377.337569867804
11194.342124019106	2465.2873564848737	4931.066689520524
10432.479777350272	3900.3835967040195	5222.530855403151
11019.17671411688	2381.264887878568	5037.221004029237
11747.623707991079	855.5519060106683	5436.167767034938
9669.426601530891	2939.7545110574106	5159.11621521563
11483.041926203849	2517.743483636451	5341.25892381311
11006.185347776503	2390.7679000056464	5361.7466220926635
9590.717183375686	817.8188118519605	5656.9092464687365
10767.397052671613	2801.914441975103	4302.76548684537
9168.150445039391	3331.336464705456	5781.4676272784045
12776.40497750828	3893.472960346548	5036.903440413578
10481.247971134813	3830.517419013782	5468.336386812619
10209.928219189966	3136.743901798995	5184.989492466357
11056.991880824058	3073.2354626816723	4913.630549929161
10732.008000253216	2480.555234060791	5486.039697748358
11102.853961198838	3611.25101388944	4832.541442170724
11817.310846854292	2386.869034579739	5288.275060238278
11543.434300044268	2591.075923138449	5474.7586992708075
11048.662438503583	2788.4121750574736	5386.40025910547
9745.468553581939	3597.8924837621394	5537.7164886388155
11849.88312101732	1485.126916764704	5917.185862757868
10689.560498193432	2063.942373174238	5555.154051406507
10039.85518898703	1726.315030100107	5631.41149900499
10203.63735447148	3642.3676206120945	5257.629284838737
11448.825153507307	2868.7119133015053	5559.3249294194175
10621.345522150254	2528.7255816007228	5190.228031253834
12782.92832668719	1898.3798482864674	4549.488272231514
11030.852148506478	2468.985005975207	4853.907434825771
11127.734121829726	2036.1171513378451	4955.1935647623695
10229.07573196022	4187.511133576099	4927.457743549833
11564.459575700595	2322.717268431324	5316.129840469497
11212.317756529592	1850.9952918006552	5653.062725772951
10823.20108083998	2495.2754694410764	5229.929455561807
10686.206650158358	3369.508317089416	5254.5590109837385
11388.667501740232	3789.8424831843336	5255.483447678392
10691.521509393267	1807.2321544114247	4890.1486762393615
10481.491003223302	4037.4067200766144	4750.262951396367
10293.127878809086	3863.5948564834166	4292.011152688884
10088.239930060172	3242.79856054421	5306.659387077215
8249.861180367574	4173.648514342423	5376.689015310777
12106.483487201944	1770.786078567974	4727.11115992517
12159.466947996654	1635.5898767025808	5399.4449573831525
9753.966650999555	2436.6850893522555	5404.758068498617
9704.578198169898	1741.7359263482106	5329.484104114834
10749.25647005378	4438.964079176824	4848.568400838938
9837.696714214693	3951.755072094065	5242.306598590159
10986.94757926781	4017.517886027734	5345.391596729386
10635.486060746152	1152.257136766213	5317.694922610155
9905.314237795374	2754.148936635616	5687.6216095655145
11799.429655641155	2196.1424384120824	5331.1298548585455
11468.992878520976	1677.588796531253	5315.850336704507
12773.764101863291	1566.2861489661266	5599.491490147094
10657.120825956923	1700.3230190591219	6007.0176620587345
11915.283507652484	2871.655195759763	5339.883455436175
10327.953620475382	2932.6275952755796	4810.453156245059
11919.243336700816	2345.34758811319	4725.95935967958
10180.722628046882	3578.1226570281815	5038.772514900995
10500.280743666279	2327.075530656118	6053.860772940965
11084.901269745435	3785.076206718231	5040.5708939560545
11040.028700994033	782.6797328769638	5033.48542761963
10406.295012187426	2179.4508027346565	5151.926130968021
12225.733840112163	1841.344021863275	4922.755242428579
10002.412143673	3194.803179410549	5781.152412066416
9916.623038766867	2196.026089690169	4989.900151431601
11417.866041840025	2397.8057169437234	5482.5588951684385
10333.178944051024	2913.754487392473	5467.400108817839
12183.984437976533	1963.0514063965143	4872.3338252353815
9682.820942882829	2579.430246285868	5698.529385436245
10572.343581824944	1343.154597227703	5264.19375114733
9944.564647010486	3225.405397006262	4770.987946267094
10853.87948834366	1946.3867839996926	6021.437464302063
11843.053115461773	2754.177008303209	6088.112665386956
9572.953073608727	5015.009842265236	4795.4572478732825
12081.739012421387	4000.709358126527	5260.139535225933
11462.794320338602	1699.4312731412629	5282.986492597498
11940.18204675307	1705.7985100801825	5527.437752618321
10225.477190168944	2075.906397368568	5339.810690657119
10838.71774963304	1326.7783195620225	6124.034745473215
11343.601203397347	1561.6781087223285	4889.026189769987
10914.975548297018	1160.7046976694703	5447.957863963071
11691.568357507775	2286.3053283823742	5815.0801410555405
10877.807322050268	2180.7145843132876	5813.322674151246
10626.283676368643	2269.543991393815	5027.173488902318
11688.147035381287	2845.2656709678063	4303.3556939368755
11229.329558369807	1227.351840571032	5337.413761250502
11484.699600218135	2490.6476198829337	5463.944163267565
11111.865240838497	2300.381643295611	5491.396203988255
10823.054106621907	1254.258032099008	5027.245373656196
10278.725679200235	3428.057826165125	5479.756285269894
9995.698999343665	4682.342991280533	5066.870483528462
10839.532649534069	825.7668047886384	5543.703632449988
11669.07585451168	3305.323465360373	5045.170424136771
11643.864314998676	1572.2050046666338	5190.842368849278
11319.160029743838	3187.0467326670414	4890.306520486349
11372.759570429675	2114.0510793993435	5287.105067263853
12435.266123136513	2799.2198723735687	4816.624183770191
10766.917397339144	2831.9748821500275	5460.788484570146
11878.374160911413	1954.170672836816	4521.188378135337
10515.820680763647	1031.7173178751077	5392.444310310875
9118.17243668662	4434.0567905772505	5072.25213987025
10955.976359519775	3057.3422212935166	4917.974507163199
10221.215331261279	2734.2851466522434	4850.409270862863
10237.077449418137	2787.9112764726324	5781.36610520984
11322.827790083356	2216.9005020210857	5380.356608110463
11199.72100854622	2875.573616693326	4927.1699079216005
11457.740386015097	659.5319164614168	4666.790968360677
11246.559386982597	4112.307470033111	5792.313812324106
12606.846838018791	2020.1673306138719	4779.286433623305
10280.472454788007	4814.939454420879	5304.372516741122
11704.236954475044	2222.7397819326725	5698.053620115481
11572.9736272082	2252.437046663795	4753.5701457589585
11216.159430092877	3033.205431371791	5185.938351130322
12123.772427714586	1134.2524551261176	4519.057089768451
11067.717250603851	2838.284007670032	4940.242176855171
12675.756098865979	2095.8690254407697	5048.909254393163
11345.294240399544	3502.8623699277778	4922.891157798429
11389.929083735093	1232.0179797746596	5340.952603160825
9960.001971526186	1320.3491440643063	5386.7758254874325
10874.419213025298	2899.323199573522	5550.987336211148
10585.751138473192	3342.1295299465596	5207.640654131416
9539.183152076643	3024.6420918093527	5129.800007521532
11056.996708710207	3019.9403459406153	5219.595265675924
12125.789566192641	1411.716373187744	4659.316520314082
10870.747328251893	1741.5492131135154	5816.767987193587
9958.018375260812	1776.5714498562893	5155.52007540608
12466.063546654475	3495.086850157956	5279.656103724378
11471.481705687234	1964.058392044222	4805.750214560006
10847.288155040025	4486.931160923866	4656.077573319663
9899.25770302978	2385.2848155571205	5877.5842806994215
9452.253847225116	2384.8557467406877	5405.998936481748
7720.647123873476	5471.090193020025	4717.971619392649
12373.8574016598	2139.570359574647	5426.500003703713
10401.97759859352	3701.084800346663	4940.627485641756
11264.942486467997	662.947956847733	5104.433104352278
11715.693777338416	2230.151998607252	5235.899440014313
12599.09857785166	2075.8902302145957	5404.9308380141365
10350.936651706696	2362.5347403085952	5446.726377798183
10050.996952041985	1738.3713445733374	4935.372691715732
11620.425770826814	1638.677364593585	5329.034571497135
11213.104885694253	613.8377136441384	5626.780409516571
11083.4680678425	2381.142621930068	5220.638177973569
10146.491486531077	2346.163189350399	5017.2494899478725
10913.567255332811	586.819068302472	5134.481363611168
9888.593746203274	3057.978113999317	5077.606837886046
11970.722946229045	2759.480018361217	5313.974177643511
9781.960036215869	1998.4850823712231	4852.4698273787035
12839.563478618224	3058.6412114959517	5120.517539066649
11160.404783074051	1049.7870174159905	5515.900708394043
10273.254573016538	333.0298058376157	5828.617785851061
11576.085996040953	2721.21317555514	4846.905674899375
9450.549020928293	749.4130953089065	6215.486156451675
10795.015921696604	2629.8502925892794	5156.733738840394
11443.447323793664	2234.8744598923677	5686.14997148396
11342.582927300178	580.8867959576037	5046.7617666330625
11591.544450737498	2098.9475930041103	6054.896205073339
11477.844861865333	1832.3446055902723	5712.969762996435
9734.55121011921	4417.35249968089	4747.3048774361805
10623.41815790617	2207.8360131075724	5169.269069840234
10212.628191723472	2880.0647297746846	5823.813210137537
9472.838347796887	2616.55692162215	6083.043033272646
10703.673852653923	1732.1424656061195	4992.365756609871
10733.044300465648	3311.519416414513	5587.769405592906
11250.919024844054	1764.9978901139568	5384.024566728353
11541.377521076864	2022.740695599616	5226.491521892396
11354.739638979216	1361.4849632334167	5236.119016523707
13587.043603489972	1314.0043962712434	5222.795736674584
10429.182227272453	2525.4767261581715	5139.198169777027
10995.547513105372	2394.364784132372	4532.405349114557
10944.751419357124	2415.3999475521982	5310.037314539025
10943.335823811696	2699.4229110957695	4908.959685884104
10126.468103577878	2919.0778361854073	5762.183591223969
11347.117757859105	2902.3200017954473	5972.4286529912615
11141.996241332761	4155.714973326888	5146.0628117787555
10579.534692454114	4388.787084751741	5056.124085397801
11593.654629456702	2457.903623619318	5075.113615581937
11074.753842892744	2461.090468108544	5131.0075113373905
11284.41546346433	2901.7540499906872	5279.561997469532
11391.433848099121	1692.8699536650115	4935.382628970516
10262.725036663855	2102.6667102621795	5165.921681272386
11842.820293166402	3853.6839879426143	4268.309612541717
11262.420526118625	849.338311410394	4640.407444711557
11510.107258864828	2906.7974063504194	5215.91696053253
11972.791557129125	3486.0404871851606	5527.133078120066
9808.504433525957	3542.547439950479	4999.092714225756
11866.98100961109	3028.0036010754893	5626.993002164635
12152.77040816052	3269.385367994518	4897.434522136343
10557.936426417346	2360.4016758851917	5118.4289258307135
12092.820635939392	1955.4802704985502	5200.7078966523495
12086.873086811864	1381.1909917219393	5183.222649336854
9364.435595127892	3177.397314488505	5890.016759117656
11986.43387365392	2502.613010388834	5806.606935984757
10657.812701378161	1814.1854187133824	4961.831621730484
12099.68731066031	5169.18782846397	5114.486038011646
11861.020531835245	3147.038281955017	4649.939341032831
9384.238343204792	2417.166944374994	5439.60735862358
12157.533986678764	1523.9504203780325	4811.493335687227
10820.70218251959	1858.2385485666482	5273.773845704093
10664.165442169391	4302.018388105251	5076.460172069814
11023.41646445938	3368.93670557698	5474.8477536851415
9833.163124625115	3468.4062489626485	5466.381787743911
11420.848948149347	2381.16099415143	4922.279383438062
10787.993620132316	2186.2089559601163	5430.323462778894
9953.60618886364	3309.4996564376306	5262.147461196935
11096.379045851701	2012.7046335165683	5234.603006890564
11483.5372684766	566.9533597132427	5016.855249692337
9642.799448179374	4425.310255565896	5616.542765163293
9633.720944746094	1389.9137765010635	5387.5990165038575
11134.1331410605	2226.3453228952676	5340.372513020712
13028.29141630708	1798.6995488400514	5253.828290142016
10386.09985401818	2107.1053742091904	5282.616634301968
9715.150317084597	1916.3728237783173	4747.24977939223
12716.632671574222	1583.997074969268	4461.939557653673
11927.020047131968	2322.446007128836	5670.786030714613
9643.045095701322	3156.0990064663683	5189.253743648821
10283.738109128864	3582.0589418691593	4741.439770327749
11656.847566733688	1248.1203015350861	4946.421086603398
10767.86330111686	3893.069621604082	5149.788213285085
11686.715351786737	3764.6471573990557	4188.914061602794
8601.625334580413	3578.7083743191456	4883.838163002068
11121.969472655803	3671.449692771552	5261.583815824979
10765.932484528288	2054.350586657816	5180.661538751306
10447.030792145863	1638.9383179914862	5485.162908793237
10958.684611387349	503.39099956076655	5277.698978661244
12334.613875183284	3433.9862380460395	4757.225705892065
10803.713297657703	1599.049799196507	4962.567660079296
10070.431019085801	2201.4180569628343	5942.2393316879525
9366.280214025759	4121.515285680282	4813.408539447997
11583.034833943817	2670.8078411496303	4919.70621838513
11230.299327852883	1527.8689309183708	5406.241046549625
11335.473553666292	2103.525458710519	4444.305676354226
11973.721861442735	1346.6892141196884	4943.3839403766715
10458.067576887272	1206.2430110902385	5164.580224569003
9964.03205903527	2878.9336579290325	5157.402652534083
10629.19673328686	3239.7301817646016	5250.62455082764
10574.31312484068	3599.025981878661	5566.391172279272
10755.984502111722	2380.3227224525995	5215.882185684932
10917.45918545696	491.04820739515355	5195.944790510825
12282.739496584196	1713.6425327850159	5521.997774310711
10442.215829725925	3407.612514130886	5319.345702120305
10781.624724007688	4919.153235915424	5150.467852310027
11184.770954777927	2108.556120815259	5106.041086271871
11589.218678541887	2910.591694156739	5419.861931255964
11005.417736450472	1458.4758229463835	5234.312948975571
10795.229871601536	2577.3812886730675	4988.924250529514
10574.076397804583	3345.0659081983777	5571.225174291756
10625.872600752022	3850.972963831545	5333.253026562465
9788.704118297816	3180.008579484839	5501.676483768359
10668.04227869474	3317.4433406157964	5604.26407259929
11219.665335092266	2736.765693340959	5475.48028655394
11534.180126706728	608.9966194544961	4730.228529297553
10689.801698961048	182.7238542013082	6071.442028460753
10986.652343901349	3006.4738705174655	4895.957300310049
9984.138218823238	2980.0911843847657	5467.34809600482
11339.000718322615	1715.8149953108934	5541.858027082903
10406.904166797776	3638.9400709301485	5090.1078409923
11426.761297138808	1736.1548385347285	4959.190079411261
11088.458643218884	2986.283732664294	4633.39166562841
11567.064395309864	2523.327907255373	5579.303247250842
10917.287976249781	1494.2388772452048	5041.3368278145745
11361.585444916509	2041.6356416386877	5997.663364408213
12302.552903264841	2984.576276461088	4412.931718819854
11393.339880451424	3617.115191357512	4776.61719347434
10119.861660054361	2408.7244479384235	5629.24865342151
8983.457979577124	3791.109870240307	5755.9691166623215
10543.045353050673	2929.398671125574	5090.863503491532
12139.428963736336	2575.455631346594	5130.832264486743
10536.020307099614	2686.716449297645	5127.600292363892
10476.442400295226	2289.8795827613426	5713.2126075874985
12155.215199138032	1712.5070483860159	5944.230890654593
11579.6576359919	2201.5848172741007	5145.597700145781
10319.416257958172	2079.0702477705636	5769.0329610156905
11080.457698326089	427.00376162207675	4877.525028687542
12655.567345514808	3898.4274300544857	5453.275488700596
12394.29911003423	1564.9314677615005	4757.748256464416
12112.672289652724	831.4847067908163	5004.089583158132
9301.062670715923	2900.2834676663115	5194.864189175769
11673.906773451721	241.41416519638457	5822.4167954970435
10783.751907309108	2742.496389295085	5410.222718717661
10403.161104914567	2597.3525812963026	5608.775380527189
10412.278081150364	2727.5173037051	5125.02323855902
9996.884920954511	3286.3566610871735	5183.531482448946
12241.482163728293	2226.926974013004	4837.284791282636
11092.019646230967	1691.1560209945374	4873.414504537311
11558.061841613033	2731.0371327353682	5087.481068052971
11376.46098150696	2365.0347904035466	4941.114565408624
10766.976771930083	2037.686837002744	5041.6833501125375
10063.336530507673	2990.802855334896	5395.439806500754
11878.90757523999	1940.5025629509003	5489.237027524273
11051.592972385326	1354.1525833921726	5751.143463927265
9979.691519000351	3553.339381532442	5282.922455916364
10487.73458700307	2906.032249468866	5604.004273243093
12965.366858473333	1740.3639905016878	4794.510570049898
10914.67759980243	2642.7418450527775	5151.99530470851
10745.636178219507	2652.7983279411546	5626.319315924628
8967.670828493416	3505.000475763562	5069.966210825624
11253.045021265021	1554.0134903616238	4589.343016114196
11537.966847085067	1754.0333121805336	5256.195977718673
11177.160820213154	2783.856972671174	4965.854661074331
11257.458090698869	1485.896728611388	4809.694076303833
11230.326137568365	398.51902964485527	4928.799984995966
11969.307704746094	2275.4361357705607	4971.279559599572
10666.371585675372	3686.5503994196183	5061.456888601845
11789.605212220502	1012.6867788317744	5594.271292119255
9983.817004283736	2274.764903867717	5170.39036517904
10661.225492066369	3484.5971762771355	5207.3611459494805
10804.026776156605	3441.676422239208	5319.1052548390235
10437.426248489986	3700.4217706593613	5345.3686034753555
8937.860993288408	4558.849306660029	5234.726688205635
11450.868846002491	2301.5358687453368	4765.464568653001
11144.081369575879	981.2711659303727	5016.00607718088
10126.748802923874	3964.4245475830417	4828.781336514987
11014.194206716686	3169.274765738255	5497.599047069452
11204.691055514611	2590.983286091872	4582.226704182416
10787.327872650189	2046.6616648962843	4947.76366914756
12581.219393787598	2988.5311536436607	4585.41270968953
9922.451270303129	4367.337880964888	5237.892641823638
10347.454871942018	2227.373384466469	4877.828330128133
10526.749358025638	2634.3293511174556	5324.009508426398
12248.133240237921	1933.5716959121808	5311.746412881182
11090.009807134424	2784.403565987332	5223.559293312303
11132.067202908887	1437.70286314148	5515.7347134056
11627.436406212068	3419.2723073035504	5044.3304189593555
11759.454241819321	3687.7220913550773	5711.507400413448
11218.930712377292	3423.7685658450646	5115.874973446529
12195.69796357432	1013.0157873116316	4930.169041395421
11582.868751454373	2837.3291748492925	5562.112219032948
11130.383398431435	3169.859565100048	5332.6506979123915
11840.386906389858	2281.7265575312276	5677.490456028647
10097.66899081879	1920.1122184269707	5287.1945477192485
12126.506177479854	1795.0574980022338	5402.733000821791
11135.054144496613	1343.2702428040302	5334.471728988358
10379.130575662886	-181.37351110798227	5594.430177823681
11652.362885499926	2952.2424980255146	5605.867333925036
10571.8077715907	2904.292466516288	5419.820036245373
9658.44600562537	3353.545782468897	4850.930659377351
11104.944792089856	1533.589585883009	5870.108033756243
10775.243438347095	2771.585511610791	5278.850960273739
11780.087822692269	3144.561788199495	4561.559823230385
10291.945740339734	3304.2394530447255	5550.513042112464
11192.935555960174	3215.998696552256	5200.148507997638
11356.825535156559	3025.115255254104	5508.566217165952
11992.456313053288	650.2107055077344	4973.728320151009
9583.471576611457	2009.3279732698995	5361.3432318163095
11282.819113605938	3344.143697360962	5489.351486226233
11417.092862890522	1916.075639811149	5936.523334582767
11866.229054900452	2046.6520143279301	4998.871479218825
8973.69024229577	3093.2182467675893	5321.735361995629
11535.05088079461	3556.587755446276	5347.3136172216555
10905.396233037382	879.9520787318207	5359.210989540696
11118.158345334703	1863.016893985219	4671.943749183337
9876.457471579992	3834.9081728884194	5404.632499641467
10840.671208451733	3691.2376211443056	5125.359198384288
10453.572750806026	2017.678549508371	5561.182606472292
11124.8526619313	3642.629642417999	4831.119179786476
11962.592689893614	2040.0993178798758	5222.542915081541
10410.040124493906	3979.0721043309663	6324.362517916766
10767.954370948484	1462.3131639410803	5349.604670088139
10252.913950603594	1756.9732252494246	5667.4757462586385
10550.643967757662	2456.8096750461355	4797.971883591591
9661.951225317514	4400.548732152781	5201.480542914662
11925.05480122389	3550.64358168769	5030.35079908007
11807.137822009958	2118.0295088629355	5850.1250126777495
11532.38650898004	1405.9277353149535	5091.335249988502
11033.484624892266	956.4929817030826	5377.625605518981
11849.613730775469	2291.5658879833436	5333.826849302286
11120.434581727613	3436.9686213616515	5099.92463439543
6812.092415333544	5971.971586402422	5004.739155845139
10629.167262369394	3119.6383593112046	5319.670514184352
11175.867860641865	1942.2447857445686	5075.773649484548
10906.131951787358	3223.252315120295	5001.035383554039
9565.794192668134	4055.9505013701114	5178.79225442295
11291.873287207678	2162.2638077452666	5283.024386578515
9880.541341329574	3210.2416739646933	5352.397664405162
9381.998109022385	3575.503378752612	5891.913844764806
9843.588547287463	5537.849121859983	4886.6178029842695
11351.643873831488	3286.1402593392127	5264.474290894955
11478.120829571399	2736.8638749367615	4824.8963185792245
10479.148205801077	3647.0893265720206	5235.921114715351
11552.392078922048	896.6043508979257	4582.502845306056
11737.65743760267	2625.0340481671856	4779.16637361208
11861.99786248028	2487.355297286557	4745.096415973451
10591.582787849546	3289.292808427751	5377.474004951912
9321.135883290668	3010.503046437083	5316.619811810215
10845.960731815354	2422.8924090398264	5256.8262444859665
10240.662017626999	2695.6164032336146	5597.584532678706
12745.410051683195	1091.027687301423	4801.109676440448
10710.12458353568	1619.1688212214526	5448.839532679213
12046.668507669421	2143.4458323691842	5168.305394202062
11134.308887381705	1724.9918439291127	5556.701629502672
11576.871274515515	2187.415350835658	5331.650030754332
10207.69207874369	1735.5895548891735	5864.413244277282
10998.654429155666	2824.0389456370353	5584.96501936314
10725.415347650802	3270.2905228556388	5759.486680012761
9619.85277169679	4753.930478520283	4871.7987762757675
10519.335201472302	2820.429768421434	5366.636138951131
10620.505736248258	2109.8578018208614	5273.178806965815
10481.415100880122	4042.7369173418615	5007.938843665787
11855.286210326958	1980.788152796472	5301.630461231054
11231.34463855259	3628.9966165510164	5127.653514268392
10480.592223898317	4340.121452636115	5276.884588234048
11834.759343526275	2895.829448007951	4573.157106209346
11195.398733462576	3508.1964724075006	5026.376339505785
11786.443220767615	2627.4404191110852	4514.040736316038
10137.629844561987	2808.982201825915	5218.496870389716
11130.413319899215	1435.9490486776247	4721.992085056546
10850.007115004588	1918.6494054177863	5294.454303088199
10404.617782794026	5176.982943242751	4768.010710341759
11304.354524671908	1856.419350910433	5442.076907621609
10744.925034125277	4224.179347563386	5643.457829418476
11618.175561380282	365.09116035558606	5188.206083793789
12207.45389385923	3320.6228365751413	4859.554909330062
11714.886290966288	2621.2556373712455	5857.9623874235585
11479.598066574192	3016.2289769286563	4854.8308173666455
10944.63032758278	1673.5860632166668	5257.620929199071
11250.755376251884	2593.0808613609875	4858.288503827045
11175.542517943073	1858.9446741730378	5696.3777886583275
9717.570188088459	3612.0029696158076	5321.849541768884
11086.859131158477	2623.853482190682	5791.184582755342
10280.595043761197	3225.9922883191634	5429.692939160747
11278.967433087731	3554.5398515820125	5043.887635364023
9665.72412281653	4919.51155482365	4871.189810656281
11374.011530298396	3671.6361859112585	4751.051974967752
11359.087062184948	2399.205472664492	5372.720248618158
11627.423326295426	3117.366387263192	5011.916738668957
10209.204799641098	2974.914218572875	6057.221527688384
11034.128918181961	1585.7236939577244	5248.419950797797
10700.855902160245	2480.5141601071773	4853.222209309781
11222.785775033479	1532.82640083702	5084.2197224549345
12419.911568760752	1772.1687145969188	5276.843704518108
9196.40284874232	2606.991487847434	5674.357209733952
10950.956264866054	2656.284357828406	5460.270774984171
10184.525137986091	3987.5785165315137	4873.4477405443395
10731.947963288021	1595.580442593905	4472.496082463712
11324.820402803514	1510.3765451252	4770.446055048128
10794.85908083755	2942.690699423965	5471.924136362603
10933.271005280476	3497.0580474256435	5594.020227307615
12331.674380435721	3190.6723526675796	4927.327801776424
11966.024052844634	2186.5323899579494	5101.414599918957
11414.005835706286	1320.6854180653443	5190.345492252609
10501.946963771663	2465.5121831658025	4689.0821240064815
10341.04567473487	2502.6111065797127	5073.4269379951265
12217.61160255327	144.7373916132724	5304.0750249226585
9965.809179946124	3993.616299197598	4950.464141771883
11094.258205784143	2157.2880748239327	4890.361662564425
9683.397274400328	2584.5267237921057	4324.646874199798
9922.607415310844	3269.590391678283	4522.31050488767
12212.244298457073	2984.3904752894723	4521.75133377117
10381.650602020967	4800.178336884656	5191.268653478257
11129.788122175793	3214.81123478423	4656.336867195193
10847.654143981032	2496.974828542382	5523.596058871531
11830.575781937103	2143.6617709029997	5267.302890951857
11659.405484026007	1776.0777215615046	4839.463572560609
10427.545647129313	3513.4387562711236	4527.975706759956
10649.517856589786	3197.3240136849854	5262.0319585048355
12078.579157380405	3205.7322181771356	4681.183431307666
9344.349950064137	5167.477206478989	5830.25142773635
9447.30148689282	1516.9656532460285	4995.429469852209
11157.144590368442	3032.0520185730456	5237.539096383807
10753.108059132235	2516.1596338407303	5003.687642591517
11166.638272631159	1600.0660640263013	5278.303807604703
11110.839142141704	2229.91940880895	5298.314758156398
10065.769055623376	4134.8017965011795	5333.07627987462
10034.346052045217	4192.169484410515	4551.96885154868
11424.426601885218	3025.877872287885	5385.621347310551
10228.796390733467	2479.3072357155024	5287.597057795832
11660.567802465348	1296.6826793030245	5037.002390386335
11678.442646466316	1029.920247489369	5264.262495124705
11099.044135497352	1673.7139969454029	5622.1433489721785
10865.668412164048	3053.3739085164248	5669.286053997276
13049.001028931161	2289.7402791265836	4685.59366626355
10820.28221297526	262.2397585407323	5183.243323441171
9729.319760623966	1228.2032130157475	5241.1502327138805
10804.801426720995	5223.354957923795	4743.379692263569
10626.186096873602	2680.6614038624025	5076.711638245209
10779.266109604096	2111.5984087233887	5182.2075600588105
11300.560348500556	2684.0033260852356	4913.605344198501
10624.108630005889	1349.044594314989	5587.821697836032
10803.505251947448	3143.947206012168	5349.773681673398
11204.693387349247	2337.3445903378856	6575.744075159973
11121.570389747618	1790.4484620501007	5489.639157328694
10808.173121007027	1934.2748256698258	5096.455824795197
11705.593876613575	1539.2324954721244	5221.763385309735
12117.379675528256	2024.3132841604433	5226.157432493178
10187.584855916848	1523.3591258718043	4930.807239805081
11412.080533123228	2546.5633649465967	4952.492470456387
10204.92097193169	3203.324328139753	5079.3445815581
9705.28689380187	2223.3081007735104	5294.6455136336235
10636.50713313052	3489.494512511729	5723.574504262799
11069.648830159034	2861.9261480008076	5381.183584912456
10898.288047980539	1916.1125296138164	4718.237141357922
10405.575669107979	1473.5404169105489	5104.136797929746
10777.547571052586	2030.0355267580264	5009.749234948675
12489.165015226437	3606.945249135779	4777.339883677467
10213.033349625752	3815.2213974708957	5324.873367087765
10765.020713495847	2769.268095426657	5063.2758587881945
11000.00230498206	2145.666657718566	5864.856083100456
10576.666097504696	2431.3448267080316	5354.948770825619
10725.001480261557	3762.9293240250686	4916.826142795322
10836.065056225381	2694.113456482761	5775.637458955344
9737.145140779245	3721.525639453326	5378.14206577797
10207.212044749207	3513.1491165836355	5328.463711677182
11240.257229142999	3987.2538203124204	4670.602370515233
11632.150681811137	5037.6777191634665	4712.05678446924
11333.042387075691	2357.267440984857	5163.491820292546
10291.826050597647	2470.1447050095635	4738.500809067646
11508.707024695912	2177.616614285201	5086.122110525369
11727.555832162281	2333.3807394702935	5309.241544984989
11619.669882916298	1891.367829686344	5347.2966387321585
10057.030676071858	2624.288316198777	5051.870220006145
11504.755175242664	2910.778878263336	5240.120073234886
10639.258086873777	2613.4725951728883	5167.270144770147
11872.81067088788	2670.603401345325	5587.851334550505
11135.549635054202	3734.399200063924	5284.125520333603
10247.579293764658	4189.703912068294	5404.892295738735
10751.66936573651	1214.601549642812	5133.906119471747
11802.514195174812	1955.973976290361	5593.767626328906
10348.227321522685	2491.573803149054	4604.431237378264
10756.680284413376	2118.787279294285	5177.691736374204
10199.99676827807	2345.536704050627	5159.461560194111
10853.990474187767	1072.661848961021	4883.923975122641
11982.662602433817	1747.8508408061311	5573.377367780774
10617.344224760633	2829.58637333051	5978.0235425006795
11880.242562313928	2491.1678201025807	6029.355727184886
12014.45002241336	-485.34123731800213	5024.741538777078
12005.979436276588	2293.5217747528573	5403.681681301391
11258.565974761956	1822.7112983738878	6171.594452156235
10246.618031868607	6633.239106278062	4584.370219236186
12851.068956067684	1716.280736524783	4844.956950426749
11798.33385959287	3301.203127048068	5010.367749286398
10210.930117598473	2310.746584565743	5918.1655674043495
10850.03956465826	2619.753068232056	5212.998697310367
11764.707062429585	970.0890290489622	5490.488021728641
12189.450087806395	1655.1015152456582	5506.002287708381
11533.802980546576	2618.2586467518713	5310.708376849672
11289.774558867615	2153.9468334383228	5053.815855212212
10868.043075575826	1128.3867132516798	5386.8749222095485
9701.757551630708	3458.7172691099236	5502.645556178376
10551.520346139892	2911.6469551547407	5587.46608200874
10447.338779069572	2531.7291646599238	4724.498932847599
10014.699135421464	4509.3906461343895	5344.312103524873
11546.710830407983	1265.1125219570024	5999.886272221052
10672.861251259521	1142.6681364026952	5276.767204360069
11775.634297332808	3359.229838183936	4925.593620588162
9419.135823314517	2057.789069383797	5313.271241780403
10731.368066936831	2895.2515491581307	4885.744692969919
11012.78501239019	79.58767436987497	5232.840249646695
10332.438493382831	3236.8098195384828	5068.500456218391
12141.70593915336	2237.3880589047744	4751.411653270495
10349.14679731356	3442.346812825184	5058.565511387106
