2201.3178011158816	14507.581889291876	7554.148719905989
958.5825024262599	19327.912176495774	6919.241457200545
1544.6024512322028	17829.339654309988	7400.586405826251
1992.3035768486202	16356.513830409429	7487.560084162944
-712.1107976222503	15783.42391594994	7991.660765244612
585.6205662075585	16264.120793988675	7241.137351498063
1834.7977598290447	17447.328313641254	7501.855958080382
-73.94837031451408	17563.022436688658	7923.5004091359315
2416.7103612196724	15776.452901369794	8023.591635865391
1876.369961322178	16340.931340963807	7905.001188329744
607.5661916315646	16700.322868089403	7577.40381650803
524.784820392488	15497.975119124874	7695.5845838629175
901.4979338974748	16804.275096188725	8057.635440500881
1393.7311292655882	14544.464294952655	8319.135451349179
1003.8833329249796	20002.635516083352	6093.40777908109
2097.7214903467843	15055.05498238975	7949.088935912957
2171.352733373222	16391.24595587444	8010.659555433209
2081.6705494309917	15805.069263771713	7885.60510294404
1017.8197000535946	16700.845335691713	7692.362729992815
884.3796752286901	15618.087860341777	8113.813972026334
2064.143335182755	16514.498935854557	7468.629036305623
1715.8153536091068	15800.91869941794	7914.545664274487
410.29937153113485	15827.075111571063	7514.2734085718
1367.9725742039877	16065.999129874086	7178.648756424607
775.5988926466499	14220.401991111705	7905.365550230205
835.5420754196483	18778.081681775446	8493.900204620068
1122.027212358534	15518.106495539132	7635.448044985637
499.9673549170403	16849.72588703578	7650.6486756784125
342.5813349931471	17783.811262121035	7596.42056797245
2826.740639697486	13649.6406336154	7250.635903767345
706.9062730798297	17275.811132788047	7822.060947604861
654.4720313324659	16377.737323710578	7952.642186871189
1804.579707066326	16987.56642557852	7531.283125139471
2031.019266892292	17078.567015602956	7824.106976720744
2882.6002218018757	16728.049808601205	7527.03979254712
989.2286275844641	17459.827056544167	7624.775019512902
1234.193867281224	15433.422756416963	7930.643223649307
2677.394327617161	17652.66181825859	7879.381241454067
1786.2678050107081	16456.586668442902	7914.690951331908
927.0224522742044	16397.619943716738	7304.582644746379
321.62687671771783	19057.150827231464	7692.570124437292
1430.4438333099736	17109.830405383793	7558.487176451637
995.2178629414278	15049.208150714787	7514.166994982501
2809.4205557300384	16117.774798253176	8224.120459579533
510.1826201517516	15448.171755033705	8251.635500934239
1129.4212382407538	17229.350160168837	8095.053405417007
941.6635014826493	18625.883395022	8006.6574242346
1470.1248749611418	15397.289478590026	7807.275848535703
420.6220240855704	14938.132549541262	8079.696270920825
870.8573798879128	18031.281611752765	8049.871760131164
2431.8556533949295	14366.885298377063	7529.9863414563515
1237.5559331411898	16357.612364130091	7819.672354015716
3175.8713620100175	16680.605925412256	8109.673813365576
162.59313964416435	16083.45052098831	8105.601426961318
306.3859225973238	15156.438776705201	7962.023293299353
1842.4753576966136	14940.762845972096	8311.667185846873
711.6238070013762	17561.41786930347	7167.043545993712
436.7249340495205	16565.658978700383	7885.741489742803
718.9731016017047	17070.058420561636	6911.360036138948
2056.708435915239	16382.181562858601	7340.743543871612
1708.8665315973087	14820.887092720466	7966.730913931897
74.61411702644115	16426.239200915636	7598.84013879312
2025.488906516909	15577.83758044732	7858.8535519703755
2995.4566746092946	14527.261120239464	7534.297264426172
2706.8479289728953	15931.640135370435	7756.286683519815
1163.478175265658	15945.8574423788	7750.675300108868
3213.369439770413	14824.785244997505	7769.252677875116
501.54592275609457	15590.837317921201	7261.3607714362115
1749.7607679428613	16551.386508222295	8011.814406706182
2254.375231291698	16731.393813634288	7786.969988705556
2160.3401689843026	15989.759893101509	7530.538402587953
996.148768236336	15670.964403673648	8260.562099577244
338.9942417823023	16419.176580573043	7863.678305299732
708.1356866295848	15558.92422687071	8280.207755963123
1237.9257903228659	16934.620150546347	7380.0142852767085
1366.811628054271	17512.1631947888	7858.534503450898
1840.1470272571137	16039.129948732561	7515.813878204976
2453.043568772475	14781.977833435929	7816.992029808229
2465.0141680902175	15693.70387093894	7470.431587121934
731.9538577105038	14344.253754499437	7791.972352299192
2215.6293160355635	15692.797950526845	7947.742212257475
1028.5760550511307	16174.706831594733	7366.243699830585
2146.810092546216	17500.990322812002	7464.1490870436855
1959.517966464573	15164.693946238081	8131.229841320288
1496.7380487205644	16379.382110509812	8308.67945556687
535.3346819248366	18098.99775821062	7153.796903978168
199.9647659383239	16387.290955553537	7291.60072512147
2532.1176235767225	14006.327011452659	7921.297458009858
1284.4202800269657	14555.752912418846	8360.819596052783
1073.3502731743663	15723.388749995185	8265.456542467346
1891.3292549232642	15059.839352239202	8006.751704884931
1906.6482705597089	15063.613170480685	7900.105769072435
2260.848294384851	16075.725433609932	8134.354445467197
1491.9915610625594	17419.766165806308	7828.077978946344
846.4328297060692	16883.2319507771	7769.6423994265
2208.2750598532184	15342.672433615373	7439.0644304742855
2608.7940099905995	15449.94924564105	8066.268447237439
-68.66052798227655	17258.30893594152	7694.605275223969
2150.3463027444172	17068.33522052132	7650.069564930691
1489.621169905743	16427.949104909338	8031.708853838561
1278.0835789076782	16300.980096582547	7807.761077917981
3326.9692672572405	15155.439525056961	7948.039154909494
1639.1744446133018	15024.617814269348	7863.741708907147
2142.5277010361415	17309.201055965626	7347.642469389612
444.4621810987696	16815.57912045201	7852.252677213029
1838.411809430426	15404.291193558784	7429.829831311591
2175.6131368807546	17130.73200489567	7724.899437134934
127.57550297320786	18840.819742909658	7730.649394232202
640.7243657171242	15295.240624886568	7796.286236768406
-211.53594251222472	15753.443992248955	7689.796586106546
1815.7591627428778	15200.221333619329	7466.424405713998
1111.0249940176802	16419.123969787222	7881.23700717877
1116.7676294908263	15232.35311913284	8003.675509504649
508.17267017322763	17720.84449295571	7147.76372324512
2464.997282353195	16521.534326942376	7954.892333690797
1164.5267185424918	16544.71378894595	7497.133828438487
2438.209096456005	16648.95740977411	8334.203045657867
2114.1469087975347	15288.082871062883	7466.129822430841
1396.930209861613	15444.397401630764	8129.1649482588755
1099.4957238989837	15924.548825670809	7867.3699904699515
898.8874385552583	16037.81816644122	7946.030233773657
2341.1233726347746	16265.608147869638	8140.325483043976
2176.8149386397386	14337.611290404508	8069.753250626548
2135.292568592922	18023.787272977177	5298.459092366665
1177.1959006834174	15071.70299098816	7720.33792503681
1121.156216832879	16184.048323016357	7310.044956489596
515.2851063715393	17158.198966047	7791.984849825252
790.604916754792	17755.28933075386	8024.356267809895
1225.897481209736	15983.870738773945	7295.9739526890235
308.79428374097165	18670.06310851977	7700.549810230718
1081.1580028091914	15352.065452853893	7562.2711761520195
2451.936802853536	16007.761590464444	8282.14626957698
1913.6338539954102	15967.145547688571	7914.259798467718
1672.9214263611304	15897.184584040053	8036.172502871793
349.36265532681256	16689.063486089737	7780.89484327436
2042.2697277170375	16391.184313945698	8038.683787865239
372.33486312126445	17028.795340825636	7850.345197085557
1982.2457959868382	15300.907599690809	7500.904495214135
2231.364797810099	17095.274178109783	7582.887210227259
2196.1517301645085	15400.239098864075	7922.833921004553
-2.0674246483187284	15488.552716506476	7504.059215592809
1476.354276179915	18087.25677887638	7762.710602260291
1514.7068309224624	14481.301919131747	7976.620472584668
1837.8089904960318	15903.599081654143	7541.201862529812
2179.3014016233446	15668.28943542371	7641.8493230630165
1252.6769421696026	14367.852533922685	7821.017174726778
2442.050287145302	15621.420410646177	7433.563897360903
1665.1895262148378	15909.790474014168	7990.865266213796
1879.4516066092401	14918.770546767184	7543.009682652686
1446.151408279502	16660.943354101677	7632.895986026363
239.58399409866374	16798.31968172341	7925.58222445092
1964.4760199326024	15579.463107124058	7494.816775357986
2768.753203268603	15471.989503554536	8120.600402240098
1849.0400574089867	15218.078265445447	7713.4935990518225
548.0517350972564	16905.230206865515	8004.629617505015
1779.957089528871	15381.04744725338	7671.952258420528
1457.2713685532262	16234.74683187079	7675.386284283922
2126.533388284039	16832.466857141313	7593.8892145333275
1469.598538220413	16050.272453410615	7997.62803632915
2421.125127105072	18826.989242018135	7308.228357227485
210.95402710097827	17678.094872163405	8225.719371635681
763.9705835347658	16030.412862752617	7771.816925962204
1603.4370165109692	16587.68986846525	7811.82676834878
2798.5792377739194	18162.096208132163	7978.530956047663
1403.8236928313713	17416.60955331176	7924.285891021368
1021.180741164309	18451.80273890914	7485.581936254667
950.3952333925439	15719.959677554334	7850.045774870939
2094.651712853023	14699.639587220616	7516.574070283895
1836.6649761850927	15580.873583130664	7270.647660230034
1296.318828502868	16957.736672064388	7302.339229339862
1573.8436225212404	16093.7396027495	7564.590108848059
1554.0569184549854	15728.881354078556	8491.039797202831
2284.9582399939163	14776.301883250886	7870.787066455436
729.745107873644	15199.292885352816	7967.5986093267875
2088.646560943903	16970.320599904506	7617.135776049213
8309.591498340922	6207.035852079898	5974.990338857053
1140.0048411350938	18087.789208719096	7682.161847569235
2424.244433201405	14573.507259754728	7460.674869024154
1801.8704819790632	16157.117372019417	7364.541750589563
641.9577952200234	15748.019199070384	7850.001923217015
1163.838812801995	16642.260654190388	7874.544337260275
824.111004943136	16824.800796967527	7670.039140979923
643.4948676554999	16056.17835010332	7584.311786877445
1562.6008975705545	16205.823115462475	6942.05021182384
2509.921480830661	15148.859528528867	7497.146115826267
1065.6921361468776	16245.434152993184	7828.668207853092
2178.154911148424	17163.70271617172	7797.100435583795
901.2228195475326	16173.599043445201	7945.131175952911
666.6233699480294	14501.442655929324	7565.079597252135
254.50032584020866	13963.184975220118	7712.472956044639
2523.295650580887	15072.40275313078	7893.591765458708
576.2077652659252	14100.614306972755	8039.003411843128
1359.492837196136	15539.12073256493	7866.660559669519
3489.530378159689	15213.319210645275	7324.233410010048
1875.2843532696245	17110.86639257636	7265.131710841449
906.8159678127704	19118.903045942934	6519.954143818006
862.5541938184482	15813.428775778997	7405.263912683435
608.1704401311174	15359.508876194906	7734.703044557251
699.3932772614977	17385.303394917624	7692.069505946463
1790.2967038674867	14854.308121718504	7650.491558489509
1940.1009224782883	17346.968956661254	7417.906707331716
1986.9653171193042	14803.811844036863	7909.756125061805
2208.624310468464	13653.279916544929	8002.647414601486
1766.6995993245168	15202.3499940295	7474.494401894087
1617.7104060365753	16067.88103947045	7695.163316252905
5623.745880658685	8938.667846009934	5483.1625199795135
692.3469184350663	15365.273305643599	8066.004382596967
879.9906054926201	16368.249703998683	7430.807187272592
202.96797036742694	17106.130447290663	7688.047447176623
736.8542005921693	17549.414522452313	7413.090825336468
1557.8896500807389	16064.107347434532	7970.503387826737
253.5321621049446	15840.819311626188	7830.249546085121
738.7960690906709	16954.019452896897	8119.033050821523
1445.6301696058792	16373.822478099117	7885.954681559423
1819.1335755299074	17427.262100447027	7184.446694277619
665.8872076106072	17665.174212952275	7479.689700807232
112.51585868022657	18697.902372403805	8074.757410226931
1317.9253732961247	16933.34004963901	7832.7062334296215
1487.576544573338	16607.526631051205	7644.223686404946
1405.6554369031894	15829.928714065232	7740.901933013489
268.82406719229647	17032.158870502222	7684.997584080793
1300.9986356985623	15639.09017796813	7403.588782542125
2647.7628555591004	16285.121305925202	7644.301981283372
1193.9891410401956	16574.144786513767	7619.482414651826
2376.550943665458	16416.742302666124	7431.892148792834
1628.3343903999903	18110.794808990286	7891.696105893906
1610.544206385957	15183.055289642032	7153.4894026641605
415.3561692727982	17605.783424622856	7599.677396042053
1918.7163125325453	16245.337054250078	7621.945648966559
1780.0917414177495	16229.672383877958	7724.841347987851
116.41344678831308	17981.376198181555	7857.647273574646
595.4593713083535	16690.931572900972	8068.946737316952
1576.6173559303738	15250.285075274234	8118.235190851839
820.7272459563203	15888.161473820108	7868.905864295655
1142.4992247946382	17860.97379381242	6834.040032527936
3709.801316788352	12803.780337026195	8061.3934841677365
3393.7882082676174	16457.247464320622	7716.562046707247
607.0233772952532	21650.402763374554	5308.477315409667
1098.3833277828096	16833.99563205766	8375.34901793753
1535.9673069619935	17603.26273427479	7885.355398047748
1343.4652389803925	16173.95797555844	7422.439494077138
577.3299135335182	16470.96630626883	7895.932211660368
2015.913188704161	15245.326012626272	8163.742519906083
1314.956058228652	17691.134895964664	7502.913847481419
1810.836241119973	15335.468726732497	7846.229345252625
1384.2310317702227	17577.007636218248	7870.327722251181
1407.9378165618693	16166.63874747289	7731.168399539735
1619.6250745842858	16912.408276354086	7750.536813985943
905.566883643733	15424.08510272977	7522.297645344891
1084.8850584194458	17365.11217112452	7428.180169588378
2487.387132918432	17291.15276123009	8411.663687089616
1381.5661922871357	14180.516835506003	7973.097888384456
1181.533455423164	15613.550998882882	7300.416333958595
779.0328524362195	17474.971464571197	7790.669210852072
830.334105343572	15949.80327771	7574.883023048888
1182.603889910042	15187.26012698661	7943.994003706991
2666.9368438039364	14793.684083416985	7524.213572766886
467.5945331914072	16488.172937223895	8067.868677774527
1475.8883349798068	16372.79576077935	7643.697671837188
858.7500414632419	17027.814947346575	7661.52282657103
2487.4006895186	14271.421438106057	8295.841128354334
681.8788990739737	14841.681254504492	8122.623280291128
994.6874864390385	16662.547037506138	7819.236130966554
2111.7841361190412	15784.227347640912	8166.100578447553
1460.3160306628272	19709.272997491935	7273.6397235283985
1994.6068831932353	17522.45311894961	7400.694387495111
1937.2860793653128	17824.45552160903	7891.038705409903
712.6975756992963	14510.043391182156	7766.663447555517
1710.7952980220505	15756.014840857506	7310.508558307444
491.39244009732334	17305.38714202215	7683.185069643472
455.3341187932958	16236.817655002482	7544.224679149112
2633.9759644647665	15162.261242887438	7539.905173529071
624.864286168322	17459.101639889202	7545.458049178432
1238.667620703286	15136.636591210441	7931.52390609189
582.1347684667195	16476.421272534124	7942.9025566306345
2473.39774117801	17100.79644862544	7741.4486962941255
2161.2716793493682	15378.235755930218	7737.045143861758
1996.2363155043656	14681.596870436826	7533.940395892839
1758.6455837431615	15746.40119101391	7693.990817574955
1432.8093834273516	16128.189711744517	7870.141671330847
1262.936899779643	17045.97298656368	7481.215869367832
2120.1001432028456	15144.899384583527	7815.143510528595
1110.0471070373787	16425.613619851065	7894.478437336999
1810.4992676124368	13535.352983604298	7973.40967826603
1126.4611055099222	13896.785153809074	7643.793363798425
1613.9957792012312	16341.376780186776	7504.286433168583
2098.173061188607	15568.619077807585	8392.749531870139
1939.658243817112	18140.45159680332	6975.707470478741
1370.473477510471	15629.81905753329	7698.131532641167
1503.2036570827547	17312.30807784567	8005.92044194074
488.08930434385496	15427.157654685665	7559.100289115977
1080.2158500906476	17866.601437058747	7703.444280305637
2014.3579151609151	15226.822928824591	8006.028066720255
1368.48085031944	16585.504322541634	7830.298499727904
1389.2347275571635	17590.609471786564	7926.404046110675
1483.7959095382023	19719.481313563294	6097.901728897566
2516.2707508706944	15973.356967133379	6244.128345881753
-350.7546904354702	16914.605668019667	7535.246836543964
1190.6008001796085	17311.46243286598	7999.774555959326
1866.0533838186068	16754.007673872515	7989.131642192368
1475.361726986963	14955.175056918635	7576.594061864066
29.042593999709073	16846.526784288	7917.277756180366
764.0239419567091	15433.231961229834	7729.286497564412
1662.5900239497103	17836.566895271622	8000.728149305027
2202.9042112043935	16448.19144552425	7723.030915088855
1201.3514157636932	17495.91171728379	7501.052590062893
735.2173892731369	16081.242421583787	7388.542065157754
849.188454434261	18022.74020314144	7567.949647107242
3282.2924388197134	13767.458870874798	7704.941773626513
2091.765506911399	14472.72210595127	5947.248996641722
2096.640758777848	15668.614625117572	7317.608541162927
874.2328186376136	15148.059384777036	7621.514089362893
1474.8603474081528	15639.682647769068	7262.120829637313
1244.079033438431	15544.44882171822	7844.288695761185
1177.2030767318724	14725.020512687848	8122.66759658519
1217.6091476951046	17088.83683043861	7322.350007883447
1178.0790238350633	15688.930765167328	7628.868571762835
1627.927568549209	16207.28374908633	7996.307267871373
1744.5223525167023	15806.05624847928	8127.715992053279
1119.0479179649776	13685.771605134429	7704.666309429484
1033.1123672066028	15312.018744744291	8112.28706905409
1261.8215268608265	15432.135396593709	7891.193159479417
783.2855252897618	18273.44628385808	7550.983688758232
2702.7493631251277	13177.762598468875	7727.633781949546
1849.61273556406	16586.875830411103	7986.7144713791695
454.5185792961017	16465.048263869907	8070.569397074346
2348.9379157943545	14841.453052235516	7962.530486239888
1619.2045963570595	17381.377215198143	7610.62486184735
-385.50722054302116	17429.993691382107	7086.74280497805
2996.8289549983215	18589.356731694093	7804.298201394189
1941.986220220964	17027.568876349113	7951.575021150294
655.1499242966945	15854.454661211184	7784.077780735561
1419.6488730504714	16540.18103795841	7604.374645079493
1237.6750294110154	17624.144974279934	7835.428008092465
1594.2815841168317	17922.799590886152	7251.192956299525
2320.82189466663	15911.957939999307	7517.883892193117
653.4536127999876	16330.125277364707	7841.603989480927
2752.5906760144735	16635.70649128404	7792.395808621923
1043.8685597401145	17402.022207714974	6486.663222316842
1126.6901749298786	15984.835312434288	7998.780689752286
2669.3107752976903	14323.366196499932	7622.560126091016
1909.6463890988625	14650.088442639062	7990.357672842644
-197.6042817124008	16906.626599738498	7855.307973517898
1177.9334370133622	14901.12743498594	7417.612154659651
383.0109838402483	18672.987280400266	7395.677623614629
615.5860554117228	16320.953646033988	8196.34647483082
2596.6548918146013	15325.093720660376	8159.28565847382
2010.4244452884545	16392.53384649408	8472.706449186482
1148.807159844439	15450.70160987584	7499.021597472542
1599.924285195088	15712.234016649278	7848.339203261533
1063.9663740718863	16723.77450789859	7036.463811559083
2334.469478344432	15774.618058880345	7594.662941528261
1014.0161285325732	17496.14492205723	8019.379148259147
2073.1295802465274	14571.329174403121	7591.10443093774
946.9626706054772	18408.62477946206	7276.101456324262
2100.3740262257647	15778.514598460784	8255.4449023132
1003.7731873765064	18748.23759391354	7511.6415459407
1670.4633806519496	16377.631127030232	7549.368760485064
1272.7796105067982	16023.75987902385	7588.596808682885
1532.1628531410622	15361.995566922145	7932.048833315532
2006.25490240434	18905.66511970976	5527.888358656065
2939.1111224127094	14943.277509521995	8387.204459179353
344.50776144191366	16001.999208011188	7545.075572944429
1109.7568189175263	16586.91905253073	7531.304175332104
1670.145131504206	16827.945108297452	7678.283790804204
758.7439954113823	18102.199707375778	8105.410473099424
2126.4421244035734	14505.792401890607	7565.3982964393235
1032.1829866247947	15049.89160666891	7778.267018344065
2992.0377828345754	16074.62068505177	7922.940795999567
970.0553850936499	19533.448947852914	6603.006681331508
318.74336752139794	17030.838517660184	7754.473700644702
773.1506146822976	17630.26010312429	7500.583388392738
507.51055860955273	16933.950845650288	7918.337395090971
1659.8970901601692	14727.40681459524	8424.789763190705
1702.4861515149078	16798.01049580338	7291.265842287893
646.5893891071803	18285.806010818455	7674.747416972323
1584.6144637224425	14167.06189447095	8002.580869407547
1710.815957270891	17977.829230964642	7556.297374582438
1645.338325232462	18490.606571137174	7779.508446147945
3058.3580913607275	15880.045063138003	7953.563061269215
2431.8748345345807	16818.134385007397	8119.775393944875
1673.4895370095942	16250.153440918155	8166.042464722667
1343.0777898409588	16920.06926016448	7496.1082972482545
391.5901299177397	14953.736957997082	7877.506994936518
1116.0240331562438	16784.60155972435	7518.1134831158815
1826.3409908471374	15072.889801631654	7795.9432164678365
1234.6634854184413	17717.94071223548	7303.6929685405685
747.8988756923364	15860.266247061534	7990.282092300015
2154.2794503307955	17748.05976092894	7449.745437186949
9012.651049816213	6010.165586327495	5846.086651415669
2240.333364811965	13968.545074342246	7558.3076436487445
870.3156445097245	15025.901605725583	8218.040818729112
2649.761059458618	16753.355802876045	7695.969341476956
976.3977509027275	15293.9917497438	8126.698612327935
792.951896337783	15173.352573590266	8111.373315173169
818.5404512097518	16599.458736300014	7470.575032147553
2051.150229833422	16404.83355142694	7838.489024853539
712.4998136619445	17316.537106744494	7072.242606426457
2676.12645979167	15662.242748208282	8390.391833906504
1297.9218809269478	17252.338832006055	7842.032936914063
1545.6323288333765	18049.315812643006	7034.922858643928
1255.2888932782892	16302.750854829947	7267.606627687208
1151.4553680186846	15435.247816810757	7860.682203044888
1685.084099517166	16382.36651353696	7852.508075729342
2749.5958952432056	15751.857659912785	7642.678096422422
1368.1806004282378	15433.125687284984	8066.753021517609
381.41166005883304	17155.145835254414	7349.535810802112
1045.121864912108	15645.555089267427	8078.216663784722
-500.5888677714988	15894.246912216217	7080.110561772382
2555.6776175656305	15080.269387811317	7629.021428370403
1024.4081531455447	16390.45684758341	7998.572306109148
1191.747403957858	16847.334976507766	7163.723254383958
1384.7008003952044	16017.12861553862	7734.668634902922
964.8904297790332	15775.443355718304	7840.805637402162
2234.3794070627423	17007.185615451654	7954.048790491668
1005.0594462400577	16482.00815200407	8045.273773590383
1165.0632099173827	16643.584980567866	7788.758347973763
2797.6792781616314	14228.959604104679	8767.37611649852
2362.6654802420762	16143.989538118189	7236.4506860806005
1230.135616280774	15033.345129460507	7875.71321110345
2205.723923051069	14293.420743709612	7736.098154233304
564.2730763763567	16538.05650842386	8158.218242982693
1647.2718640679166	14816.141538536045	8087.167008099402
1724.7929934149447	17789.62143699847	7777.832778601229
1314.406656633101	16020.04114506726	8351.069265092294
2634.1942556176027	16096.95869538079	7233.856856881618
3001.3327461782933	15139.611819250447	7891.484843448476
2671.9949021389543	16428.04223758646	7585.287634368503
1339.9881347789528	15181.935443113738	7892.6007125413125
1882.4162724897405	16678.225441496677	7692.430557677331
579.6650064729433	17206.54441367455	7225.122817339484
2306.6521446320708	14514.550723280563	8045.930147533596
6.4532974366071	16965.877242063674	7525.295830306459
1995.9645648183046	17765.29401503027	7261.328365272413
2356.7427135263915	15557.230079766176	7429.303396723794
1207.5160028134483	15802.703465703926	7776.918195987439
1927.2319322598219	17359.619463701983	7490.952939846693
2804.755988000419	17477.49498463622	7751.770910988704
2620.9918210302208	15483.792909329466	7248.459781491621
1305.0188637447525	18278.474752257313	6393.062420986927
1123.4899410620856	14517.93534088706	7815.514554046706
2264.7872199125595	17243.524905739232	7347.658593440076
1891.2611075157981	16869.06035787377	6675.136273949295
2332.5850364672974	16368.309472888042	7599.986002821191
2006.1645216985887	16651.529258117844	7351.83096702329
1115.3590948683702	17316.306166971666	7750.165136200223
1026.6049146196826	17794.784394969007	7945.991752414998
1181.4651037497706	14623.007487916735	7679.805714652186
1011.9255269910042	17799.010860350514	7632.90702370833
2374.4718056620804	16315.493639914028	7909.618238036405
529.8155094080339	14591.565306425104	7899.923402689292
1466.5724915621347	16999.427888252907	7792.901964067065
3091.8919925901732	15015.905831207569	7790.150064061642
553.7895001159277	15439.297456112376	7798.667063396872
2030.7093070717474	16151.602336934513	7659.73022011152
429.0947171467535	14669.863932724877	7720.623419549131
1537.7736981031794	17679.824935294117	6961.7517101715885
1530.3620341401515	16151.453147198801	8342.88332640928
1179.3886888311877	16955.827641767137	7941.689485891104
1003.9052869338652	15852.849817529608	7781.577220565135
1552.3315000249586	15854.3033882407	7855.7629943436705
1024.8377522590868	16434.947559552642	7618.702690818948
1130.0753919000708	15903.09329122119	7707.513761753501
655.4899840406591	16000.886928432295	7782.899277236534
2358.0768709202025	16809.323876597253	8279.715244529141
1078.342880063476	16000.01401311525	7875.003126357265
1843.1236975813752	16739.186740655332	8259.194773494364
1974.7404971404883	15683.684599856642	7982.439149599158
9593.03104293754	4401.597111093613	5285.710730411798
2354.1010281146655	16441.826927099108	7929.299164027703
1303.4371667994353	16677.7537112092	7806.160954324743
1190.245749543306	15694.532407393015	7929.0828244322
1302.2362640274132	14445.705119176979	8356.734516725877
1748.5226501467553	17683.067104026275	7288.252452675881
2344.448176398223	15678.074380741487	7778.732954009644
9956.05179609212	4134.634723305658	5761.374308646251
1360.2831474228872	15377.57679953173	7765.539836315796
2409.6749530563106	14432.1447193956	7604.062515080718
1419.9283896000702	15848.836718719005	7705.429229194461
1568.4873275982388	15558.48210439566	7948.36615924037
1574.6126445436366	15650.98574986097	7895.59310917092
-19.647405395240643	16688.011258341627	7746.10471901746
654.7977672740482	16882.841206907684	7591.794641869975
1643.2477370465767	16894.74009604967	7596.937659845492
747.3773278323488	18265.21767527972	7702.684792432846
1813.207499457357	15548.187970931689	7676.343892271365
1626.8293066317638	16845.362546034932	8187.86575544079
1087.2320414484154	16138.79014612962	7665.359384181061
1196.923379346419	18766.248247526717	8082.962422625429
800.4585163239024	15960.953754405284	8211.647557568222
1819.006520184305	17503.945450068582	7641.978047475531
1686.1487691952093	14889.927202890143	7773.968981726635
1739.1422513100151	17896.24556580925	6519.598417619633
1369.1770945320404	17188.082866736422	7413.98404399638
1134.1008454607618	16350.466861489698	7830.6791384989765
1242.2742732766383	15739.400158326283	8414.971896488249
1295.3358501053922	15893.826443871618	8114.9360344646175
1157.3587891138998	16781.428851748267	7951.333080541512
1243.715847710747	20921.118802779773	5531.193417920174
318.6750516891606	18201.20849514621	7711.13640596289
2071.663846591563	17778.872558675164	7795.470735165038
1689.8340498667499	15936.730297579921	8043.448201190855
1874.1233593557533	15264.956409561612	8165.838868959255
2098.5978631866174	17792.926443896904	7270.6495250071075
1381.8565121353447	15574.486780549136	7217.811436701064
1168.8312675014215	17099.489064330843	7851.879953754813
2011.5916162208528	17076.99155971344	7690.256140285044
146.18146623014394	16180.354946518966	8485.574729331132
1483.2695179468549	14776.821647372564	7906.380447613046
478.7349130311259	18369.124082330178	7319.214903622546
1081.2163350374556	15469.102798179352	7911.720133327027
771.5514879953134	17192.791286139505	8384.773692727187
1544.8398766162782	14562.506926639997	8228.1841461792
1736.3572190068735	17121.541821761046	7733.717084812037
1373.2534775642675	15860.843727299243	7466.317952982154
2039.039805438036	16483.080716470136	7865.161242475366
1644.7181759744365	17447.706269795093	7561.328647975797
889.7695978390113	15251.992723989837	7958.564981773473
1059.8012388800018	15361.583623669507	7241.734850927096
1020.0946261700598	17538.397654897002	7970.351541781304
938.7810104784821	14866.358272408053	8191.737546805203
1011.1071772017019	17335.39346213189	7622.169023172135
1891.717243957843	15410.436547729141	8234.461083580154
2901.5072733990514	13843.432298292146	7738.686294168414
2387.985600218013	15455.611207242602	8203.803512012173
947.4163425562894	18392.86016154472	7707.77162779478
2303.4414260464323	17280.30835104285	8050.411217907298
1917.344669250468	16683.00934682392	7611.274232765691
936.7551813907644	18076.358468270795	8018.891154223152
1159.648936448373	14796.880740087261	7675.894196028034
2524.69655070631	14010.400584341753	7801.62265441489
847.1378325614703	16733.39618393151	7365.189956165927
2221.9381045156156	14948.558876736002	7966.4373378459195
2507.598742677084	14742.370257243963	8334.826294406656
-102.84572701467181	17388.709746012984	7220.753839035289
475.1344624219457	17493.261813424444	7919.942397081169
341.14849364735306	16222.921726522633	7930.720325324672
1629.3869762079464	17273.474169900757	8129.772946466649
1407.416846573495	15408.663501487945	8431.344422265176
732.9621321036543	15938.247057893395	7768.2940184829595
1345.9702552222543	17483.210462701492	7808.829816543298
1412.7569831080098	15946.25848346239	7343.3869551756725
2586.637809097014	14614.454028838172	8063.8197613031525
1832.1172818791774	17354.091772948435	7716.4683204293715
1739.1096676569564	16331.707540435158	7549.702652166032
1550.0663082447848	16191.449413705306	7840.705866118811
1350.2979179437464	15703.427349324358	8100.386799029102
387.2144946634747	17863.035354617794	7771.889800345818
563.8816289512671	16233.081658221681	7563.219931800134
2335.3499205985904	13910.31317066221	8095.441591685825
-81.34824785230674	17104.372683375535	8639.966910200328
888.8724280776668	15716.585301403618	7944.371890085505
1859.9407516730664	14151.253063907721	7424.79375035472
746.0784248353398	17547.598400287377	8008.070316693998
1896.0096371020704	14273.68188317395	7967.965396774259
1493.2620756987067	17535.494104609137	7985.142165437599
2178.714598988941	15670.692650550123	7723.325300547972
-133.3053012662244	15727.887112111268	7638.540968049312
2158.260249608005	15812.938105116456	7091.536985929359
1628.6824672920363	17085.040600134405	7245.131229166149
1147.9623394074622	20897.348146505657	5861.253361888552
2037.5962725347583	15514.935180465773	7594.061351934542
2512.576463281885	16533.060240869265	7724.406121364295
2235.8309751465963	15766.371293275539	8068.971379303491
1566.628404650437	15503.264848031948	7252.581657159401
1642.5203620522605	16285.604440956513	7578.644263465228
758.5045302269411	18291.45190405012	7511.893078186558
1787.9219265415322	15850.248828482698	7519.626798661421
1035.5241721516402	17896.960684033722	7914.168126904896
2746.6520852635513	15062.261985102732	7325.799233154425
1694.8677442335627	16166.383515901105	8177.15604657739
1172.1739890169051	16301.651298163913	7970.5445233987475
1368.7904423867078	16446.97857118613	7589.273506205301
1598.2717168852046	14921.655477853705	7294.341888622971
11269.814471845877	3214.6583867585555	6033.686609568536
736.8646617706262	18665.353121688124	7629.602365455533
-891.8184557382532	17202.01350681447	7672.398729454804
2889.3079594294677	15904.941406960557	7639.672017621109
1399.3348565864408	15173.585150045847	8011.180428950113
1567.0503577919958	15894.321999361053	8135.106620440018
1799.9202130859974	15334.411806922093	8058.692956873074
748.9630776930659	16479.56891357942	8151.638465151623
1639.4741104300049	14183.177326829418	8258.126923078169
1818.8317618540698	17483.477736409262	8161.661860020297
2223.4916603710367	16392.90021371708	7134.525105089154
1417.7114394328562	16046.80702523338	7604.5962259108865
1112.0852863554658	20015.526809860752	7773.244513727635
1793.4645812470674	16332.487148266951	7637.435814356552
949.2534296982941	18155.058259617228	7932.399971460377
1423.7593447291124	15662.539454944894	7900.582381684601
114.06987600161077	18293.248891412306	8287.290201830936
2088.474483457326	15304.446560615299	7663.271865488922
1892.277856312364	15072.313025590876	7994.981399327313
1086.4358598093315	16251.555960416294	7826.403116442253
10474.539434374898	3313.1558587330387	5124.663198260343
689.9117434512525	19580.7745451509	6034.204803085126
1255.7142802864546	15283.58172283331	7557.984748678526
3544.861346793763	13968.41124202196	8016.177545520286
1965.9592080665625	16328.037460782418	8340.58478324453
2383.0405461701994	17513.23799429927	7231.996943623526
2103.94713518189	17124.94966107154	7488.934535184984
1064.4591410396201	16890.693365215197	7410.558741304205
1788.1639532459208	15904.434067315186	7972.752601082781
1637.293121262187	17122.28163551293	7139.1448557252825
2155.9533551825066	15120.671512819003	8028.139155927884
1597.1105447819277	17496.266607109246	7175.40454188981
1374.7747528713664	15806.612459472808	7583.737885917888
2824.0092755623527	17396.18865764545	7786.977533226374
2442.758619497831	18213.68257152757	7608.07668846587
2203.9728372577874	16622.58553582867	7819.2285351249375
290.2066310647874	16887.49927700114	7339.9274986618575
2201.8600037902497	16016.33712954277	7943.364260191786
1037.3316308100018	15594.702364374414	7345.956522125535
2302.420839983775	14764.93700149886	8314.604799673323
1646.0049055703294	18321.179387109343	7635.828956650209
1544.1222181419023	17056.878162762037	7240.581886311275
1005.3438424113485	15720.706450988811	7690.346961055436
1343.1118639289734	16184.50792678943	7474.666770550971
673.3754866083768	16841.96535063838	7668.596794596587
2168.975435093617	15459.680289820415	8106.604525593141
3303.600014889272	15858.715570363072	7998.722771543945
2141.3998387619386	16295.978132423661	8044.938394928411
1698.0176999289097	17180.785621569292	7528.140500407876
393.44750883003235	16977.253500052833	7041.563181873876
2059.27681177814	15533.494661876672	8143.420068758147
1159.817698650978	17014.110927242193	7547.127985986084
1910.7454449944555	16106.423397268702	8065.304486922987
2433.3004028003033	13409.395936607509	8511.912633981403
530.3702969394586	16243.60707999683	8051.974790994232
777.162349828336	15524.521375926222	7880.259777458314
1978.9734405810486	16514.176971641307	8062.154770929956
1694.8412105282225	14384.709641895804	7718.540058668962
1941.3111070982338	16544.92570214064	8200.189757294704
63.022729629147435	18265.53270537577	7325.583104019946
2122.880135867406	16180.127306965443	7509.916637663823
2130.894750405115	14609.088910284601	7889.835836096654
630.5173843371402	19322.138859847095	5707.009447569422
777.0123954952654	14743.701826331871	8096.019456592592
1145.1554298445683	16200.024066165359	7954.390988203111
1319.5769487482721	18304.197578387415	7581.246478481153
75.3033053974414	15974.012088728829	7532.303301009728
599.4730865871145	18397.550618966456	8110.22790405891
2200.357432003093	17532.620373100955	7312.210568416975
1969.0753425988005	17133.334736633802	7573.6110807141595
1651.538316176627	15625.383250572759	7253.426225333486
1084.762593787703	18534.210847377453	7638.007644729798
2174.5063216616454	16856.9744481613	7673.138848474016
1460.6212048444083	15404.442837988605	8010.364391504937
819.5709306394119	16777.988285503317	7125.249483950223
1963.5308572998083	14294.95915451686	7540.421478427282
995.5425549047817	16247.136687443432	7613.812161042585
1958.4736980240589	16898.272557063712	8248.093370222294
358.62551955802365	17294.62869477444	7561.078088182438
1712.9295808725537	15745.073880700633	8326.302895988949
903.3746260622911	16120.232745317484	7578.349938674907
945.124916452055	16888.37755060768	7714.494318937134
1398.306267611302	16623.266152947446	7823.960652505743
1476.469839625571	16350.444365868743	7346.434683665989
1631.3609318614804	18583.69879064483	7243.142479833036
1398.6194993342735	17211.877534415624	7935.302231721899
1882.430268362543	16449.11199594017	7917.468315712016
957.593638554851	18190.401757268548	7909.132687536282
3001.1214819396505	15296.91959955087	7741.864358952726
1171.9687693917167	16635.03093726843	8122.709924637155
3751.0352763077663	15767.370745292492	7648.090239460528
2422.859130576998	16984.88869411926	7607.096455174771
157.93601786960397	15005.915956765582	8179.458948385494
1114.229891389446	15581.715269990884	7854.546037785725
999.4315984108277	17707.019114601728	7649.991264380152
390.37335158777773	15837.415602395633	7716.15297853883
584.8372211974396	18365.77840155684	7207.785162168309
1422.6791863986211	17349.207231298442	7503.6949053641165
2180.598862997874	17681.28842153337	7892.622609688637
847.1723073003869	15575.371422178181	8372.67945537391
-22.7288086160827	15689.625170061565	7950.596191964522
684.1822332855145	17457.503457502815	7610.5437081378595
1694.1156741118612	15584.20494722076	7811.435318691082
1403.518301288591	18023.207230029562	8096.692139044221
224.10505385267862	17218.803783297917	7833.157225685645
1936.2478782582439	15142.976279164339	7478.539086522578
1962.1966418224445	18616.075226072022	6669.584956020664
732.5685522408763	14953.952608003498	7809.439978241674
660.2063787620322	17421.9200599836	7225.453683406771
1432.1819576533803	15948.959577535514	7876.4325543393825
769.7979316668753	18024.977372818266	6623.188054968237
2591.987142910008	16640.491849865866	7437.065148078151
1533.3256504981327	17387.27609495866	7668.6034257520205
2083.125251428674	17855.029053273935	7862.091954429236
1983.8329007687762	16388.99652227376	7725.2467669728785
1172.4892755847584	16386.534280411797	7902.102652440177
518.5764783931168	16131.225746526285	8069.119035855951
1974.9492960033272	16588.44502683404	7956.357977816604
1660.6001117559956	15663.113815808023	8236.816672095492
2512.611994101793	15216.287466034586	8311.293955395418
1570.1132871218826	15473.86507272306	8004.242010766132
290.45845594057806	16984.407806473067	8007.817106928604
898.3070706352156	16902.54594573353	6992.953680877029
691.8217801429888	15503.573959783287	8299.284046905135
931.053428365579	15892.578162582668	7592.3336715071855
941.826466090694	16164.304304149327	7817.909913594178
1771.0107334184884	17065.23612677823	8104.644266405917
1735.9465596705083	18533.10513711946	7684.080768549602
1269.6914478259434	16320.232249633595	8285.244163836987
1426.530733687223	16096.061395809276	7499.760737938682
1151.0089318931116	15678.066932797954	7624.467354782167
2008.3410649936043	17261.1667702513	7652.682381582266
94.78847787958374	17181.45940403208	7770.8985166005805
932.3693611823272	16085.983294654794	7760.43684594507
2286.6876287586015	15350.124423097252	7660.939822860657
1506.3930884332517	16732.746000972184	8320.653383784127
1658.1022780276774	16074.593762036353	7318.855993347873
1162.2874299303337	15823.295828394057	7474.0176640934205
1571.6483071013338	17194.947060730832	8216.407762381501
1992.4856245666292	17790.564116325342	6973.561353805248
2795.229043124995	15666.571525219733	8348.382925308011
1262.0678111471395	15272.446363582267	7953.344940784373
1592.0769432838306	16032.731674233986	7352.519735501957
1771.7170562799797	17044.518165945952	7539.1198511944085
1134.0121891099602	16669.38481183385	8222.95473289247
1048.5434462571504	14702.37599963147	8312.925418111472
1808.1412449275003	16282.04454012821	7391.7486090664015
2253.816748772452	16093.536074538206	7952.161086902199
592.12926590928	12618.803889810228	7822.166171487711
1055.5327607793704	16711.523939275667	7765.412610862344
1012.5119419680399	15942.951701434331	8085.616271498286
1360.333939269237	15202.935679287055	7791.386216298085
1961.8804936384415	16440.826626673832	7513.477235981572
1182.8887190535793	14771.247340013671	7966.950311302201
2266.4969638094644	16044.385437428355	8476.404392580247
629.7064108106692	17976.442970696244	8051.675620122005
1914.4515963850731	16793.996559862702	7530.411159062536
1481.0480968340544	17936.820416580038	6966.73414768593
2802.937404162012	14392.655780407562	7993.9637377482595
2409.059464052115	17529.421879093396	7367.74514508079
82.53676762463925	19779.168876394506	6052.714161688143
458.09287816700265	17393.733147791885	7559.486578673539
1740.8083961670318	17249.564895052183	7190.511431405473
1048.9955188016818	17555.983329189523	7400.443318605493
976.930792861089	14961.813982416485	7821.015135606369
915.6584135371534	17916.63178116647	7528.59077803493
2373.6728206921794	16369.743301495551	7653.214439779302
2440.6750318736526	14776.702247312593	7139.967787159422
1554.3954370475544	15835.71053745251	7455.261864158956
1598.8799601531098	16115.437204083804	7587.474851556591
1619.3283425482698	16318.184572894808	8147.840604884483
2040.571954130699	16574.672708350758	7907.632422412007
2699.4088319219154	15907.639870948713	7684.61419482497
1328.6671439208114	17063.459431076197	7907.792075144021
617.9157589619547	15166.133495774258	7687.353468835467
2061.217207455459	15141.345866159143	7331.263402390561
1802.3392761497364	17079.896015299346	8202.631795952582
110.55789797681443	16077.657794507511	8468.822360118875
778.7966880144046	18834.217782193922	7353.4066573027285
1211.7304817977274	17299.483491093924	7822.098966155705
-23.433535983791852	15035.828987455896	7619.219580310766
1169.4311052669586	17107.335745436816	7703.841665024748
2144.1508300656856	18397.287811918453	7569.148951222628
1210.4523292328179	14185.525045544502	7996.2832343441405
1302.8979559166448	15409.237369496639	7277.320732686844
1403.3531229534326	17409.62835684808	7133.693266666253
1074.065067938253	17315.19995721764	7493.023525663888
1329.5648858026175	17042.285511889833	7757.611098316354
11098.17374366431	4401.490052250055	5109.211029254746
1632.7530549702199	15932.069059384134	8185.994508395481
1736.4506576452188	16159.599796292938	7935.410684106426
7828.189751762253	6129.135190960769	5485.104964819859
1211.5171983167497	15472.900980816734	8698.221644594
913.9473905088613	15165.955023913104	8021.3110908459885
1455.857057044476	14932.097081346867	7913.744461013874
644.7322011713508	17038.53217717236	7431.092602882754
2191.454032133889	15225.800342973656	7934.227116389494
1978.465277465637	15089.400105750383	7987.822448358284
1567.634827099032	16231.477992730837	8110.71995125061
764.505855765149	15555.256841629476	7872.77965129463
1113.5588518202446	16496.26967739701	8267.51761012552
1639.8851956290616	14791.25328022518	7714.63965542499
523.9195844430718	18463.95430758819	6447.566984773902
1357.363150665082	15277.203662649428	7677.670080350355
2558.4807161752706	14575.265015582669	7654.999011513221
891.360660697701	15790.509847579004	8013.509345145891
668.8516151771028	16749.4672513707	8267.459295913892
2634.232366215503	17890.77194833622	7123.929001354936
1133.0296230524054	17811.788560213186	7056.721803176848
1930.1654460733262	16392.241046109644	7929.451964971546
1046.393539204112	15533.399647755721	7453.711666667671
1601.0013938669779	15624.814323213697	7836.123268602267
1815.8497053208803	14624.422819008636	8004.198677049799
1444.5718342454902	15731.689832306602	8396.998948422262
1043.6266477065246	16346.876976149899	8146.006659269641
1203.9163275691287	15916.126887628474	7781.12649617795
2237.2295575833177	15620.42120627894	7837.100789165866
2023.6716601298083	15796.512396016911	7723.426867634461
2402.3333142123606	14951.272215998222	8276.682376606705
2780.6860210028417	14437.148990402276	7825.7473433249415
1415.4034148617015	16940.255914474703	7619.853621533401
1516.6700243054315	17656.916374342767	7415.403978311097
2085.5346691467034	17442.229665744555	7884.516824217039
1167.8612751473888	14828.227324763246	7620.4220942378115
1723.2231147516968	16271.820874312974	7338.338695869003
1470.2708838824342	18620.731250431738	7587.158403299585
1049.9219567708742	15637.206306467886	7272.780713413872
714.8115303687487	17446.338915301792	8108.774228780753
2621.7787046173585	17528.684404303618	6829.218464543375
1355.7059322987075	14414.50057177407	7806.1936577326005
-32.55271072849796	15655.902481553168	7797.866981264872
1600.3783399485833	14743.165867379956	7633.587663093495
138.68094707852012	16834.494973620516	7280.783573722966
701.990378779994	14443.039891760161	7453.925101939377
1896.5634885306279	14921.056040469924	7660.5991986996505
1420.5592665443005	16527.145225829492	7734.709842424606
1557.5232526505479	15553.086566090175	7718.953906857605
-251.2491552039393	15473.833290971766	8152.949580480605
1657.2269967202758	14700.643870537753	7482.574251246948
1955.4708357679265	19874.012944081976	6403.242908167605
-146.76248309938902	16042.718282258184	7467.272016588589
468.575093711376	15856.336151319816	7910.948747113049
1233.0437388310288	15020.604522862897	7652.61834373282
341.63079472385095	16548.613012230966	6503.0755032187635
116.8768390975538	17765.493158569392	7670.959948763065
1329.4375371790186	16669.500414944265	7559.219075898597
1595.6896159607468	15369.852400832899	7743.379841940502
1682.6784824814256	16908.72735117801	7489.222190637992
1918.2393574009388	16743.99940516489	7843.302295755958
2067.6976315631878	15425.258259754852	7783.371428924522
2052.2030773728843	15252.14525910791	7794.413924774846
812.5149203214464	16428.172113260924	8260.43692854345
973.7238638853214	17195.949249635283	8115.175376643027
1050.0423795332676	14997.115156900061	7835.08029154708
1022.9578303830572	16469.73922481465	7584.532320536507
117.56025897020707	16527.09422455731	7990.85019514495
1388.2865023495854	14566.045921981971	7690.70326649866
1158.617444006015	17547.405201119724	7302.056901049274
1987.0123936429545	16163.22756375602	7831.2490380330755
791.2150590264032	15788.82418983986	7758.234223228639
1656.3999199311459	18421.522761512613	7037.541908831936
1161.7863044873955	15322.186607641808	8134.252629734145
744.5408813011645	14638.21718707763	7861.571307749154
1394.805452460401	16482.0994185704	7597.880354479643
420.9834781476063	15710.597318717937	8186.958789576257
443.90681265413093	17567.975909322882	7600.1422818168885
969.1409957860069	16478.821276225615	7816.37663186087
1305.5081318835673	15346.937340038232	7509.564744806759
898.9246274127536	17233.688552394073	7325.967524952295
1128.869880957637	16742.42863149834	7703.361726670923
857.6601989226743	16367.317590454966	7830.7291263021525
1829.8077645613978	17096.958296928562	6865.356719533498
1344.33555642941	15292.190461050503	7470.66855072381
1139.5558338387207	16108.345989460979	7698.378187339801
1271.081181742024	15735.952284102234	8093.955530555202
1962.943517976621	15909.513333414017	7558.064231761987
805.1781161449225	16264.836749621076	7179.0465981626185
966.8740535347384	14945.0381241026	8096.439998427109
1943.3445125235896	17872.82895790286	7905.333541505069
1995.8839717153824	17705.176091884914	7933.413436046451
513.367680686663	17992.59735619193	8066.961807249689
545.8023192015222	14413.148208577826	7986.940585726032
1611.9541187056989	15034.251977662074	8062.619271219567
-1.91947548611183	17659.443794901148	7596.648001525627
1638.0523106117018	16464.175060665824	8185.2574144341015
261.24900357444176	15222.492791784742	7857.440075440022
1980.9287117694078	12586.101259190134	7653.325883318869
1721.5940073979348	17769.474397750455	8258.620576909492
1245.690378084004	16929.875146563616	7459.174657691332
2878.2592055246546	15672.367272593547	8095.08109639198
1532.4706829399156	16350.034727232218	8326.452356907303
1552.9105509402773	16661.269681735106	7496.165598551047
1592.190443515751	15032.121349181845	7609.679411501893
1476.5427654481218	16436.556143657803	7547.754206574767
1303.0031202914727	16258.578402991569	7566.389700683862
2708.990926941728	14585.212547490399	8117.529716533707
1735.1758987999851	16086.744012215295	7427.390506075444
595.6919367906702	15550.435170298906	7622.603992142305
2833.64731851015	15330.11883586663	8534.632958582015
2532.0615097444606	16372.13652061184	8162.585508794758
1261.7570882765658	16916.613828330836	7479.215410759644
1006.1397345228737	15770.194338045958	8090.35048973484
2329.0357469307237	15066.739567323613	7498.532076258073
-139.475354811124	16836.67573795929	7752.3587522965
33.54726922661187	19230.287288742762	6294.332436360851
979.1777377593259	16417.562425350203	7742.233794736511
2827.8940199488725	13837.979715838344	7968.735405240865
917.9257432872492	19292.28954499313	6985.144203376815
2155.9749655813243	17492.24560809397	7681.655406736281
1376.8295637649192	15896.281645524563	7998.664085861746
1794.1801123392256	15132.340981550722	7917.267847322014
1619.1037811384892	17821.591903771015	7338.312756684235
1396.2622615856328	15563.964399543549	7508.539085770184
1822.0486597315016	18190.54780261466	7525.399184066012
1594.034768649102	15727.185057627083	8048.2447560956
3718.0817173750256	14408.289157624624	4653.592548379923
2514.143294394589	14213.078895050065	8016.119618770901
1686.7887916992677	15733.912369905087	7729.636199685833
2801.7494844373387	17090.36652430902	7345.107191228708
1292.5242321674932	16234.636289659586	7813.217999273245
299.5439816747998	15480.566626320686	7852.738313719603
2786.1811980189846	14782.573368331581	7954.5325990524
1500.619609257571	16768.404023556654	8179.809351890275
875.4095402783963	15093.811265317756	7906.148969901853
1476.996992590402	15486.206415885756	8048.666943754245
3040.2523751340623	15787.087994231764	7570.987467491293
1026.4056262237866	17384.740334481572	7609.220427985928
1145.1828740064966	17441.06919817922	7662.273872147434
2458.321441329562	14476.335134740424	8361.441213137894
2492.2799267130035	14940.328338329191	7684.152496168318
2042.5355421831996	15800.359841208381	8177.005988484366
1576.064861514921	17241.79781859505	7969.465288505379
2379.9800614833857	16537.752176586135	7836.698865591463
133.934464502851	15491.451571673291	8209.854000187706
2834.3883744839077	15782.290748424566	7409.239919075031
1280.600497690767	17099.35138230454	7981.279547021438
2767.438197330406	13418.004332108872	7865.896732917195
3154.698227483811	17090.428958547167	7306.680916956789
618.1270908210571	16052.527388081435	7330.376028378475
3608.111695644649	16336.96903191875	8140.167630883875
1208.6019008815017	16149.228270118729	7879.808337860275
582.6721388881589	16134.452176195466	7871.37294152285
819.9525446848364	16877.949304290716	7302.7181441957055
2233.6698109618555	17551.765017402835	8435.984874750278
1643.7372843515964	17671.33652372464	7624.425170464776
2472.2196767551586	16789.20455530085	7324.023597206229
1361.0832632388167	17700.4529455735	7080.805286933883
1535.1867245370288	17551.175659149616	7450.647016663734
1387.8746719912233	16730.679940192265	7850.905592223485
1804.047168219852	17047.964209308502	7506.917183840732
1304.3511602503931	16573.406724535762	7577.684856017951
1811.346960126439	15304.52773719143	7703.762463868477
10032.66188296365	4867.3648053680545	4985.746754229757
659.632055888842	17071.165404227	7437.877882555796
655.7951339837828	15276.25988496379	8250.60773503764
1055.6359762838408	16488.91125881924	7217.208652337711
1002.6318570434538	15445.173363490845	7753.101702933234
2313.6280297626895	15231.167861907312	7691.447075646195
2019.0715715453102	16528.26664917868	7985.851501857849
1508.489279246115	16523.794727890818	7769.523319162772
2160.1510585175124	15470.419139626612	8083.705848937488
623.9125620458773	15507.31748282274	7568.792053321524
2445.5163340880354	16705.79424714048	7349.101072163044
834.7090524881239	15474.891720220849	7721.643345153918
-124.52260878541195	16105.84486093598	8132.862378612212
2076.3889959793196	15783.608972922697	7538.712045262009
814.0488310491903	19038.068360204576	7447.583676665907
1587.9330878165042	17068.834676836224	7894.658382616093
1148.3574956981781	16685.30042173342	7682.803178933372
674.6639988779286	16399.436059907082	7430.810285048046
1163.8433965317165	17486.159204089097	7566.230095936148
2039.2074514688936	17907.555407168984	8096.597432173576
2229.27240013252	15142.922668912392	7456.399114626238
1589.7772127595204	15478.05334930794	7194.925261015783
1821.5453369254512	18571.013985660353	7180.878784012461
1516.804378621815	16271.62480960386	7450.1841542594675
2448.2869673924693	13853.132498935689	7715.243842403151
3210.827267684439	15730.243503670868	7955.679060613935
1915.5931034599507	16818.668498882063	7394.904982746354
672.4026875660406	16576.509005790896	7339.415017155548
1653.3254514363903	16698.916965001943	7911.9661354230875
2319.2705205224306	15788.1910748883	8327.650948066444
891.2731244192034	14651.618713654982	7194.003624702989
483.81799835078493	16967.31359633422	7974.135825786519
1543.66232472546	17548.220565300584	7857.1483975042465
863.7160356708147	16701.620453412073	7609.968882756565
2011.8297225257863	17829.819583667417	7372.729602496072
1267.8498923278523	16775.151951795837	7377.898429879365
1749.0903699601822	13818.33958362398	7535.206876099424
809.5397440999585	15977.474909228755	8475.709704581268
2227.7882719646277	15970.643687921789	7584.281552531909
903.5184522265192	16390.133018022498	7879.048953191922
1140.7593119963494	15223.758328704824	7728.643128238651
1453.0178625184928	14475.5891208375	7638.8970215612635
1106.4610604661284	14775.24922641381	7759.5214424748165
2471.7779089099004	16232.76467371716	8104.00386764652
1377.8505020229381	16513.740117736976	6944.312944037175
971.3808174677831	15296.424019697966	7554.2858094635585
2674.2535532696556	15426.447558849608	7456.194032518241
1126.7130650056458	16465.179119434128	8380.49472889338
1280.1625952833142	15696.051015820183	7891.513830852564
415.5117868290888	16919.47765045559	7507.515618331437
1119.8081178437246	15118.87711133304	6888.324864307566
2179.8084723223824	16142.74964928325	8063.573121361396
1299.2326061722638	15457.789600686647	7976.726764604814
1644.3258487595879	15624.522737286099	7947.364218067339
856.928105856013	15680.58863821375	7646.888345742548
771.0213017179457	20011.421678282222	6614.465006210357
1956.8752071618298	16230.59008376921	8088.130898526206
1613.1016671760704	15838.86897622461	7871.0435502346745
2142.053872910609	17864.9458043278	7231.838200827208
2575.253029468314	17512.276720049107	7956.570133142126
1351.5744957608954	16296.128074638384	7828.031595568177
1754.8355839724782	17505.72979559984	8037.8254564284325
1424.3898477613288	16573.36232140349	7870.1486617032815
602.586614758873	16308.280572200474	8024.226214036808
661.3854456892949	17125.192872678716	7824.248572686988
1321.4593209641152	19196.93027341965	7613.933719136389
1012.9674899059441	16473.679587121274	8372.997881556184
947.9308321329427	14757.887245003792	7336.9130232045345
537.9481412490701	15701.878577315432	8220.637614867264
1128.2238539227171	17080.137640156576	7863.361888605276
2736.82930407367	16702.456761801724	8020.2929130374305
882.3514155272508	17786.769038975082	7615.83644212534
2158.7682737832024	15288.693536634448	7651.250781701669
1716.5250273251847	18499.238141403137	8349.019073001042
2206.540908377951	17333.202331836645	7493.190074339741
1340.81932815989	15759.695610306298	7864.625104744689
718.591739678955	17800.40472805007	7852.546078232782
1426.718797048073	15272.109078554226	7760.107990707308
1555.1886339244757	15144.148762494739	7635.8305378125
346.01150780828806	17130.441031359722	7767.459634179437
1269.7930155462925	16205.511483944316	7930.748386193341
2162.601379104159	16012.543826479881	8162.376003260017
1752.5333673890334	16109.770503012045	7786.480770642883
473.0048289576937	16495.80499110762	7616.222112924151
1989.6820742750951	14548.189574349686	7919.832014428297
3613.006389993993	14192.458194842891	8066.3084738351645
1641.4729358735171	17188.5972885149	7190.7005497255905
1928.1737864042561	16497.986514512973	7755.454420952276
2336.8859117662764	15998.92775329648	7921.422040747068
715.8011465266392	16977.86882099392	7637.699691642828
1621.4883032764228	17221.634191099638	8347.415058978057
1213.498941715288	14132.257548777383	7926.399955081486
1341.1210830004998	15387.737190720538	7316.3632644328645
1261.0084881433481	15240.428084673129	7600.126057914675
1569.4821717887082	15918.850489831735	7404.920606163207
1982.4457175579373	15141.616924916341	7363.556816951268
1947.3878332983534	15239.830080510068	7895.3213804439765
1080.588869288512	16632.413993798422	7947.200657631416
3013.8834322720163	17809.960290154922	7308.860127257438
1601.7278446649213	18694.18550630984	5903.343898572097
952.9330051238378	18646.928459832394	7790.419233426408
1817.0191690512693	16194.03975708991	8285.37136834486
-273.6917590744192	15251.261116174512	7919.269288192171
2132.2139010630144	15005.408113510808	7865.619690586671
1494.5149832664245	17691.901093601995	7572.466631436977
1299.244417928947	19214.769436694303	6666.118896082629
2130.042155437737	17250.71966808936	8225.11844033443
2595.812584603874	16264.954248962917	7767.2420880562995
2838.7491902337474	14499.036829306353	8178.712921165124
128.55779268840675	17236.725275800774	6976.523830463005
3123.5521575708353	14950.211774923106	8044.524059247822
578.2976593222361	16528.359813332438	7913.2587162176105
1058.3483449630774	16328.491915003822	7912.401138249275
2665.679507006563	16148.666874153583	7158.047341563861
611.0437396606342	15358.4391492038	7138.00741715185
1539.3564159878472	15339.543632575553	7845.3380602022435
1487.6441703979954	17084.304929803446	7410.563978384936
571.4135768347098	17014.26915221106	8266.407405716518
810.2999322839321	15045.225396866232	8350.411651736567
1823.1407803599795	15770.976712921592	7531.479714040608
2243.12049775131	13681.018674901663	8087.662207604726
1224.8690610801998	15862.851243842868	7430.355588692358
2606.1437539478306	15801.254722259573	7783.017335869434
2414.4824643206525	14975.560094171473	8222.969752487412
1828.4603407515506	15035.333611093705	8122.288607020219
1745.6528867840489	16247.60485599026	7859.509823098375
1180.4509476646424	18462.45550989632	7413.7288308516245
2316.1369393091327	15640.773871811974	7752.239320569483
1287.032594092173	16623.833231386307	8020.61651180574
277.4652801007645	16645.06859445564	7955.8312268255895
1946.1290539350418	15693.737135420783	7991.707162276886
-975.903986351023	17138.40378754931	8095.996034543523
471.6685196025092	17714.373703002457	8151.960809669445
2361.0534893185572	16883.523197488346	7489.347818503849
1258.9677095832133	15678.071455379813	8106.180851972273
3128.571854877632	17446.90947007424	7716.979833695588
838.961053560961	15368.855587181539	7880.885303043023
1275.0815032759617	16184.981354214284	7877.095677599452
2544.623913610269	15243.839489459962	7344.620077285156
1305.3567894914388	17633.707437135592	7351.928316582485
1462.0064992599503	15554.934421448435	7852.279307286281
-8.44303551763288	16407.385163440344	8082.664502714448
1627.221208994073	15460.341660272148	8400.155464209567
1564.827094256425	16056.605028171554	7494.131976366779
950.6669389747996	14515.714376507489	7904.871489353144
526.7029986147223	17028.221552578147	7594.376592465766
437.4341581162344	16157.11295160347	7903.088914836346
2260.577313388083	15239.376083317782	7622.069819927269
1909.6064976583655	17985.562969324415	7754.31191147045
1562.2578027440074	15231.219666930998	7442.3860726378125
403.8724200219198	17695.711529133918	7390.636794026573
3102.409299841978	16597.625274051017	7457.5784241146075
1320.9921108612823	14428.894218509084	7520.232257291899
780.7505779472934	15171.478075140983	7963.357410778544
1505.8800622778233	16343.259406195377	7763.673639175287
1937.8710676515093	16944.849389148847	8052.549830773267
3250.024534803629	15140.26356255582	8349.543133738121
798.6628547154428	15730.73557896377	7975.006143414176
1531.879415431107	15622.14869132293	7643.283794160229
1921.8939630585676	14051.728248974061	8291.763468580679
466.8845304746508	16041.721560529806	7423.621814104247
1753.1966632139408	13430.299931755	7509.825317558399
988.0874883911126	15479.890670839164	8008.839343134362
1190.5858399054853	17809.005569544846	7657.459080658276
1214.7412591283976	16300.02597945743	8196.018390303536
1498.5876231597226	16323.404742634504	7621.200282474258
3131.919841624835	16373.815585993034	7773.004373167284
803.9721269368239	17263.361082028478	7884.51157898095
956.2788907586861	16837.294584815467	7306.094291468114
75.5776773985531	15676.53249698824	7323.287850127107
70.36690400280347	16544.28133452423	7759.458776670979
10727.222400051593	3987.4117137276303	5429.176871284633
1413.9273683320318	16199.275528386363	7597.987225576818
-323.72223792038454	18706.248425788064	7908.880804663088
615.7799178023922	14651.649276553631	7999.166015360395
1344.6559093190212	17383.388269919033	7911.230735868124
686.5746113237769	14712.223163557734	8030.417149923135
3417.2138881791975	14835.689723249729	7375.607881983063
2017.1698175316228	15860.859130421119	7819.267298667473
1196.0503844105601	16106.414335732352	7734.643648196581
2322.45130634013	17167.060170233228	7968.924819950331
1495.7757606124012	16269.68863070178	7748.387281932175
317.053656851348	15766.530129422226	7705.655308509882
1862.747284786582	16720.109739596825	7571.034692358609
1353.566259044485	14846.845971269991	8172.021035793457
939.8363141903194	17797.540194243178	7186.522600321293
340.16773868282877	17579.055582961053	6576.96773701476
2346.2976903684153	14032.304869744636	7835.616156459709
1346.327570366001	14096.841294414007	7698.666335553549
1527.6377533731074	15455.346332770929	8753.846079556297
856.3732980320488	17257.777038221957	7567.204718794313
2747.601460157876	15616.082943256484	7659.116070273668
1603.9799269341424	16737.529974663834	7636.850972086933
2061.1181207217724	13607.25250336034	7849.963770313142
-143.36826393633623	15185.316166053108	7694.648718449263
1243.3207283313868	15386.82862738123	7843.889545380314
750.7247839756973	14862.959359587769	7451.727076537221
2021.4078160698941	15923.294155909485	7224.762729951331
860.8570135938555	14322.588046249826	8470.907528460568
1325.282472457387	14282.77540617548	8235.894381096401
1885.4473410394046	17292.602566630867	7707.243296889646
2165.789333949179	16386.472771487974	7615.0529514170685
1237.2373472855622	17357.659323685606	7851.043690120138
683.8633886761734	18668.35738515063	6382.930429746566
-118.78347282733557	18480.614705178046	6759.01142850721
1110.5436566503179	16438.809572172446	7515.066140169986
910.3896857413511	16551.829775411385	7883.803352509952
151.32294257094176	16759.39518794709	7712.290333937511
1025.145619636417	17321.85871524692	7455.324867355945
816.561654529112	16413.271333077315	7477.153524621749
1998.6041269622972	16620.84445283647	7540.780621780171
988.5850847090036	15787.598550119914	7549.307534239964
1748.8111373368226	16356.638845172745	8029.930664685528
562.2177205792703	17322.18598872263	8282.857475682287
428.5414917800251	16900.624657474178	8193.147823016128
1365.306791056338	13530.187436853368	7674.400608992817
1544.6306497765884	15324.99088092089	7971.312389104373
1964.2067995874481	15703.660220125988	8135.395706645703
1436.0156447382678	18358.376199590595	7526.150569147167
1213.7773299747148	15643.479342075692	7570.5429519027
10437.807549548173	2226.1843659439564	4902.266631405166
1082.203226587121	15398.385009603433	7943.6501205293125
129.3560899037303	14549.9181372421	8047.203281927594
2889.5984036017726	13809.031604890526	7650.605132982371
3034.0132875847858	15477.531918338156	7799.814467413491
354.5916573950282	17837.08028881271	7841.927108671698
7182.23380769978	8322.095657810352	4848.235035871567
335.90047348858195	15086.377759303907	7359.674229696633
1259.3837083030821	16707.519599129453	7390.957581763158
1528.4333105949718	15559.475822364922	7381.516363942043
2230.2419309865345	16833.061197226143	7768.061725700009
1630.877215974592	16308.507425561806	8173.006034359901
1581.7805298718504	16676.14613322297	8127.60954656998
816.015992317838	16244.867611238016	7728.736592278274
1818.4387113330245	16917.20246455482	7304.265637144746
555.6475275314474	15376.882682937521	7542.611138734965
1186.4307331415498	14748.539853070593	7726.961090299767
916.0220664436282	14444.668022492886	7397.915975673863
1652.3483521770893	14801.804846932837	7975.810046437184
1415.8979258330799	17511.999084829025	7758.120355666102
1936.4900437050974	14786.059018365248	8027.390123754997
720.4452171648699	19383.335305229968	5690.214566380551
1469.5309871763166	16281.963494665883	7824.5195632592595
3219.168478782164	15526.258074027166	7381.868055312411
2506.283253862811	17134.133765874358	7669.3663190845955
1958.733452018218	15298.813343459917	7862.295529328836
1150.0891382114985	15662.855760246413	8168.279542716024
2222.3043180789055	16201.803438246528	7809.975774556591
683.8997591903722	16223.831900849864	7775.012983767833
1085.0929549746556	15996.517047591575	8040.123832056426
137.86544403991104	16352.48005906614	7325.361344695135
1379.9022889838093	16332.18641357039	7940.532040433158
2278.9282640851434	15987.699949839149	7869.753377937471
2232.837921989343	14223.055576751347	7578.903368844681
1458.0059533074643	17334.849566927784	7985.700318331077
1510.5232203220567	16460.62990051531	7906.795679998436
266.8698683799367	16320.674437923659	7898.55778711064
1011.145904818483	14710.958457639948	7980.835469300853
1513.0931212142352	17181.899918540817	8406.52464293521
1352.0594766605104	14927.628316995928	7523.886804436873
1025.148153073749	15498.422807215858	8015.561810047003
1965.6299548289085	14362.56619558454	8124.558595601597
1465.1407978820453	16887.61678686653	7148.426769809991
1705.4737176813371	18524.59825690055	7952.856815017297
917.4080078044593	16341.075159370974	7419.4853780464355
1188.680186507979	15328.602314360627	7668.146899025107
928.6553396201255	16359.238063082057	7140.7705620340785
-356.9727905315633	17060.60786923393	7324.964277855364
2703.121794159313	16293.727485433155	8205.334267184984
874.0691808045916	15234.409629805228	7831.132803943708
40.65267477141305	18559.387907428572	5556.438432431085
1880.3635568584214	16740.70492112439	7811.60547124884
895.3234860591352	16381.699496155166	7151.413639769143
2856.4237622132605	15934.644699955157	7726.568562488106
