11134.987762818675	3836.7763978123694	5319.959522891149
10333.445585157087	801.1936185988126	5983.2114808561355
10200.1654227488	3824.80161904312	5528.981441460937
10577.540705063062	5191.3614107902185	5020.736141446197
11027.496723627612	4198.874598821876	4563.40162564124
10713.34766251113	3589.380111160484	5671.944402386301
11929.34096328303	3047.458908268288	4787.918415337678
9910.8321805677	5139.636278327147	5236.000137976036
11216.15870679524	3350.64795990141	5660.258283113124
11091.382003222692	3128.0002788516717	5144.90639585697
11808.265778427485	2541.521731596672	5548.447913235783
10508.282509162022	4909.747813988264	5264.698387803663
11657.006457969366	2196.320543084008	5486.69691308041
9385.463088939086	5514.650806436896	4914.453211105314
11488.655260919706	2899.2773819564122	5483.716141353967
11610.905531283566	3842.06173923995	4658.471767944596
10290.622273930203	3495.300947442839	4676.836848899067
9740.698276155908	3133.9052847165976	4858.840196554541
11548.998033404441	3663.595310044051	4572.175652265549
10600.038406214364	1825.9355064553056	5354.230329886864
11700.235747458508	3115.3411833611794	5664.219379095924
9463.281140870162	3136.117082304722	4527.347282611412
11042.733605355299	3756.231608027902	5557.207583731342
11378.86627334355	1149.2396908795336	4999.379639376747
11468.028387805733	2120.8608573507763	5862.277430765277
11062.562385667132	1892.737635326037	5396.418472601592
9408.569759902517	4809.085728896346	5058.6407152535085
12256.233393391853	1999.630191894159	5209.092264942071
11128.378942932783	2116.01313716857	5578.060763013669
10958.13136507364	2532.215952179602	5094.833908473693
11857.577229418615	2464.959967637748	5069.189447567881
11098.9412892537	3835.388059183164	4864.636492613331
2059.163659049415	12500.21454219462	5820.834676385386
8394.386851792437	5507.012452803432	5605.858376408466
10534.015998436713	2340.8971708047598	5153.646819499583
11596.264772879957	3495.7869555308985	5171.914452740764
11495.540624836975	3814.0842983049993	4888.02381123093
10782.481110783578	2304.4113923134714	5653.85915200264
10355.782457410834	3705.8998869179627	4919.6085643592305
9423.560618759915	3406.7738263523806	5552.844593256386
10526.156226522173	3104.9965857340508	5324.438410112513
11306.12733445576	987.3043183978875	4791.7823000073595
11194.484324115696	4636.982456545758	5570.8530424079245
11597.317097586363	957.4832106912831	5062.07142448543
11814.5090406792	2452.0782728848153	4910.221380162512
10635.156463444244	2538.246603305172	5223.721982785634
10878.579598131648	3421.0408589182202	5290.092287574427
9072.802223375458	3372.222034425248	5575.825138059123
11848.210979609423	2195.6112130038596	5238.77037847777
11557.548888202868	3432.7185136978637	4925.951082203967
10413.18702221837	4313.905525376212	5238.376621912317
9595.951241921135	4155.08028667901	5248.868142438345
2568.8807641107605	10810.287144558475	6341.211479377999
11714.836809083612	3271.901358608478	5702.5397188612815
10392.251214506732	3403.6933166663603	5065.097576675952
10262.450877789946	1753.0219873588317	4746.174043630794
10124.394934527865	3597.910541491362	5457.655076651107
10781.107385920459	2476.579131777374	5671.5541883621945
10680.732089867606	1523.5642701120623	5277.959601777414
10780.613050198956	2388.7877870699795	5021.606253705242
10707.596880327364	4352.1280197272035	5877.143415390837
9286.211962592339	3306.107368132126	5478.182334889233
10350.866874526711	414.33882823823694	5753.683897628635
12294.144348088787	2745.6820598955997	4858.077220391272
12340.920337618438	2245.316345045477	4504.033847813727
11729.806158331334	2833.839644559104	4894.837234210819
10179.737810856339	2980.616543001865	5380.837282755993
11350.084588984984	2592.1359302862784	4943.5684643532
11043.361819497484	725.5512317756483	4495.605270173678
11497.707915932113	3087.828142093495	5293.083223756955
10591.897600768807	3664.8071645525256	5304.100795683419
10786.178167885702	2741.2811282469393	4974.768371543297
11348.250428949379	2439.3282681954925	5443.037756931438
10137.796162721083	3627.4667423151427	4721.942240533857
11118.414601509625	3144.8715148770675	5084.255474397045
10629.98124985897	2601.376466891267	5027.696245354569
2850.354324713314	10614.42034655859	6467.194755719265
10977.838584214003	1121.4870083743274	5325.845373557483
10528.251324340059	2297.4162082754365	5001.746752756653
10898.241443490127	3156.7735223874197	5546.793027047456
11090.347155395697	4293.422938951249	4646.1652419349575
10536.26044959023	3816.6221075831154	4976.513524098857
11737.586708950173	2926.1719264720973	4966.76136751002
12472.832770110348	1737.6782379161857	4872.735235004321
9725.998494401125	3815.820173544314	5110.150908180361
10211.43725270322	856.8232736594026	5653.418862615046
12653.090928945672	1914.6939909758214	5354.787441044081
11526.747699261612	2792.521524673144	5869.508056950469
9382.288041686375	4475.242320353181	4646.264879105771
10752.703946096974	2408.014023426697	5252.5485750043945
11230.706636410101	3401.472961647222	5139.5142909627175
10555.947656156479	3003.140574972762	4867.639193698057
10506.374720013606	3193.9871655944353	5461.875509176707
10596.449755354046	2415.589179166479	5404.591449014472
11190.630264380936	2104.136404612436	5132.7267148729325
10459.127098688563	2173.808254272995	5433.196393177234
10924.85357138385	2219.1669135985658	4930.846500424336
11153.28574838332	2732.7922820797776	5219.398993466022
9407.137948590595	5505.180377900046	5472.138641671927
2838.2891105834556	11339.361314566982	6159.498466947549
10624.562935187652	3929.9611687026704	5282.439364971942
10853.367117490257	2679.2383437903954	4898.0923377311
10782.389057596818	2277.601561388043	4756.522597405561
9800.969875720732	2731.3602705273106	5373.83396073047
11018.493455672835	3060.3577508467365	5535.662530466062
10922.941223131402	4631.543344269591	6127.925515726236
12207.688679197854	4088.492682841439	5050.750120259909
9805.219861903011	2996.9200118030394	5867.20216357931
2598.752513034583	12196.268959014049	5933.396417011356
11487.19184041023	1495.2189702718406	4994.2721109272325
12457.009399004102	2950.4866638423764	5075.636134701178
8630.013924804103	4592.100643665248	4795.175641972631
10303.9025043545	3403.8118255255495	5703.618690759041
10047.139412369188	3101.679458342511	4581.688972704957
10992.82837671215	3889.3398703166677	5264.881608775152
10888.05355873695	3479.1812904834296	5444.029225843035
11003.88221768527	2998.283877394559	5848.257599180238
11094.585427572227	3029.286406412936	5173.372310875583
11807.21158946628	2346.1907931758446	5114.126080137558
10328.012495784875	2611.207563120683	5350.546617110589
11820.027031531214	2968.0857684280013	4978.176542053959
9771.417011152422	3273.819767155196	5508.362187899658
11644.16884164721	3206.969634284796	4966.149602350681
9760.93867355596	3097.5501577086034	5304.724231138617
9809.01235771942	2850.9990673528346	5410.809998762653
9178.08356418978	5909.9494140937695	4351.602547215062
11352.296819734602	3013.9800874535827	4988.69328465487
10669.266983930784	2362.360690041556	5183.244843953714
7507.208268452359	7174.810974084875	4037.905005154629
10971.616104058936	4327.8150494481315	5475.450853632654
10368.730280460375	3961.4227247487156	5162.8145746453965
11347.094194134123	1387.394247749472	5476.148976020962
11921.774727025067	3634.648205215116	5489.868798571616
9179.582082094821	5117.536511351935	5083.611709412058
11755.02410135073	2994.2456860789753	4783.722687800271
10056.889933420314	4206.025729151515	5192.234938061519
10269.127031979731	1252.3849846674455	5576.43431425079
10383.470281874941	1001.6736255986971	4969.984848066156
9442.1384893072	4823.0463838217365	5562.146577055957
10184.666809584545	2059.066561419174	5564.382487333679
10741.87416438515	4402.9197303900055	5265.125612646147
10884.499387517382	3793.05929651297	5527.086300561674
9586.34122843374	2884.6695617345813	5114.837988942706
11117.660255773175	1578.887274604118	4931.564046210454
11163.592142911186	1369.562462877896	5469.971063951438
10172.512087376937	4599.964731530532	5449.498315220777
11234.724773298763	1496.766207621665	5219.05848090404
12210.780003543052	-199.35111930657717	5230.780923375892
10018.51038606956	3690.5800151597846	4919.631103331299
7706.8378248112385	5363.133035487633	5265.914150821489
11331.682082003144	3772.4411587061586	5178.989587233825
11011.361081880266	2511.959048720881	5418.224654428734
11668.351742113085	2461.664131713338	5446.7518117502295
10383.745413691106	2325.400475872305	5251.488619054877
9946.495516828505	3378.1474058004246	5640.12425623081
10122.017425799371	4184.096921199896	5024.372494719214
11338.644434716196	3614.4067927801793	4872.071905843614
9910.779413595152	3669.888635110317	5190.7308156730205
11090.236268854016	3288.4429710516624	5022.138477455308
10984.771911496906	2480.89936294113	5026.072148490622
8916.193417124097	3825.2084788659845	5108.364244968619
10109.465686868332	3764.472925141582	5690.8630416859205
12087.661390977602	2283.7530953064224	4539.174198451459
10185.837944858582	2727.25210502995	5476.095512850701
9819.139266685406	3899.649919543275	4730.906330063445
9867.867418202517	5192.612230490128	4857.308764069986
11711.379106995486	2353.988972491521	5359.957300422014
10790.572586925591	2074.729736956311	5697.244228420922
11717.479230898567	1380.0781395282613	5194.727996022698
12041.31684906476	1662.1049885077284	5406.141315007942
10113.056354386395	4899.033642030357	5081.634291672633
10479.982053351456	1992.8238073152736	5081.7950446943205
10220.855204023235	5599.977139427297	4970.222825388675
12598.831924756569	2755.855324441285	4707.021071953177
10634.35432237916	4353.160142329615	4839.75502525148
10656.796872844336	2040.5209102686204	5772.568752279002
11943.20752650518	1776.263854237334	4998.361648116308
12134.979457075051	3902.1548813967033	5551.87139333236
11105.02179585804	1722.5751254801844	5591.267286896789
9933.761739115986	2911.020397437992	5316.89518913995
10918.550677598347	3916.587207802357	5897.798322634747
9672.020542268407	1260.5139534375228	5082.989185089014
10952.224165556037	2816.7807067781705	5202.322799501564
11327.812014400522	2697.3122105457187	5135.794348955626
10688.267223844034	3269.5162283274867	4971.497455294921
10901.006840498558	2086.7675379487005	4886.24258970249
10390.468341401454	4836.979236468505	4757.313169706456
10958.38151777442	3005.9078082129104	5584.041772363227
10838.78530851226	2580.8580423928984	5081.7952796614945
12561.287806444974	2477.1467574065045	5288.451931121916
10515.436865686388	4325.361016936032	5561.863159432526
13313.44787271117	3011.1144631817497	4833.277562978217
11100.51291066144	1579.6403879438255	5281.969985769692
9972.108927417847	2250.8075297843156	5771.748402488173
10443.167003923778	3317.1825313777977	5528.655203203106
10224.975126645997	4857.714353993905	5180.803931604968
11377.826497539847	4240.659106145365	4245.660180224727
12053.252097522762	1852.8594507619277	5528.597874793536
10456.682091898152	2554.1235075619225	5547.680829475565
11910.400164476778	3626.820136825902	4598.024179912326
10305.919720816037	383.7810070880585	5546.926944710134
9396.02715789765	2643.8243605515117	5621.2204349804715
10772.147873794811	2883.63766923904	5678.033674066118
11344.318669481941	4036.2989921424214	5099.163396512014
11286.27253562293	4220.771944773836	5315.969962078468
11462.54344788928	1610.1264950017126	4664.909010269806
11972.335302128444	3807.021494854153	5175.545620088537
11273.464796374823	2846.778367974257	5043.713277167862
9905.291842840748	2306.3910113981683	5386.268195841654
9858.719162363337	4606.627171665042	5435.835913770645
12028.10206126861	1785.5716578067056	4907.091078925359
9545.099750082874	2923.1283769033403	4916.922458609262
10010.191198158756	4735.069769301101	5109.897611615872
10790.820842642166	1802.6960000818635	5084.6295895884505
12089.127226148932	4519.391378908582	5060.310859166751
9882.243813281922	5745.558998017912	4708.319474142886
10897.692971022258	5185.635526085972	5488.728195916896
13050.42781051716	2490.8374552579203	4458.6548609932115
9264.100865273285	3916.2661766323154	6010.590674436467
11421.753133201177	3870.6748451115404	4336.959231236312
11751.232270606013	4482.977891660715	4964.517905675932
10014.14779649943	4050.377725941108	5029.4970130179245
10761.680041394065	2581.2719971421434	5769.937574309677
2815.7113111136614	12968.66997129482	5980.7398229661585
11439.682658896761	3823.7965375287267	5067.102271286417
9763.838167895268	4678.567888311155	4793.19946518849
10737.455933845411	2240.3561778408794	4532.7484903022805
12318.181067102165	2140.292055523477	5013.1739942582135
12607.12894603892	3112.6178615586555	4910.3920118731585
10033.460669476453	4065.466000006578	4879.289433294643
10459.813919562348	3066.711967109032	5212.913628503546
11382.408983125875	3056.2945896077617	5052.917538031861
11872.947712048588	2068.576060881758	5567.262631996194
9436.533561616643	4971.354728102322	5101.175921587709
11538.923034613212	2572.5590087985297	4551.391751155829
11267.069589417306	1309.9796427497797	4855.760607321508
9886.740143378907	4142.574909053637	4540.328338205987
2617.095150198422	11892.387313459096	6545.290765453921
10917.05984355186	1875.1313782176976	5261.215764449866
11051.500393207609	1265.972023331077	5538.647893826632
10625.362836426684	3096.667115488531	4606.639367473379
9524.371268544983	4271.95587124456	5127.5249707737485
9493.137766608128	4833.97617480794	5007.673013293207
10861.950652432057	2688.224884188067	4967.751201115768
10846.117891112593	2919.65486476267	5172.36901055906
9584.087395011176	4621.200487008124	5514.830372909658
10971.4807857441	3234.7588641683124	5160.339501187905
12113.699364592298	2955.9041699743802	5017.923873607313
9133.279413910177	4566.37362520917	4884.361200738671
10461.240325673702	4110.974093742257	4663.124099130417
10843.663503472417	3529.209532273746	5180.431060914069
10598.883915005255	4118.721486767193	5316.772368251184
11988.146389213558	1355.9837648683408	5372.760855041125
9548.576119495994	5065.90719029551	5263.3379890141705
9198.239164820125	4114.34464457134	5442.860247895218
9955.594912709867	2713.322152961142	5669.360250199503
10896.896609724825	1765.2469766899396	4980.031180748583
11241.885006283652	3621.46332105509	4645.781019168767
11218.877994057633	3435.1065287828446	5168.505017597954
9910.375964887597	4274.324083246383	5793.464144322137
9614.46497178696	2814.357770542965	6191.028214706411
9104.96585052492	4791.728942491355	5207.513922625991
10674.960656187714	1861.3949083053617	4424.269563229338
11062.702644714647	860.5027821956812	5223.029649158876
10032.04935999921	1914.8764731325375	5523.280892868267
10412.198919323633	2110.875993158455	5493.85827219847
11728.157027550058	3360.4176293998357	4867.187535307258
12332.520699129273	3896.747160210406	4816.745315254159
1364.569632080531	15557.023169559416	5862.44072881712
10745.717925742772	2449.807158101078	5382.725002693321
11530.464639989556	2404.9473375984594	5088.4497715014695
11624.874949734001	3451.758880645918	5900.688663384264
10562.04178589336	3654.9977190674235	4992.895337136635
10040.808753955524	3134.4401487457726	5840.651331849714
10384.04195847288	2365.551728986262	5342.6331650192515
10977.567039894537	981.037064110884	5176.053968241858
10019.578520348556	4311.3686064528865	4943.479229980405
11659.769869416123	4513.813742254207	4942.690334985643
11972.327199919673	2817.041727051673	5263.856092771783
9167.195886340121	4283.91609917989	5199.784160023444
8758.983088015211	5627.612488587885	4414.592028815785
9590.663888880641	4416.35880329539	5788.298065285163
11027.370479163987	3483.42491562698	4856.650307312735
1862.8599818038463	11624.42769909093	6591.950299574555
11071.51263549763	2489.1881913081897	5121.490477240987
1327.930426789659	14305.132860663465	5509.476574655984
10471.897313670268	2138.3123863718934	5093.708908470369
10794.532706048918	3967.183461694458	4883.547210172811
11933.554560461203	2708.490326303376	5205.399050480994
2119.831789232722	11116.985316590482	6622.8782196834845
11135.572048214879	2984.481530470904	5694.385312860635
11539.37833385716	4829.885166838519	4981.735665621538
10816.040260006039	868.0654269241141	5419.59378707259
11586.83596340045	2665.9165367970863	4784.424382915226
2754.537053167189	11394.550420526464	6212.638743279456
9500.60212848758	4846.0533935973	5159.420093891543
10598.00633382422	3771.3479750106935	5341.524045366854
4088.364151174968	9439.937163403794	6452.614156143977
10562.757270755146	2965.2449211859725	4227.466771590124
10704.353209142122	1734.827675481288	4582.22418575401
9515.75605248575	2723.282769735127	5889.148503542467
9107.227843365981	3283.2751453540222	4994.792161969006
11154.885339778515	1439.1410245656737	5260.855731991677
12186.340817118187	2133.475150088655	5097.840103375709
11748.830578445622	2491.242523004306	5217.28120692921
10835.677123986354	3693.225589831611	5256.637284361701
10624.538014588821	2945.4807488573083	4504.176971656371
10892.876360747085	2555.979091298168	5433.132146216988
11885.805837427628	3035.903024416185	5206.667774544944
3385.426149222525	11287.018100949063	6882.357205089639
7857.642557767749	4188.117822491454	5373.07276045102
10746.930824604715	2694.195582255485	4705.09378340999
11018.441284491893	1458.9786856905278	5417.64826485315
12423.035446661888	1575.8266883189376	5310.114460207143
12254.712373229573	2770.984135105933	5087.712996323348
10849.664891688459	2520.1559182199785	4819.243808390673
10609.599838104397	3031.713464991703	5684.941364896573
10781.720935427145	3043.570283117142	6249.431627926117
11157.635901496476	3463.986526204586	5463.368092142327
2936.6015958570183	12452.88241799301	6241.106414742227
10501.643838762779	3294.77574975782	5808.485554171982
11354.990638909348	1963.163992239331	5501.344205379072
11274.263380704331	3419.420254044404	4932.524972928455
10539.6373473713	2259.9283716134905	5373.35656725176
8811.294891962274	3917.7818685718667	5031.665094435397
10997.275054484926	2860.084570429225	5355.6463646148195
10224.975002440113	988.7367991638689	5866.787389238299
10836.80134475843	2886.468661426811	5100.737426272001
11647.599144496013	1671.5905661578659	5276.20061926927
9634.587965888159	4531.594092877756	5003.659920010034
2847.2933400177067	14350.55593054497	6722.308840988045
12939.648300038216	1356.2912780226604	4897.272694533455
11540.392845477796	2428.4320764353847	5250.372781060354
11680.279764518762	3213.9333342250434	5374.361400427707
11441.44057748477	2694.7103830693513	5366.268056885387
10129.683355109122	5459.390553891279	4936.499297978161
10164.084468537154	3555.5287183612786	4736.9786029336055
10982.91589006047	2734.6093240172995	5394.888291580857
10716.81143537979	3413.4677625518957	5660.352962218087
11173.358348163616	1821.2890147701748	5061.814697213827
12307.16042547862	2330.4956292178845	5107.89482257013
10228.694701736797	3655.023258431757	5064.911957927878
9978.780816247152	1177.645169998705	5330.89379826863
10553.213292609851	2691.6790433387723	4956.853617029859
11343.4020701313	2738.1975724760564	5390.725206628964
9682.321589118708	3623.9282143379996	5111.969609112104
7924.766815440192	3562.368887813175	5304.903927300794
9570.378471391969	3174.2738989234363	5074.45026899404
11372.327794301984	2830.504895826917	5090.2326630121515
11129.1745814911	3741.502650520638	5296.088726989032
10195.249805222147	3473.7691466470765	5252.929173542756
10412.625504985068	2318.536773587836	5444.169867193552
12525.172245375548	3265.0522088630714	4782.826889370116
11158.210792640586	3380.6384591293104	6038.1684687155475
10345.890416210295	3580.8065257339335	5292.316330035022
10995.180790190348	3205.6417157088254	5190.263462237269
9611.225726384417	2896.35456463874	5385.341969409155
12262.370631960235	3187.484563169586	4686.808130789879
11200.296245100077	3531.598951852322	5105.751224963838
10971.152664353693	4196.330880430788	5316.608966294539
12446.646988873832	3047.113161243228	4662.854952562407
11194.085597898369	2190.571396966654	4968.049316691869
11299.998498566458	2804.553558484832	4933.278234535309
11725.232795913611	1776.7092460727947	4901.114218629036
11339.209245087848	3222.708339308815	5872.432052344509
9502.660993220003	3157.9338342461374	5234.069892283359
9442.380204840685	4242.036922252208	5114.2684524941305
10803.184542058269	3142.173986732132	5266.401536119945
9368.688105485462	4571.778337034164	5747.8261614376515
11063.812650563099	4074.6170317808906	5953.759387620806
10203.656794806535	2307.1679843703173	5968.616834233929
11401.078988708903	2969.3239701190373	4774.172895371078
11447.47310208806	2649.1189494519103	5180.699012220191
11365.382120505827	4440.220383052966	5205.766427426524
11099.444967647278	2839.6682563069985	5131.500872026814
11227.471379748298	3937.998531076577	5140.02621873977
11209.457759086605	4499.532568375099	5041.7306702840515
12307.999891859941	3781.7892827660016	5028.100494249757
11884.434475332144	2349.112271798974	4734.1771804634345
10881.495602031748	2903.2661719717803	4685.013152037004
9184.009551972696	3822.019622048051	5241.824694988852
10547.441950888979	4625.798458677637	4775.4163329336
11396.080305615445	3585.8238316078587	4749.9756076684625
7452.963471138963	5979.852570983838	5158.43438337515
10668.793562537247	2360.38306966918	5189.150395810657
11432.96397203718	3563.941979323308	5279.7736413528155
3864.149133316822	10592.463007702443	6084.093173265732
11732.751734019083	4197.914799425489	5981.316842176811
9450.302087394759	4633.962639697069	5247.6185755978395
11142.085652642965	1990.7480200093696	5459.507167484032
11432.656777905198	3629.4752243853522	5839.526219607449
10080.007738284718	3169.818523113759	4860.04831604395
10910.094833123781	2680.9498385256243	4575.202576446315
10388.016835797274	2728.592750924211	4769.392456741499
11902.430695008785	2810.273499704757	4620.309603363633
10047.309461476034	3480.4378830900223	5181.663894895683
11474.873265849095	3039.1500061805123	4749.004448314599
10525.423955101744	3666.1909566718014	5294.6952957321555
657.5537225495452	13847.32227129547	6357.040785597201
10234.77792489473	4619.975304478425	4630.731667046154
10093.289283614353	2659.998230591326	4794.043574821863
11473.79842663464	2131.707951908279	5117.275578173269
9427.517185379722	4562.7312445459165	5255.546653760063
11516.754344694651	3154.840435322964	4701.188267428102
10837.380553243449	3080.4853352339833	5337.810340004954
10781.238473691094	3901.6756307553906	4896.179895359138
10934.497667142137	2904.6068391011636	4762.0334334270565
11526.200462120889	2512.14393443233	5121.844705757399
10940.629631812124	2698.762211497741	5110.476262879162
10226.073020371263	3541.071854831689	5415.083272563964
11316.654259407658	2304.6692730486516	5244.289973892312
3316.835449710244	11253.691255222526	6202.055699262139
11304.62047107102	2376.5430538199134	5983.927769488437
11204.121711529173	2863.880117955279	5505.418450510565
9585.443872107726	1881.0384715471416	5793.968286797019
1110.7463335122336	13944.096662706806	6742.596244307723
9464.25657025275	4666.396739348835	5211.470236912777
8900.748424098809	2699.1418562064923	5080.247382410397
10350.148877174028	4529.535525941615	5107.454595232228
10752.372686119768	3917.9578657147968	5203.312075856125
10863.744939143067	1741.7096132245888	4807.653962000244
11056.119322555696	4028.744967808358	5556.875454660601
12107.365203894453	2765.2657302605185	4590.018198819597
12399.328193842772	1913.2288540288291	4797.099289706008
11154.582110367519	3103.6262099627793	4874.123942332452
10792.188942604489	361.98667345672817	4979.95713333492
9945.98584946954	2458.3130763932386	4492.604368526865
10467.368628977545	3242.68941845633	5003.055343911508
11628.909941643615	3111.9206291022333	5506.78159916563
10854.607055958584	2372.209490687535	5498.222728082957
11175.866657300223	2642.3997921082596	5216.482727482195
11219.569547102343	1942.2581634117419	4860.301055459366
10608.99184967997	2557.708209485759	5025.880489351777
9286.529315292999	3333.900382709259	5296.701453405365
10708.041886156185	1702.1618325717616	5444.290449129924
10931.14249820143	1636.7169614769355	5285.487988632357
11823.485735895183	1616.2733935050585	5169.539719348961
2344.1320996711756	12177.729313689204	6415.550137732983
12174.745749033045	1801.1770552708663	5031.602862231148
10348.179834365166	2909.2903476522706	5417.699135057432
10024.429925004846	3170.841754559609	5610.758945628065
11532.794249365534	3482.0334840572955	5681.69040872484
10580.252322960978	3972.9733293921618	5376.957649247526
10568.098329770719	2375.101770757387	5150.845421825013
10144.521469906615	1964.3287840244843	4999.535945686471
11179.734633141337	3368.4753254126617	5839.32299766528
11199.734529527137	1922.5991339694788	4490.526317069716
2418.7681683594424	12334.67529475705	6346.065277510143
11308.499232519052	3401.1283981321967	5537.217661064284
10830.873887084439	3462.9448894940942	5005.865583878484
10235.922821735985	4163.018928504277	4671.029400832486
10499.468503894246	5781.6146850915975	4926.083679664628
10108.219202865932	1445.5953042350432	5402.052691881605
10673.78964768317	2085.425856840263	5250.360593699989
12082.379005134897	475.1108785538209	5540.420514332757
11349.516901510615	4659.287558115519	5476.07520050802
10585.393211728066	3112.4996671995145	5149.215121056506
10892.882713189927	1419.071569038097	5013.477095793962
10607.595589366903	4254.165628250532	4859.994380678934
10992.559402810368	3812.3733311140522	4854.396531574238
3036.1658532448955	12678.81614879833	6178.485308330603
11900.489994911335	2911.0840552766745	5131.565576462547
9896.651676157235	3363.882251028023	5230.771071142452
10229.592861997598	1933.9764698011154	5403.627393901985
10090.52212237507	3699.258742367264	4994.2299188197485
11505.641303648757	2456.8861300581902	5442.776879153798
9532.939650627874	2089.538807218989	5456.774618966127
11491.239882601245	4053.970122073381	5503.331440629201
10615.496654761784	5100.625140152264	5608.209841284513
11424.316064247889	1974.669133344001	5076.986899263242
9654.065060069906	2105.3528534675643	5186.9408702073715
6808.96807913961	3574.0717213971816	6506.277438254506
9912.56458622892	2565.7615038691724	4978.855161613129
10562.895586952247	4045.3953690600733	4970.05228477568
9605.734152407378	2813.527694622795	5186.46869103409
12430.112693960695	3157.3501561758744	5019.55800354969
10487.528258376873	1431.575696483629	5520.54207324139
11333.350984678578	3777.6149619979665	5560.513757413755
11177.212420744387	3909.5606656244026	5478.602728966062
11258.787221306666	2469.174456165209	5379.570148271071
10839.72416212699	4286.411584078029	4396.505370881493
10279.351874465372	1867.1956712022397	5531.482088571989
10570.71068511413	2984.276254034886	5317.412903757114
10386.220750791288	1852.704758386907	5520.662255268675
6704.340381211327	5118.650491377017	4975.563751238979
10326.140799932016	2927.621777731525	5333.538186628282
10251.814640295957	3452.5154215962802	5910.596994029839
11001.166487559807	1655.914640870391	6269.454887643255
11747.169093462964	2620.015770052995	5872.257778158406
12279.0398678425	2345.3714556104715	4963.990953007511
9948.230450596539	3381.375079582921	5590.314998074686
12165.969162976584	1330.50829936093	5404.058413797485
9944.173166784783	3251.529424072896	5189.098391883266
10378.897917095346	3341.871734962478	5246.359470545202
11374.113309319977	2003.7509066715575	5073.280977775735
10422.504463585243	3347.8574841235663	5123.068886268632
10912.276691535004	2202.1301803505075	4559.527078678089
11068.850096950517	3907.6220078393535	5226.449428950993
11792.57427260838	3106.0450245808374	4433.662407686069
10743.405061996511	3638.460609900577	5268.188159984854
10085.58746390552	3613.5463805995046	5034.696297740045
10584.666044412597	3770.523613789728	4194.415061730962
11330.279159021533	2750.9903454857667	5411.143271454781
9524.323667054776	2362.3042920270195	4910.003985599116
12138.488064421777	1994.4013135611526	4698.9090432325
10046.319283474173	4086.351591076895	5092.227526764988
10602.774928175588	2441.003218420208	4691.935592363437
2804.7315898011916	9456.563089207557	7153.828652500292
9707.38735625997	4145.280169735884	4874.90545086389
11383.117992005802	1388.594475691758	5123.369501139557
12440.511801987055	3645.537324275836	4857.98358841335
11053.95966704899	1762.477935150266	4391.530263068274
11493.250358954598	3272.1427853632254	5763.597820729173
11299.913113359711	2571.2393567717563	5810.3454252578895
10419.805868001591	4479.34669495449	5184.574501579003
11675.94551402551	2764.1074354949506	5537.91381237372
12642.212091823878	1644.646526863607	4861.867822815929
10984.492680732556	1784.2951089951373	5064.137236411839
10684.707480746238	2882.4002373212415	6008.774177185195
11381.507234605911	3060.706767657537	5369.834375713106
11538.730906140185	3136.5361194720876	5572.171134061325
9865.154924502036	3143.214856436659	5144.226284095242
11342.257740228495	3470.7851810590732	5551.626435721582
11547.98220642689	3779.641314545568	5351.9256025844215
10050.128660598652	4674.424022443327	5746.999780266617
11060.889263247545	3609.3972322750847	5091.821199582994
10188.298077192818	3564.5887314912607	5581.887432780015
13264.096758746551	2061.6842173364066	5059.217409745898
10656.205231465223	2626.3843352021718	5252.000842163636
12179.02143503636	2462.852814863321	5305.642338833701
10763.035080876096	4112.272071466441	4408.0313822135
11073.023112655754	3670.296364311477	4911.985260719259
9861.240729044339	2169.927257213375	5292.477514048836
9166.219490006126	4418.717893502094	5479.79865786447
12466.295722401157	3780.949116096297	4439.87863351455
11307.349059206512	900.0882239121715	5864.696020862076
10131.231147463774	3505.3607572365595	5072.132405590038
9220.63783600026	4499.49547897813	4711.019163252504
2286.371937222272	14480.025453118098	5510.928327591627
10090.398567306007	1054.6509557715406	5062.289281763568
11140.350367266978	496.3876523950872	5361.24795862119
12553.45531100633	2180.8550184637093	4666.8877953704105
10462.53389146266	1960.9055008274765	5247.688296041095
11636.404234617015	1553.9667599118845	5355.109695427217
9709.88838555577	3348.5448783637607	5780.75606848333
10018.41702802605	3350.890591057873	5690.532517766974
3257.310475171978	15011.175517158897	5410.675058456227
9715.678991278612	2453.8903794217817	4542.500159090372
10174.055606425745	3525.8121203890632	5083.716083614475
10183.52381623579	4412.972862282586	4983.362143193308
10857.361377336212	3512.4680542654446	5014.1249111989255
9910.245667830612	4148.639483752065	5538.915887089292
9868.256830307284	4223.318772685937	6065.017386788503
12713.851318333587	3066.9037047328666	5321.362758995968
11110.289089567332	2995.1241863689224	4980.625813944336
9681.708387964207	5142.534238520456	5775.049768753618
11574.542686608716	4820.613219455197	5727.858638041452
11067.76391948325	3149.907093787784	4871.514927111928
9681.681034401605	1900.5595016052223	5352.467983955907
10917.260250954774	1870.7876054201313	5272.662312920197
10336.81094875671	1569.075485005811	5417.341270524321
10824.101862503461	2322.9804409911712	5628.803346766019
10663.625855491846	3764.679453174888	5041.444489622988
10192.33390583676	5782.574745682779	5174.189074773322
10884.213078437064	3367.9163051781056	5525.915141055842
10968.62710698906	2391.196623056754	5040.754775571745
11449.727473937692	1702.212593069392	5090.06987705961
11395.387565861576	2653.1319225927427	5042.498224283429
9897.909438540859	3131.4458510055692	5154.562590616312
10994.081129538492	1146.2195044615862	5311.25902152351
10236.524635114989	4849.608467856645	5365.949970977667
10068.786859238455	5309.016035564902	5097.81238864939
10611.127603635088	2587.1082962746605	4909.630300114615
10085.093242546985	4403.014769034003	5691.211901657628
9796.204160565729	3339.2464908949673	5138.37263734701
8432.38380562523	4334.058675566716	5203.105552218366
10325.071334838753	2906.560490332289	5780.116030830356
10043.940219607142	1514.9357854980603	5062.853813881622
11229.911298184634	1434.8755788045833	5491.346000403949
10419.649802660164	2608.948266692567	5440.242157386607
10541.549392189174	3196.201672094171	5348.493407856181
9363.966041662083	3385.293857918882	5696.534008152742
10272.137950043603	3828.697472332423	5350.944849696603
10841.61022012156	3064.311148064038	5728.676828957633
11195.393316572738	3701.2280763911876	4838.498866837981
10390.423833373332	3686.5252326632008	4509.209574865247
10710.863160732113	2326.755484803331	4638.826539070696
11092.004404065825	3057.1538046020487	5093.9831447992565
11879.593447999183	2696.036165993835	5053.466931909021
11307.550553951298	2111.1654028656135	4514.608516759005
11739.303476565392	1898.608210335421	5496.83749432807
11289.637549170067	1904.121669764133	5589.2064919502545
11123.4179419164	3951.024129791178	5016.2212304232935
11205.565335847019	2219.6594794219136	6028.214510175514
11551.652272266147	3593.98524044497	4974.0156812172045
11118.901578056724	2485.1626696819344	5711.93442627838
10442.860687897335	3390.002887333101	6006.575098268652
10883.889811256084	1542.4600364775083	5552.36869746253
9885.873286641547	5403.448493306279	5084.731834601511
10080.85283287892	3790.347597531923	5438.489445198386
11662.148852895914	1532.2799990242556	5642.6519515557975
10949.80077680712	3337.0699298058776	5675.052413692614
9247.002009077056	2904.1527669941493	4972.78141161328
12191.104749273196	1640.9144642447257	4791.243920363043
11556.641875300113	4646.369517907527	4959.4700224569
11016.314694064637	3338.6113903950736	5365.845905732315
10045.859472475122	3901.709914278332	5707.114623288422
11126.318553633006	2510.780428165059	5389.445151996673
11588.185794245841	3170.9877440248783	5217.968650337276
10716.693408724277	2300.7919380543426	5927.314509528878
11169.467648363912	2919.772469339509	4658.835584198136
10748.090494319928	3163.1326770560586	5318.665008848485
11087.398200577814	4896.487131541175	5391.044427626254
12158.247520431894	2091.865546856585	4994.281267901837
12418.901065953332	3580.230961411498	4824.972665280575
10616.986589117429	1440.0994502159658	5231.801769547262
11695.896744477988	3345.49310545009	5527.504080841267
10559.694479879925	2861.582279997788	4712.224323664999
11865.209399610252	2368.3940573582554	5326.230442166445
11080.21484408137	3454.7965466326964	5204.799020529566
11934.005848798046	3316.7965152785273	5172.17705366271
10013.611548677321	3589.316722934644	5349.0973538989765
12313.623991253999	3829.3717195311874	5024.160445583892
10226.32396483539	3638.2654578877273	5420.04147762064
11534.549872368392	1900.754304978999	5333.306441290327
11257.721569722746	3089.562404385709	5585.492296429139
10784.448555347817	4129.9579185551165	5225.857365287593
8769.530626725213	3452.3559323907307	5903.918348199955
10122.4287743181	4921.641314771312	5542.755477687922
10341.107294474976	3570.731859331082	5329.531697884118
10352.659975946819	2013.3709812943953	5757.59209534735
9502.628321438182	4276.817742749514	5676.404733724656
11361.32980732359	2100.3458651345836	5862.621362051579
10151.101601379756	1859.2743779436048	4811.773355318788
10194.868710549588	6519.27404370668	5305.701919820881
10859.593458177258	3044.762707440236	5631.057028030306
1533.8763210276704	11501.976610997619	6354.1816880418455
9450.312549130314	3151.305923964479	5614.541217790267
9814.046338706474	2926.217431843306	4967.892194392157
10854.288396935694	1660.9059245549972	5104.673212212508
2061.7148207058285	10901.311328828033	6352.166809841446
10339.416570907597	2760.763160418211	5434.188412426543
10049.190798241632	5003.982342273073	4669.16369060467
10802.762267306432	4809.864199784005	4735.366224724729
11351.305025188967	3617.83328178104	5254.38457629073
11995.924443373193	1836.8935052231068	4995.261939438529
10318.094418874583	3088.7535126580924	4929.550456814338
9795.826507507774	3559.70398989131	4576.134665337882
10877.677285834437	2863.711513256508	5915.1403745328535
10763.072881657303	3345.185155993752	5498.919216140235
10825.423511771005	1781.5494375848184	5302.021255507619
11343.798854178312	2373.006055164806	5263.85706349584
10376.201438085316	2927.4251812956513	5333.22009831301
11130.151920662865	3713.7593414549215	5343.1787910921
12334.516930216816	2087.400756133095	5421.834174493397
10017.940328149874	4417.597937067306	4951.241289799729
10318.839107273092	1647.5870425031756	5057.52256575968
11132.402992451558	2990.7250290588036	5118.468959749541
9304.412256181973	3992.3924369175675	5313.009865932727
10845.553151903312	4063.2909812596317	5803.558139694358
10693.905073659775	5180.354955530594	5138.039857905702
3039.6685290437263	11797.425382006626	6420.819229941305
10648.256921933353	3863.943942702488	5418.730856756148
10070.715456734415	3056.98692663317	5203.821924751851
11224.670204245263	2670.9656872907244	4705.4963242606045
11472.335037918643	3895.4654429724196	4270.881222604136
12138.081695109793	2462.0221140665167	4653.522731013268
10923.622141058624	1592.8968865745062	5575.63325064313
11025.556871776475	2867.435857403223	5071.788758900951
11066.957641184836	4968.51744260574	5253.4286843271375
10933.881625523447	2098.1216942191836	5442.737025120582
11883.616823805463	3329.7077005931255	5571.143987390303
8865.384214524727	1599.636354581376	5574.904172906864
11091.402719030066	2634.129689374435	5187.745209906192
10618.796869774875	2900.834649783806	5582.484000686114
8942.787166361466	2717.8021583925497	5491.0847525380095
11326.24190092948	3090.871244317104	5770.14965213145
11485.473829307066	1535.2602752237883	4878.5765382907875
11182.12128853167	2262.0389340395827	5010.737615080367
11596.04956229316	3130.4720143812237	5090.15997955462
10729.151817509464	4987.787957008752	4843.714791201102
1732.2945589882618	13482.117214917995	6476.679067586768
9697.017976905145	4003.9270049540823	5147.073421492352
10280.92238334803	2982.9550198337793	5145.8207315253
8933.233821197047	4390.12953305878	5212.326764381342
10703.01957242241	3587.7695514440024	5571.33852898194
11276.535897256237	2853.402932026897	4654.445383835424
11459.698109016823	1423.8560151359259	4797.166771436938
11086.807953984357	3311.842611498714	5086.99859667725
11531.083383050027	3019.432984760474	4627.15139962181
8365.677597270464	5132.662479678609	4911.3966275069215
11657.491490625976	1055.7219337136894	5651.064773993013
11423.227581280302	3253.3185779494847	5323.150859619541
8633.766107949077	2360.051665121649	5638.062913506551
10193.307404904934	2514.5979987393735	5800.165023089325
11202.579718990892	2901.323477098979	5475.018770919279
10062.21868999504	3646.369513222714	5000.232864095548
10254.475764522964	3901.1194119070738	5700.732983048578
10753.657284005923	3323.6950827737815	5184.318494585331
4026.2494259911114	11044.909048712694	4802.28102269581
11572.556203991586	1242.7374662323375	5722.322449808475
12282.03116654371	2623.7300139478816	4914.702266589513
10445.250369891874	1325.3429301597039	4991.482335904621
12077.921633922468	1734.2696594503498	5633.029193957788
11913.320503804174	3061.7520614810664	4780.506887233628
11965.56175928209	3179.365413815373	4752.534370454038
10789.977025457869	2020.654495558315	5283.42532294813
10034.800266420274	936.5173547487525	5296.21469337822
10086.394004336957	3865.2905537109755	5759.645944215659
10812.848185019375	1986.525661019281	6020.380833047942
10995.740978346586	2990.19756557934	5224.252222501662
11115.649356201595	1680.4141008849506	5516.403166503785
9858.61375245929	1816.083569982151	5187.460096665386
10573.488116652525	3150.182531927189	5411.001827277034
11464.605061095	2609.3058509345847	5025.283199174103
10021.684372733647	2604.5732403124703	5453.984819438279
11068.287329414494	3423.782062131381	5106.81114379997
13069.604099541695	2726.645140085408	5324.38102856113
10519.900496799899	2634.8262721596016	4201.661195384476
11951.10301501135	1995.4586520240637	5195.58403804754
12248.534675098736	2510.8374092907293	5616.564178857493
10178.597398132806	1632.0633824039082	5389.036331282429
2253.7323414469456	11477.613812951	6669.110457171514
12108.909934701098	3268.523102039989	4552.246107432604
10661.303898684031	2374.996021572239	5457.432595937682
9757.096363517614	2444.6029138910453	5021.969809736302
12973.695606057174	3288.2500628562084	5202.690447481281
11953.827809649114	1966.9757163800389	5206.577260107459
10457.397493390688	2945.914113153994	5101.519362886141
10692.615691441339	1966.9414317980286	4660.9834546092825
11741.300616192433	4811.827942513359	5470.975035992835
10836.097334901708	1548.3146171475234	5187.038970670343
11038.575122601662	3759.250503089883	5190.035008619241
10209.286344447368	2137.7087910272	5722.793622841066
9316.081947121573	2886.8519362507063	5761.769919797489
8516.367683733792	4689.476991987352	5687.205290565599
11947.676149398276	1798.8198752255457	4697.320331301887
11432.897308512647	2458.6888832999302	5362.037059820386
9521.057178202607	2336.635955782456	5347.608994144341
9957.076374934419	2562.731281302184	5315.772379238202
10209.21241392038	3885.2331151427743	5245.696746419205
10416.901782924477	2105.7849723987138	5839.362941267868
10694.117353181087	4240.759687815081	5107.802584192446
11795.828384541694	427.4017201253222	5567.458056281811
11886.04318752854	2007.357853561829	4589.161240159053
9811.34424725709	4599.121959550033	5337.653679804365
11606.458752863813	3038.500509024409	4657.264518419263
10542.63900145073	3352.3753440228247	4704.564921428949
10162.839042284073	4520.092467548371	4667.577045516936
10815.283830727427	3102.91988774421	5135.227820337276
5190.42518792528	7829.411997650275	5741.543484655992
10539.406457130139	2419.7972333794655	5803.423706980945
10333.852234525979	3593.9619641300515	5063.868822435485
2035.0149268097923	10386.537591204684	6645.885365899639
10670.730716828444	4904.783200403492	5134.676701915537
11595.127994835835	3077.746251867005	4983.060168972786
12172.473226931417	1987.6329918176436	5414.110381835648
11026.001711787936	3250.9296738139537	5568.703547974561
9362.323494643217	4455.40694306532	5341.443476773825
9636.14287847022	4052.457137112962	5419.856276793351
12426.444992296672	763.9687501040418	5087.4199644814735
10333.425214542815	4225.600143805279	5212.668405104056
11826.854731577192	3864.768740182137	4943.635085802935
10219.4494519692	1579.7263028044765	6066.431908732066
11653.835637366197	1959.1894892855762	5166.490417352726
10693.170296366956	1628.2005089933623	5276.436290418031
10776.3850361529	4610.380732121071	5043.657125377446
11400.249447212165	1559.7307256975723	5879.269703274213
10146.352079409588	1866.1202697222182	4813.457943068789
1032.3269497856086	12818.280879494996	6390.377155654558
10821.01721267436	2605.9845277349846	5239.532851805697
10262.670185483441	1670.3064375846075	5400.910393165625
10168.279013061578	2843.935856430111	4979.886953601459
10894.146891783332	3962.6254828120127	5309.564020811608
10738.90571554784	3051.0840885304056	5723.775791818837
8289.622995179385	3278.3309126454774	5323.149024884867
11219.808718493237	3551.4481800719964	5558.542534866767
11731.159754726012	3625.1066188943496	4900.088780341265
9405.797994059094	2660.923689560391	5612.702182584039
10635.981777877174	2246.0631339322044	4970.720263415259
11205.814132875297	3936.8051697344026	5808.202934863027
10570.057571666242	3678.148431614132	4575.16571450301
8373.648549458914	6123.887965858005	5457.787069342914
10583.974861158094	3508.009167481118	4849.947342568342
9905.08686272147	3237.785443338797	5144.653758927861
10605.488289050742	3280.9851903932517	5838.909401706882
8702.149050410308	3826.5456397836615	5318.716574688733
10790.332347195994	2092.981207572676	5291.664285677529
11326.052256935012	2581.900444387261	4633.972871588462
10924.853357068136	2900.7137801995427	5343.017976072598
9383.804155560447	4474.984845709626	5095.232659124954
1451.9916404148955	14890.116775330614	5892.335288257826
12243.583384963571	2933.5741482946646	4765.976259254264
11164.65850585626	2150.150211273083	5711.7899808320435
10489.362563767889	4420.734115189891	5019.0927139640435
10328.12813136226	4466.205056402894	5261.485555125465
10173.212961003686	2625.0938916532627	5315.265362458918
12846.500428029422	2227.3058647512485	5077.337062983187
10294.482838305372	2201.082164456541	4988.59213784048
10561.282763636187	2207.67831137831	5201.360554614085
9054.557009070353	4896.304257537592	5793.912632532543
9569.034208328068	2674.928303320234	5167.52994875529
9769.316630567406	3207.4253748081956	4952.177692902181
9880.62702154858	3689.181591419698	4197.264739915144
7832.363110806028	5799.954970400621	5194.466271928235
10804.501881460863	3053.9342528201496	5183.450154180496
9904.278320889687	4214.680234871363	5618.643465820622
10042.622921114767	3912.042657832774	5232.198733422123
11285.91602172198	560.0752992259493	5760.82064045288
9553.514985434287	3194.5686280160035	5190.699966703831
9953.26572367737	4449.014192585862	5027.531666880022
11089.7888317445	1680.5660510455846	5146.540088661721
11712.466857294236	3816.401961420213	5742.64337805035
10059.865540692026	2497.3091287466677	4951.897649494591
11193.613727381111	2894.5662128863255	5379.995541944029
11350.957209212907	1432.060080567215	5852.51863508614
10770.167376205756	733.8526048563864	5180.32857057048
11309.315830985912	2486.2779317789705	5543.563088554184
12178.0937531577	2894.3878966782854	5164.726993447247
10841.729316014136	2879.8239751343367	4299.273287335713
10911.260146735625	2416.19213137813	4673.629966355575
11160.368719678987	4599.4110529192485	5457.702211230744
8335.37899114548	4207.916842564515	5304.246274703315
11255.710015050146	5091.073367811699	4590.445818702273
11991.815127365435	2862.98544684557	5144.390174989704
11143.253224306487	4784.770155006921	5349.471360006994
9501.55128605424	3637.736573651183	5302.0862245408425
11665.780018024556	2174.8090191066444	5091.16252118441
9956.121212995711	3821.0202744290245	4524.511469901267
11294.9199765175	3596.5686831279713	4946.444494249683
10456.699277653917	3109.5121940618574	4818.651554468488
11971.200302835014	1945.6242430109148	4807.847978931342
7305.554298046319	5017.308215197123	5165.515372222687
10436.22537351239	3997.7336720240114	5137.41400169877
2987.883337187223	10123.810686309074	6950.192265564521
11540.886281993335	2738.965136377156	5372.026670401289
9877.336856731714	2474.4308333286626	5145.4049059160825
9537.489292875252	3674.3855595552536	5169.118241728728
11363.257911035944	2733.128872686327	5530.0708237768495
9985.884227552286	1772.2588760243755	5152.937212264484
10731.176610007598	5029.282766541244	5055.511679891181
9457.781909507888	2594.743037352165	5071.160781803808
11149.449005805829	2102.652366229394	5429.502039052039
10418.852360524837	2725.2968002623584	5016.452060901827
9897.215758899509	2674.2432399474937	5633.9418447344315
12352.165128975608	3111.4000025748287	5014.052560009533
11005.605911628405	2634.057924054396	5775.632895207707
8756.973134322214	4106.112369630358	5465.817266180682
10216.581035112014	3682.2753667710344	5701.879406962442
10120.106160880872	3013.5688426363713	4680.164503199053
12638.579072297083	2177.6683466346485	4973.784600505767
10425.353582729243	1873.7088763528775	4701.924119143297
10309.940543285402	3320.5373154828185	5074.512568863062
10309.493848068363	1067.0683700011841	5716.552036518053
10703.004691678338	3823.610902336977	5459.63808227767
10824.406595259217	2887.1976177441747	5367.115269937517
10398.866490962166	3194.4258161185185	5462.608549150119
10838.940928484457	3361.9328723462713	5259.167871328057
10598.496347827902	3568.7858268360574	4734.632299007043
8939.1298751234	4880.758857185729	5033.413328900459
10621.136547326021	5655.762586328482	4526.112636637926
11788.429204320868	4054.0685669319087	4475.73723478456
9704.788928112293	2675.1444540974317	5762.593509871124
11789.166827184785	2496.1609836397597	4865.011387754129
11865.359015699785	3769.5085505779075	4683.16214004859
2765.4377476577674	11571.333048620934	7011.67380830844
10373.407255445054	4165.343136500527	5252.81596495849
10172.321437894998	2942.978733858568	5067.3924140903355
1625.7207743445194	13375.985472619996	6524.4990694853195
2266.7904380254636	12402.256725211038	6280.141163860179
10556.106433212397	4230.287053256393	5224.969409394102
10189.705166131162	3154.9538486223933	5489.209042041802
8695.548042911672	4555.483491429927	5033.5306860336395
9191.336879418142	4324.515344776647	5665.889426612865
11434.476617681523	2026.3396292690081	5089.6092273129525
11903.040627298073	2688.7798221238845	5121.5143101239355
11342.208067340065	2280.75025571093	5301.38747525114
11838.775312009075	1234.239523137599	5602.542798901367
11119.672527319643	4158.81113464385	4682.564229731897
11330.58221519182	-78.38517000423309	5355.87074432736
10270.89423332821	4737.456243924676	5227.3264558003375
10928.04783719679	2680.8120508693664	4914.773597070243
10968.296116877194	4938.171687435538	5066.574807615231
10805.69483060968	3448.752771762287	5734.648557589267
12352.388583715721	2293.105678769145	4754.977442930648
11731.07518059707	1521.555625156099	5376.541863169808
11152.697915922428	2786.3408986284844	5203.0658479981275
11721.671145333316	2383.4575154347935	5293.669746129763
11409.018650150845	3871.464654943459	4905.706624348906
12905.97831710464	2654.318491775285	5196.9439602061575
11156.116582407856	2952.124361850516	5738.359705496647
11566.214554420167	3214.7030172702143	5154.430917082117
11544.289125329315	3155.4969826595607	5514.7475214709275
11461.112000126699	4138.070928559388	5535.934081027593
10873.891053947396	2862.6080799271626	5502.991070766021
11465.955173784516	2731.4867369296267	5111.449914520672
10131.333010934128	4690.846738380066	5680.576440557037
12060.258939166451	2898.2472591016794	5147.747369190535
10622.118399471874	3952.751535564678	5573.324228633664
11039.94368090295	1599.9818532328632	5396.746207055779
11105.59484332754	1333.7694719349681	5142.433298041773
11605.192639516852	3675.0349511528316	5103.762854038711
12003.686184376504	3729.658882091107	5141.9406851213425
10807.248955207839	3859.3742307252387	5029.745355668964
10978.24173236984	6035.532524734303	4997.409660614302
8800.180210657656	4839.496917628457	5626.667385975017
11527.567323194879	1499.4760132242714	4726.349552176754
11294.037362545247	1444.7174350140283	6130.164594558294
10971.77773310444	3472.8328605918487	5073.269450751648
10300.580334193393	3330.1016162187375	5080.971691802707
10782.491661101974	6114.195496810181	5356.849298860557
11827.166529957416	2870.455047656363	5406.712084589269
11940.682837302187	2893.71647426784	5313.487239550683
10285.292782529177	1142.9862061989097	4984.567111295413
11232.936091191496	4374.670285475757	4747.122880069596
10214.440567493972	1611.4149391552662	4974.683784057593
10195.52455916456	3908.352087974107	5026.864587719548
11454.286257717838	2355.1940803819975	4568.7145428167905
9680.462835879624	2274.816668389593	5433.120676578501
11545.681406886695	1863.616685577992	5238.143585274673
3512.397938139282	11382.707465897316	6689.9303078981975
8429.863415780754	3498.2819567555916	5013.598116696923
12111.213604352917	2610.1504235805887	4857.061163348224
10040.416997732947	3422.892820274947	5043.419791156219
11661.802211773915	3384.3935846905315	5135.061640679386
10615.949997174144	2238.2018476174944	4984.060131217913
10489.899419427024	1271.7440100792332	5435.444774516847
12514.794493818852	3407.4022152891202	4603.479719349965
10230.643036435655	5553.927414311438	5427.583350449004
1913.5969399674198	14729.754759438694	6945.974754219448
10773.862860062716	3894.515074509761	4925.7644758966035
12276.308194447245	3251.2322312139695	5123.97771707284
9708.251408726313	3546.8000048884405	5532.448716234952
11237.64364074071	2895.437666455584	5474.50860342354
9253.90608696115	3005.376278530313	5943.34188568865
10976.352117391427	2453.3284115980655	4652.602265931085
11325.59207586916	3064.4564074480627	5964.831048821359
11356.457171581014	979.5201598206847	5400.9905232314995
11622.450536084105	3911.8168174179664	4966.1489219536825
11030.354448567532	2179.1991466495024	5213.854341529609
11576.137440626508	2864.503915445952	5032.770511392614
9396.53743495924	948.0523162812171	5513.177359840772
10557.316543728153	3279.7660067808383	5174.0320680533505
11285.939912492711	3050.708468733563	4912.205864739392
9992.744426703843	3957.543529623141	5747.710744617045
11728.170339747898	3918.5665084897914	5102.916315767242
10698.953043012554	2060.37116145384	5298.436740319453
10014.477400049407	2877.5974052280762	4382.15644800924
10696.13266885895	2634.494853244676	5606.150498287358
10594.073542883096	3437.4586487778715	5492.285426771742
10529.556016429582	3596.3317429299454	5435.497557689963
12296.06040937309	2314.268732611337	5399.587180604487
11143.401093769888	3309.4383325088666	4741.008362198894
9537.458769415507	2352.61894109065	5443.18321214299
10835.097305434541	2721.3907830881467	5175.496649585804
10876.296179124636	3526.2905880662956	5826.472412248516
11379.911339049131	2536.161060693379	5182.927029601212
9217.618247942002	3288.4663178669744	5376.295881824572
10742.218078997792	3157.792660742893	4897.566846815451
10712.463927771287	1462.8693959602663	5046.132114897385
12637.427233037484	2201.50448766336	4977.881225065244
11495.883279913513	3086.4957606008556	5095.038051321518
11202.120580623756	2507.01107584774	5396.795779048453
10708.724364511048	3363.477033967103	5053.367046086283
10268.728386391676	4000.967722414087	5711.365347411434
10210.178026207557	3266.858723619886	5640.757061105132
10699.370760005939	3844.574138130298	5270.402545264376
10700.121096430712	2063.903277660661	5322.858416712435
9061.1385797632	5258.877025639387	5083.88693110782
10394.032287308362	312.7746695976487	5337.99461199058
12002.024353371678	2554.8920862613077	4716.955652269371
11418.618555507053	2044.4437955026215	6169.3521107624465
11782.980454025883	2643.4823957270655	5100.7035176658865
10278.640295920111	4535.793149398709	5270.006262824595
8509.782930371028	4316.972490924881	6142.338161604958
11126.558805294497	3700.211180703785	4810.32848543388
9309.432718748709	5769.745697047958	4853.967428577842
10283.849069673615	3615.473359623231	5270.129363683637
10971.15420404065	3382.599366661306	5283.672136392071
10182.714323445374	1735.2108236545669	5235.149917796525
10286.93140700736	3440.9108002792846	5462.968809167719
11932.669253519965	3971.162611015547	5204.321522405771
11965.67526871628	2612.7186540709727	5034.696371110075
10501.775088832223	3787.799874936607	6107.741845025336
10809.455126296443	4006.726830253567	4854.75502342872
10147.850314240553	5065.602686615811	5216.500389365399
11174.510788875163	3425.743649591442	4862.502012945595
4028.3978765000497	11005.653908708815	5302.261938429794
9558.570718827043	5357.654422827031	4754.994641024461
10378.621880731343	1599.601864592689	5114.868451067264
11183.92575961742	2084.2639832841814	5232.322946190651
9583.969957506484	2303.0741965713687	4409.605892943319
9678.738409487936	3529.896684400067	4796.077399059169
11040.88256538807	2048.5956345927507	4843.53362164633
10967.596797288857	1677.3614729743167	5416.610798531909
10876.717460126962	1143.6996228142389	5013.877676818646
10802.101067854475	3034.7526897613056	5329.88714050236
10987.133154710285	2043.1801570016107	5723.577824701363
9401.589208699263	4242.223244032888	5436.692341510274
10647.196244667437	1763.1203652615795	5442.036501025069
12064.614881314397	1437.9238219151507	5108.301670465246
11640.883412617237	2252.716651507831	5110.394626738587
12158.038490726138	1511.250881025002	4609.259453829965
11019.475141375606	1858.1138845988944	4968.7027716100665
11843.85474280442	2025.5879503835772	5225.724717112576
11098.772633691555	1629.5468767656728	5453.705615017189
11437.78174527674	2953.777900182753	4808.51922879439
10629.668292947865	2719.777691218491	4981.852846359254
10127.645128075577	3349.2518297030506	5588.559549859251
10891.283626148364	3472.0174393064744	5154.11993548068
11478.043987967118	1495.9722111283925	5382.425275271934
10782.5733470717	1643.2997547089062	5109.607290621317
11087.490350387643	2837.503968332674	5449.2091006356395
11115.997921201484	3954.6242350885364	5693.992721769764
10334.381122322224	3045.179810064988	5990.535040336924
10658.669298576411	3310.120545733191	5546.951796565202
9186.114099471166	4864.216075921629	6296.258694993712
9849.080902099347	3685.5732903239646	5002.43601103405
11304.805328637382	1761.646836727051	4787.779638572696
11663.920361498082	2402.229636028488	4968.676189000908
11245.937666496264	3624.355050672331	4496.791162726337
11700.424987209286	3252.9867501133817	5461.890132523615
11369.110562666303	3069.6356903700084	5561.947487366281
10597.77309761302	4329.239325155458	5028.398704488979
11193.033627226208	2419.2412872505943	5555.4814033925895
11995.730336225472	4086.8308834591608	5616.327030794042
11217.98861558086	2539.7308741905463	5731.132605326888
10524.210781183132	3116.798286378655	5270.953072657182
10810.865122315183	2011.532401604243	5287.194635953926
3132.236863977649	10976.745415764562	6802.201900582354
2420.8875446592324	11011.80368537187	6184.424284454925
9842.989388606544	3773.6970415158676	5246.950074627189
10605.093574183247	3377.776338693244	5007.480497074432
13584.30770964187	2202.095728813121	5278.549904922774
9847.325700772382	2431.25682593227	5184.806125892597
10998.358407674134	3867.1429773508985	5266.305306211088
10373.602222487882	3598.7597944366084	4865.799989383667
12361.719136203696	1323.8945692418313	4896.86121829179
12106.316053842806	1222.37099069189	5512.339330733574
12020.860428792395	2891.703916489121	4966.932225042856
10058.192333198955	1426.0620915320023	5252.719613783545
11275.891879166527	3223.857878570778	4956.968320470618
10632.528933568983	2514.9847630411623	4724.654577289867
11049.245743152693	3745.263044409232	5243.9876519783365
10620.629820805236	4790.156249465444	5455.945709447471
10683.691447825038	2564.4026181476734	5679.551931400338
8323.387851017229	3622.5376728583824	5946.333715595495
10342.481873261828	3479.639104625282	5073.006826731773
2317.523373582023	13153.198801912851	6276.004926747165
11347.048097414046	1366.4297830904256	5586.683835948416
10875.014194469068	1176.7916961751607	5131.014526008621
7489.523380632532	4978.575019359184	4853.263538915704
10504.086424461866	3244.8300325375353	5298.131286137535
12170.33105885717	2409.716727101662	5385.041499883153
10267.832753943298	1384.8560310719179	4992.308329964129
10808.90900476836	4259.460278750008	5215.160618706201
10742.005154840905	864.8183458274207	5430.640101199421
12300.06044133504	2093.979138780888	5381.864724026657
9585.398912601875	4767.089446888139	4908.838109006463
8533.430740893773	5124.515767107023	5241.430594249595
2546.7979813097727	10734.104658582171	6592.945858360299
10781.419186509853	3979.372734737433	5242.465909147474
2163.3879856849426	14280.785027210726	5666.652878591569
11052.463791879463	4719.877283465816	5175.807136570143
9514.20736355733	5107.231014573174	5501.9091116093
10527.336165806191	1410.9840712987902	4602.2594719327835
11708.25366709345	2460.4740437215687	4972.882526237982
11162.58058326907	2327.8674955932966	5038.098943845601
12258.109920944333	2118.0240404451542	5224.861746273952
9834.763112657496	3517.4034602733295	5842.715215024848
10042.14903151355	3840.103600144298	5220.229659396839
11518.52947026106	2929.223463980232	5982.453148655518
12897.715273044358	2544.2218552830154	5278.4095919993115
10564.976575938153	4185.679267219783	5095.756376306605
9943.161667329472	5010.305685515048	5241.387327163196
9394.93411475145	3319.8724621219835	6330.81505063664
10459.205108227536	4297.373741275572	5021.686427289979
11237.73908889695	2445.2152293916456	5280.718558549842
9620.018214102738	3498.8947825437076	5230.029045317306
10703.599036033462	2563.3581110000455	4863.243124385838
12025.296511887063	3019.400925813075	5360.554703866744
11056.455552395408	1790.9421411840024	5249.128281841501
10526.231497825589	2896.678035647092	5259.799403549109
10870.325228012562	1455.5865918417483	5302.879311345927
10474.596110465054	2100.661427717046	5237.328035524341
11559.2587947965	1550.377848082588	4687.474454296447
10783.17555061045	2996.141725653051	5227.393685051713
9906.340349175047	3406.1559618735855	5104.251346567618
9886.563226491657	4792.48568100035	5039.689091806519
3011.869175089015	10733.306168593028	6537.538235277052
11974.419116082316	2770.5483084579037	5113.270058826538
11153.308260925942	4606.92380825611	5258.860150019455
11177.598305233398	4288.460180400335	4910.703411638799
10395.135458308247	3905.57702412996	5500.509480823431
10561.872745736955	4278.4100199582745	5466.011119430168
11643.509357727775	1734.788277742489	4912.095269925449
2380.252688308629	12545.078387635784	6380.938821421075
10015.786001158569	2786.100191971737	5764.252087489148
12124.327547035775	1612.4713542491838	5591.098459592017
10448.26721198378	4937.298484758222	4764.242306886251
10686.233859133978	3933.531708912268	5169.372201633547
10266.311071325481	3748.6310012042695	4918.058235269149
12152.590076584635	2549.405616981901	4910.2791602870075
10849.60216139729	4269.627462418124	5209.114913879124
9310.094482425118	4070.5485243078792	4951.301539504512
10028.838870033167	2979.503518968061	5417.9472850065795
12216.285177445518	1689.806806518497	5174.391231395241
10645.968454824497	-326.12111969728704	5259.630990128409
10713.599898916476	2656.709971706129	5555.6426758144635
10570.964162440296	3390.256689974661	5097.9340321152185
11109.76384546995	3010.9005180751114	5552.304119207738
11180.25593082159	2509.2963448818473	4589.281085292714
11994.845458589803	1202.7804715565223	5444.184166250185
10519.994275751114	3217.8316160508875	4768.357952344044
11023.711785802503	2743.9021540586373	5682.5331835198
11733.096058913281	2502.5471168121576	4707.904265881708
10686.565687858392	3095.3461437726255	4963.033086514802
11010.396262392847	4284.695033295246	5351.492502482326
3660.2065415112584	11651.643399775256	5129.123000329212
11630.506254850065	4413.181055268634	5015.454039875628
11708.819537988844	1224.37282766501	5571.656880347344
11490.3775658269	1609.8008015530152	4957.758475888259
10707.329268683938	4277.382060409015	4788.968150730493
12005.310039404021	2763.6470415752897	5073.5554497678795
10948.049279535275	4058.7997050327185	4737.783789246689
2530.038095786372	11230.74464875546	6013.97757485459
11066.641174648074	2517.4966546165474	6152.005635971946
10439.320844664435	2795.1846045070174	4920.692544213496
11529.692535696886	2152.5930661373495	5641.797346877232
11273.059921988777	1978.5773972593738	5040.098238842061
11069.697468098022	3011.6136547905926	5209.84452993021
10461.20805547969	1664.885854171688	5205.496938178386
10097.026102770227	4621.612851731059	4952.210940383573
8551.165824324215	4444.624972675109	5267.245746588472
10498.743719906171	2190.1356250197896	4891.138669884118
4076.1900268803215	10587.819860806136	6645.985690918207
11203.228961400044	3340.9268923407567	4762.987002900807
10459.327980776656	527.2684678824664	5188.6022282627955
3866.004364796854	10028.992886587233	6232.653006248849
10438.828198714415	2719.4531472015515	5400.718238197648
11235.315125589896	4407.40934368946	4950.208854956122
11583.99924987216	2210.1233395000713	5781.316759470444
10504.906953790844	2584.336499445852	4723.037631949023
11428.323012877985	3427.4156831613623	5475.044752503854
10427.658150139987	3382.168235203713	4533.640873949468
9784.08217665778	2605.5375665817965	4885.316329003027
10574.942859411774	1753.5542659410964	4556.630337074149
9731.112813468422	2923.9024307866257	4956.6145781370515
11835.879536878676	2390.5741812998804	5117.565458754845
10770.721841429468	2799.9272905980056	4752.357770055515
11220.485913265778	2409.177909203336	5330.9993441832285
10858.130592663218	2957.9710551140465	4972.526304953958
12451.706188076127	2521.655519557736	5051.899210878486
10149.266486010489	3282.0634352920397	5239.073045296066
11073.093658659169	5050.828763898998	5922.116640190132
10041.90236237659	5051.01242828567	5170.847939480491
11446.341572674222	2777.494168790604	5631.947533001766
12034.583743484081	4008.184678712423	5380.231970624955
8267.295611979998	4001.176299465387	5884.303585914932
10753.753319298141	2916.382272435545	5215.768283392868
11858.406412599068	2873.9273267621006	5172.547863305548
11230.635391745349	1426.3377357871702	4856.153131512905
11461.028306115186	1673.3397733496795	5266.006905094699
9719.453994357933	2267.5049063373976	5550.514169415267
11360.780869694168	3181.3848353955264	5659.814717804004
10846.66473927055	3112.440788524713	5356.998625921805
9486.036821758855	2264.2573000479238	5906.336254110182
11237.518781861092	2990.7074123811826	5401.832683393576
10124.263000412222	4659.450128739299	5375.1845145224515
10142.925251393885	3805.2731708656333	4898.14312197707
10647.714272727495	3682.8569250266764	5048.160366659795
10009.304470091314	2792.7831999701157	5200.536251194464
10981.785408653503	2089.856089538167	4962.962849448432
9931.924165318405	2740.698210575117	4509.332231728748
11860.840410835266	1153.104457256958	4907.372596083471
10164.617275112176	3172.0434313885894	5546.989498416743
10378.230061677797	2911.5684744952937	5319.168532897364
10142.350330195008	1962.1519267414812	5446.553744210384
11368.02776216408	3261.374414610058	4618.49746441218
10402.222877928141	3344.5885058757585	4755.248415249583
10780.268599772835	3946.44496898757	4891.852274536985
11445.354652833714	1821.4646559982755	4607.396370944521
10981.935803763776	3035.2358013515263	5157.586099177685
10497.886419565772	3924.292123520109	4979.940993612486
10349.7206902059	3157.784311024163	5831.259574321196
11050.126086713422	4398.846445441746	5231.899665617146
12004.570627369	2831.5161679369926	5121.215247844421
9216.701474643613	3729.1577282440726	5470.092185204662
12409.559532381498	2527.0560750064187	4595.8564788777
9921.468762591041	3652.566919729789	5342.416702774083
8415.086447818012	5605.287564955694	5657.793070794226
10738.116901331336	2113.835601366431	5309.931648869067
10597.683212203068	4887.136030168038	4964.03129513109
9750.921614653518	5539.006071596936	5319.273862584024
11229.925954591336	3551.991051362378	5040.730910295075
10503.16100556008	1294.3444899711478	5335.2333366003995
11710.923570250001	4309.453991156745	5200.337819664153
10365.299897901916	3138.9431391444236	5806.780570567973
10856.638340184158	2602.053802894997	5537.140432318858
11232.99278611469	2270.826946833977	5448.744407521893
