11282.907766519516	2599.902511588564	4990.567642727498
9936.786057786303	2933.372740125308	4645.9332448571595
11537.917008514254	2891.7061620453815	5490.811060789702
12408.133626826448	3205.706405295113	4837.14414573137
10028.457787948997	1300.8054907641929	5296.0284863570105
10804.554757878479	1630.713686631208	5326.009578889645
9601.929920242987	3991.572493673695	4940.652063519311
11235.584345347715	2399.364177205725	4763.231554123028
11045.290148807158	2806.330199047607	5389.750692215906
11701.904429996115	3027.222623266418	4955.36193912323
9562.880864735062	4204.8863442705615	5346.23752508634
11535.166513188276	3904.4910454759993	5610.70962461454
9223.226080122311	2246.587113909306	5229.768313550892
10277.197429302903	3140.2128103250166	4789.618606061756
10169.049476493208	3395.8542704236406	5172.478105233804
10483.38240404646	2982.965200568717	5234.976024100997
9823.767126686884	3078.9211089001033	5274.826182563833
10565.98718656129	3526.7773921978405	5295.585380274087
8847.251500469742	3389.0748783679705	5597.507767881841
10363.60962102402	2544.414021817146	4806.6209161437755
10761.270769556148	1794.6510275648352	4718.940054641878
11175.824058440618	2110.827945781131	4933.366406398266
11146.812225099608	4263.9987205116295	4762.383292910755
10945.09906873635	3211.1909296991903	4521.472038873222
12406.178402164296	1752.2300693216591	4533.912958643902
10108.671510276818	3757.3153700117473	5246.571367747849
11746.494607860384	3866.1279855259045	5078.595674244385
3078.0941824035385	10670.1218043001	6130.64442665804
9461.834131289705	4632.803972621838	5391.330528532904
9857.89121114562	2575.434070220289	5502.942260945104
9948.821268430973	2650.011011542759	5171.148866648781
10275.330802075661	2446.7255214141765	5167.849896498073
10713.412786212077	4014.9936120908706	5477.499177881423
11672.634064875216	3008.0369577504835	4856.8105187062665
11940.913436843639	921.8918887034483	4983.001683965981
10953.258968808681	2586.9395711998404	4034.085229703801
9025.072409947685	2639.8966950269673	5506.664029271781
9719.332720270908	1726.769654518345	5699.0959189446085
10228.048370764005	4114.641134388115	4904.542498705363
10266.738951497751	2587.210120157018	5258.551751874194
11873.14997850212	1853.7242533589736	4361.244837651399
11073.355885177669	5497.638926961289	4423.753866149062
11340.104879525452	3137.122527120219	5635.4330055946975
10805.827750592982	4801.574931466015	4789.611657749865
10628.808504322928	2085.6137042309383	5096.413627024654
9325.64476786719	3706.040152281619	5340.487724528234
10105.54608960605	4720.686249560851	5054.685771972977
10743.130027673615	3174.5281487799075	4888.61716680464
10158.936355325695	2362.996949043593	4484.451637919483
10625.765142334561	3547.229495919397	5128.964309902691
10566.402342126748	3939.2509531354626	5341.309585023609
12555.582257474533	3191.808229292178	5140.670880645362
12890.189331760153	2829.721772690244	5097.8768862371
10398.913684031713	5198.16082069451	5338.190066079847
11872.13470913177	3313.3551525727867	5134.759484926097
11322.558636209096	2534.129783546387	5269.70033793022
8681.55674179072	5027.636682942947	5022.12762403187
11576.643139687001	2655.460652266911	5070.113150649917
12065.365281562941	2244.4260119319188	5605.300354745205
11992.429824804098	2177.709432036134	5305.990921129516
9840.066110440674	3261.299791820339	5378.277016386737
11134.990201231205	2031.600062046734	5156.33273509914
11255.449203620714	2627.6577103818922	5238.737616862937
12256.342559617236	3637.1449368269273	4769.703454321425
10566.512278029466	868.9996200236308	5514.535672471496
10232.326810372746	3095.343098094417	5147.50806497485
12904.507241817493	3381.5638655335974	4298.45354981194
10307.160195855236	4029.2591664061706	5108.346983810287
11693.573148473906	3053.4601033315516	5375.301601932933
9155.276127551346	3816.201920817707	4741.43945658151
11730.864417066365	3006.4362752386382	5406.141883525478
9924.5889208502	4030.8054692752125	4908.035012447062
11753.533579479263	636.8348165422724	5190.366414269733
10363.061340688262	1901.463590233706	4647.853802749636
11257.315932266307	1101.9565516725318	5643.478389934714
11928.381205647562	2347.068108189496	5094.537195286549
10486.163352390038	3467.575696869771	5346.140319511302
10856.743090806423	3885.967854601263	4500.977647825651
11207.043208566278	4348.012420406297	4692.246358417848
10471.870739873037	1416.5903715377733	4904.061164108842
10186.165249818472	2751.9231049402383	5626.22560410812
11213.205478460766	3187.608304654349	5447.35690017545
11807.644467872433	1473.1183272170138	5594.307902885047
10750.465011175107	2245.0076334876094	5823.538291836227
10884.555558986878	3613.19080504104	5509.665965614128
8508.644725499995	5821.433185882403	4679.348942416137
9523.28927532554	5043.762480230761	5062.478401793757
7937.782148554399	6187.311978290074	5417.892829839607
9042.495274980256	4027.3310819181597	5904.566432432063
9571.043435951537	5150.099963886959	5060.713226244546
10590.434726035835	4646.5790250723285	4848.683923573744
9924.012984171472	2605.8098557018825	5616.102050165529
11174.977316851016	2216.1984126948037	5416.094263129429
9671.992617720874	2501.9836728360488	5616.396065956945
12593.35531531912	236.40582221452962	5378.1150288305
10391.002110070489	3606.5309178813045	5024.852822392332
8362.045154369673	5410.704346106133	5076.1584603870115
12041.577796193742	1540.5239044911702	5078.669570002787
9704.35714503812	4905.191705525896	4745.030888158292
10668.5703840529	4108.452555172925	5063.4472823889855
10107.755304874545	4294.0370241709	5737.114936059479
11977.804160312415	2635.2788818751314	5048.472378055775
10854.53415140036	3443.031731589845	5996.797178365606
9487.47643568558	4302.988096180615	5675.859390241684
11931.37043053316	3623.499203078683	5145.519351370353
10962.932517208976	2900.3139371701554	4639.13016364359
11374.459566049178	2041.6506442477908	4510.848973516423
11062.26552041691	3226.9691487554564	4720.372807665856
11195.264143138284	3200.6300589239177	5063.828620893904
10826.932174370664	1035.1042100436932	5671.3910891359565
11572.583343881563	4063.663571906577	5050.418112531131
9677.474884944168	4456.1781066308995	5477.788270498817
9933.472274822607	3381.4908530214802	5476.1220849826
10921.434145107001	3793.808119055735	4789.023918248136
11468.939721830711	1487.8485214709217	4741.204311340774
10421.08515997387	2251.0849664287416	4971.4282667843745
5826.602761774612	6543.263477528242	5242.597145913925
10392.820419352216	3258.342630575276	5098.7399854050245
11603.19816396849	2941.18043517886	4799.815783392749
10465.398539769201	2720.411605806026	5546.11263192811
10153.42980039678	2693.961818448719	6001.796756410315
8670.937247481723	6154.417063410564	5889.927812648391
9284.121701297901	4969.727368289481	5804.001962166372
10261.43115046222	3067.372413927067	5547.857298976601
11856.157860618614	3411.574796498207	5067.110532245579
13254.438142551573	2732.0085248743253	4792.222217808127
9843.873350361686	3518.5176516139773	5479.744583898499
12336.979303107235	1178.8575584679031	4758.378897768836
11311.27599666449	2816.180994973133	4782.122593874508
9680.841333049864	4587.226290736048	5337.226381234589
9051.80553094419	3741.777576201577	4693.218996371854
12241.350494727585	2613.9897412142504	4486.638511506664
10136.855865956382	4031.372581448245	5271.070807284142
3195.6396895021508	11580.419883482798	6833.477069979665
9526.306373272433	4352.949327902838	5074.730707968511
10343.464112750964	3686.7406250109434	5716.088757130192
11101.38945703751	2992.389084585303	5094.075408029017
12147.70603230185	2886.5742268222853	5361.942104952565
10499.911507222465	3197.3356048059286	5306.739571625711
11115.912102929244	2077.3258343522307	4951.877303516292
10689.83052699014	3129.5125712117824	5378.512803461611
9956.752518218942	3194.6548242730632	4803.259886061035
10906.124760172035	2342.8074660666703	4790.857112216246
11483.591504822904	2970.3641843822493	4969.390323919587
10796.79803447376	2771.8268390401595	5828.1895363642325
11203.488277401462	2617.0708789292744	5490.453015323608
-70.88110943878951	14359.535949135516	6003.761124568747
10563.051630156946	3621.004263827384	4610.679820429547
10002.512294872522	4467.1852909310865	5016.506833077003
11563.99622358106	2884.385831969654	4892.847557053186
6924.478826842593	7321.626266937451	5067.494575950181
11297.244882613271	3899.742125319262	4777.951538657692
10691.204850929973	4141.732153514625	5199.993243884864
1836.9764785059556	12894.900108217018	6393.301157955743
9725.959920449515	3245.2752837131716	5073.859071058323
13141.968310962953	2698.462060670985	5214.6460034958745
11203.970367246746	3390.135961359313	4820.130441528184
12299.380938649556	1742.6682246125492	5283.645363911293
10739.684891755032	2887.889236032585	4961.108640691395
10615.458698210943	2950.172454671024	5850.299930975264
10803.78007049839	2672.6038847474583	4503.760011996426
12532.993369268428	3612.597442731047	4820.213395238573
10287.786293116667	2816.5733058512888	5730.543345792175
9869.007172465515	3364.623274051382	4678.000168014424
9816.461113664085	2736.9475737970674	5055.0216696112575
9414.205202705183	2438.2780927008034	4859.881008349961
9158.841109498113	2799.79369122665	5570.162233902514
8756.590836413036	3804.871448501824	5358.855949141781
11108.79283189331	3135.0822537437575	5247.787867445485
10603.325899674783	3632.9577689845273	4858.618852094418
10312.644961783522	2458.40789935529	5128.275861069874
9819.919138060102	5045.106183290068	5497.759419753382
10688.309807845364	3531.5005394082586	5165.738756067991
10663.814987598344	3793.9477635625585	5003.2640679255965
10550.537536431708	4050.0647777658032	5281.7995055907895
10438.03958067828	4623.1148214685045	5558.040863969129
11641.733682305638	1372.065047768333	5344.104740922341
12202.928615933759	1852.1488467571398	5682.665067608874
10495.31390663502	3792.6114206560956	5130.717105233744
10999.398751689443	2323.3228618590456	5192.8905004046
11539.392945504645	880.2398146042626	5784.373120921376
10674.694612669067	3882.0972715050425	5056.830791800537
11096.443612742629	3249.9657976941644	5249.046930534411
11319.036109762854	2015.8338460045168	5133.3201813827145
10133.026278932673	3601.538921508478	5381.910741296448
9935.681067513371	3257.9708229674998	5250.388157205914
10522.879610226508	4343.7296620141005	5825.107208809693
11400.637845862488	3199.4657015524563	5132.889649740562
10369.024243892287	3671.617923530518	5035.734740663583
11181.375068517144	2512.5790629098383	5352.978609645057
9573.09802398077	2469.604959081675	5385.12715627239
9317.40898158833	5492.581762818059	5691.091927681482
10238.35300041731	4259.662427715719	5395.107526405615
10776.808718286213	1934.0815074534826	5238.0181906981825
11251.306306877499	3255.41535539066	5325.5081870429
12523.968426083351	1426.6715627458352	5211.329173454649
12750.380102772362	2729.178502713413	5768.661834954178
10349.666452508585	4419.16372907156	5398.040232948196
12823.995145336472	610.1648963434477	5274.441238031963
10761.53415602534	2700.2159187100724	5759.6576995167325
11203.886543062898	4926.257367912865	5578.3974469286295
8619.443855143938	4327.694009442349	5800.20625346146
8501.264447780386	4978.765005997761	5660.756413454756
12051.060323989303	2205.8347739001088	4868.4489675409495
11782.18533435758	3702.1934151313276	5460.793239871794
11660.219620609556	3382.4236613315984	4902.650875144255
11060.223267175705	1927.6467282331107	5807.657793587112
10989.092980422083	1384.9007492160747	4865.627378763762
11079.34930776154	3424.527052419234	5089.512153890544
11318.013658837164	2731.0131747353726	5815.311566562509
10871.494369958436	3254.647211727537	5148.265290380075
11267.368164773887	2551.973558481229	4557.807375236502
11685.04751903697	2056.273073053543	5217.502551338816
11059.641936292302	3636.021167528113	4720.42369279635
9761.906437960053	3121.603679384556	4994.209549086206
11080.513511527208	2978.664722203283	4925.6940267355485
9583.783152483	4128.105021562019	5790.18745859045
9832.62328665254	2991.9099870276464	5486.448125920618
9924.727423115017	2125.8051803618037	4952.718716184829
11766.182900430933	2714.960841260503	4709.313553048496
10794.491424797474	1321.5822801885563	5214.940869883479
9033.893790373408	4633.5527883252225	4905.42838788805
11254.973050165598	447.7050009666143	5127.542094051526
11541.035826023113	4067.173336407437	5068.921779586485
9799.023284993127	4722.90803879461	5654.608902040665
10946.647230532739	3889.3168629345937	5024.288480203794
11195.62398313479	3104.2586678462917	5711.225318482933
9937.21234259632	3295.672007490303	5553.84514271883
10924.16792893692	4021.9969117060814	4851.341913404537
11588.216453850466	2529.2565990794897	4877.058992266917
10697.968878189684	3517.7621631597103	4646.276497713705
12246.374306415202	1770.9267475938934	4536.21935626217
8886.391978652686	5148.46089128715	5544.209752216564
9366.286299548443	4061.8346571144534	5133.687341461974
11340.278688662793	2744.92128840204	5385.433026000166
10360.66350283588	3930.4663721662228	5669.208074523433
9701.731668060387	3969.676068165686	5285.104936735055
10174.218115603147	2650.5209137180827	5544.902057805463
12683.423350828256	2921.155360717796	5028.234174868411
13220.836244388876	2671.745135601924	4807.345544668382
10870.724549529616	3284.4473395496293	4995.789954754294
11283.141804231362	2374.463504056729	5389.649077098465
10678.730348339719	3614.9218042323273	5316.16721688436
11247.932945796818	1276.4523177473734	5467.099379443188
11496.293618130343	3252.205299861459	5249.648678216371
10543.963027188374	3292.548190710447	5396.888182462425
11371.071349911443	1157.9534881223742	5170.269501453342
10307.101287162332	1914.9188672075686	5082.617943602849
8735.270296173525	4735.4695687471785	5436.051658371216
11431.322164423875	1893.4633056499654	4712.4740073677785
10313.346784909003	3472.9710108139707	4875.54453254411
11494.385209145536	3474.6766163144976	4890.472876175067
10090.757317921782	4060.4590989655103	4989.461440379484
11831.740735617472	2185.5291972695377	5264.583046152093
10687.219167924219	2981.0664024124844	4922.537413422986
11006.695449067218	543.6252912571512	5524.244176753454
9444.87388103564	2626.737078199713	5880.557033212208
8959.511040932657	7068.996537966417	5030.441613168834
13345.313818916406	2338.7874977038528	5090.7917316130215
8791.30604143303	3412.153649628206	4706.75874307954
9799.17802299036	3503.0646768867946	5278.213201938966
12141.429483902051	1689.7214782115861	4840.43012362907
11488.706903843045	2813.6030655855484	5460.390139552611
11914.580057077617	3436.854823968722	5050.748235991343
11348.929009883	2826.6574543658394	4261.982083798667
12070.421550111698	2037.5122442189524	4455.7233367243
10436.810444394803	2356.5844400365168	4554.9030590793045
8995.864979874956	2715.759770430307	5205.38964324499
8440.316994095288	5284.260496721224	5741.370799187597
11108.001746089758	3717.1226433630004	4738.778627803687
9980.66806920704	3530.94469580973	5393.7885651209945
9900.073039455403	3818.883495454323	4848.881419539718
11363.542550053437	2138.621274015048	4357.547529984581
11718.978662580445	983.8299161622717	4930.93808175201
11388.190016295694	2695.1368737794946	4573.617280082322
8760.828627271263	7033.988486204769	5085.0093154661945
10795.864877079317	3601.8065184457246	4642.800039570441
10166.243517896764	3091.093466524587	5222.22729609258
10236.645576782119	2886.631927401399	5092.8996507731135
8890.491946427934	5428.664604532631	5639.094848679133
10642.659066702023	2064.9282019814455	4885.823515588192
11133.391592805803	2782.3882717448614	5521.14479187752
11051.502311263448	2898.2011031728985	4527.78295266503
10319.55027616656	2940.3666516104786	4529.456714855611
9673.520326974456	3935.053624134347	5731.64301598047
9428.24300258395	2826.2225093284023	5367.9233753246535
11152.378555619667	1165.2362858175982	5481.945685935804
10803.203886242978	2484.0996593206155	5097.098661406201
10566.98020452629	2148.6789167721827	5199.758413797473
11223.62673644468	1817.7610051632516	4955.706400743176
11351.213356788941	2008.4549674072312	4870.306545775176
9542.248561562703	4594.276067091847	5094.330374175688
11259.110000415072	3453.4066727773634	4575.8663511018785
10372.874701031147	4586.013649366907	5002.357015157798
10532.655683847508	1847.360906121797	5217.227808839419
12617.511811861048	1381.994839117588	5422.33285572948
12680.493719356564	1154.35811211343	4735.429628655274
9278.30370964166	3793.760616968119	5343.113586940528
12693.570011334014	3327.1542208899546	4989.1830328702945
10872.528260323692	2048.2151057419665	4844.591884897217
10547.294103937445	4103.854305800181	5103.50604752009
10102.423073874754	3092.174601801725	5243.495430747501
11335.497573468325	2723.2764616257455	4846.312322332514
12015.374367297716	1070.9837801733293	5124.491871824559
11481.8435332579	2866.2871636186255	5001.839495634119
10684.750984644812	3126.457042441544	5341.336680671896
11715.20050000705	1083.2285846357556	5148.760425347435
11744.20518349723	3414.559903477262	5341.871006556432
11677.376054852462	3476.5813767367636	4876.9532912853965
10460.980638898542	3726.3926953643627	5308.784842678461
10622.547152861802	2599.2522968327057	5593.84019249911
10101.921609235964	3395.570764783912	4789.51080390423
10130.746187388428	4456.032522728217	5336.367899424716
11428.708848311933	2634.724164461756	4991.2894303616495
10072.079996526742	3260.777476038766	4621.176431136079
10532.397972633305	5289.915806437651	5410.390775674587
10698.954650744417	2002.7406785510998	4653.755295757293
10732.746259144214	3370.5921773238065	5741.810501163843
11179.486344420387	3161.294934340258	4704.658165123525
11314.874746615445	4969.110491621965	4676.774525439312
10037.908408420677	2180.240255178954	6028.416899569098
8516.586603981052	5149.337787595922	4885.652445693784
9685.84061440954	2701.1433498947354	5265.360080013565
10556.80298752259	1910.4904782855251	4874.137218246825
11250.535287390065	3658.642328940499	5749.716454357618
11238.301830503857	1441.206098905647	5380.160441685912
10549.832171091553	2487.3337338970123	5860.189638641858
10802.107540534014	2541.0800992125924	5666.008727710447
11295.525290342974	2781.767291081091	5058.098018106673
11221.67565763307	3504.2978450815285	4898.557813331619
11897.965919825552	3374.5147967181333	5076.188671076439
10049.783087153815	4208.548078562196	5472.714714009431
9826.082714671718	3207.760291791524	5651.550808534268
9235.345877265401	5335.887153196479	5550.2297856801015
11687.525329447928	3478.3899480135437	5100.249446371892
9049.409517233553	5096.940090683686	5189.901137482139
10741.796042635253	3590.868388608366	4655.3769410952655
10690.466342986272	2799.1454652433367	5157.711330040094
9341.00058608273	4221.899891241492	5545.688045937337
9881.870293800945	2507.802827901708	5421.206478258863
10069.214762462343	3512.225836275229	4729.409637687043
10067.707969387831	2924.8625498439474	5219.2977331348475
8169.502818782579	4412.455350684933	5562.83397778771
11590.110460104519	2427.093501683273	5981.592660303098
10504.806301449356	1756.5934001444905	5576.936571617313
10675.58718437	1825.640287195904	5283.13714665307
11334.803589426056	3332.9702895777205	4577.933894907424
11501.42732605901	3650.170987676684	5361.875834041671
10549.434227681535	2441.21562633928	5110.092880649341
11835.110455225697	734.6102554398831	5191.41602502212
11190.538817941766	2950.4947540095786	4649.694472568533
10882.798604164518	2560.625818985986	5664.8073719824115
9912.216139198632	5500.205151115058	5353.468899359189
11520.236300329098	1055.995379262262	5226.68317933128
10625.92618919753	776.3769557221103	5588.54848629131
10010.267572594426	5727.5083068239055	6277.54637594831
9830.26798156493	3742.423556341953	5257.946821333129
11211.720582752214	296.62301209973066	5295.1733266673255
10252.87387800862	5037.969496118385	5339.274170421508
11663.281106374243	2690.635949853165	4317.033551914406
11092.117699731454	1847.8660493959355	4363.836439091034
9449.125820977493	2848.54636889005	5267.17109955538
10342.416354210365	942.4205471974116	5287.298619599092
10171.25022353898	1320.9870732437812	5058.706566994801
11617.168994592037	2450.2185698817143	4850.100789859349
8792.799609046493	4930.590094665374	5057.611197304371
11225.95313274083	3263.784764855537	5462.290371105413
11305.775518907552	3049.1814957089978	5327.105910624896
12339.940229142612	2190.7026081728686	4906.154217843074
11062.704054089581	3987.142270778793	4737.481457738073
11481.975785868317	2111.6097694767404	4608.7309686919725
10104.416707031836	2658.195733778702	5509.483912456431
11336.334462850451	3001.0042654640783	5440.494820391867
10158.855798861596	2143.8271495076274	5735.245432790507
10378.645105843396	3463.6798244731067	4836.433600051445
10060.226323429504	2920.9962628364187	5076.163212672324
2905.9438151545364	12536.415481188053	6271.2430732049215
10044.153032489525	3075.2879117628518	5992.654346624544
11306.432811206947	2948.0832465500653	5250.966726557228
10472.009599923955	2442.76834273925	5323.538577130052
11157.59070238666	4484.194794003412	4729.822003716082
2575.3354551297894	11289.349701965784	7283.87543361612
11692.43944423171	2842.9527525129374	4940.331014151855
10578.433632915401	4031.741059256605	5065.298495988123
10391.847671176609	2992.498179453056	5548.597559709955
10992.710682539535	2577.0830584358373	5503.234509616669
11489.661174174134	2974.882197477662	5292.30203231502
11304.355684845306	3756.235570746861	5062.091530061402
10050.352798287186	3063.171914823784	4929.4150931859485
10479.011015177157	3657.243526167765	5452.34332531491
10157.218880759629	4271.314744176474	5308.584788475323
10763.568870093406	4334.933382672492	4492.468498200931
11095.508528142229	4258.8976379733285	5449.463723993044
10864.818533441074	2676.417936003852	5492.375021257423
10807.828863862718	3040.950540904728	4618.383568088031
10731.135845450084	1610.7435322779922	5505.912797026202
10928.731779799196	2870.6470913229514	5541.235336130082
11297.134053784857	2540.075297125436	4982.658118988418
9606.484586767247	5141.449760081885	4929.409413808653
11140.227643806158	2955.57461996015	5269.764223991063
11988.864291406506	2217.023272134651	4931.897770781636
11037.132573483028	1315.0009272827513	4904.890280096918
8518.600241122904	4809.791600568322	5229.616533525495
12181.900546907958	-79.31548090524339	4780.864777835836
11243.841465932976	1795.9631968459346	5348.829516956675
11158.96180212482	952.6266452307378	5450.406389582874
9774.33459334966	3653.2072533763576	4689.375380158716
9676.8090404465	3490.6882927645524	5191.670680738291
10703.367249068519	1086.583174005314	5780.563089406451
10097.746649063138	3511.682794201725	5540.59276511781
9651.171770607107	4138.267866490652	5450.484205139084
11215.20108703498	2352.37025772254	5591.786750911388
10952.356573270028	3386.160687857237	4898.134929420721
8596.47153718774	3683.562760173109	5005.177962698857
9396.076692127152	3415.2273836879003	5531.526873013301
11207.972531803398	2021.1183645806234	4854.789235472619
12280.640968769947	1992.3075091584758	5403.877166664247
9891.787991657033	2146.0172799652487	5341.322992532707
10551.689619716662	3985.741768266901	5506.765053517703
2197.391538342398	11817.106383982056	7115.312634730796
10419.559373189722	4281.106596168043	5202.21573900845
12044.615033081454	3093.661168975729	5772.734742773864
9730.195105467257	3547.5746964415634	5191.019617031617
11101.600293685484	2394.3807500566945	5362.28378626933
10183.873170620443	3071.6713016012704	5261.765142870216
11867.299894548401	3010.3375793926607	4979.380087412145
11421.36688140272	2835.642194237396	4982.327309238311
9120.940657991241	4914.833715361895	5786.96704735873
11050.440408933911	2965.9743215765825	5281.523609952497
11981.697682086751	1303.5520500327377	4874.940548574591
11745.70176372411	3008.6630985168013	4982.178354158007
9719.524486434115	4108.216005054923	4517.109147851399
1599.2403653985905	15299.289608934287	5827.668962674128
10458.679138618845	4143.064901477953	4946.580963589327
11387.286204879132	3119.8723971242794	5717.258619969884
10205.64497636653	3910.9062063171796	5186.382613804939
10917.06455077361	3352.324536871421	5451.588898249144
9683.21228390784	3961.4713747710953	4734.288229239346
11409.542381207553	2982.326182239131	4900.618884631746
11178.757569848782	1763.8845412497217	5905.179571880735
11068.845174591652	4301.830236328078	5384.706495078716
10947.933687290762	4529.950170556497	5359.877496269316
10838.778997642536	3066.6648454332967	5077.125464496643
12580.631869514644	2943.089765395419	4640.225396654067
12782.775828581458	2530.480234478521	4801.200827268928
10670.257401646633	3202.5900692642513	4923.561590064209
10989.295086938006	2730.812265181777	5290.40445991394
11971.681113632814	3366.9078885149274	5547.774845646349
10547.040397613422	850.9725286516916	5562.9131553520365
11065.473192095964	5039.136747239222	5113.983726388851
10701.542451627955	3592.5706795633405	5006.271410865756
9023.721113273077	7164.842421755666	5218.677592332504
10941.95823414503	3679.594347813791	5206.961613110353
11734.453855459678	2626.0313318040003	5251.831285048328
10296.574127425429	5533.024367406639	5510.662598150093
10820.498727597289	2490.017221690293	5487.2962357952365
11666.20413128211	3076.6307899582425	4699.744962640984
11041.346541150855	2439.851464122098	5483.256847914954
10948.527030398123	4214.683216011579	4322.075042209367
12057.552310646059	1715.0441905258015	5450.727141768291
9626.29144083794	3363.7619466938268	5530.6481625958695
10962.741665550473	1912.3957607762534	5189.744970115671
10144.12135196727	1631.9199644459293	5336.827129483079
11884.052017855704	3686.8760714306645	4558.720344311925
11184.545278554453	2475.2685511007676	5333.865211509503
9978.792739412102	2977.920394961782	4816.564546261885
10408.506138409439	2941.357880771749	5014.935023903085
10095.730243903863	5446.460982086481	5119.1861993645625
11810.14997226788	3576.434312520308	4988.847065698381
10566.207130275914	3420.773101438466	5189.503677132067
9429.971353043597	2581.1419672494017	5285.238927214559
10111.215893976434	2961.1618556907374	5247.549891333235
10150.19909893578	3328.0948160314706	5143.83242135914
12110.135699302195	3619.2012909045743	5195.474059194417
11136.66702364073	3941.864557374806	4635.581427095274
10270.394641022818	3186.9972944917517	5323.2093344148125
10269.265780034666	3172.9013364325656	4720.8089199671
10114.637467060731	5409.6505507394795	5122.728149662344
10818.685660123147	3834.5598890440465	5301.692384775981
10012.966809705651	3067.0978444324032	5125.296218322775
9960.800241416528	3467.6542014513157	5137.244816401583
9820.172148681444	4370.466116780733	5397.591716993798
9531.604746225794	4971.269792318022	5140.626568520607
12113.20679094153	4007.168153573594	4692.474879813182
11287.911980100173	1646.279223455615	4918.263516374471
9991.010466707265	3122.7929143465644	5120.998120717938
10789.97704935984	1373.9805717595586	5057.543187170239
10864.25773733268	4118.183094579007	5169.809501558882
8923.848489158578	6104.939046645783	4862.863771252504
9781.315128247192	278.08860946243476	6206.299166362699
9351.874843299478	2928.8658243414834	5201.29504225846
11434.286616902556	1802.0065306333709	5159.623500315513
2430.555564804801	12995.406369847706	5750.215015664773
9190.772812618416	3842.0247592714395	4539.8333721228755
1581.3792112807482	13294.204945569949	5713.3115008283385
11461.188645375294	1995.525866016188	5272.765456937998
9707.225246378383	2625.008902288567	5226.945423202566
9893.190262100652	3491.4519261964433	5009.3838525420215
11050.472822862768	4553.615297089687	4751.866512016945
11424.234766890928	3330.9002904999447	5774.500765892371
10828.982225421396	3710.654961304267	4937.6280729795335
10239.804341345793	3914.019730089039	5079.854754301043
10778.945982736303	3531.606075628214	5807.9159136955905
10367.49971075091	4103.85674462667	5035.08477512041
10110.27682088832	3871.5108946646183	5303.305750756187
11462.297433821368	2122.99167164474	5572.780081563075
12035.405949890834	1906.2109861984	4864.890294349456
11088.463284242223	3087.654397746914	5498.048879360012
12393.19813775341	2531.190379803032	5176.045207756954
10933.915189162326	3821.273243653283	5591.360102181767
11067.549264908534	3403.4114918100827	5031.319701387784
10081.955853228737	1909.1904101780394	5117.588205805671
9638.224859565711	3471.2299169950247	4965.686926522718
10072.137205988505	3201.7917946042803	3922.4183802560324
10884.429238164552	3735.7989167006563	5067.145731178373
10810.795854175163	2494.7872382143933	4524.585098472925
9870.95628731256	3573.617906865971	5282.660900654817
10255.314410859623	2721.6769559768163	5006.52030025757
10166.252285680079	1566.7415929692859	5980.413857276304
10335.032759559985	3441.7291132377554	5340.323563827206
10935.627943516238	3479.9211895716317	5387.191291731252
11095.360104745545	4425.12300780199	5001.4279524713875
8608.643302777498	5817.449342889256	5275.4741463240125
11762.434554530128	2916.5283904375037	4419.666576852996
11253.749601753625	3091.2656036752674	5432.498261783251
11854.208720185712	943.4254168091995	5244.109627228006
10504.354671962983	2182.5999488185344	5200.809543557749
10376.531938785585	3583.9608966245937	4743.060629253273
10197.362043006562	4497.715550130084	5313.454398797622
11164.37744767388	2282.1202399092795	5330.116549195986
11566.59585645644	1916.4505928596504	5400.559817630912
12322.429977141463	2683.6051643386813	4968.773772289889
9739.253536016957	3830.1363541063592	4792.869866578907
10614.282102454024	2975.611702396193	4499.943296309272
10900.415946157646	2224.1010505308795	5216.97866195332
11874.962826715948	1434.4608760854858	5114.241788989471
10758.759280803963	2198.8095380829022	5195.37788679834
10315.40706325086	3831.438960679925	5060.066984055335
10511.586597629266	3752.1731205070846	5146.886659255385
9721.566386197244	4103.786221760212	4684.778998494305
10528.25951919515	3308.1272705777064	4871.592942087185
11641.112409697547	2202.6761803452796	5467.1038249683415
11514.925915341804	3673.0474863259165	4930.264619159231
10379.884809340549	2722.400708789712	4956.055629494506
9959.192142064972	4017.7987742330015	4877.788669279823
11225.49095668131	4079.8132860239452	5086.147021289679
11048.507185471684	1222.5206197903412	5024.279751491366
9112.987992510478	5245.756373121847	4696.283454730276
11512.093175923665	3082.0658599287876	4811.897656299556
10113.308435331324	3680.5846762439514	4927.184454624388
10930.087841899203	3545.7055018591036	5587.322304479555
11773.27411030553	1809.82227566793	5036.4082943127205
10552.473191110716	2663.030541500522	5059.527572098727
10317.585337092049	2520.3061743680555	5492.36324808699
10629.763530165827	2387.324197165931	4960.750569756798
10367.354364738892	1206.936877570424	4696.092931120279
10637.351205088815	2826.9968789345726	5528.986936665726
10836.018282722376	4587.259826712762	4767.716977956224
7954.724460862349	4275.4121448437245	5646.293020084178
8608.541835119813	4506.037930029559	5223.86496664069
11252.737979815118	2972.9394353744356	5060.2185769388825
10167.398221648054	3563.3840456207877	5391.380097463072
11036.843260381458	3084.7734884716288	5735.235552928976
11177.062430008047	3975.0432943576316	4994.409453084984
10685.651893544691	4456.6796331956375	5525.185884824145
11205.861792519503	3801.2079917413594	5910.91408949548
11403.679394609298	1337.6506580333794	5327.8699709645225
11466.372460480652	3305.825765381301	4843.644610104754
10870.042258274394	2740.1064635707094	4719.140951156779
11397.992716447407	3375.370375829261	4291.347260982811
10500.630917443086	3576.04885412425	5344.82748496238
11882.5011308684	5082.622006771042	5081.564562333538
9857.302990154409	4588.789602872074	4869.97846005183
11357.817884819213	3654.0065015689743	4646.450673061304
10861.119778798145	3367.0217801138497	4939.27104310001
10530.966454179797	3860.4471677818924	4561.286038936211
9704.509040321946	4477.558566540897	5196.0649553915855
12787.96352590021	2479.5318719927013	4853.215639248852
10622.80689283023	4456.505411754292	4867.007291591994
11021.305499352631	3322.5242185342586	4835.418615726888
10083.910781445924	3329.6737868678288	4849.5418031161835
10015.758045050556	3731.7815097059142	5151.513543341296
9768.51084750573	1020.0578354230263	5008.718417774076
12229.751189598088	1871.6990259614722	4856.716848341464
9180.55806229012	3094.4307593565018	5546.844348297312
11860.5713625263	1398.0807588758498	5582.237014327032
9939.814000019147	2827.3658190668066	5446.62587783111
9486.88952409616	3634.8470310419684	5552.2291051940865
8971.46009710803	5961.333272581553	5061.2020692305605
11323.87997923934	1286.6934505529257	5549.389930677385
10317.688330726345	4101.0870469858	4574.090571195069
10176.18993488402	3588.6271673482074	5541.497861872595
9464.944708752253	3471.845129071767	5111.627950520096
10976.309354913401	2855.813518915315	5363.753893980742
11063.24105466147	2779.838227914226	5337.3316378394475
9602.329194723048	2729.1980133275533	5349.458935409005
8888.62127257328	5107.539934607817	5142.442800484051
11153.00133796857	2845.1345118768127	5438.934332545471
12796.230120352215	1936.903671532079	5742.001855153003
11970.609414797125	3043.5978799665795	4704.335605623194
8833.98468004178	3774.6013349052287	4886.30783513931
8900.769829868434	3636.820590633116	5788.726291513577
10928.150243694681	3082.5308049756127	5356.776430609574
9472.45595479681	5853.056995086635	5660.30482585289
9446.910012565504	4492.244818826132	5435.102713001092
12209.8292154372	1845.1063326347269	5204.639196587535
11586.0238833788	3820.7845603854903	5488.80328781098
11053.406075558345	2411.663859334608	6063.1123081165215
11448.565411028469	4017.078126619429	5598.380954496327
11123.238260193457	2188.6908308156794	5904.44513444378
9670.504759276435	4190.364076941207	5358.4941705563415
9479.366420422475	4437.994552839547	5062.814806095656
10673.876997908079	4052.0456728086688	5273.066267988648
10257.457737273144	4899.0459441107905	4405.303360586213
10875.582232009581	2417.883557221947	4736.612032985636
11521.836566982935	3319.0082495336933	5566.023063599872
10911.534486989447	2831.508092192226	5475.097432726915
10548.751137107934	2377.744268452648	5113.451786533605
10778.038277309874	2196.8209495018564	5064.094019231038
10464.191104796379	3163.043416029031	4742.758318316471
12133.768774464907	1230.501251663	5259.995051612146
9738.33038899686	3683.911575713801	4486.27632027726
9807.33526722437	3294.568644977485	4887.448657824871
10915.920077757915	3042.003759538085	5320.440952064236
11105.008165200212	1286.943670102235	5355.009563919019
10382.596128972824	1732.8618980527835	5273.369377948228
10213.00828592993	3551.969976180192	5686.598876147747
11601.012235497055	3000.8762888571036	6134.660048394427
10531.02849360461	2760.348655883656	4719.425672954932
9654.950594809652	4199.981914498487	5189.134463499779
11752.962367699785	2694.411931802104	5624.221725041313
11509.066907650786	2088.4345511188953	5926.758976650396
10390.279895699785	2618.154801849773	5791.345586794489
11527.335844523142	2989.9304573801733	4964.182227422847
9162.938788614405	4306.606175740361	5248.47913579086
11062.682017768828	4542.132203350801	4666.782192768237
11505.774071436808	1400.5510341962065	5126.914967319196
12169.551015561356	2791.8568367099883	5156.040623368871
10941.670497584946	4695.03910559719	5175.370413272885
9129.982501966675	3726.6197532229007	5077.739841841985
8928.416341341643	3866.773201488449	4833.2355653161085
10626.716742364055	3999.9814890203493	5196.757289095683
9455.070358812876	5342.377504518881	4857.629800227351
10363.920652755758	3291.4698968980088	5165.640086077622
9411.617329541305	3918.1085893243376	5097.933483158426
10306.156565982168	3569.337019378509	4822.913047707344
12159.255270035585	2988.0673541410197	5213.159687725358
11873.361052922224	2410.2002595836134	4974.271936182163
10445.45128584173	1744.5908612851383	5613.136133996302
11747.819662030333	2447.109609116472	5320.445251526739
7645.3242609280205	4291.343727167183	5273.526776188674
9765.666607654459	4825.970860646396	5120.762073827153
11100.300234356111	1814.1487396659818	5502.7841803168885
10094.494182675966	2006.3018712590092	5615.806261398572
11274.763896812468	1774.8234255782966	5345.760291435121
10580.735393157313	3240.764617133762	5291.64269476764
11185.881915628715	3478.8372109707634	4378.483792567053
10834.456587943767	3597.72887445619	5327.345639699642
12508.037055181127	2767.403486700793	4684.45055690611
10956.990579917045	3090.270110986672	4555.505966257021
10818.972972878631	3319.6944420414065	4788.564665997927
11737.054366659559	2287.1411268542593	4731.02658547515
10390.515170081286	4371.980376626037	5484.572484060921
970.2734336717062	14506.311631977018	6139.408900505812
11214.302491568831	671.5467791372122	6433.480548261303
10462.801364297333	4065.4413798635524	4806.394632369684
10565.689199861974	2673.906985319308	5334.605499344533
10856.916677172092	2868.7918488358346	5580.243113444152
9597.782329889213	3629.1608765786273	5263.68085771684
12689.279391931348	2598.130548934043	5011.885457133387
9253.86975432767	3899.3964201604017	5404.118835302045
11924.951308989994	1498.3792232426956	4921.314142070191
10365.647249685875	3681.290810320427	5036.792895892729
10127.078709892674	4085.6761514293853	4654.678772305132
1490.6332207013238	13995.021202758962	6160.218989382296
2353.2899661282845	11900.63977028138	6645.456301211204
10556.613058987945	3214.5896950129695	4391.131489090972
9647.215672963643	2258.3238601173357	5330.263295186681
10540.282844126818	3263.0998650149286	5591.918774287131
12636.730940560417	1496.1807247386862	5164.531825785713
11211.068261761164	3176.957412143667	5081.24236948091
9185.978174953867	4043.596493542408	5450.413018196817
10066.782032315525	3221.013849858396	5552.727989346586
11264.457436171688	2978.2149301000195	4593.082944281589
11159.498386254583	1551.0722869848585	4737.821011653442
10946.282381693622	3355.888971498344	5736.828555952211
9974.521640239871	4963.51257775674	5010.390052639207
10866.093124544634	3348.736370011375	5165.969125668699
9645.493572199835	2431.9713503187168	5459.0842881853
10024.835780535814	3930.203950854946	5112.363415919846
2047.1900789335984	12612.14245017136	6993.990477963089
10471.192047526472	3281.7243371097384	5130.744240422691
11274.390699588112	2411.215222061327	5330.613350061671
10939.920808028131	2152.3668391895085	4928.8698397358
11023.518356499899	3134.7967331436084	5059.197664352502
10162.064878671443	3268.333821504669	5670.150327317176
9415.305378413805	3369.4803727430285	4742.791419167249
11789.11879390803	2775.1477545250445	4508.160334418174
11898.289687669328	670.9785542521172	4919.930442656394
10128.07664397852	3293.029527024171	5204.089671258256
9647.60059475542	4077.5606715738204	5393.940153659918
10481.674998324928	3317.8905736580036	5601.2747569907315
9635.557375711622	4344.999807008182	5412.548401928725
11643.754260495534	2377.8385796828215	5003.001039812669
11545.539723663926	2225.7917768197976	5452.64132456733
9365.58525652083	3621.638444381522	5049.36466730102
11067.105916455477	4159.855383719249	4886.055736467866
9801.131822863686	5990.772640876603	4658.406624465583
9805.346394649152	3339.3012923472666	5829.576431992284
10219.727012135014	3524.653955597682	5001.401784504308
11447.027890726917	3625.1559699868167	5906.529078282625
12400.127568392223	2669.872782470761	4571.895852596879
11773.787837415905	3481.1298818355153	5204.713114248165
8700.778368259575	3506.080921246254	4763.271383063736
7881.795809792999	4767.386505336587	5191.179995933568
9689.814250414518	3996.9978981818062	5036.489030091017
11836.567606364366	2785.1543510599236	5535.084279829505
9842.589671861471	1773.7270365549427	5430.881514463881
10872.908300404182	1856.3969859177878	5461.378563638678
12797.891797945886	943.4889661712305	5168.659534994369
8681.477028541945	4118.533390811574	5156.756908056419
10575.790747778052	3870.730619858456	5340.890685931425
9619.794071524895	4034.8754328719106	5843.0198282971205
10410.109812801558	3519.8481976915486	5471.315201470748
11632.580025224946	3660.036699053182	4444.797025426288
10275.309087793534	2577.2321169299953	5394.740944976109
9739.266973026974	3783.6710203957327	5392.214473823286
10984.564938654588	1273.8836563042985	5042.925701392751
11201.171358662063	3679.156563022284	5876.717254879344
9990.06204947248	3841.078624775587	5088.300831825511
9555.711209591558	4293.285795758495	5267.486867885655
10434.392584390489	2087.195877609536	5276.544311876559
9754.589143118463	4590.713509213348	4933.038834651115
11981.799998155228	3652.0930916115517	5260.7007589388295
11437.523347250142	2067.690259228686	5735.644289305561
9154.380048165183	4772.158812711894	5305.019047555446
10945.029287784597	2571.3245246823553	5059.42966445332
10241.07736896928	2980.158107712292	5152.401586632354
10497.232712938121	2124.63987839789	5462.543742616618
11315.308147904989	1874.2059799402755	4810.991871192577
11901.376050512283	2968.046432264195	4697.850036595153
10693.350440320512	1235.1925793832156	5650.944314881749
10639.413317136023	4482.216355199167	5178.39083468902
10658.902619761378	3564.6186125002773	5074.683431151223
10859.418437939867	2970.079092389714	4783.864475299784
10779.404860613136	4151.773070832898	4609.75312777178
10888.032370072155	2368.313519233052	5400.9284753232905
11176.23708869066	2066.93596933786	5442.189223998923
10086.10980252368	4811.1094463458085	5500.390436644545
9092.310353119195	4688.123908925388	4981.864221652205
11762.586531558294	3814.5574773254525	5158.998494787424
9208.87102398784	2400.655863342154	5138.885096747902
11154.328435002017	3085.7769989536177	5972.193225410229
11559.244030087288	3633.117935657136	5000.590213464462
10010.332071090173	2403.3504409064467	5433.593395956098
9490.823033591954	4960.341042581389	5316.122017106267
9540.779282861942	5120.451186347578	4520.112698297496
10320.21499327201	3515.151811645875	4525.06752613524
10010.751069902708	2558.6367730762104	5402.923507589894
10128.911539425171	3324.2031790433516	5531.927829261074
12497.895730071767	2116.0133773929488	5023.004989698716
10756.974524083227	2479.8817213494744	5025.88724476185
9781.384628366699	3047.5440036666296	4937.669390452313
11083.579859350386	2434.3919964154875	5746.360615541552
11417.17770448567	3454.781313027053	5217.6470901215425
10324.579834064678	4065.5525016758284	5330.948055028478
11378.8571519568	4538.299764673133	5264.386035239114
9508.557423452854	4726.806781538294	5018.776322014113
11725.323767123346	2315.049892881557	4626.197225463768
8889.948071134895	3452.7014460215355	5271.040194592591
11486.378622366832	3690.6412007736285	5158.2162879735815
12819.125731461483	2014.4244613740175	5276.173703966705
8022.994727696356	4368.869793712433	5123.787089320709
10084.91328402691	3764.8174371926634	5646.52149247401
10681.851659754357	3913.9186502510292	5039.181217816429
10310.935908177353	2154.7040595602202	5452.087725007026
11427.463722052978	1673.12570466591	5264.497549632389
10575.803040321713	4331.928458973373	4959.499535446483
10899.119467293323	3296.4106664219075	5597.423180895731
11025.605159156077	3291.43189781066	4909.132319308651
10411.826901337789	3240.2811901009036	5163.021911191668
11240.703388733682	2682.764602564181	5431.123591432564
10104.855124329888	2341.6540488642318	5116.452108423214
11579.298572407171	2198.564134696789	5590.127659818879
9281.345604688602	4084.3443826659313	5628.5936376783475
10964.23023758581	4354.950714009381	4887.466989551097
10804.628132121912	3294.777599747723	4941.735862268138
8856.244051264885	4244.509117742481	5216.761248077426
2700.128091895631	10169.811096372476	6551.070657021767
9678.537949676793	5352.674326542547	5190.003960948192
8884.028574416823	3421.209868965126	5191.786010518276
10266.140091548106	2413.896030550676	5297.028221862402
10231.821215610731	2998.1190653177537	5242.925041136542
10737.7852141489	2643.1714680346918	5312.173508738744
10684.076101484143	2218.2185666068785	5090.25747018493
10825.136669744963	2124.5399682523	4956.409709996712
11421.024254282998	4155.553354080183	5558.453412369313
9456.87244249926	4567.7065231195475	5073.394490798141
10567.680158968613	2795.663536296291	4975.234430932831
11118.25429407937	2450.395980513783	5435.220721902203
9611.256740410105	3776.464920221173	5136.810567289438
10465.34675555904	3169.2006937174556	5601.762318733189
10892.594647384003	4544.8661835842495	4773.815504634526
9863.62369082813	3514.0271369224924	5325.498555730064
11451.61176706296	1596.6994881418882	5104.711974182927
11594.887955788843	2675.447028202608	5134.888023915037
11876.396079664495	2622.902223440785	5462.0114499604515
10320.188616700316	4659.595424843486	5306.50134697602
11284.527824187146	4768.1617010206	5210.077442004817
10969.134979287162	1640.9941829259599	5012.995591876611
11004.298584384762	2162.0377990725237	5472.607901370359
10472.489355233754	2389.083194367667	5239.221494170967
9506.369517957917	2866.8863163922506	5535.755006039802
11177.711674137548	2872.831212183985	5988.45168513321
12938.354438041642	2995.7713034264475	5394.278001919704
10283.282052081848	3488.279217784562	5447.532953149443
11157.605028743952	2773.1966514470582	5016.3048675359905
11935.135817554665	2628.945898101166	5129.3986883247935
11658.462509310475	2380.3614057228847	4974.1769215682
12368.790981208795	3456.853827854286	4690.998739157771
11546.89321930344	491.38134812812734	5069.185179248241
10565.27089294898	1224.4219814006112	5044.926510697821
11772.03810636198	2401.6466559915566	5345.1944295167505
10438.995721747713	3366.9485230446467	5627.180257785037
9854.202123993193	4335.468019955307	4433.766929848241
10156.874763363792	2018.6032906629791	5044.376875486752
11100.151078336137	3705.0791658323465	5562.936254275895
10884.29373810298	2520.404704061474	5610.746034071275
10481.13632608201	1908.6539139586612	5483.780140580758
10190.61395019315	1520.7181789725955	5363.422317589686
11488.512689392204	3725.895642428366	5071.2616010771935
10903.044757433168	2540.116159640844	5304.622220101248
11351.986212526994	3910.700841551028	4933.80857927375
10211.36638156593	1768.6846958373344	5009.1011385627935
10865.34368765086	3493.022294267681	4975.709059427119
11833.136395124215	2098.2824982077414	5508.204240532998
9287.652508589206	3129.753454742325	5479.379972154448
10708.136771070422	3730.416825784585	5356.073671538082
7834.166788391586	4030.417386063456	5382.391836362647
6645.556502305548	6679.396319053072	5003.425238443065
9959.11716771319	2210.3580203915153	4765.067503422944
11292.484726588393	2341.6910834543987	5603.945150695948
11734.396683040155	2700.3341228771455	4633.281445330964
12619.834535745618	3316.246062748555	4635.622275400936
10665.389636006432	2329.939434134523	5022.401808421046
10811.132324475757	2779.5884661302734	4627.764775516091
9304.413327904815	3244.5507959763013	6167.8610162162595
9414.08238958697	3768.357266619492	5711.01342578817
11056.333554707871	2902.695494927566	5606.809411339562
9787.926461068915	2908.3685643374347	5280.259219358258
10111.44064659962	3141.501826939801	5711.1093934885
9327.859468795406	5099.612312389088	5408.4167012818825
10708.012217426214	3976.811385665155	5169.3483017646095
11383.687304742452	1315.9440107870885	5060.001112159431
12143.041187165627	2423.9740340431667	4472.768959770485
11749.855407980922	2772.592978569016	5184.840758641893
12194.01225692391	1927.6423018182538	4814.6702867338345
10947.311038575983	4973.225516093418	5016.030511642656
9472.349346003544	3655.84745208607	5470.4087677585785
10296.463455145426	3262.0559787509246	5045.905482237672
973.2103285317284	13353.76960027242	7289.903325279656
11184.003529464599	2258.8849384474865	5145.040192064941
11478.571085404732	1427.7149146305335	4787.447798338435
11500.996157163241	3819.099436363726	5128.694465684218
10157.782567767435	5249.496393226108	4449.571770704543
10969.432083874482	2474.988970934702	5964.38133163656
10764.96274336705	3822.766610187078	5340.117526274246
11116.638752494211	2986.5882434377168	5749.51597673006
11410.046723731386	2230.205738755791	5019.889364896581
10282.073661209677	2134.833473916585	5807.236191988164
10025.826524424292	3620.1545206228197	5412.731350760193
10152.97383419762	771.2717253683112	5697.071831247825
10346.485382995195	5089.1304759942595	5179.932244174728
11520.269972967511	1942.0486013688521	5323.027726006229
11487.419196979614	2521.4170868679275	5397.066646955333
12057.025622377983	3236.366096377334	5161.645090878038
10951.070088743922	3009.671046340923	5619.382391237553
10894.867068951151	3935.2352151779246	5475.133400688865
10161.980840661534	2033.3834907585976	5530.140176587841
10867.611738270538	3980.443597933219	4954.2974725184895
9522.861242938628	4292.222084321903	5868.3884448211165
10369.280727790587	4427.800644397291	4980.4942349555295
9716.181555226072	3960.7056139234965	4708.656511952733
1779.2834011986843	12002.943110221515	7183.435564886652
9869.68101246047	3651.634972453224	5105.910146159163
11492.51930366254	3669.787198947018	4777.12376776341
11803.786348453446	4863.846128642065	4559.157311058285
2544.405170539994	13786.287665088283	6912.327891919426
10591.88758645638	3202.150310067339	4838.460008508111
11331.569787116365	1963.1448560111821	5364.477671427857
11207.081189169054	3411.3674628948306	4907.926771068791
11206.025749126797	3455.873462092352	5073.8644237737135
11249.673755694193	2269.1949928458193	5292.4949950847
8824.248010009373	5271.529431518235	5440.667719280548
11143.16607019604	3198.1784387204434	5226.608635809692
10930.1355143673	1478.482287730097	4936.021977596147
11887.165026217188	2600.8786981100775	4886.125316026338
12668.54007818743	2741.7890006944212	5050.620368162658
10006.365188943077	3295.644057379413	5192.843815721783
10662.979129327237	4992.68468647941	4668.457362783326
12349.543870255871	2616.0118870036013	4885.981425803774
10156.677158117824	3818.2574086024038	4698.794536641346
10680.068977534434	3332.497365136443	5412.507198128287
10250.419537280446	2960.983512732431	5550.005175549595
10058.774430602829	4103.83490564286	5005.0830488789925
11727.138019157339	1330.986059388463	5054.9328283232635
9857.139490889946	2899.4644865476876	5948.795971940794
10853.499343822212	3192.9776021528396	6056.294963202964
11803.2767401378	2182.204046212394	4704.225299919679
11368.133040189088	3543.745739282464	5072.86404974645
11337.429845231885	3726.6252325424557	5173.665261065832
10854.02016407944	1913.9402809429243	5391.945067472659
10406.374347265943	3469.1637478181024	5163.301527234032
11100.152495448408	3236.3082538348103	5180.082085447045
10169.439586946499	3268.02193573208	4865.176335272867
11983.636917948468	2858.228654430057	5145.5405945284865
11702.830087168366	2774.122234373077	5064.944156111913
11245.601119945755	3091.4593130854887	5873.045902821209
10958.582932861003	1113.2211700066464	4826.2445100330715
11246.081624676977	3439.6615684951835	4915.141835592835
10408.995341240936	3822.3308217309614	4850.729999434064
11171.572174130531	2128.8623280048305	5453.708159390574
10480.308100591552	1877.7507315003347	4956.469857264948
11205.597994163176	3006.3307261560526	5552.638453914935
11035.237770536374	4702.179809838357	5598.247570787304
11238.086245543427	1197.5512434898492	4824.880780950392
11034.280070031555	3918.249604577059	5172.569079538894
9667.799013892316	3184.5994344201963	5925.832492265444
6659.479380343354	8654.510169116089	5287.233234661947
10349.878333595978	3866.065158307151	5178.286889932861
11886.965973979955	4106.97317567212	4751.935146694307
10996.28483601738	3928.8384825658977	5254.882470216548
10587.251023759067	2734.132079034306	5441.885321757032
12454.209951518153	3670.064146670871	4943.158482031047
10075.131344581921	4974.402511702015	5024.696750460589
10209.968928108068	3483.901750279423	5531.906262863595
10908.659374371806	4162.790902262053	5136.840745982161
11776.910710958498	3943.1444266317467	4990.1583706848205
11048.341530956077	2082.941813780757	4870.600150250034
11476.65686992083	1237.716044674263	4965.160686964877
11785.612529745202	3597.327050827278	4650.915232644351
8849.216947781351	3877.871512434455	5034.9180225629325
11986.722532015312	645.0706765740192	4961.514103565416
10465.232291776581	2788.298841372821	4804.978911475887
11557.356755213325	4070.9019415663365	4640.706313580512
9594.269219338647	2561.3202957286467	5275.237112680124
11312.894226000977	2190.681065160453	5545.0201510188
11631.011286473124	1865.9729270669627	5270.4426229279925
10633.559811722705	2225.5778942190473	5086.857678595605
12498.906786447738	2485.823082757277	5135.02923351529
10843.713419816895	1295.873382678512	5946.6140633976
12016.181442624227	776.4639111829456	5393.141478934226
10723.592978775683	2857.919811851282	5362.479835349237
11609.861778233697	3293.8588404743255	4742.80606105183
10515.615270123888	4911.012136814727	5311.836571972132
11069.70041862739	2659.069071117373	5415.1060788035
10728.230723617133	3678.3338643666643	5110.543306975205
9600.745972149585	4355.874499659029	4758.703069981653
11550.124321909461	3396.147641255088	4954.843107599482
11020.817235692612	4302.806743937447	5018.501729904804
10570.210251371132	3930.8567841161125	4601.502865431735
10930.39770172319	1900.0579340427573	5958.7933773368695
11068.842438710364	794.4017887506357	5006.647781916715
12570.746020624709	3270.851239344784	4672.466197950781
10916.171613605538	2953.175163595481	5385.161131887343
11095.136295239321	1991.1634697317477	4996.579784150622
9795.478659374949	2356.268402716052	5196.329200792189
10223.601346595224	4734.508326202635	5166.68202418119
11618.339374360476	2874.363408925482	5821.232847355311
10945.582481018719	3317.508083138002	5121.354776626622
10885.195635392638	2868.206599579819	4659.230216837939
10178.45113373064	2481.588869176561	5603.374949385449
11695.208433390833	2792.584277099271	5040.728149802996
11934.981711446197	2357.3578618686433	5225.076865719802
9552.302433387358	3616.2911438565243	4868.4547891652355
10542.647348477882	3022.7023257311926	5090.371355629986
11452.637470687774	1623.7299224468131	5124.460090437767
12164.742049357837	2238.212363959846	5825.914904284517
11267.878100673275	2200.4277659338727	5058.8373744316905
11185.521439743557	2382.925173086897	4614.190842866376
11305.802119455833	1529.3993955226663	5054.4111363769025
8687.046809850372	3733.595090148066	4783.419868634486
10600.078169874663	2344.8328668055797	5394.655216699712
9922.656433750426	5202.13188888122	5066.634746909043
12260.424457192015	2330.1456842305092	5452.424523358407
9599.608943215047	3757.566191787766	5725.200298633832
11242.101251963024	2788.1605074001054	5212.579052741311
12108.524241327908	1588.1060671324249	4834.509849832666
11303.070467391568	2822.5081344657656	5497.79743670956
10586.886753272978	3392.52648121645	5700.934760438788
11239.27164584918	2095.235508140624	4962.091273370564
10110.524181780482	4021.5115174917987	5457.545571792028
10734.41510254293	2794.3200409865203	4820.664528244002
9463.787657111554	3276.773736113819	4917.962284889589
10236.677902359475	3575.7481237287666	4756.26263823834
10365.257767549398	4441.925578450249	5571.758459815335
9699.311537867847	4292.362525392791	4638.865875728203
9736.781138144814	3872.343081144648	5530.116779103523
12283.142277064497	1462.0472761430524	5259.064983939937
8663.315863414631	5105.270336331185	5043.761223675552
8768.578162761514	3815.881036131347	5318.144833322839
10858.434542841791	2758.733286104931	5618.008882208635
9833.543408879976	2589.2819970193755	5232.3402670303885
10293.969529178035	2492.9061930553603	5043.573823440626
10400.416414323065	2895.2898533155144	5176.5569563544705
11481.466783759586	4677.5373225737285	5131.999924265749
10216.04884280787	3240.250936142952	5281.4142139000805
12117.635196028143	3060.154978026766	4986.920564406938
10172.25324938513	4003.509952589986	4915.6385146188295
11532.849436517618	1925.944824954613	5934.967888407851
9609.726364387485	4819.050804546563	5517.678607690165
10521.752320288257	4627.873561875992	4999.9679777121455
11466.692546674945	2909.410969830672	5098.656792941274
10768.103826971357	2466.397219865123	5548.698193824016
10592.059721679845	2630.182756875387	5721.954872537083
10046.036425462362	4077.547797489487	4817.435998305187
10168.91875272331	3935.604037107809	5557.842615989321
11984.547694578068	855.42498984723	4632.131249760045
8976.08873248175	5854.644243916084	4850.424433697627
10475.55763824994	3767.987857712867	5819.077720744892
9303.175486485408	4561.905365783301	5084.017605943398
12111.865339760947	1757.9652098848583	5035.690440668712
10121.74338770621	4154.357019756958	4990.4463120006685
12289.181046904056	2052.3944651501	4850.791697468811
2737.643403972522	12786.922050129422	6320.490707712798
11028.18901284207	2280.998501944892	5153.460666208182
8984.501526064141	2264.587308498136	5067.159553301834
11257.08260737213	956.3677810031257	5478.912799773977
11820.415132959744	1914.936313162425	5101.720341610887
11346.334993701337	2420.489122965377	5552.90454982047
10853.18180664347	3093.2598514860433	4950.867078784008
11927.005532667392	3385.60695605022	5030.229051977736
11664.700213354072	3187.171417513907	5019.498871945915
10750.187813534689	2800.2405650996493	5958.14737799026
11378.054387863733	2858.0148942994424	5297.723093370624
8583.497845337564	3185.4198991569124	4630.657153094126
10820.274122218727	1868.9122448488386	5129.932775983853
12018.896043402516	2189.9511560852948	4703.432107491178
11532.57640993748	3031.1521067023327	5222.431525867486
11180.604004889818	2906.3833996220865	5486.4595902516485
11231.071742736875	1911.4542090322966	5024.743019230111
10186.72524468175	3565.108693130909	4695.686488031407
11458.536767855789	3061.047146574386	5568.737321502446
11420.76288498287	2834.3080919116887	5078.054140036955
11555.630554740008	2601.3047461838696	4761.420241366124
11138.324316923534	2032.4613371681169	4712.846468695617
9620.523006617217	2736.0127671371697	5356.24644476196
8962.276214002128	4167.4787607596945	4301.875857044405
10104.21379702837	1944.797342589044	5405.123337980765
10116.533766220598	4859.859278773353	4263.931019582525
11200.681063750104	3044.8154018432388	4975.458001775055
9855.441895750804	2381.672462020162	5722.532926584352
10755.490593571973	3377.7219958879173	4840.714326355006
10151.241870945702	2479.0172945353934	4902.452630939313
11128.307191982445	2367.6588674892996	4781.791897385584
8476.980168822074	5137.222795447968	5199.507210745923
9367.632285471438	5509.559825323886	5118.473086753254
9015.835548035835	3040.4665045752517	5363.391632329038
11457.404167389086	4200.77514013187	5273.731884446155
11387.490532527892	1935.708465905188	4578.331830202724
11061.955403966489	2871.2561829127303	4755.665105934685
1439.1055135525119	12105.86708662927	6791.125140733551
8157.255565821124	3445.1005746860856	4765.107307693834
10750.973353223562	2959.2253286964583	5554.925657355024
10734.270961010177	4206.89436258586	4980.583300399337
11148.36667275089	2300.1321858538527	4856.060123920932
10029.42350946213	4047.9579238379256	5316.729164823817
11199.512027825187	1075.8352136494652	4335.497881458186
10436.671172884837	3642.8898962307203	4627.516746040601
8534.777188882788	2975.783936050079	5259.694403120852
9589.272314182203	3583.756279745804	5507.842709635349
9387.200648633718	4324.4931272694985	5179.949393647988
11643.36291901128	4323.786395799416	5296.929773444722
10828.116778970632	2357.9844889454844	5024.1261827468825
11086.07229394347	2590.8537420816538	5461.651371290645
10658.94660648312	2854.6910948102663	5376.386496004689
11824.869560532426	2033.727589641718	5133.808431868584
9850.792016348445	4486.665565892299	4964.687552958664
9629.807299254308	1474.471379252664	5014.113377752378
10139.869082531468	3485.1205414291194	4990.615263781156
10379.174548425253	1422.8733537444705	5439.550335543929
10661.468264235014	2876.3356744577577	5728.363836896643
9595.804070428421	3965.7869405156675	5377.406304101605
9967.581950545315	2602.30667098053	4919.877032515203
10475.714343717944	2445.9426759489133	4670.163822777045
12081.135472609632	1954.8889339611283	5665.933397719025
11499.493430459426	1194.6128287455508	4738.303409064868
7705.534647851642	5260.453051117161	5365.421229650078
9929.076470936641	3774.7002639104185	5104.691207471067
11168.516192515013	3571.5511051637063	5399.506014981484
10929.713481377477	1097.0887744046358	5675.922138022884
8981.296154793064	5134.717659156783	5086.140326228139
9805.982007370183	4831.496005895914	4980.368464905615
10105.459033005423	3183.2740192252636	5283.811262787082
11978.289487550468	2338.43680835603	4411.8862973827145
11310.410265044387	2338.6977368885273	5442.794307132642
11926.556245356021	2849.794941226555	5114.094646295082
8748.469049962012	2774.7940028170415	5297.364504295139
10239.183988825214	2327.7110815367782	5850.095299656784
11585.532069894427	2282.4179155004463	4935.226741743423
11165.53025469845	2724.720724451833	5333.4799331455815
10332.35096672451	2689.521245924316	6008.513782123538
11232.482023194147	3062.653899177789	4918.845270461117
8941.636762226794	3847.3353054368845	4998.04949465272
11101.22864944371	2936.4069428050966	4963.8239773547675
10820.714670537049	3133.4629459282464	5103.860003727478
11905.908757841738	3103.410773632203	5220.284486071209
11661.343385050104	2874.1024428318424	4995.400930502166
11182.864904749515	2011.488090147373	5419.962379119756
11741.253402909257	4456.248937097391	4786.924853450169
11542.724035551546	1409.6965620548408	5219.79221110459
9628.351121101652	3436.5772259444702	5206.3073648343625
10523.306983760229	2334.661362269797	5143.846032736011
10708.347992139383	3698.976807874434	4864.620852401268
11059.23324542183	1724.0047262974047	5262.821593576755
10028.737171565093	3161.901926857266	5308.329981726812
10313.165937094496	3425.8029708972285	4326.718430542216
9924.723016735195	2593.968585695739	5284.071616783816
10712.340254419783	4488.372795273968	5189.30168983824
10672.000577199291	2588.917128246235	5276.645350789262
12049.834008764086	2976.8835390497197	5095.607713213031
10490.412676675342	2138.017397712863	5659.06957713557
11530.990878501645	2673.3126111475567	4761.947438159588
10815.894019198808	2368.490913014286	5166.15402645998
10790.7241551061	3549.2587282923737	5082.15779189938
11290.959182003438	3829.0433318180817	5553.293932716439
10946.409406539604	3091.829424900827	6130.717382566237
8855.348541134617	5237.4428952301705	5403.337356905585
12710.420747950062	2177.188835259271	4958.528075318108
1867.2029083171424	13929.83908427105	6724.157975521379
11806.543240625171	3936.129655150334	5369.691678489442
9124.155901493876	4379.90529915601	4786.398264673781
11251.88887592945	-111.72377025502252	5734.452038194304
10743.44001685096	3470.6878804827497	4472.273028057892
10891.829368222388	3083.8925974922345	5023.528096198741
11721.315731515308	573.3958103936535	4624.90569924021
11415.906395949925	2130.9135872690836	4581.838646487582
11811.674184004973	3667.225873807402	5079.430780308095
11918.772806810055	2248.596754813418	5877.173177780842
9279.41052606173	3376.0377860234025	4693.080752113376
11990.290140181156	1819.4425011152389	5067.4620399227915
11170.11970830403	1320.0576876723096	5313.3842460195765
10581.58503887489	3310.2063938324104	5419.3736100106335
11145.755310956663	2357.2525003431147	5373.044623145363
10592.337227267295	4402.36381963598	5244.812624300609
11435.713356517614	5961.251230258185	5544.721862263927
11372.042126924442	3147.1194156372635	4320.224018935453
10427.538099887279	3743.806225747166	4942.3988972453035
11240.973153978908	2928.0365816172557	5021.664900398839
10595.528680245621	3680.399926955677	5663.095880729157
12084.428076006847	4281.175185630402	4809.467407449487
12936.743525498778	1145.0474849348545	5474.4406813144105
10624.59908696489	5369.595619630989	4741.827094914711
11889.941746745484	3150.4882347281005	5294.695490844403
10198.323729328478	3938.4701573769335	5118.874993675986
11039.97257209491	2448.137251479254	5115.787734683537
9431.060672200092	4559.193283609485	4772.888858413891
11169.072929319183	2749.933533385425	4843.410787122549
11401.720860637177	3247.121459335787	4568.805176924288
12213.038135595478	2168.6992087376566	4444.322841496084
11515.174406685273	3677.6726140452365	5537.856711264438
9897.884103305358	3141.7065573088457	4671.670837646539
11341.297859518854	2438.684340891139	5002.960293367581
10164.26553345117	2847.6998795826903	5082.135494093876
10636.153792002704	2748.8142259201604	4970.866987872599
11074.694527155014	2826.4702890444137	4936.964719431637
11331.520101128037	2865.110641054058	4617.7299826330745
11304.879060811649	3468.38328707422	6052.974830588711
8509.561405565357	3581.5719071553376	4990.170906461478
11294.311690025617	1258.3752939122146	4608.212533730432
11345.02294809811	3444.744617511246	5554.14039154647
12858.018076577124	963.358875502536	4451.3379984917765
9437.861680422979	3053.00927556933	5305.238245313077
11347.423002207799	2423.4533290353056	5043.843476604519
9700.873854350786	4071.449618958411	5335.854615432342
11681.7847142067	4086.598354009049	4715.416408612668
8516.965226289562	3730.8599973654927	5210.948121936819
10407.884994481714	3104.445495286427	4946.80727888038
10989.35929481802	3088.1356264447745	5079.0850766904205
10988.408244064402	4061.1516020922363	4732.902763351201
8535.192160225957	4390.984770015355	4790.594824817857
10931.883961692462	3294.9029517482404	5080.4340584138845
12644.259395092575	3158.4876262943517	4748.046985532276
10169.047477588234	5525.386612144406	5517.9943574824165
6120.393196453506	7524.765448187526	5440.074963653952
10236.20649898226	4654.169066811041	4741.480922308537
10232.95513915467	3754.114950901592	5467.124580339251
10790.635192098513	4324.068139228912	4887.690326253031
11403.283426679722	2981.0979941112273	5190.541968952136
12798.80814745837	4652.780812848417	4632.001799690208
10546.814706028794	1492.0601782288813	5017.229743140422
10920.048162552977	2473.707997891076	5078.090311789376
10426.742698547398	2353.8341915008796	4480.980409038657
11224.908631125401	2771.230443400547	5297.830248384109
10486.410662803508	2358.597311653741	4922.974669320649
11354.16340425039	3441.024696132208	5710.712442686928
10422.663668711493	3475.10510900997	5378.150494557182
11143.503339959605	2682.3315599947014	4702.7950254592615
8820.892546410942	4479.687066803082	5591.106695725247
10575.37688894992	3499.506864917834	4975.337949883279
10092.067910557556	3181.1504174100087	4838.040044792525
10780.387532023815	1860.655588291651	4742.718563503655
12290.531321022656	2029.3230569081993	5400.951960729862
10511.502179301486	3366.236644559114	5825.628090492955
11828.5530273819	2016.8355667995006	4878.542419648749
12270.413620567018	1630.3299094690253	5222.093645432532
10742.920254777318	3183.512399901155	5751.336223112594
11315.677314278344	821.5886664619726	5566.581107684204
10643.81701699977	3969.2216915198337	5193.887122210169
11087.812466350462	2706.8227206237675	5018.792705603473
11352.483986625604	2962.013709793891	4472.859793667631
10864.973459486202	5192.960180344178	5231.698838486124
9487.379853168297	3413.9508798263746	5424.520499944777
11981.253894899266	2374.668886004932	5103.506228967028
10725.308522926147	3235.2983846740267	5621.057950107286
1446.8981567637052	13699.174524120992	6953.58233871369
12289.776390619068	2521.3557293214953	5459.405021127876
10826.098129101609	3622.412937311448	4928.319513340235
1209.5169461847083	12759.114263243777	6329.342229217891
10963.598287105411	1076.082705438731	5396.8907797233105
11447.92572426768	3172.8026121545477	5164.087673122248
10994.982258643899	3322.8141061452607	5184.457589169047
10671.686814881261	2217.743917663082	5066.666796261672
9545.995171269818	4656.099413072081	5514.376171746929
11226.696458124186	2513.7795290057607	5515.596208477394
9548.437657363846	5584.990056206119	4665.361136695289
9791.200964376181	2150.125981327252	5160.579101074555
11204.920306673388	3787.082306402512	5102.09854909261
11035.052282867831	3897.1032608116498	4794.753026008369
11890.164661092034	1832.9884559142918	5141.761609943997
9664.10015596862	3069.8367039271343	4978.181781370773
10544.514217577367	4497.699806337166	5578.228424567542
8863.035523799124	4471.342272998757	5271.732603856503
10225.52049821219	5455.508485383472	5159.160404558397
11523.945902293342	2214.9872683689377	5358.08048763176
11542.353331317607	660.2466082410679	5185.7114729528785
10090.058575593917	3244.4185397902725	5034.495615908866
10231.817623581961	4866.4513536461745	5541.345730123271
8506.088565427124	3776.219779043532	5209.947892874182
9711.915487883844	2779.7965970130385	5018.989915103316
9247.670648097095	4183.781082100406	5850.749699063003
11584.375076749706	4105.435031659847	4702.185458210145
9945.470306120586	3604.5618382250314	5733.92885682036
10627.850353072055	3059.8936382599013	5317.676648725093
10877.670718063939	3865.099617098192	5703.630691640506
9925.048056452388	1244.9195912196333	5030.251905788803
11627.15285033483	2176.353109484886	5274.568492022575
11204.09133601941	3359.096597593686	4655.611631157361
10822.671841436355	1968.1795190169626	5887.065965306044
9982.479358005468	2439.3849683579297	5818.435557604971
9991.66874353394	2371.649205859476	4748.013099078878
9767.983150736789	2288.890573992045	5340.205586701344
11508.131400829012	1199.2319624378085	5246.44308031329
12808.327762839472	3191.5097998257656	4606.7636016449
10606.614920135446	2204.5637771979127	5217.180328640654
9061.924730125258	3404.720911266595	5441.877164005894
9855.281580919216	4422.568889531897	5087.896186081858
10510.28402968856	3886.092017482934	5760.613351414093
11437.219506316671	2675.8611106151125	5538.352322223601
10950.426471055018	2108.263668725793	4789.007738429107
11743.578085444036	2054.4568583214646	4867.418651320007
11741.906556004704	3476.346135571243	5823.084708768921
11782.591671160788	2871.465061404144	5556.02428361521
10119.057870906148	3680.4000421939077	4744.726207377573
12601.354272046407	2210.699957960655	5628.610258113321
9640.52063917714	3343.732708573652	4756.525707450275
3157.9855069397418	9984.869436067222	6103.065790277048
11532.025097719701	839.1771995724074	5240.21297025409
13438.44666931208	1788.1845653280238	4860.863886249304
11770.426666950481	2234.7950749394145	5083.183369219576
11584.271946901195	3684.9008635558007	5613.813712896973
11278.948842286394	2846.1701799526436	4991.831212142595
9496.893557829766	2514.3496477302742	5288.523926407499
9482.14835884802	3211.9677872112325	5101.302500543461
9281.168116137733	3818.047199534401	5467.69741016933
11184.380330131777	3699.46462660893	5286.541703223492
12004.431017178214	1547.5927125038438	5299.220765859182
11387.058219829029	3868.8405444599844	4528.469714994398
11064.169716046124	2815.3833622971033	6127.4071866404065
9905.624028916185	4047.7731924724726	5219.026062148886
10106.262227217421	3382.12625023678	4854.963996138724
10297.533964966207	3960.7804461435976	4835.739490160939
10431.593012385649	5001.937919970433	5212.089077859735
10696.249635972346	4487.519323341623	4635.308253993359
10581.490536045325	1641.33305897312	5335.898986343714
11215.682406468513	1351.2455983508587	5271.347895501179
10852.276343537442	4059.3413406876502	4939.556032169301
10810.586833645259	3864.9285490433904	4856.595903854701
11451.14394407675	3161.4832332877468	5507.391536624697
8173.5959243329835	5883.2293948920305	4961.595230221648
8752.327326266452	4970.972345256223	5065.5819031232295
11267.739382459284	3193.639766552559	5333.537737621218
10299.5632269782	1546.9177163358156	4559.322882056384
10370.698468962728	3481.415459534384	4957.710842889171
12099.015371260071	3266.779545824541	5101.576512125338
10527.594246621495	3187.356989886657	4564.2491639137725
11218.129586314624	3486.245244706684	4700.413014082333
12563.627991653633	2711.660516687527	4950.428484847859
11359.11383185544	890.3316558913242	5417.596845303746
10456.060742874692	3468.0225646183585	4968.128844888929
9774.49886625599	3240.083820588742	5560.368457393293
11630.193986803773	3796.133634644825	4209.805996187532
9212.6339909595	3997.937055155025	4886.052340801935
10500.455343456986	3564.035734762373	4916.4049352442435
9897.658023843846	2602.2983392177366	4916.412432549595
9041.653137898047	4469.672369512392	5692.0560740711435
10431.512887813544	3639.0403152031167	5547.000765600497
11050.313430404167	1766.4576519538325	5103.997519087241
9344.372200671089	4600.868383822912	5346.0763032887635
9464.082684851091	3950.739499204616	5203.225255401119
10343.69543502838	2810.0339122384617	6024.991495137652
10888.62936589531	2954.9530748931215	4603.393371567175
10070.633184470933	1391.6856903868638	5032.731074846593
10755.680191743717	3955.673333598476	5618.054819834054
11209.371865347617	3891.1046016319924	4587.372902379919
10954.39459673916	3456.2456217272565	5491.6342946210725
10428.127740091915	2561.7725538862846	4721.523807934818
10262.771219662487	3495.1595199549074	5652.279694633107
12871.915733568118	1596.9868484573901	4843.768551047199
9670.562309444253	2987.087517915814	5094.390948492997
10485.803034017512	3685.285999584684	6405.552003577248
10702.529049068771	1817.8442575853664	5562.872980135437
10765.52207161745	3183.540969865166	5274.47646883116
1097.5246275676916	12023.214108138061	6545.867254276106
10986.400265796805	5529.363213196666	4597.711677216342
9146.042124197314	2910.820515722288	4858.189363706344
9632.95043705672	4508.2230796783	5412.235180052493
10487.387270489256	4054.321600583936	4823.950229530735
11231.455648401774	1589.4160791225427	5103.052043500156
9825.389400178832	2614.386000527726	5521.142260841925
8758.132620725419	4457.480620132786	5948.355549178316
11010.23694503897	725.3298504580116	5243.25162951923
9809.991576297796	1289.5775163242565	5349.479317858179
11771.759840061393	4431.169118929072	5681.6434717411175
10462.998459907703	4098.502306254144	5088.376321548295
11400.27464818593	3017.958924478503	4945.564793171068
11288.31929145791	2369.9163712822974	4970.746994251965
11929.970649031575	1885.29118895826	4829.403043226679
11951.235030431859	2380.789376963134	5251.366833002262
10289.174037298559	2516.318272112323	5188.35459241735
12377.961935272482	2075.4554826530193	5300.92273951223
9231.639711273485	3993.8226749155137	5219.791844275372
10175.088596230498	2892.2676286433757	5062.858942008125
12591.685793171739	2719.9169598465546	5503.91538518138
12045.388030926018	3504.433326847814	4799.608550369224
8729.340473311755	5141.067953233946	4959.509056559412
10311.904147563919	4676.581715767319	4852.718803963947
12407.573447642506	2888.496276767117	5212.102598937929
9063.309689237942	4265.129054852888	5194.898747501826
11292.764729780181	2014.0313809422069	5333.44300545203
12375.926117013618	1161.669722398188	5454.746310376752
10749.554908714657	3693.390863108705	5423.664255660783
10068.415542809369	3562.7463635383983	4726.706182422663
10414.660304902209	3297.8320900957597	5008.508388175231
10870.046132221762	2557.395857156918	5214.592310108736
11497.090882516832	3900.7395303786593	5177.207484381159
11053.203266124292	2369.640835677572	5418.071633423271
11004.722374750203	3064.9366859069282	5574.766888286013
11256.478400103615	1724.3975840428968	4395.585531166587
12276.80904714555	2782.7066740280984	4862.847656030047
11535.2800188641	4299.182346134931	4817.0762561151505
10518.330818805169	2227.5858819476343	4700.008332444192
9707.423821143859	1876.2819588910659	5135.944283571564
10062.070743747245	1627.7433450339913	4768.609471584225
10682.275875917041	3470.766485718592	5345.440881537324
11247.296069984242	2433.990433488412	4620.406463986374
10474.284221884918	3418.2839910407383	6067.1894275215345
11158.25829537262	3689.0532320117395	4871.564180906848
10183.467613086346	4056.1101339258175	5600.285164631737
9978.722431737298	3717.1748426635604	5421.8795819596635
11107.620043379948	4452.00853042911	5422.579825561378
10346.549792011621	3457.172031080807	4893.355327035761
11317.65273959985	3770.415900836401	5020.068042981901
11964.984630161369	2466.5237776788867	4941.209070442657
10051.073264677445	2314.005364931288	5417.04347989011
10462.532350361234	4119.278961484601	4736.332736053586
9359.409454698527	3723.2165950213666	5353.410601119039
8234.44230350683	3543.4098810522123	5432.411008953074
10474.331843278484	3312.9262678229356	5041.258523851504
11838.563940382306	1009.5513129682103	4350.640806720783
10842.963536881658	2776.451131143919	5803.143381670572
10573.828866911948	4346.7628816411025	5130.885725813779
11670.949895850052	2599.9835337669947	4945.563124861861
10057.859708618327	1847.5422409685634	5141.6853021407815
9280.8908211557	2346.896935955132	4476.153387209251
10505.222412860043	4113.513940462752	5663.807895573236
11472.197306704198	3477.7875648919385	5316.626935866362
11237.488828975847	2860.8166035515405	5390.150915809803
10167.45328973355	3521.9491041698516	5074.906120492949
10807.779826474043	4926.326809401075	4958.195719975924
10411.830237329988	2690.9009536162976	4904.960549678343
9851.83565003466	3276.3705428076037	5700.765863348743
11745.235282567302	3603.551554963484	5453.323043320433
11523.799421551586	1318.797611139613	5530.761412614464
11194.676313875483	4632.093635378139	4955.066030719467
10344.93836756178	3168.104196786838	4911.254912156788
11903.763365925759	1301.7026519166373	4333.018117148482
11255.7616053297	1881.3793517464164	5687.249889054851
11244.912579717233	2644.035927611042	5299.457911057689
11814.063595986883	3858.3400721590583	4559.672512599544
9752.189563975033	2569.744433392052	4855.238181307132
11527.310411017894	4180.443628663675	4955.3628218846125
10083.968520772436	2398.4163687187047	5714.262678629091
13028.441299684304	3327.226113445616	5129.306248856987
10500.99893588805	4350.682836676916	5430.9292708816665
10693.298131292384	2041.1232898679245	4532.474031116822
10923.860064297834	2824.078476586592	4991.973131378459
10926.807654651477	3028.2545101424107	5038.139162632191
9834.418800078745	4189.838356451697	5255.172907251411
11033.62583858312	2859.1631250923638	4849.967102248742
10844.545400971563	3079.194462201797	5244.95536789445
11337.867444978689	2750.979229979643	4827.861891957734
10510.46927733164	3386.5963639162014	5554.124437773711
10302.642640330541	5296.080384159724	5636.475981784132
10394.424027397943	4491.087405397293	4761.515775022669
9710.644736755197	3860.36657435996	4947.375230279724
11543.987413617155	3128.2862878613505	5289.117659276022
11075.317332430359	2523.5914808658554	5333.558080981779
9940.724059241858	4097.889026281052	4705.983315777486
10908.055411861324	1377.0701726024213	5386.148504856691
9602.296174563366	3472.124318323462	5279.9048691029275
9061.923812083278	4455.009193692109	4947.756460686582
11520.196441248987	2883.812981097648	5141.912688516097
10878.43026745414	2223.4540011221648	4797.625734067189
10663.5837475969	3737.2160135889094	5500.618235871612
11231.392246452775	1922.488849008424	4805.382879776369
9822.108672118238	2967.391774842401	5322.0804207136525
11411.796073968382	2639.471019575331	6075.739785677418
8862.922912468586	3317.008770816082	5326.737526681511
10807.48376905371	3362.3818229276417	5289.984552197089
10297.726375159486	3174.9242227208933	4883.414602102441
11661.906237753963	3074.219450543202	5074.876500556575
9033.521659978378	5418.857986858158	5428.3275281766255
9854.373719453333	2376.3511134507194	5463.326779876683
11511.347415785527	3833.4853593031553	4754.004546544485
11660.333511247329	3027.368454175016	4898.902090053488
10024.00357206876	2276.8748620669553	5090.084982087015
10414.571916344239	2868.3570673764775	5371.913647948853
9972.585418756187	3814.0220073728383	4939.31515152075
12181.316761712244	4300.49232235409	5272.249964458269
11492.625221344166	3005.8718387438166	4904.782451382446
11125.327604536784	5102.109499168676	4925.427502513068
10717.83129962374	511.6692424697291	5548.268162158499
9943.461448569173	3796.0119804575597	4991.284557881447
10173.199448534688	3069.993088675036	4750.4677061791235
11589.940138909133	1861.3852330046186	5379.00686269398
10795.7244871231	2553.9592848948732	5464.607208920433
11124.447509588905	3582.3566290344165	4683.847173712942
9953.225686123453	4137.104144621549	5054.647590780794
11168.87129080298	2698.965932907298	5410.375591057305
13231.202635243164	1872.3849957470422	5048.75722372104
11414.344094519998	2885.5216968579984	5268.4401940687785
10488.963162178197	2192.229801801842	5466.868939718147
10931.453333441452	1857.9927033300407	4887.437199415359
9910.767465761268	4050.7891001064268	5313.755171933817
9267.810889830784	3537.0108560360013	4785.9397016739495
9721.048562247192	4196.28436633924	5225.411412531206
9860.717091247277	4441.26081393608	4992.509664104254
9847.358471425201	2851.376503639323	5218.188458033744
10814.115786728316	3432.171605439617	5570.897307652228
9266.684356585583	4615.218884853027	4725.317782755606
7993.398557233838	4796.252048009391	5381.710429054154
11470.224331984416	2202.0798442717864	5431.068954192476
9468.780552043123	2575.790258562071	5183.214654729585
11011.27697742651	351.52968316052284	5094.715249879201
11374.436644036097	4599.860481088014	5350.206073536888
11524.072200203585	3005.3280135846317	4972.402413874885
10462.344938107715	3570.5979781736164	5087.969068559555
9682.302741676358	4943.545777570784	4720.091343317707
10835.59138862357	2724.5801514004947	4856.613247605314
10938.487898035155	2802.138390175033	5361.258351274529
11022.281732767673	1952.994592804063	4604.549610099994
12570.223054936274	3408.2388876456566	5129.227391113122
9697.057044772753	3353.2613409490227	5606.21097010847
10859.345538590496	4399.005324762759	4633.402466503399
12194.536849264085	3964.6983708396583	4285.0703983854755
11136.074374756156	1255.6890745587446	4501.1730340977265
12098.850559053613	2152.5914206476114	4950.965484417081
10519.428693506748	4784.999857679802	5197.2811377350035
8137.8958587689185	3099.735572323961	5952.255943828346
11314.511173568628	2733.396264042698	5146.04377059195
11281.793150066373	4204.871407030499	4714.3297988785125
12100.255663120868	3093.0216267838387	4352.19281105833
11340.863257420704	3605.343575866764	4839.329343094559
10191.306394118777	3657.4405314386045	5169.653605669221
12156.40805280674	2213.3594834227656	4991.025833994846
9871.18825018731	3137.0515363842833	5309.535319158431
10020.560613010197	3159.9837900924304	5253.845850994724
11541.816267470056	2478.5379963473724	4808.6655593704545
11271.510117867829	3920.5414632953793	4925.960455023025
11504.427527511052	1472.3359524769776	5343.609063580492
11115.139564814337	4097.767446793955	5836.218916713481
10566.020819900697	4592.305886748653	4810.653384772306
10295.905232280762	1894.581459765526	5757.736633755622
9434.14290654579	4599.90357637375	5436.459342404014
9551.676462410096	2892.161951694248	5054.45728342123
10491.292912335846	1784.5491208366257	5090.58307878944
7672.219665176221	4622.455073349769	6085.16848677636
9955.033989745098	4115.5514407136525	5347.936347742179
10972.682638134038	1528.8968289485479	5383.043371426436
