10031.688323102586	4664.171075114975	5398.520164113065
8342.114536725772	6943.988283778561	5183.550478846626
10649.868620671923	3779.8776069533005	4971.780240171185
2378.9552145065195	14079.851631735379	7286.399815506973
8557.065296276449	5126.572935181594	4753.8383282887935
9508.403220657534	4963.121016770815	5163.807633346747
11076.676713129284	3417.363068927676	5300.741672151985
2558.5942245593164	15664.424481678185	7475.71704716468
1163.4879495794412	18797.410808212615	6418.222367450259
819.5790241575568	16770.239518685026	6769.970196948894
1129.4109129472638	14427.22510278683	7456.383441108803
746.4278235085876	15970.03127238224	7533.2849087563945
2575.1333512898705	14495.576271577302	7305.185958005443
471.40921943793296	14217.750154152682	7721.448884686498
971.1178587573764	14295.206778229965	8113.3587183616655
788.0045052761633	15480.994220874529	7109.59692656984
685.1293215582778	16033.832968176845	8086.9852989479605
1871.6296003772022	13910.022195879681	7622.050163325113
1782.3273472124447	14684.6614426074	7661.9378357071855
568.5948975214822	16448.984443344172	7225.259288781495
1439.7031881618734	15249.352905684316	7948.055487851298
879.2108752648116	14911.584438543121	7464.962386681658
2355.02674362386	13016.792458104152	7409.001581542584
2178.738829076001	14526.08528540531	7222.681707880495
831.738329712083	13429.519670794281	7472.084935513924
2315.8017450177895	14538.918409505202	7667.860837690176
1357.8958796676175	14481.734619369952	7726.455304703801
988.1462867580415	16086.128449079248	7923.363121683448
1801.0740036167706	14374.23093714096	8135.942489927002
1123.1743484889155	15390.545808188988	7445.011319071796
633.2470469398673	15848.449875051698	7409.328153620569
1071.1241222079618	16786.228717832764	7491.3784925967375
7939.713821969468	5965.281936793349	5132.344957768816
1123.1752584449969	16824.146204743545	7443.970115031403
836.827982136501	15965.468814303658	7461.611359913689
808.7086505340404	13227.995039094347	7620.885702819227
321.0042578310326	15501.119080204859	6748.659154056196
2929.1747198638905	17742.97808778704	7416.260900008713
1595.5820727623568	15068.471015560302	6898.147671599907
2805.4399615509637	16480.039623670582	7478.543641528677
1600.3469702535238	15798.342586433624	7371.7901586017215
1009.15022251057	16125.725004232841	6991.829722935262
2383.3886317554443	15159.82778638631	7403.479901110223
1149.0264404150566	15577.246207316799	7723.511404774542
1755.0206082474933	15091.401653176681	7832.198484150335
1815.94721702661	15238.771698461804	7770.756367955289
1215.920900784491	14683.526543082291	7302.642372389147
1223.4833273645525	15254.948710732095	7688.339483869595
1034.5053803049404	15836.008775738415	6915.361190212496
2515.0969199855067	14113.505995057825	8255.723105565585
1038.982076140144	15964.758088330787	7515.382333834407
2367.0376852080076	14184.61507359282	7560.582706029996
8812.852647785594	5696.529312764635	5935.7174325453
1824.7498481747657	15720.013334115663	7424.933879267148
931.3680819694131	17020.66750301034	8014.721449261595
1422.6197936581586	14734.369914339162	7183.982351331666
3399.2191888348816	14070.89692866831	7466.097988545722
2307.304061726637	13235.169541678628	7547.353946712212
1734.664599004525	15017.33829569126	7595.133680757615
1434.3235862630384	15111.987289039345	8264.428052543373
519.0022508179134	14871.020746295655	8068.532700576537
1898.615747218241	14566.585366759495	7796.924811359181
1772.6859469393214	16178.819838563959	7519.221957617864
757.2519656156836	15899.17802973283	7677.07969108698
928.5075130440716	14845.859892386552	7575.074455479598
1966.2889205420954	17194.739838241378	7288.784055566399
1412.0451272781536	14411.13581797335	7944.209791735516
863.7195435919697	16242.971932312681	7842.504347753287
1132.4569139301009	14467.493189665916	7659.7508534874
2309.772282293448	15675.952407867393	7382.102219883553
9970.43840915886	4471.835466074944	5798.471960434013
1341.241142564994	13759.847451499383	7630.6826799066075
1800.2018182530855	14413.724866954382	7145.7432041645325
1336.7542679073053	17323.585141360407	7569.795741791996
1867.5372419990276	16486.71254181395	6930.117673092341
1650.085367122626	16763.3705093653	6833.319923013438
1434.9387926900383	15625.342673182286	7255.949805119978
1982.4849919831659	18118.500864915564	7336.952840439082
3308.83831934767	15623.902729280797	7629.91659638945
769.1135271168312	15791.351255758467	7042.356670740752
2417.092649371181	16282.197345284425	7377.207875813587
1925.6209623421676	14513.504295116705	7409.394811632132
1414.7898535304373	12686.38383598366	7843.164070936481
9295.081909875591	4284.180516010791	5228.849127008131
598.8240795127654	13133.285994656715	7761.536206885279
3299.024234749293	15245.972126699318	7540.256585218937
2076.6389900949016	15374.910846492134	7323.12675740333
2412.083195205672	17034.66329596448	7399.435792490488
1060.1312321722464	15709.554328417387	7687.896370026752
1821.5785017097667	14936.668624851352	7119.65302681434
310.326565903062	15297.940950131313	6860.471036824532
1990.3915121881416	15590.450181591086	7209.297708682906
1773.6199569824216	14529.216435550008	7506.3188151525
2204.863441896643	14277.62926319449	7207.877938728273
1996.706930801341	13610.705636324976	7641.13108373924
2047.3256086615288	16479.702151240028	6858.871954049862
4118.069792425546	12497.628693941913	5690.519540052311
1854.4785688972777	16777.254574524355	7458.2885271687255
2479.9851286926582	16400.235932699878	7467.347627130864
2444.3318421268036	14531.812660720474	7466.509909177295
2034.1369334449996	14400.890988815945	7739.58670439067
2163.7817150281703	15422.764969864826	7260.374682919352
759.2880979945705	17210.3911106578	7585.1230082779975
1914.8132136757451	14983.09489035783	7662.02263110471
1161.3181423283822	15016.629280375155	7628.834159947448
1855.7089298908943	15781.015930533624	7456.616086549786
2684.2743621398913	15075.844023616371	7488.896612034116
10305.910963423798	4456.568081892969	5798.245428275645
2171.5593386046094	13904.546839871768	7234.404552952627
2211.277445052737	16508.94206966687	7559.257148729654
10076.282601559436	3880.215574869134	6122.594772558956
1643.5987875362407	16132.181867669156	7553.348257847884
343.2341156947847	16678.221334565915	7208.707138171103
997.870595552431	15640.489717694836	7907.903968169935
1422.1064043112774	17216.076994450515	6890.1938084214635
-612.2071423840873	16103.396345490819	7754.985471876239
1612.9078640110129	14697.963504476775	8177.382711429883
1030.7933994601028	14349.003512637508	8022.340664554754
1624.4905929059278	14011.827384726634	7176.620530146811
1309.0521436353501	16778.750933761854	7891.717875826022
2266.5327018231133	13257.15120863256	7885.381742583296
2109.046597557143	15734.648060721509	7459.672767755001
1557.2954829421105	15499.678820551939	6699.296793746806
1091.326221028586	14063.580196763025	7352.435923074426
2173.0337571161836	16603.7349885955	7708.179744226406
2221.6859695746384	14114.312107181573	7502.654234563245
8840.52452655457	4891.112618347182	4783.779771276506
1821.1974707564775	15926.310486958519	7140.709463223432
2608.811480629541	14787.540559709645	7422.304128974156
1058.3845597729971	15939.457171643759	6935.364078455063
1908.185612773014	17292.137802203855	6877.536112612673
812.2197687288906	13642.32351159917	7885.075087409563
1470.6092865726982	15686.152541083311	7898.642812185187
1161.5361976021288	14826.76849602871	7513.69228402323
1582.6574014484363	15761.61134771498	7337.923255272332
2162.509296893564	15591.288979011566	7446.397674795572
12626.553610467638	1669.5321646318025	4997.05589533974
301.90025507948457	14531.76147779436	8106.3944971158035
2215.4683729406393	15838.558102786057	7514.8326549104095
1041.9296135971456	14090.901623322556	7904.434377631374
9094.2788587889	4438.864551578585	5678.798141518771
1926.2832765341195	14806.662024055346	7646.683526533368
797.7321817325081	15269.827654048764	7559.269981966929
1095.5099147846722	13692.939612102755	7504.568294144561
1054.9571998697052	17898.67774638396	6600.621532505589
906.895929147091	15838.93728020677	8081.1151583259925
2076.9295402815496	16922.1073472378	7140.099442376429
1168.324183620159	14562.856056088795	7443.98182217206
415.8770000366354	18021.788114200237	6695.505670063709
1393.3283705520607	15539.84423253298	7149.554865552842
1169.5744745081643	16332.47879919841	7329.28426694782
1803.0593930983553	14806.878120400359	7065.344202779512
2028.7394811557838	14415.001081553504	7806.736248259079
1977.0371023833113	13627.11529517384	7952.665481711627
2474.2367462081925	15167.651751038764	7570.1012547252
1192.6359836336942	14567.550133371491	7542.025657442512
1815.5617264347163	13831.234127741604	7573.070779594421
2077.409360619821	15886.779880064185	7157.179407187302
1583.5116536552691	14508.947896970316	7815.812640445211
1357.9307225150353	16073.208102436274	7437.924192019723
1255.1452452051271	16252.780803951135	7190.641985839462
2364.79807614281	16764.67148683206	6273.876664226233
1631.4330974894615	16712.974794934154	6497.126040127227
8185.059031122624	5559.611414186648	5087.016507812768
1688.5232695084658	16332.152268190928	7463.329645391775
2452.0270898301765	14491.997656070667	6895.107386368933
1075.12345892132	15120.001091003462	7102.904189040088
2345.521319863305	15273.041079567236	7470.784922525277
1555.9949557130726	15428.35641577782	7916.324852954584
1334.7117268596437	14277.670537293143	7321.289964765516
1901.3956813108707	13530.66897623672	7463.232138135791
1401.868097316986	14571.799358084962	7749.082586144547
2025.459235269988	14943.86300040015	7469.28925692153
1194.8353581797965	14268.905505946062	7954.709229470681
2864.785302736957	15065.240011309099	7998.461487594554
1698.3929279805618	15148.869026357293	7482.394779740036
1924.474659624503	15598.267049603095	7005.900767388738
1408.751169842094	16792.022729523444	6849.163321017594
1210.7544992340686	16738.13311859105	7577.060066669059
1511.5159122890182	16800.81015837133	6849.49687144596
1165.3888870951014	14773.785784991649	7264.145001243206
2517.076723655276	14345.967814240641	7623.902135278152
2089.2895308169022	15000.357847231895	7669.728060248196
1833.797125488968	16647.01945178691	6823.028842276281
901.799840884659	15683.921623736087	7538.244102277462
8731.713300705078	4357.98576738911	5423.64760553083
183.1230580794432	14272.743917866947	7041.962431925592
541.4623728955762	15692.543247838921	7293.825470782107
1683.7846263644153	15006.075636232257	7429.433050678569
1238.524273999369	15956.260639403665	7736.654951192791
9815.752896142312	3504.0810907077	5512.524403380003
7560.688623120534	5266.61623574393	5707.967420705013
387.2818193566106	15642.99753105769	7661.869026694292
10709.992052625375	4954.660858161263	5045.555683240176
1721.6300368229429	15815.36638729195	6297.720433547111
1067.2174477036967	13318.201726147048	7486.456656374621
1754.8307436143953	14765.870982246583	7073.654802623197
1056.1587783497112	13641.070450439345	7810.4236154944165
61.8677431164168	15381.905688317105	7941.675262431244
1531.5551481735895	14530.21502335829	7413.072044292211
2824.7762245930735	14344.116300264393	8052.557312223699
2356.1996055846994	13646.830710343085	7866.5449276923955
8320.397494969693	5798.565657034247	4689.960647108993
1530.3390884121334	15547.242865289374	7633.6994850294
1245.7376652233702	18484.597044927596	6651.801311889039
933.2971362000206	19047.67629509381	5151.547516033015
12375.09438037963	3660.3265197096052	5277.5629052186605
1357.2096695157356	14631.236431473626	7927.836963459988
10257.605410219334	3783.5420812589496	5646.315559277624
1804.6449985374184	14516.702308280464	7874.746581262029
1081.1732930932637	15996.494349666353	6827.791284137557
707.9187414743024	15219.127182767781	7141.376087953866
891.6207896918313	15861.803656582279	7607.803056202936
10415.549390055097	4053.5039012263755	5140.733029021498
1511.233500874006	15450.944602497935	7813.87088920615
1734.856438780759	14780.338419797929	7807.941367548848
1033.2762281230341	14309.982842940704	8247.07303834227
1433.5336684115666	15697.547198623919	7338.830678833836
1047.68781775162	17280.951599841414	7911.600784295129
2008.657263398323	17095.493402754066	7634.784895244524
1072.4896346856126	15570.183093260513	7680.238780296285
1687.5110163093852	17092.18860893112	6826.452259532622
1358.2758563464065	15689.727140537341	8071.117954769934
10119.116863549925	3109.9766031965883	5238.6703300866175
1349.154408768505	15205.864588085382	7655.7963431480775
37.3852394881285	15346.256898507081	7580.745437001676
2273.3255993197627	13806.738545400933	7489.700683322541
139.20964824016824	17140.044083404227	6851.718178641371
-16.923590456664687	13484.344827955909	7529.714922849316
1126.116426604325	14540.8113740525	7086.65717099189
662.5013095562102	17577.625930703132	6941.918056830084
1387.6293860143305	15804.12690855529	7542.770785662849
435.48849668768713	15386.438117026044	7525.7283916286115
3024.7340059892927	14721.648142800223	7560.412200514287
1050.725670452416	14105.733893368391	7648.105376923121
10538.627852793801	4358.684987183602	4818.737669730073
501.10816871955944	14021.595796832555	7546.522297118457
1880.1401931392843	14166.061892360614	7722.3229705070435
219.6545423692551	17455.097861561055	7047.983538683467
1499.1647190852646	14213.958323149573	7366.121646440216
1817.370185170994	14684.27831439814	7928.094276291937
2854.6436706895847	15608.169697588448	7310.9563615839725
2177.9296326051513	13996.965720917713	7813.6334853639255
2189.6564244980905	14680.46136636187	8163.4023611914745
666.271883690071	15007.282355495103	7832.100310939524
1767.570422554371	14668.695368459781	7794.876527857929
1301.2779813881666	16507.921834424596	7918.317705105019
994.3764570962649	13632.028543247674	7147.099631813754
8327.285818786351	4765.488674609786	5338.591921155584
2122.9759813668793	14573.662717914478	7059.131461154171
1135.2430864823923	15906.399536034409	7518.8513081046995
1831.5464461190586	14938.626668546141	7646.491442637118
1210.8185435484102	14186.109778451739	7684.077900619814
762.8937547112325	13277.187905601248	7650.0923939198265
11561.659082176051	4264.799309077618	5043.528720354416
-136.66069074220036	15928.27572358836	7232.551164787464
25.323667479430714	16149.519572876563	7276.0747927594275
1344.9778145220614	15587.370278174927	8081.305423641576
10488.295684115468	3116.945856013715	5287.35233389245
963.2628363322593	15666.62623417911	7329.328209032099
-66.34655002298243	16591.607089915564	7018.8944113178195
1430.6050111219015	14716.804717012474	7129.469825043012
2244.791856269459	15939.839507385326	7295.356737386791
189.49755293159535	16550.429517054727	7479.195772815175
2075.041958393845	15560.91521449999	7786.481862550119
2280.6079435022957	13477.742542619133	7860.772382532369
223.6102994751827	15207.185026354138	7860.651631879054
514.2409390565474	15768.032050353733	7112.335203106926
1020.7981334130832	16907.563796565595	7456.822006035371
1929.8674840659558	15240.985483303486	7183.632042309891
2111.824340702026	15869.702348429179	8010.964162232605
1198.8470668529317	14364.94631713453	7422.477617202943
807.2930236078299	16493.207081418106	7534.876042975325
524.2716768239031	15291.521172985034	7971.829199893099
2207.9411292295654	15093.92739265124	7082.104377724529
1508.9435956773928	14502.894910897492	8119.158684309287
165.99286851531332	15583.806268171058	7631.534077564316
10148.335266181126	3053.4757620505084	4966.391759859299
123.31863966142777	17044.24849639073	6022.327423519173
1356.9261032831487	15635.91884552408	6906.961927925218
10707.930835567982	3394.024842646678	5519.375529785959
2095.839586871538	13707.741133305692	7666.983452895973
1656.6444333654636	14648.217651208717	7776.848736370391
2076.563664695603	12624.854090446886	7264.023300184817
1894.2918779458826	17460.09133820819	6198.737210222734
1247.8262202226979	14952.5692491038	7708.025647633771
1675.8098344805173	14828.970493233464	7983.995674272779
1973.6327409583507	14127.126182985934	7135.622369032564
11006.477472025916	5481.217722713303	4967.282966254281
1163.1016027646024	15230.764848231607	7753.180593119491
2099.4112620259516	16734.125006358023	7595.79666265042
2504.80912124059	15636.951154480967	7578.477040829706
1478.6219465013264	16679.88023474428	7938.994046990546
10462.474880666483	4321.306901616551	5195.826627644797
2672.991643283142	14577.98234402172	7484.580105135882
1431.3717345504897	17537.034096426603	6636.408178557414
11273.934784306062	3800.3672697990955	4741.950279912358
822.9297398381923	13945.849429737422	7314.9503212184245
75.72597196498248	14233.80352374672	6886.703607641874
510.05829252936326	15088.233350781238	6928.466204190917
514.7037075240783	14915.43710684741	6534.487158405312
1776.6164311155803	14383.38647964909	7789.803366537399
2045.306581438261	15771.903216122533	7835.067452457047
2004.198716830033	15392.270896834982	7673.794383464004
1455.5717346370614	15304.810670098334	7869.477580364841
1393.15684325406	17366.244240492404	6877.506439264207
1833.5409369215386	14633.255345011692	8273.519614471621
3041.8683820304605	15589.935089354909	7923.044810190216
-65.14488316374862	15176.908120014992	7595.5760414386095
2181.821197196895	13038.409463556569	7669.976228707772
2121.0846121431314	16099.575492676016	6589.414711193601
812.742403404751	16785.70740885596	7128.657374414593
1770.5165255142635	14795.22417613111	7702.646368199275
1235.6842603501534	14762.293765743272	7849.635908816646
1813.3467754078106	15488.600198305818	7465.1888840401225
1614.2406394333964	14113.335167710418	7610.861092251072
142.79457545563295	17851.849456046875	5532.076128331907
-110.59062131685666	20168.726080639855	6460.43873695536
10766.55358878833	3608.58958842678	5049.363202749344
2766.72246718526	14173.622713417279	7780.890075312195
2680.27034381455	13887.792275777361	7436.83739075257
1476.3284345263335	16325.17851372399	6594.796992060804
1441.7097069491406	16446.282132851295	5945.598341959189
1441.7832431036059	15998.431480701034	7266.586102529063
1536.157820478759	17735.253496445544	7289.692486269904
783.1698804868187	15011.324852273356	7283.150635870256
1188.9022549548242	16919.15726028526	7590.8280540318265
981.4859556323532	15832.948020634276	8128.3005037170715
2027.0899969635743	15848.085211621064	6861.485050088951
1915.652956873745	14689.614345167178	7572.21121573927
1676.6381485620068	14158.073000983963	7730.71336475426
1692.5808062324209	15081.328246378825	6801.479281497972
236.787014178229	16423.995802556692	6706.306637833116
1332.6910273417957	15842.53738514551	7306.9749518467
9958.50438268951	4716.986908512451	5629.587093111171
2550.507532742577	14893.211231759742	7230.8070254019185
1481.9981600800888	14236.735902072409	7307.353794025384
982.9773002667866	14767.642443199193	7969.65523688378
2400.48467700232	14028.999081027732	8028.020386475814
2577.8123685542923	14174.017724126406	7824.24960765973
2330.2793580017737	16019.7782597582	7643.049358926372
1341.2377240157243	15580.781009090058	7904.940604514797
2593.490741050865	13838.995820676639	6999.452626366949
913.0389151348178	14579.84762562324	7890.685124093568
1968.5370642888151	17771.751110831126	7870.749962046505
467.3528256983826	16275.478860770487	7403.49015760025
2250.244045027402	16118.997398467365	7223.523711959855
2144.9926342918066	13720.982968536013	7435.738284794641
2935.62282510141	14522.763895870388	7430.491857031719
1906.2180055799356	14531.74919104186	7586.9372804755085
814.9780019164559	15916.547863789016	7647.778625305033
-118.35866216291583	17558.423663829624	7886.855078085046
1163.7556727713413	17231.93674300597	7331.335453132466
1950.4823442667798	14019.509017217475	7945.098901277268
1770.1167315210807	16540.86838891469	7794.744507250913
1018.2763187219787	15729.681933714981	7691.867096196943
1915.9893423818842	14263.597161134372	7882.939843851226
1214.915220802681	16989.916490381824	8107.260299356084
12075.846739675892	2459.2446099016943	4964.591517819208
982.5104366589657	15834.190688652805	8065.688825528996
180.82073525662747	17673.24980304441	7562.56515472048
1233.6375285569864	15366.095365558558	7554.69942107757
1041.6922599224388	15733.861570072479	7270.900024795368
1462.3554733564026	15932.577862890395	7479.218408301749
2652.261385436304	15059.955447359891	7130.959530670133
2388.012402535192	14994.601984682722	7235.1513294436645
1211.717747231443	17372.916565273325	7370.552006648644
2333.1426573927897	15428.023748150597	7472.247337899952
10241.819054425758	5026.92970262484	5053.677387369138
783.6604267369459	15992.333512224743	7543.910264998261
10241.115355811571	2935.928848580155	5064.004307077424
2129.0737908604588	13809.031425529553	7409.240446261851
743.551682847112	14397.604041856983	7403.1434175297045
452.2271658843207	15409.251937923527	7119.636518601781
991.0744883893032	14800.758138132165	7586.451494557772
1776.9567339458956	16126.755931433969	7351.956436235662
273.67570646662824	14898.994449104459	7920.345110439055
1932.4282869911804	16278.903119244924	7824.374756977886
1143.661543390914	14398.124609353788	7209.473138765104
1217.0507076137308	14558.59187307586	7245.794012303777
1202.9272558328155	14879.39794290311	6325.189526940434
1422.146438917738	15483.171340485984	7303.896990147543
2338.820071740824	16974.190559472372	6735.83863729424
1612.7271446570212	13178.722639038675	7687.079306516111
1805.6778828515478	15793.82956983968	8017.6309502892955
2477.559761331707	14746.732239560724	7022.57546371617
1594.63241900719	12761.445007794664	7826.317080988448
10724.692892021067	4168.294178992465	5815.20824009839
1772.3885508465883	14394.061496708646	7667.166374601098
524.5340696401196	15196.856663455535	7476.463875137614
571.1292207091323	16231.541976973514	7428.232678597399
1126.3775593962096	15226.022925621659	7179.078727702931
2583.064716288457	13115.94258172522	8122.596036872329
326.9940116440801	15964.125819268607	7405.108487467313
3004.7560583882073	13747.671835668976	8230.317262969957
1264.302856102946	15385.85807670994	7134.213276306606
644.8091437764773	15878.463535308354	7969.896932096011
1917.032150882939	15349.321742446398	7953.376296337362
2174.6245288678733	16062.099418750282	7620.742850481736
7011.374415087694	7067.234541319948	5249.514430566808
8181.411776080629	6396.894491092084	5245.15902345296
1205.1939960536645	16186.439075426679	7203.229502499614
2344.181524895978	14749.168730755959	7363.521545877863
1458.6654006756817	15325.143628604877	8144.132140083129
986.9935407950317	15311.815715686354	7667.557735672473
1801.5792867924413	15084.321721548813	7769.722237702827
583.8506311590884	14892.018352598621	6992.002195896022
1492.3355686168018	15497.493337269194	7386.833159991164
459.15362934858865	17567.25366651747	6897.384491660447
1855.34764228159	15203.110573210819	7394.166114092663
862.0881636761177	14814.098481467092	7707.830917634783
14.700457584683411	15896.032141135316	7435.313453969293
2460.1997670388023	13578.153877540859	8260.698425082815
2545.7917833371725	16290.381460092358	7327.8476439645165
-6.858701264943621	14970.623795432693	7968.3167219777415
192.0139227659231	15285.84642432717	7407.523213829062
379.72219443112124	16618.251009380474	7376.4046702043115
3284.522026455599	13551.538892264962	7837.123461490193
423.72610127400293	14776.307236005923	7369.05410902772
1019.2156938023882	16336.427580547486	6956.253251511279
1114.7854870546134	15944.272450903145	7702.352563318189
2898.998174808586	15272.035982064759	6278.1140656918615
1599.596617237175	14555.954525889994	7505.564855500487
1808.2896141755919	13925.563679887466	7509.724408624332
2233.4763059208085	17369.544621939513	6731.52888536055
7588.883980543873	6291.936571949997	5709.671825740078
2158.559607698094	15609.285819755785	4828.330179036956
1036.8835912337488	15784.781283054193	7268.684212578053
1088.4907682107669	14575.724417308847	7201.606402810307
2368.7210793833415	16260.433619854692	7108.9695715845455
10108.00005853407	3115.7796787377074	5340.300181580254
864.8029437097524	16029.22253166913	5628.920408304151
1281.694572996602	15616.238901163013	7271.557099538529
382.2078647617988	14468.684873411547	7697.855359876528
10614.577092262029	4436.29461155166	5448.2951387505045
1243.1140910431068	16630.75818316676	8306.808616661618
1267.148004969368	13591.0486555907	8106.41988824372
1601.5272758232945	17491.286207316265	7200.086612505362
1357.6033909638486	14120.325235411496	8044.252469116947
2833.416210237092	15672.906332622031	7527.490584350716
1162.5068592100065	16317.104684042202	7452.834887456777
2134.459281177485	13982.895548858813	7507.0205193762595
2350.134307109895	15352.077219046903	7495.303792946962
2628.116647096254	14444.146651421981	7893.452820348496
1634.9768245411863	15309.807602344257	7592.927921936262
2489.620174689922	14692.237506958161	7824.894115711408
8384.058337473662	7094.3858112801445	5191.715757993193
1221.3234269130296	14535.674847062188	7985.845347720782
833.9285164636563	17603.042801895008	5931.897727394202
1797.52037667956	15879.21268820114	6780.260419184138
1725.619897162485	15172.394993183989	7666.390054938224
1799.4074443250106	16046.534621400227	7689.589343615169
3219.1529085629804	14183.596380202815	7484.225281511598
9881.994135588084	4373.732486423129	4665.124496989054
308.31381040008915	15217.501322203882	7516.776746837341
2182.9427723817607	14992.464474847455	7912.308039988446
1780.0544250438277	14240.518276953757	7531.400355939423
2139.468538249752	15032.016164562756	7898.4810678043605
2097.29449724855	14931.46437721919	7875.967292412627
717.7753356755965	14045.622142511045	7480.1064702087315
2171.8822037996506	16751.833566353973	6789.117594794305
6788.8959788338825	6994.149793745499	5609.282070585585
11452.807718334181	2720.1250175361342	5464.29647604205
901.9720862918637	15394.630518968379	7649.0155169938425
1664.433479946917	15086.60212399394	7101.10921871562
1075.1783308382658	16380.257482448003	7059.914568230453
1033.819624196227	15341.132278986184	7437.484353671967
2210.970937457809	13668.284319880397	7940.969805020484
1917.0343372138861	15286.82703016627	7295.716695099191
1828.4492920981913	15559.071733648892	6835.828269430277
2053.83044898665	15038.840580875358	8241.329211380118
1748.7982912302646	20333.118669983567	5477.3205794293835
1630.7272900290313	16129.336982570865	7629.009408003436
2735.92601078677	15059.875278775311	7522.541633571091
1150.192359615334	16573.802360092206	7012.465887603023
371.75136585097067	16426.74614241506	7947.544646676753
1688.2521309304102	13813.058021265215	7823.921367145504
10168.077402904419	4318.79758606221	5166.723681037279
1451.371664780705	17877.084790932022	5963.661820061244
2933.2062516588926	16125.243445536527	6968.527381184827
265.5125477552815	15623.454599390923	7224.155879769611
2655.3323983888795	15958.50666631151	6656.848071818886
2927.3246521624555	12909.958263980181	8126.2014862419865
888.1063653407485	15578.255675946533	7088.170191056881
632.1090440872152	16883.983613733493	7790.107688420687
1013.971020473914	15205.516946908947	7815.364803028595
3231.28702154544	12688.721138436846	7449.782565740808
1114.252400327982	16279.466961711476	7260.426514391103
6970.32142924842	6768.367675892595	4858.778329331038
1640.012121913723	13474.87581148511	7489.183726771475
1959.9876572027795	12175.790350218293	7276.267855014583
1126.1289195090249	15197.811684030374	6721.846145140651
1058.6013833507352	18324.282603470663	6910.223887563903
1199.602683095848	13774.169028709433	7292.7445868013465
862.1110420890018	16506.41004633527	7925.049889045024
2067.561388737907	14927.24426775758	7778.640369227995
1466.914966284741	15604.6062149527	7951.123949137949
2508.0010958680546	14270.634077073779	7977.421235181457
2691.221184721557	15738.04816358172	7817.287718993703
1237.0227794711018	14326.88675878657	7565.560409334409
904.9194790585183	14462.38243287067	7612.546478818851
1140.2941388343665	14789.066621283517	8091.809858826753
1922.6599265981147	15750.216268971917	7822.273871141898
2230.5486160058263	14957.867658101071	7462.17143232442
318.4520345711527	14414.87146792294	7804.65839359367
2077.319573505931	16133.713800316502	7336.914649253426
2883.4609735303466	15690.125124785316	7605.008532158307
1945.9639531368077	13793.33329544946	7877.143455063892
321.7789639106031	14712.2781306581	7785.628535571355
1998.453474430338	16107.658831490033	7086.665544615835
374.90800454504785	18443.084550351414	6121.531364670121
833.587146893076	15605.878845724688	7755.092509751479
1590.3589948912793	15767.994514927368	7626.404295410736
1223.9187082489543	16763.81130374893	6848.836285084882
1076.1537017412231	13683.503903151986	7958.096396248827
1140.677521801948	14988.970162451275	7937.644031271567
1812.6374507538421	16227.44564486483	7573.114992507837
2386.290742064742	13571.387534158803	7395.630438654214
1075.3365139012353	16159.520202788373	7379.560158793382
2384.773789860801	15336.860743657271	7605.493291750335
2110.6665383028994	14193.869599380043	7732.894581232394
2282.821780104528	14436.29872198939	7498.366237351736
1628.5500289470945	15423.6263241066	7131.780840085528
42.80055878242286	16843.211384412138	7467.716616478129
1419.795238563451	16333.065230393293	8153.777479795838
2419.9700501815378	15994.259415030478	7290.070041867018
1397.8866599945868	13581.747269110625	7783.043108819425
1804.1619863198955	13821.585764372265	7585.494078366705
1169.2985813908913	14808.943272977087	7507.494780335403
1356.8132289837479	14343.002518789708	7905.364796460361
1625.4525319098761	16122.311424277834	7944.961103474828
9903.50532383926	5270.555419221668	5710.169305221995
1320.884042253138	19246.792401335268	5990.765604376438
1376.7285031377185	14569.957217015928	7322.34225710262
2645.412853772486	13917.93683697889	7527.119008366379
1380.4704910700634	16316.165122532419	7957.365443986007
1522.4445378632452	16466.139429276394	7511.544876169579
325.36120615825484	15914.830899076824	7150.445484411537
1083.847770035286	16354.063513040574	6772.348274517018
1326.3399695651842	16060.341290853043	7501.237938663507
1285.0492480254472	16716.13461419673	7078.34266789589
2808.6755221311523	14216.400789776686	7358.051897543962
1883.4925770893467	17404.35911693254	6788.280722307098
2340.374500765795	13393.51583528552	8103.4454073135275
922.9450132878961	15231.526371412165	7612.909820489262
2376.637947115156	13808.001202465344	7857.9207824850455
9882.470631760087	4453.238351431892	5449.017822500785
1346.838801033564	15069.329660891714	7425.187818557774
558.4133390926775	15520.485067602105	7504.057109311987
1710.4318557591073	15271.383057109431	7510.219574021666
2323.7145163566047	13921.618254083196	8007.134590033191
9098.955140348387	5345.465480315841	4718.283632192071
1819.4313844550218	14335.381020597855	7608.928435702357
836.5204713725796	14399.626141102213	7706.233000799755
3613.4340316737535	14649.64644619625	7303.79378560211
2991.0002955523787	14319.816441446103	7743.106737907752
1661.531808058771	14847.043684207394	7717.713912053902
1628.17853034913	16204.17046394415	7868.634556494558
2890.973978236042	13408.39945146727	7621.565973263988
967.5712123553516	13393.421544987588	7651.474941168878
943.4339768140219	14235.660475497152	7280.325734859456
276.2798836484114	16781.878412643302	7323.167820206372
-88.92817137379176	15251.749758239494	7376.491063178993
9787.294875709635	3453.6755575665934	5080.137243580345
2655.9366911123016	15964.21526876232	7223.537388510201
2290.827472998788	16183.922270304609	7098.75794817707
876.8911466012479	16275.213957610977	7441.467601987
2196.0465867915045	15188.329201065388	7946.540976706949
1872.8536891697388	15892.514049418907	7633.797936789122
2514.631375092301	14710.066004338027	7749.576754985955
8982.701580931478	4486.778571212181	4840.156726267962
2021.1571861343202	17085.551688233787	6532.54926521207
1494.2811234916906	16446.6295824879	7703.071533722968
1687.91633179947	17523.450940168477	6048.430167442543
1244.451000876431	15827.751281446705	7501.681043984279
2283.24383209324	14424.424705513344	8160.6801977467685
878.4647996990196	15798.281532464522	7592.018805310451
1438.2405352064238	13137.180827013959	7741.6796990627245
10398.398540451853	4825.743580638177	5280.7814230191425
1494.6160165407791	14353.884651023987	7355.997436422633
10569.845933975399	3409.209469671295	5959.276452950143
2261.100149282606	14757.039751226452	7470.846823504107
2013.5548654833044	14788.302493947205	7467.008020388876
1382.6757342643502	15477.378335823172	7469.9056568278675
-294.1408818517895	14009.876929899407	7914.896255258158
1226.6824652233513	14964.409688613325	8025.0265477377025
2314.796821912141	14957.073894715642	8033.750329708203
9697.708211613104	3792.8436486243877	5192.698464118361
1302.4115577114942	14257.897558155679	7485.342099150563
1196.1106506484975	16130.042927099672	7356.0386094427695
2102.24562387758	15346.789281688727	7528.63436007004
2182.8076429064818	18458.713900876246	6049.377468018298
2218.494023878775	15121.323681951952	7461.317608957859
854.8397606396962	15722.35275160335	7528.1140240808545
1802.4792200118657	17854.460977461546	6172.158315091823
1728.8672210184495	16585.685660944982	6726.324066549251
10406.007944646073	1969.5829779721278	5551.612487279553
3757.5403731026126	12461.554203944168	5172.744764789766
2369.04281319219	13365.772521639727	7574.082926938435
2490.847391689204	13162.430805849313	7825.2300377157135
635.482470956451	20242.840061137253	5899.20280770067
10280.480439239844	3742.976364448073	4774.466114274488
1242.7841618419257	14772.094068399116	7989.975265015732
9684.05704994167	4263.268191074551	5348.322518432939
1689.88445579885	15382.286557275635	7709.206786861921
2380.277333702133	14284.470946150292	5880.540459750404
1367.1227633404162	15421.506586708472	7294.249047976988
-470.4807389484829	15822.739715702537	6824.724396554638
810.0898066742219	16364.571704565788	7345.6397757663535
2984.4064830172306	16668.132218347342	7045.8662493560305
2912.309034670833	15371.707570361072	6801.737723633476
2076.348986788975	15832.048232414858	7735.4445567263265
1789.4512991871984	13898.453623880003	7442.758822364747
2677.824529081977	15445.165374513836	7489.046177802619
1176.750557221156	15665.20328468429	6974.3607294338
1331.7869431539232	14337.5337784515	7169.513061240206
2565.514974757453	16052.900653673149	7334.442233306132
678.0415097414007	16716.382261603776	7692.9745933247905
953.8789717860635	14165.00013116648	7960.626953177946
2555.285696086938	16320.065825205069	7222.15945846481
1091.7065748383511	16077.398190118798	7413.252021036426
2451.4495954630743	13423.886249772677	7476.045538702114
1364.4482195061828	14130.167165471137	7891.85328633835
5271.4769631074305	7907.338009928039	5882.411575888659
2151.5606034202406	17234.29299003537	7733.239755562369
867.6102095357749	14882.185316907513	7761.132229033489
618.7391904016132	17011.47816413981	7319.167942010873
687.4611843199972	13671.494132339381	7749.177242357596
1901.323901449024	12977.998984046078	7329.389920546021
1721.8388674231196	14017.203025057792	8178.324240083252
2398.9816973576912	15768.504329086776	5755.725473407829
1306.5163647046554	13978.651106527564	7400.622703675048
2560.36265227061	12352.63333707539	7457.033745446229
11130.17251586264	3768.046844767608	5551.489127592431
10005.171536245172	4609.722704415606	4857.622230450962
541.8715485536729	15384.267346467548	7235.381242694842
2332.3079216875426	15406.502213951675	7472.702702926977
1581.3472870795606	16702.481203551553	6871.539776033745
1155.2059958078692	16576.485602866487	7397.14750975349
1604.3362681499318	14825.857074946345	7678.367733041065
1058.411348515588	15797.037182860244	7727.501532094285
1036.450354457908	16338.234742844543	7105.112439578115
1014.9023740513244	14882.652522632416	7493.995211629645
9248.76788569356	4853.818303984256	5247.078871032029
1845.3549684158772	15921.896061181267	7578.281493081668
1360.446422381119	13918.555680951707	7634.327940969601
2538.4976649395985	14103.613359672872	7654.491883166171
1445.707394780269	14954.753345386505	7510.737704743559
1372.8362614542202	14261.78988192294	7562.755568442184
2149.039494637253	15882.583152577932	5445.534268491944
10965.05764874025	2468.8054276026737	5467.177355642545
1609.860768089177	15070.515394103639	7379.458087661691
8380.034003585703	3014.980976017797	5827.940342823346
1629.8306521094003	15171.735889890608	6663.885505200956
1743.3448689286286	16120.420995681621	7609.299155499811
1610.0720877565468	14304.58468560802	7910.608219430152
833.6472521859027	15224.64599803106	7441.2542553269495
1604.8818621507332	16109.413436462964	7034.798877930246
2083.6247306797227	15763.07148297048	7970.784031363427
2587.9981646579035	14844.948074261609	7416.699218956415
2294.858574634339	15197.983153673018	8426.85233684163
320.9549216272265	17375.795382658875	6343.852501596392
1170.2583177144961	14811.434847641496	7576.8500650185715
2757.4572069439732	13012.608756201966	7063.845823048055
978.6617990152943	15127.46525012784	7589.764474375746
1529.285856319274	14653.525564171408	6853.031364170312
3173.052431793128	15149.281426819325	7485.89175966313
1467.2583441212505	13944.811408976408	7669.314623161726
1537.0446060633572	16451.652444483803	5890.015649340333
1817.0518104529028	15778.114429000578	7536.123826938639
1632.266604868248	15530.29207552595	7132.587234990564
1500.5497883357414	16202.824703812425	7609.949457287736
10585.784101933235	3909.105975390569	5484.516748783166
2470.887316220977	16061.339763388862	7617.17142437596
1268.7452373826666	16134.515083654567	7540.449484291891
932.7300527191362	14737.89611085286	7769.909713533225
1332.32407893935	15444.665561876605	7492.630887331826
2717.2168935241784	15898.36111177208	7220.885984794392
2454.6928698322668	16111.170089841404	6939.946562386844
1990.7142754152062	15574.12204828186	7068.997628574937
1137.3762977222705	15893.219383919351	7581.477413693075
1373.1149970477736	14554.62920229735	7279.885259655378
2323.8630853543923	14824.349641056851	7867.4919618522845
9401.524938971415	5247.182731346383	4966.12715714819
3635.1918511430626	14393.483521236592	7377.689590412722
3658.6834629289583	13776.47191680163	7756.151807312546
10032.72809718401	3010.8722522690096	5202.103920933701
1504.2210317098288	16428.920612914088	7903.34064772329
2798.433067901297	15034.643871786919	7928.17236060194
1091.45751342547	14076.082850186374	7080.570926396777
10712.687688344517	5182.293123028921	5533.9263864203485
2438.3262114880035	14538.066388626177	7742.713080128852
1411.1113978295634	15859.968871089983	7551.821848121382
5073.149807954767	10423.026739245319	5637.4829878898945
1231.0175797306476	13092.435137472452	7651.278126022409
2083.5771200919394	16095.762912464817	7775.776076522541
2884.6201219829304	16256.393388015627	6401.261335538546
636.7154258882001	15658.153574815786	7058.5574017748
1.2249437788791837	14640.100435055409	7361.088002975292
8507.798732929996	5143.332943132778	5485.581666958112
1944.361416291241	14459.842683561761	7302.236939566755
1871.6463718290754	14339.249880489037	8018.1085698989145
-403.3106402751669	16915.2350485723	6275.12025489558
2011.4123898774094	14962.781416455004	7747.424138455051
2655.426023455467	17563.24950104797	7346.455104681593
1472.7900716956349	13786.711295607352	8062.16726766402
1949.6889735309176	16058.943668947832	6864.949696708457
942.5743473791316	16460.709530122927	6015.3557624727355
1387.8665842228042	15562.333523884809	7591.314415077087
1755.9509719660532	13960.117600896825	7489.222394463736
1503.5477007446357	15963.294737646162	7480.059986295447
2300.566915499027	14423.083244420432	7545.838557621286
10490.225133652448	3459.984172311783	5480.13139368776
879.2179364863632	15008.997287708942	7131.12593787164
1500.8608375123683	15051.321143534913	7482.23383809498
195.45969793310226	15101.680828858627	7949.978798937048
1338.2889010933955	16137.061198317415	7539.609017814031
486.7792497326475	15317.294406550465	7957.079518974228
777.9261017101564	15168.42288659991	7532.635512298567
1801.4489127891206	15949.533142404149	8099.603382854478
905.9528740780239	14795.340900502999	7430.536955761256
1516.5058351742468	14317.366733101127	7334.038930494002
1338.5494125620282	12663.341869882888	7668.879045240028
1005.3813240407885	15065.724316767855	7293.296147829334
2011.4285669783928	14487.650737144215	7596.461636480982
2303.8745130597226	15983.926632544182	7502.57157472624
1197.5714165905522	13908.693670594477	7434.201892249123
1487.7737387529244	14358.700302251586	7716.241701109276
1394.8372979607686	14767.389763563351	7498.6319309589
2232.9443208390244	13357.495963139216	7572.311861732217
1280.8390487205597	15366.997776996914	7860.657851846076
1980.535081956491	14527.83901132522	7690.519485578058
9627.947990081591	5926.624864317885	5222.064750957943
1777.6922515137069	15597.330391936866	7576.632421578235
1014.449965841854	15327.83497536306	7346.864871915315
1575.489501312819	17434.54199202958	7338.570521749569
2392.0136332458806	14900.747096066649	7721.749445919874
2497.472813937115	15183.859878699703	7372.699533296181
8852.742034159339	4403.926488821273	5149.056059346883
276.7486314535868	15470.751075394892	7526.429940064633
1751.3912143052357	11826.884940596492	7562.879387827166
1550.5669443480456	15863.299088269223	8093.241752273374
947.8952011441207	16473.59949474632	7128.4621601538465
2434.033139076852	15833.101180835716	6477.727954516454
2417.8575702528587	15739.530882993417	7544.955321555118
1413.4817728884564	14497.022845753381	7307.882394785215
1379.5450360127072	16397.504079686456	7698.271850105071
950.5018952534015	12683.280064522125	7772.875260570663
1333.8722483771417	15751.308639985291	7790.162328121065
2380.399127679753	14275.997998773893	7201.343446692248
9179.666984969497	5029.058086511213	5059.8977315240645
966.7747657478471	16215.628298430402	7332.715650308054
1210.9730002452675	14022.884858497526	8069.562736341232
451.70126788649014	14995.542663343964	7023.0480438001305
485.1836359373804	18336.672024419055	5749.754640158113
2121.887829720267	13559.606896904046	7299.665177881976
2209.7092844062677	18186.77316843663	5399.101455392959
1108.7079553009685	14777.34887555382	7188.916736486637
1690.3261840415923	15374.021910467527	7584.6003159632555
3356.028907835386	12304.33504091554	7771.637080092081
1431.1294383002241	13808.209023455098	8143.141133798475
3337.656845924283	13778.407646174539	7918.369438137521
1281.8868184303974	14582.300939415318	6939.913620371531
1746.923532260899	15840.027843840291	6987.471106205318
1678.1141911514344	15863.991902392043	7492.828572937454
2249.996374234185	16679.23621889184	7670.059372129537
723.4295198270273	16393.65332651351	7303.641676568654
875.2942139395001	15071.070197454786	7587.772259531222
2187.498376507308	17556.25665786281	7516.121798675963
10158.558940985293	3815.428081943565	5786.395560001898
1636.0699717627087	15918.065023128658	7296.732909721203
901.5260593940378	14888.851441486946	7614.3136540589585
3030.1440441287364	18220.112143226594	6870.356992529529
1946.9631074994713	13488.168940004245	7406.246799866572
1184.7567469616167	15599.54019873796	8178.668888580087
1127.3689057238246	15191.904835142897	7869.882108573074
1269.5259151148084	16136.832429513815	7755.798384176282
1055.4659302279517	15720.840798584364	8158.561795715552
2507.3868076025233	15380.43244712402	6954.5726119467645
2459.6980825773685	14440.261214926877	7878.865750564425
1570.4799648409873	17187.811657691618	7625.219353699347
363.5694030125946	15271.832657693276	6808.499370567796
1340.3914708764732	15403.730127951605	7514.863497404795
3005.0870280370573	13353.956089181285	7930.054150027343
554.8308313403929	14833.44742227324	7953.6183678671205
118.27265921291006	17672.425547121366	7082.848250396703
1654.5488412594148	17679.871702263594	6588.640262705356
1470.7215096748114	14471.310492755767	7609.880674261116
368.6617036016427	14591.821349695425	7839.229911406965
1133.5010940081843	16345.759455141642	7628.766554418494
1155.2381100166444	15850.036175195557	7746.991901629125
2158.3145238141797	14731.231147036024	7646.283189826677
2224.640171938208	15508.267414072669	7498.721571537564
3624.961838573599	14166.134495443903	8199.746559687344
4004.845022023888	13065.050951699326	7518.244791636955
259.38636607180433	15100.817504742705	7396.0676973148375
1160.8424621560664	14447.086126625189	7406.424084135258
2056.468346076559	15462.843211631925	7319.040340958858
8320.259306060976	5742.03534869804	5242.272217227885
936.0697161515534	16751.914148184023	7204.199214176622
749.4587895495777	14131.222178510903	7295.898379440522
8729.337597569673	4811.827295691581	5404.286666766663
1181.916262408431	18303.12755721409	7240.951721195006
8418.038680483081	6358.683984778074	4922.425866816809
-120.23465860070392	13678.822058623895	7470.5195051280625
489.4405334676003	15471.945927910348	7307.912533774663
1437.8477335392542	14227.49308945555	6509.931543870561
1685.765418898947	15590.692669663486	7806.351592724417
1650.711679027388	13503.659586224221	7861.950289617034
42.32403611356193	14705.574507284555	7167.273273050307
3098.3783791361225	14385.579063985842	7420.763097222628
802.6308872798312	13678.766166486954	7560.087202830032
1681.373431209259	13341.857992856894	7643.517856772015
1830.646224031642	14748.98755300918	7775.423775284463
9746.764043284396	3576.4702166321476	4894.2256497181315
9902.434998067867	2798.803637378984	5416.684673822822
2121.492652600162	14833.951588919705	7996.211752075209
1402.0078202248517	16418.220453093043	7347.947324888414
366.06579315414194	15492.350854270628	7670.885819609681
1166.7945148506446	15012.640953837146	8203.012316972832
366.64509692258645	14473.750416027306	7395.619245734822
1132.3965478412204	14993.344097902065	7874.536722260253
1737.5081194173874	14576.147938211425	7349.279017313468
735.1286798950941	17373.261093522942	6398.013203602022
2010.780395961437	15167.502273045051	7508.298820874993
2685.520389544069	14381.846319781444	7305.9477078527425
1334.8763016992461	17214.293647927603	7703.990122562763
2060.223951583318	14878.288264284827	7455.430998613204
2037.2492396467776	17071.635126930836	6380.754627894906
664.9960810964	14576.17589000778	7915.546586238359
3491.991534270308	14972.914841421394	7418.944924297159
12191.557383785263	1878.8523623733806	5141.276259553488
1363.3548838365527	14598.175587298976	7688.227657072659
-86.23397540541316	15083.986101800343	7496.195535287625
2927.4789602190035	14073.706940836282	8068.644936751658
1161.224231224216	15659.935913461466	7590.310627232405
752.5135647628534	18242.00491513648	5603.426828035413
718.0536517276819	15241.547157159677	7705.968892787876
518.1518811736627	18433.76266605078	6521.17489156454
2166.4992924016133	14966.726388476514	7960.776079189373
991.3716290470545	15268.080219489917	7356.2794486755465
1069.5613625800395	16340.279738329786	7639.416676624234
1810.5204174635974	14087.267049643222	7503.116064485361
3491.8563350320696	13301.50257836444	7729.334241979305
889.2701458376549	13695.724390269315	7864.834293599598
1419.5938571442898	14941.584880248562	7706.645540959434
2441.5145823721223	16248.861338688957	7415.235970352551
1440.290836365656	15331.550056020675	7721.157689895923
2003.2582444101604	16503.73506157894	7052.2846705247675
1015.7138374324671	17035.999409951328	4948.552817758937
2883.048304314485	14623.620837562738	7315.892255542428
931.504558702963	18929.279969809744	6005.18953665211
998.0851549819947	16549.470112086325	6756.899562600209
1394.586646871419	16433.61496406995	7319.431588247883
847.7720485994188	16442.50493375811	6344.062050441341
1480.9109960095097	16552.168298232147	7548.886572784887
870.730847941098	15815.788705272857	7427.314570216701
1916.109758557709	13428.310230939023	7719.812577059174
1554.0718849414122	16175.134730812077	7538.519569884531
710.430177626049	15134.87008640706	7829.6464039091525
11461.205042530499	3873.021102872871	5197.721676229691
891.7281235758695	14257.158267540315	8177.355817480048
1898.024089000696	15704.474551393916	7494.058402421665
10997.452595830246	3023.3938259209194	5708.015895710704
159.8183717726557	14776.622840253047	7973.765946742849
1288.0684212783358	18454.474255400182	6247.993340642541
1325.9050573054262	15693.720816917203	7126.915394024259
823.5783721780055	16676.780368597087	7234.676663051647
1770.866548563073	15665.18273801186	7647.9398864999175
1897.3976522059017	16710.813731702656	7472.2340112439715
1578.1025956300368	14639.623923334666	8006.743848728524
2396.6069729295646	13552.55276380211	7937.396587365902
1271.8845474024738	16786.370030751037	7646.416840843342
1220.952040348618	15637.35183429096	8053.519270385054
1972.254714072356	15031.934095834882	7365.576597828011
-235.29113381576468	14710.605707939609	7468.373880651859
941.9110601747003	15088.142456119647	7803.65099419449
11985.468077024003	4026.4887222172333	5327.022407623026
348.16258300511976	16398.524326979223	7578.905943970194
1284.8752768251363	17852.316434027627	6888.1331616963525
1955.1855081239619	14913.764325503606	7807.52223438803
1154.1872653548792	16022.197009640822	6908.734042914426
2356.3763279195828	14276.238504275101	7707.0150691858025
8684.701444434932	3486.081429818206	5423.828594301257
1138.2993622198398	14409.100090862175	7777.727889640566
1202.1719078073122	13674.887961151457	8101.224349083707
889.9940984612412	17679.961011960797	7919.969167163274
802.3332374845086	17910.14944009472	7638.356141325972
1306.1316062567525	15616.346078328803	7432.724945544304
1950.4416557360148	16506.464162476925	7103.684489956869
104.76029321119651	16637.86831940371	7697.460985166812
527.3178118938395	17368.852594075597	6865.313710469801
10113.732062375315	4892.956550544263	5792.795306589616
2107.135223181616	15721.599257295124	7546.800976075497
1687.9604742036056	15189.634186123534	7161.8148583203865
1391.6309483771338	13227.712582347885	7942.750195081484
1719.9973067860974	15689.5858874824	7605.7388464518635
10838.083671058685	2097.4715312627714	5396.222945802653
790.4640635623689	14923.895851710848	7450.015067050263
10293.264797199537	4315.936714499674	5246.598376819346
8429.181903725166	4979.940493516952	5746.48586501558
1563.6897634207685	14739.15747022781	7647.700746705795
1950.6394574038088	15532.394259029563	7788.789788219095
10651.21197247686	4199.957912083623	5780.188557607736
8802.529594318697	5166.704363593631	5430.953078771559
1351.073713698419	14320.024139387531	7581.765173029039
1057.5032125483917	14392.545106037232	8217.602534479525
1451.2233910483155	17055.991379417683	7503.935064968446
9941.790018108524	1611.5700815935852	5004.281160700423
1932.440601989769	13139.25720474779	7688.131244088274
670.1152726495915	17474.82184612018	7324.663237838175
1627.2820098570562	17912.41597973036	6935.672263400952
1533.7921692616521	18598.883562556453	7169.261116030104
1216.4749841350244	14399.565620815709	8079.09714388043
909.8049698308774	13986.824240866275	7637.143025303401
1314.2109963500811	14255.19341904911	7451.8948833194845
1387.2324643926904	15211.880251961735	8072.512870346295
1364.2804078099134	18739.260958111125	6217.070474338781
1061.1737583130512	15708.275903803713	7820.086978598268
803.5037728437746	14556.08727059961	7505.895113754029
981.6609513777726	17252.522723291237	6053.178208625018
2081.2997325198016	15562.639602595662	7432.834554837031
1735.100678511376	15997.7936050775	7831.264777933846
2465.2305892905074	14211.429672442826	7956.819088912956
10386.031558506693	5000.7827739171435	5447.889226367335
1469.8760636529755	14727.955800500979	7496.746162536527
1430.94444546769	13583.717642433006	7609.433724026726
10178.318611788876	3594.393674792746	5939.698071699007
2637.6268917942784	15736.4565076725	7877.978118889711
1830.8652626800529	16831.108620998468	7336.762431357885
1564.4572658513812	16947.06014201146	7662.985075783055
1118.1049416224835	14865.307683982603	7769.381384411294
875.205862943007	15745.81259689071	6311.603852834255
1721.8844202550215	16487.502040663014	7366.879879899115
-68.98230759733121	16449.544763359296	7169.853782855608
2582.447710698702	15541.400509377987	8421.445667342832
2383.636901057373	13041.503459655141	7632.474137751381
664.2209304528678	13462.230083620423	7993.371626644642
2401.116861591008	14264.717085905038	7336.695536996642
9001.484859679418	6024.527382512497	5284.257242415879
862.8558126909808	14489.712050110125	7697.899675002262
1268.9625576318049	16177.56010665148	6925.58342790957
10796.297384524374	5764.908039136246	5474.566687902039
2124.3426609787293	15185.258453756238	8020.355276365741
1336.3922770766894	14184.885998938891	7936.594839141256
1444.9001897790185	14286.287717994439	7325.240349494647
3371.4814317987766	13993.691676989512	5557.167707984762
2123.376010728152	15961.729966927325	7303.071714769673
2389.436451179127	14524.717147552254	7103.3362712589105
1497.4690278051542	13980.930371536497	7822.918909525374
2182.5921921739196	13959.799992686836	7131.2261730557675
2254.137399108342	16016.437504930942	7307.734754141524
2585.4836255226173	15118.201831129025	7706.009194767906
1606.0194996241435	16346.368895547152	7055.52863832569
2175.1023705265934	15137.764058971265	7584.702000500281
1810.6039611407973	15606.130150622263	7126.905627608758
2878.482306568327	13320.174859417459	7743.136914370807
2593.5390399100565	16275.783423859992	6878.5760665810085
2844.525460371183	16321.77043135642	7511.371577194371
1862.888386432827	14455.337662945538	7233.743081679138
1790.133111321956	13486.267984729657	7879.569280289759
759.8097134593581	13607.073123444887	6853.735309182794
208.78165961040548	15905.087846304199	7325.944859692862
1552.7430650522838	16443.9003370213	7478.489328796867
2014.5180151721015	15504.615794488325	7762.814727054399
1336.6238746974136	16026.339648469366	7623.656235041369
1898.6403316113053	16575.370818859534	7789.497690539348
1607.5722301998703	13282.570316173738	8227.13923698935
1407.5544326112183	14128.65196886919	7594.5679891838545
1074.3202608926988	17634.40875386865	7408.05638415147
118.01605942054496	16855.079034658607	7123.1685847121935
803.8362981134974	14083.00108116337	7974.478802239148
1674.2026189599258	14642.47286129966	7839.767716142369
2054.3359658709087	15787.824039215775	7796.948437461929
177.81505544207081	15374.163431952924	7388.285197818193
1120.7243143908722	14647.254085486504	7164.658259053097
1153.6193194310772	16191.694564735846	7358.640906132788
1037.035158994025	13205.081717482117	7327.257477475169
2120.9998201953526	16242.639618906103	7391.4035451615
1239.1686369829818	15402.48360982419	7396.263708218195
1655.4147960014234	15290.933485871079	7402.058835660813
-100.53523462133913	14182.491445369084	7495.8552863719915
1504.081077618044	17179.166531326897	7234.413792475781
1217.995315329442	14709.326814636135	7521.790967528686
374.7911226631025	14950.066613097706	7404.933548134037
1070.0396642153464	14120.040304929174	7943.79736622576
1563.636280670987	14441.636787347818	7882.029697019598
1164.4335295826959	15870.84121901146	7358.09203318085
1770.2922645723672	15701.39346118319	7323.800981735696
-252.25483434387766	15562.014263462477	7490.946351341493
1512.5197411543477	13825.498532087411	8220.338571055287
465.56587486097186	13111.525210899299	7738.69981483581
2070.409345363838	15350.674021462157	7294.15747683128
669.8942253863904	16697.20012202265	7995.5349654715055
7858.574807564846	5621.82476883067	5357.788789239875
1454.2924590256023	15537.667195651182	7636.274953832743
2924.2534756363307	15038.01466743475	7709.844564034741
1614.5346465254202	14600.384537633812	7713.246335016862
1981.3921081379344	14652.63214232605	7973.837300100825
1932.4537112088174	12726.44936955607	8069.797662679421
8162.3125983916525	6780.760027640072	5797.3923748995085
2047.1407673858769	14970.834605911714	7665.936623126888
1624.3516756591682	15884.600088298623	7616.645398035411
-229.1747185553334	15848.482905308143	7099.156546635159
1599.265164917381	15127.657151365196	7302.9319147911365
717.6571917265603	13219.351376330716	7384.618632148929
2005.9716400006316	17631.74271209321	6117.349903921296
1724.7481702240937	15641.430780284581	7690.502317936703
2050.157714198919	13964.648112373452	7560.258716683514
843.1233893916408	15471.217654040911	7537.263370611945
3707.7388040066985	14296.006096294846	7329.8450334999225
10130.930430017454	2544.318717986928	4992.442178302968
391.0508709368453	15943.015618505326	8052.189226194127
1250.0797881024848	15877.370780962343	7458.981205579872
1332.8239094054825	16699.895278277163	6035.509503917251
2686.429713697084	15605.012046087555	7783.41168579312
11386.713441819873	3737.9877921170737	5072.121175847499
1250.3497947269182	15115.743818764859	7458.885821438509
1310.4506799429762	16234.568183643292	7695.770226460594
754.0356769499613	15603.855007117354	7645.689872072481
809.3634951736695	14679.749721258704	7505.458507223367
1827.6185108939837	15079.572731630942	7874.40531117277
3030.6492650704317	14069.924612960203	7152.882809655314
1733.2083625244823	11479.108826241865	7672.977016478286
2400.6179724799695	15500.56959902714	7607.487345271165
2144.034743607777	15051.950444756185	7147.364980384343
1902.3450212257478	14838.741546799023	7364.675118277599
1036.6862568812894	16541.831415244364	7445.550448665236
995.1886394638963	16228.672070538209	6837.695600422461
1832.7893128401781	14179.277674010462	7728.990984292226
2152.3031057253725	16905.13449268275	7654.795049556095
1304.6258494444824	16627.15656145412	7203.829236236096
1357.6411797828696	14711.119872642494	7545.014347331155
2024.2835566132392	17290.463924967295	4955.654822077151
2959.337908231206	14128.200651422663	7934.488187433303
1194.1537305668878	15602.582000964852	7769.667065440394
685.763199836503	16384.69970868342	7447.073885359432
2287.9175964725146	15499.870276002002	7952.970286364153
-201.7451410116032	15995.143860601638	7904.7706129277685
2165.6707853856306	16117.488693562524	7928.88556171296
2052.9649947134076	15418.708910809406	7926.267603907809
1136.5923549591334	17864.4195965311	7257.647713709486
1381.205787965981	15402.396711201305	7875.263856948682
2848.431788137296	17494.466708564007	7120.143754064693
445.74039761678216	14179.473372054712	7543.64875893382
9185.513366899142	6686.666596397089	5071.495210708682
1625.3394799129487	15898.84705168045	7792.259046269197
2680.9708055948877	14274.168152293809	7161.494069577406
2937.912307449841	13242.435341356299	7391.562949698502
1667.8887514307578	12953.952398489766	8023.351082585502
1579.3382201581112	15672.22531619321	8093.722569547403
1054.704796200239	14651.65081478786	7568.583685418576
880.9339109096867	17140.79328912518	7816.032707856294
1509.9398141453992	14621.452336011323	7394.517668737933
1579.3731903858124	15227.904502328673	7583.827996810659
1128.3455075851446	16244.101288348236	7892.353544196296
542.3236339045069	15868.137837865248	7737.128419821372
2159.4517949774104	15442.795967310161	7355.8828418462035
8891.938279888594	4690.898250197293	4836.810859243141
1532.1098098324146	14390.850991794316	7617.207672822008
-130.13494891138276	15937.882141338605	7329.430698437705
1705.5286670505768	16578.71128667757	8011.548048224836
1317.7215585677977	16678.5405580642	6902.492301984479
1639.2949463732914	14710.264569047005	7574.902344461628
1223.2610345570372	17308.63101707406	7323.451945948051
1527.0589698515614	14271.700897194369	7902.463246402735
2779.552447830289	13878.067068237717	7402.000269971657
2774.5705844446866	14733.086901704448	7309.694759125193
1217.7562720585067	14200.604461007757	7345.858379928133
1319.2239336758803	15640.042337023237	7893.323900992217
361.7772796305402	17364.005334029316	6607.319050880006
11212.783834613343	2737.8540867741767	5286.714125988832
1462.9634017660887	16473.69585301947	7672.245177444265
1873.9947712431992	13567.290315726668	7052.912979495772
2191.05721913501	16456.09328461232	7330.317561935905
1607.2152576787325	14899.581733084553	7433.771365524835
1612.9830660249042	16114.528678602841	7257.095333396821
2011.9703422387588	15507.401075152113	7896.376014573031
2412.1020673465296	15138.095954049431	7159.258644565786
3145.4491586216623	15442.032687809005	7215.892600856554
1107.659925717023	15234.916133333232	7670.250568340281
929.4280952832517	15923.92461169295	7273.281768218887
1298.859596014127	15452.971023845545	7502.167940463348
1966.8708708744145	14308.261302340681	7561.500387350753
11206.824906358768	4437.744567838156	4959.396747357419
1742.1440035404762	15511.478151777876	7418.739666013424
812.7460316315044	14262.370140811763	7508.783091221402
1713.3476336289673	15015.14917810902	7793.734509032883
10218.022272869375	3650.548616641453	5397.9432308874
-424.44696685417824	17030.64954093854	7588.296486547659
2319.3762708392305	14947.503841504906	6993.345071410576
689.7719044281162	14296.147077079251	7852.001577248346
1575.0038865625518	14174.386098573928	7674.334428724705
2092.391224591522	14382.375103319027	7682.014945573368
1324.9760317795708	15548.611421597954	7953.158696885812
-128.46390844458597	15956.301213447823	7733.732692539724
10640.735389244777	4208.887400738469	5275.890863807376
972.816227946981	14333.0320171764	7474.244915612904
1397.380754482314	15833.814671237209	7854.487813013217
1584.5361289331765	18744.55276799495	5931.304218656642
8697.345153312963	6445.099605925598	5050.0883304397
667.2093996579158	14887.753532766379	6842.945685213376
2466.522418811271	13451.465035183863	7673.768972008418
749.1256745641351	12963.42915075673	7520.813145964025
1398.3894022071022	16358.261609676807	7273.61674448585
2459.1055154241517	13512.881284080217	7502.793161085437
1570.4782365199035	12485.07972692689	7234.871025305899
2297.188734125472	16321.254159772165	7577.9766816817
1755.7729900480006	14778.903434451822	7989.071570329618
1631.3838610540652	14516.081020736872	7734.702497605952
991.7922761606139	15182.503410428058	7553.736998067817
1751.4443829182414	16044.070503855755	7550.579100078679
900.7900938136522	12803.353202970788	7740.0571145730755
2013.6219606495274	15183.712544232018	7692.615491234757
9388.290772500884	5161.654037558916	5280.5023644874
1313.952719800813	14143.514613961579	7937.463787412641
2903.126049068313	14942.169154047997	7833.296512066626
2094.4670037665524	16381.769114675417	7340.419559658004
1317.0748705373305	15992.568278202061	7266.551973265258
10451.75337717656	3696.3447811428478	5327.483237126922
11411.478536249835	3548.720616818761	5216.973615679892
2230.1298782305103	15735.88181510175	7341.923039765624
1174.5819734447475	14975.184825789505	7576.663978566508
967.8138000766261	14526.5045156759	7520.1874363827
2331.580029481884	12923.225235890028	7659.000876036362
1025.121930878527	13974.355800155054	7747.518163212617
632.6309360540833	13592.801797150836	8104.003670689752
1017.2211729562337	14599.764797331236	7825.44177563379
362.39026855685074	14532.131267629558	7609.527769091923
11356.399558546069	3070.229849305111	6066.036569761733
1055.2877256229024	18559.676089833727	5733.145996428905
2469.708379701866	17551.42415354718	7233.80249948078
806.7321890668063	15085.3204796491	7780.089811879013
1595.1991285421354	16035.537835696961	7673.429309705522
858.3265548743333	17558.6270802297	6544.5561744292345
922.1052119073008	16383.81028891809	6874.067878499419
2055.8546381592623	16361.6519098126	7312.688723456929
8147.141265977239	5327.981745962758	4788.994737957976
2824.3369450122696	15961.306296184901	6681.597465452661
1781.1517510794035	14673.338673710025	7372.820707318934
840.9271064733167	14749.12419147888	7338.6234768561435
1865.4488376278907	17165.678553951966	7706.558106464873
1526.944085726461	17218.69215076937	6358.273581888516
8055.739239676666	4578.199042557179	5088.735378252977
1270.6358431855504	16805.370891594575	7310.116129608022
2736.2431816781586	13112.49838015716	7569.851978139186
2326.5393877022084	14405.99369905854	8052.333465943932
2378.7739349213307	13200.419212380666	7700.016556745406
10089.216677177474	4255.413107352021	5531.297290993388
1256.9459999005603	14913.256197201676	7224.309501343461
1218.1570716838019	16448.92869662931	7477.079255663501
1899.2866759712178	12752.993858450769	7710.928524825945
10034.36597877567	1831.7562922276634	4935.769961255335
1456.6222444164223	15646.453515429454	7398.910018037326
984.7887259191751	14745.001300529631	7681.244978511884
-635.4062093772202	18672.725525942227	6132.568245488966
1780.0241047753382	15860.007254705382	7655.216980203759
2673.3496035464327	17814.70153889934	6748.74090545125
1876.7493421294535	16450.387525205435	7516.605672345077
2108.999649567355	15465.310153216406	7215.710343764261
1237.4114587844867	17828.62532142538	6938.574368868995
1687.5451248834413	12823.41168886215	7725.064191643838
2136.4072355879784	14253.024193654683	7624.5609815374055
1769.766166291104	13442.861552657847	7310.0560912506035
870.7524100003878	14961.334018858071	7832.872331937514
1569.563671217801	12821.815314497147	8082.627409248844
851.7575336932357	16818.213485397933	6336.654483749302
1920.5081852392311	13705.584748218962	7936.457329306183
2091.16705074959	14784.447303366183	7387.0249697896215
1227.0792954587978	16865.492678494382	7977.296050475248
2283.015144437575	13046.71272359884	7494.556204186367
2954.8653035834277	15185.827838071209	7594.858800894911
1508.3090626846104	15438.543928980354	7701.099048127817
2157.9693468440278	16456.704926740924	7252.1920629266315
1899.2538483556568	14916.701897114597	7772.622270200306
510.9653086106538	16812.807072050855	7549.250161674848
1776.2164438830882	14901.172981495742	7501.984119927499
1459.852009524059	11717.414561009193	7618.816262009329
297.35038057785204	16028.116036963915	7645.522165724923
8913.065113079987	4634.967559840155	5433.586477781316
2744.9580158844665	15774.296143255142	6746.09528349847
9425.071689609462	4614.940674936365	4821.589022392647
1768.2680840644412	14596.437577877587	7943.538985408762
2386.2436198593077	13915.80288129313	7593.885514695233
942.9902627899631	16359.594947482981	6772.153239600464
1148.4906164523202	15299.141994998818	7670.42867511969
2416.4394870116334	14013.467595927768	7731.262756000263
2722.2457807885426	15728.944126715327	7690.167503913747
1435.2180389402165	13926.05384434915	8102.460190251025
723.3613517382364	15338.239398937036	7523.777606230044
1246.2302088424196	13231.06918217357	6822.288112717814
7082.59959376381	5893.840338722827	4390.650249181045
884.4867980534557	16338.86491267012	7366.468243136504
1053.508453317312	15530.262960939723	7754.32599181287
-84.30903563319491	15067.137151288154	7798.541799805155
1850.7630218480842	16120.340755153415	7307.691416290379
2893.026354539694	13585.640882523057	7505.705957056819
1544.9470608999793	16941.429446013524	7391.484816364585
738.1486296028606	15004.10874089226	8205.997758826632
1709.9587282906555	14060.1051315351	7358.559285164739
