1429.6744148229325	15123.985426789208	8040.14407976422
1285.917322414551	17172.600917636508	7668.1279453981415
1788.73835118513	16794.909152510634	7708.5326993795225
1068.7888561291913	15597.037442976194	8276.872624041922
300.40072261920596	15990.207969979785	8202.92393013446
1557.7356437609249	14568.984482969292	8276.6904032318
3216.4455148533852	14887.17854317416	7348.265707502717
1094.9744255638561	16996.34488776863	7881.230692394617
777.1087282465717	17659.4221225744	7409.560584637076
1809.0961326884967	15333.718114925787	7719.231201234768
3012.7301529913548	16090.081546999085	8132.79289076112
1146.0859197916413	16952.671370553	7514.798566660058
1523.7524452624639	16564.559369644416	7845.272409396843
1015.5301227783596	16768.441706699337	7792.55963390834
2444.761642530349	16131.212137073384	7878.472218229246
1055.6358774140333	16676.695750104514	8077.611987679982
1546.5830597892466	16811.833017736244	7870.151482093877
993.6525723090786	16861.045645486967	7996.292644636595
2058.0679715713927	15610.546170710584	7924.448571083725
1167.3259138681326	18733.974624015384	7389.01889506854
3880.9656746068667	11767.865875773366	5464.8388974370855
1266.308350910967	17016.911833347487	8112.685374552876
1731.485329860061	14767.704853973346	7748.822587387558
354.5611490614855	16146.631797225153	7616.0458896528135
1628.346687519533	17019.615526467824	7707.004414371919
2009.0688932067567	14515.007722163069	7679.200646496688
1789.5521322875472	15826.040735395743	7751.435866987073
350.9502900910056	17677.110997968703	7908.085521039216
173.891769373618	18035.89152401347	7429.807455394656
901.1442389535024	17407.607106516007	7839.6769378823665
1975.6168301798443	16563.272933586504	7892.27969303209
1258.764510474438	17628.107544944967	7526.281070333923
413.0614165192966	16919.714388549735	7808.810048575317
2108.3536856333294	15118.634754075627	7843.848585192636
799.5390055687602	15311.10548701453	8565.348084499497
2665.087195565108	17582.91654236781	7829.900466974927
983.5268026190877	16688.75799842611	7763.330680003107
709.5749328891318	15618.254848760562	7965.882773678384
1821.2257313381958	18126.344232363666	7368.350287374253
1613.879413896114	19143.765394230093	7911.555793734546
2557.5875023972126	15132.171923599664	7966.514920154869
1945.4114308338737	15619.198471189311	7849.439643479233
380.9115837785053	19444.877590750322	6474.885847134422
1085.1223797749578	16016.777928863941	8114.68713461626
1147.823557978882	15845.599901286623	8247.876186770607
907.5691154671738	17916.91751822678	7230.517973314014
3051.6053792185535	15752.08199464111	7942.02508215747
1858.7647127300688	16674.57250371629	7682.031459631306
997.7075912143264	16355.95767377469	7828.252192034323
1737.6435377893945	16308.31903524716	8085.019437536896
1668.1027875544946	17460.42685122984	7617.4738882722695
1767.7382656464822	15009.208517176781	8140.427314427752
2644.826692261729	15957.972551021492	8320.79326822784
983.3287582335163	17999.747321924206	8112.761031889585
1120.6762526686134	17796.10007422962	7696.193118956617
2266.8355238675063	16964.249930611706	7441.080084359583
1569.6541295653233	16511.431141832258	7623.181053843311
819.8551683054093	15994.937427295838	7846.876505314204
2548.8616778312694	15522.225251981721	7880.272190595219
359.9382101753936	17111.655778352382	6964.787597742893
412.0405471094071	17239.030509507196	7443.019519836941
3773.910455326895	15479.68870952766	7461.668334867521
1067.7383476268321	17393.822120265424	7832.788806756796
1057.4717792567376	15970.520626848822	8130.546304367712
1237.4933377692373	16711.59010087141	8750.153784595856
2511.825034062455	18289.19945800703	7462.406641287424
795.4811784878706	17828.969386982753	7773.382234370385
1246.6909943719947	16661.415719466786	8232.842664672478
1492.7763298405137	17145.803558445212	7374.594903793011
2742.0025672282873	17893.362786516907	7611.969067304233
2227.8300309554434	17184.50279211901	7858.470138562197
2330.1184889179435	14066.287673198689	8059.912803748681
1312.1137989294693	17782.043589622775	7728.722703219328
1491.927171293391	17225.393411376008	7565.883106212954
484.59793057208094	17201.35272453887	7786.558141735018
146.31351837063977	16601.35403135415	8079.944935043247
1938.2713008355854	17117.640469133792	7567.248727013578
767.9980473935782	15497.968608895742	7854.030205139097
1362.3008994218753	16026.225778832213	7329.303785258904
176.82845498617215	17922.824547929835	7749.794446245342
281.9944068787826	15010.366538412667	7803.848447921851
2250.746623866195	14371.007577294959	7626.10996113345
2217.914010087401	16610.609804544394	7684.647963861233
1857.8954551541146	16345.272521143042	8075.805026056393
1617.739647201179	17285.293240540625	7423.27783447889
2664.3535539876157	14810.846568887282	8118.998345426831
1863.7022465712705	16623.15663032305	7117.3391510652955
1433.7044861759987	16983.53621541102	7764.177075445396
2008.784942839592	17190.262233904472	8278.24675822882
1570.2614119254797	15282.617412444513	7673.738864776707
2123.0259438820403	16679.839446158887	8071.758057363969
1343.6653458780559	14009.398355101835	7685.29757525709
1348.400201890315	17334.7854442473	7534.50119558812
2197.882949921256	15106.789314784473	7719.301499081382
1103.02628544206	16938.246243281494	7744.004423053116
974.0713571158954	15651.544438962726	7685.281652102193
11286.773299001885	3473.588525086199	5020.0562660527075
1272.3801246520695	15557.151628643433	7834.990981014601
429.1139414784324	14777.052323957758	8074.285788069676
134.01659953531427	16559.431932487307	7735.7655608163595
1150.647970388646	16046.324030679216	7781.3452323632555
442.0672021539212	16726.60083196981	7892.194930560925
1862.8369344379025	18278.502540719674	7917.151737480484
1074.1322273521464	16195.162761831783	7949.051017677101
889.6305508330101	16404.916758794898	7617.410851283079
1263.3396082764211	16465.096865611635	7602.419659785643
2297.6621061954356	12945.147641372276	8075.037638527895
2534.272123494058	16286.956811888498	8321.123480703018
741.4953460712744	15607.15120320975	8681.389827583449
2041.1769059463072	17090.78794980795	7722.241514664805
1112.5651576661844	16109.785264131991	7921.863348457861
1764.0343475824466	14959.188759298548	7655.8487725671675
1504.0481455609915	16710.24585520275	8121.855905925844
558.9888964399472	16586.56396217936	8137.159587571845
820.4381032560383	15150.079461654645	7828.939050554314
594.7352626974189	17377.950019769596	7612.534606394878
1503.3016143718123	14627.207740656573	7906.103549194125
1207.7501401944987	16367.460298275362	8028.539995234691
417.1762540624331	16045.967880055015	7934.948890153785
2460.461020767427	16790.000004158235	7673.398953059877
1379.3319936950186	16235.011001639741	7834.715908492015
1753.111351722908	15273.157434491128	8248.043751842913
1295.038222636952	16418.14740582005	8203.606122929114
1042.7104141232744	15278.888946339655	7731.859948455288
1100.2262974672212	19462.293286053304	7649.581759261461
704.6256846469599	17237.156391004533	7203.333793500758
468.3431176443312	17869.43643961716	7860.961440332826
1579.5798705422424	17621.488664390035	7935.893825429796
2334.712941371506	17420.804903943248	7711.073061652532
8747.548796055851	5783.104231542672	5756.224950659328
324.9573441906333	16793.709632964546	8126.951477297497
1304.877133385958	15645.97250562515	7930.081839036881
1255.9581147524555	15604.509841129147	7356.26744213194
258.76385655676756	15813.353993317407	7626.073945045008
1556.4340100992295	17055.748737842707	8427.51903375528
1463.5399872036155	15253.277176102474	7623.829658377833
1211.981473671481	17604.76112241583	7941.112858784442
1383.2456659095847	15049.052747967598	7714.614268710416
1463.005396662342	13744.211081929432	8039.310478222114
1238.421746223619	16646.06543592515	8570.512743348256
3309.170643598206	20242.182151235567	6663.09757412125
1490.482847222839	18032.82856347654	7112.071355836625
3531.3986109182324	13989.402192131149	8099.122909083525
-58.01822626652728	16390.10247448085	7645.40820510125
924.6383331931415	13807.229524338305	7951.835614245138
1140.2021608270786	17354.534228581342	7638.724780641359
271.96849316079437	16073.05557963888	7543.707621513065
2026.8615165613942	16574.204140792182	7829.220588048633
1587.135226539386	15319.714547196665	8053.478328732041
719.2353263585521	17150.63724326786	7608.485037790616
1443.59160466961	15306.034007251574	7799.380714119267
1589.4025530370152	17111.416854408497	7624.57650041109
1277.8591637081895	15330.444121766162	8214.112421377635
1022.3663686207534	18497.406371633344	7578.123689525077
2266.2453012854858	16313.915735695029	8068.421083158165
719.6825180280065	17764.60615869828	7690.634461430498
1617.0000994006803	14658.833063458935	7789.9003137744185
987.2590623056803	15942.415607036522	8041.867880500447
1117.5088080912508	16132.223163626051	8090.28602185623
1149.2172025125922	17772.018781473795	8078.380233294874
367.82429137115673	16772.991725012882	8080.172284736939
2098.025950869287	17904.981116167368	7527.955397773833
1982.3175912777954	15900.454105785824	7488.46850504251
881.6103172121066	15740.199388842466	7942.7422786291445
1750.2429885055294	16211.573760768551	5868.187929467566
2246.045588343924	14951.781766246391	7830.606215218848
1185.3135091335075	16489.86919892686	7769.897481404477
1811.347651558955	15277.766118040772	7659.631088108049
1290.0244656225746	16736.04773400271	7989.03637614797
739.646968650983	18672.22522476217	7536.692821632424
874.4237853613705	15095.337300406221	8148.181426673181
369.26245181135516	16265.978032691351	8133.76219596715
2588.0493835903562	17983.262822734414	8154.461093136349
967.7967306296781	16233.208415949264	8014.350726971116
1499.4789404212315	13707.598273622447	7984.803419408467
813.1958358908076	16730.86413913181	7687.983251847704
1895.4436494283875	14777.216983865499	8261.186825148285
834.7645594042723	14426.49721153804	7555.433300215456
506.3581211259577	15740.720782604427	8338.78756945082
-240.56840682654013	15698.603281763715	7583.9495397905075
1458.2942223206255	18070.27022732049	7841.019340879369
999.0052246103508	16882.13862877769	8252.55686488074
2250.1987243537424	16871.47056558818	7983.6585336427715
1461.3317114648712	17605.06258126385	8041.857790928764
1593.6757830822305	17942.93706009807	7647.871110696224
1016.8777427719057	18073.391178328795	8146.560516919795
623.5728900754181	15602.397854568715	7824.049431249138
1727.012466470241	16078.477908741685	7638.330508199797
2451.0501807949267	16281.94168598724	7488.573043866212
2827.3285817566584	14945.830152151088	7849.112879400368
953.9533402637791	15993.637370333192	7672.922237305176
1412.1315156407334	15616.011032778313	8054.805773224998
2006.2302286644317	17223.238657711685	7268.936241522706
1618.4956017641598	16508.494745835906	7687.529614281953
1413.3668026902071	14876.804425163049	7844.888987289902
1668.3376498362863	15301.29303084549	7486.708017054325
1020.1336842537162	16826.42190082581	8176.303074937824
2646.1796835814816	17477.316646526924	7982.260912339099
1893.9512167561384	17626.258059763062	7738.72617236396
2773.846860321894	16218.057134527238	7799.414747727088
1907.103362841641	15628.415949400925	8093.746928851911
2809.692635956992	17445.086248790976	7586.025134984449
750.7319353223376	15756.949271205187	8146.996191594504
2138.7552459407257	16457.287124860686	8196.55218764358
2257.3530658490445	15994.549225882201	7472.384876360843
1106.5921041518357	16847.11661495241	8057.64735691242
1782.051303389247	14833.703055860737	8127.047775025635
2200.673762984485	15010.923390611815	7572.15878553271
764.1422234016952	15585.738776826714	7922.323388550328
1052.4645556098765	15722.249452124106	7671.765816631541
1452.7986483830946	17486.515358035627	8063.209851227445
825.6884733332281	16970.827308949774	7417.779941866247
1714.9936725474006	18745.965995110462	6283.81755292817
637.4144805492418	17754.132989585763	7145.042935256943
1746.2149944085434	16354.938450966381	7964.424608365807
2002.8650385540857	15338.695080990467	7822.968405114632
2185.66190906012	15086.506256885752	7421.204660390655
307.13929862046933	15875.76708116881	7521.751648945134
996.1919081690418	15537.729077419102	7220.4654341305395
830.704526603539	19194.914156849096	7297.028769380255
1314.3647746330494	16849.89852241093	7307.871194614421
450.4698281255341	17456.1346228638	6929.490491510925
2192.7397576713142	15841.124167852478	7623.266751852781
713.4645151734037	16268.103663997152	7845.2371242024865
591.1292710210437	17364.406306012334	7583.931377485188
1425.6995093159749	16878.41752970189	7617.185991175688
2034.2951809189092	14526.479114873491	7812.382058377338
1293.8321626032196	16483.836729164486	8112.516682602873
208.89268980509306	18666.728634600648	8048.063053229268
-760.9053230905994	18433.86273178985	7925.47389389664
713.6028693255925	15493.295328930471	7961.844150125449
2858.787808512303	13908.494959096179	7685.995558565192
322.82790666488035	17177.21201159733	7142.402100787109
2040.0809685026536	15135.965657630042	7593.057911124088
2088.1490473219883	16686.504214680637	7754.645886110164
199.92245032948543	18169.486644750203	8139.493695511425
918.6779975725656	18322.548648081673	8384.964234522278
1636.9453526489501	15712.114829354712	7614.2749463313085
2048.404783763957	17703.247175901353	7578.224739036321
1976.1344472574258	16718.786457641596	7217.9355360539475
1836.2889881880394	15804.069073089278	7971.746237943057
1898.634104360181	16669.99072249622	7646.24434842624
1400.160178896547	17640.24897850319	7370.620885346878
568.3228122230976	16268.827271553297	8317.489442071937
2096.8448268496422	13147.6026034125	7763.174762222901
798.2575681557396	17358.847747552107	7541.090733903154
2021.3217840891825	17362.21726722827	7692.228086697408
1070.646969241857	17615.500723526442	8036.43599806252
2164.2923541006	13888.656078648188	7864.856176897956
1960.743700289168	15587.173338628025	7965.309823741409
1758.170178767461	15738.99977125432	8440.241196287505
1497.4862063713347	15259.54565629042	8217.26252742293
802.1122430111737	17443.6630832911	7441.487273961125
1252.9401239628319	17123.397261359783	8146.908789774474
295.9254405569119	17601.915285054758	7924.237225051188
1392.3086305129407	15851.38194631191	7759.538489055457
9555.216776409738	5882.637750176586	5170.139218870966
1394.2467051084407	17159.537049930484	8229.421067531213
1163.4787637942395	16451.697751942098	7763.848160612442
624.5116956272398	18804.27225876064	6908.078720650108
1958.0050955525405	15631.005555702843	7722.579738329758
656.3338538033596	15681.907848456438	8023.1809085639525
1281.3565646501684	16432.13229813468	7677.7214947570155
399.79979068245666	16503.96889886764	7917.28593236069
1210.89649140262	17526.608985965067	8077.08467675798
251.98902482268275	16022.86152682149	7796.807002109735
1910.527827766908	15704.451834281665	8349.818736952875
-624.4584061905457	17492.64898935741	7820.826847989405
1127.0255207750738	15627.135109053748	7416.873438975375
634.8244617292121	18152.78302784829	7822.687720412047
98.29021732442159	15922.181917143198	7916.475783656941
2821.3424622067782	16931.200400913272	7783.273979458358
506.8138216595992	16612.188151535738	8069.210868936823
1578.0156121692146	17258.065072060235	8204.391790621848
2153.701571851201	14965.125163113144	8161.051301328497
814.2729558063613	17379.983524146963	7287.352979064952
1308.603756951484	13415.405177367329	8082.565569285942
1224.2344810238606	14284.131971624483	7719.045459441622
429.443170079685	16009.349810994407	8058.692081457012
1533.6277952984697	16960.61777999461	7060.721349932547
1380.6217663314542	15584.06950665757	6951.175922831534
355.62561723949955	15834.083932260028	7988.85180513704
690.4171263229408	16528.902887713735	7733.7261659332435
1403.4504369448448	16261.475887020502	7936.174500367923
553.3731886953108	17084.461294050838	8182.05801280189
1060.3157998018798	16072.229588589922	7643.8430124378365
1784.286840276847	15895.345110589918	8124.061677514441
1810.942314694689	15467.92760706896	7207.606097590359
375.1377377428957	17242.479795556916	7209.601288474873
1200.264847890214	18041.36627363174	7635.112179995664
2705.97494478213	15798.06351804113	7742.279149815235
799.4007497997901	18604.395390335372	7452.277847132467
1791.8382643496177	15194.078120482567	7632.724928321676
1707.966351210907	17037.380457130836	8181.145773818929
1325.6457128680543	17430.895666360833	7358.111349355552
1386.7683990294381	16243.985651235533	8038.829068518434
1388.3936238049912	17298.459939375654	8116.106889431462
1671.2501568839643	15099.363545934973	7669.830651984108
1966.374401664406	16282.272885100421	7521.204881494472
2018.439086851365	17166.123341989492	8222.101266975353
2253.7681011628565	17422.310287453372	8110.698637640168
835.1503604934392	16032.22308125945	7711.396959163347
296.6336661739868	16399.94757796042	8053.441964188759
1016.3821809230218	15984.039256397042	7837.99188863685
1746.3902257052323	16979.65607532397	7541.434026614143
454.49046633363577	15717.192480852873	7878.667647126228
2084.1436861685524	15938.490171653866	7723.539346281683
1454.0923565593396	16434.89615100204	7599.231682964184
848.0568409487178	16468.379422332022	8374.36650958455
1365.2172941115855	17369.062471051857	8463.679715743654
1078.8144560483668	17199.8646020855	7703.115543444799
2716.454999108602	15575.082476782534	7274.528977662011
2151.2434007725938	17812.315416430643	7954.894886816152
1278.4117760231143	16427.738369998966	7861.197215512104
987.9203195695087	14736.517988052869	7955.463407715129
583.5990096234673	17052.09545872523	7739.936272391246
1899.8317344522895	17381.266768916084	8333.850807407962
3400.840971852049	14842.032524330194	7555.218084420132
458.6137878925985	15424.146225604056	8001.198458551687
773.222316879233	14902.967464994912	7436.18998350742
2042.3681951859137	16391.542927872903	7551.225674311211
2370.575764547883	15772.751358884283	7940.494915127214
747.7673246815198	15940.388271328075	7970.829850832893
1833.1913534594316	16395.086452821757	8123.4508512647935
911.0814909971402	15972.403599471774	7663.200932827556
1349.6230376425765	18274.59521747527	7844.135074744927
615.772885640182	16995.734158235024	7496.626462699176
861.7368440425141	15311.333352835201	7501.363493211008
1156.7930323857652	17328.204232501223	7712.624023733409
1231.4904693942085	17718.373144491557	8042.693933851885
1459.233472440432	19145.91429238744	7939.465278582032
10101.144083788395	4038.193632803178	5536.868400645274
415.11680790877	14936.429522306345	7752.269190759712
1237.8945515747268	15689.04866625282	7478.573189288841
2553.241988795386	16822.937494995836	7877.177763236656
1602.7492430037232	15541.132943791477	7833.002857569029
9541.768210577455	4916.23511587944	5507.090978559089
2284.7703796792543	15677.204559355449	7929.895305490571
2388.472225873364	16970.166619639473	7630.390564727125
1709.8073680090451	17329.318466833884	7477.767298299949
973.674069033615	16278.02382902767	7974.282194115307
824.5686704978276	17513.378470265652	8286.95759372653
930.9543226939076	15646.172782759262	7757.280988631264
717.7940232475001	17392.838934063922	7996.297454822051
1746.145850432497	18142.71929676279	7666.753347890405
2075.6156536741064	16916.831542013595	7910.2476255817355
-351.3365842044095	16593.24547600072	7928.529057920132
810.4384851272365	16741.439621047353	7252.388027163877
-17.60383490628244	17825.45436858056	7584.894747022006
914.4824266592343	15428.482476207615	7424.702274714409
1073.115845735225	18710.732058789607	7731.674316450177
505.5524242903772	19183.373520996527	8012.933255798024
2335.970391760993	15195.633409528757	7414.636661997124
611.5388620217524	16033.721278441668	8264.794462476675
741.7263512640241	16426.3348394694	7660.685557443061
1219.31901753841	17707.949077759906	8689.786522437304
999.4546916829825	17263.424351114372	8271.719231871086
245.11780593827862	15618.516822532969	7901.644503437573
1326.1596119426565	15171.248157727881	8399.278791735192
1584.2776165595858	17607.829734632043	8178.856193112714
1960.8044852918295	17837.377482483298	8415.63640471295
567.3252477567785	14658.02695531652	7857.063979670085
1860.5822318190242	16430.060105069068	7759.23589403798
2372.4252301798197	15489.698787379268	8044.389280792331
1359.5511809105265	16778.65220462612	7724.518735729658
764.7070959018731	17679.211045662723	7585.297159442874
610.6360569202344	16326.029487204514	7569.814426880081
2713.234919040504	17982.019172859604	7262.678211047642
2471.0269418582534	17342.358954578747	7963.312019060129
5148.130648429775	9193.586087413089	5230.296271958725
2167.4102330737596	16508.72637591058	7545.72665215496
1166.8218659087916	15776.696745191082	7816.939080978815
1632.0637505073826	15321.67004279453	7780.727459871938
1455.608253626908	16343.714346787601	7780.560192692348
417.18373909698437	16906.932773795674	7936.707830332025
1397.7046576594403	14377.843878013298	7962.55204734053
2385.5994349659027	16102.322291018258	8167.902143989701
1536.557551933555	15694.19109969235	7690.104237230661
497.1402205395822	16575.943519294124	7704.753917208984
678.5382565696482	13957.842476906597	7970.728661625214
1063.6267403965562	18458.657794726972	7180.744887833659
1439.4872206973275	16754.101008154943	7542.220637139698
1639.5642177322495	16743.986813771473	8315.56432118769
1567.052676794328	16281.289011788367	7937.487153738226
1891.7170823899971	15914.788999239356	7909.432780776824
10882.179533269173	4421.5239042395615	4774.057858819508
1009.614761687145	19648.716151927354	6352.177697813452
1449.3600247547045	15978.299167808284	7579.9788060737965
933.8809565547522	17258.16915957312	7909.228620683736
288.059503204932	16741.185803996163	7495.9489250002725
1662.24630227201	18781.396449059008	7739.021158166663
1150.237075896163	15826.538115805874	8143.298109540031
1081.3183186140955	15960.143539245244	7733.665847389392
1226.6508652617563	15910.616376273936	7668.6407669068785
1157.0745139105977	16101.157296724203	8207.508142683479
849.875393277851	17702.22092677792	7743.352213406336
2950.394600425503	16167.122712251727	7800.232750019209
1484.2515929586198	17105.014737979305	7241.825827762137
1496.218850402361	18044.72093786205	7925.054851561647
1378.0954793470833	17195.09399233014	8347.344385637096
2555.3003572501857	14149.776355082642	7802.23143533989
1771.2247012340492	15104.30363909062	7804.609309439121
1599.4276412851987	16920.349060579683	7602.550670424103
1646.3219625525066	16410.03129990847	8019.7488394019565
1134.3469971894547	16092.77669549318	7635.675977266891
586.8417043005627	15174.06166919371	7967.1888495808
2365.9982705380826	15979.74825324182	7814.089732669446
531.0058695179648	16909.148937963324	7522.804358438914
2173.7439635691294	17587.84247507341	7541.109647792059
1832.7102284392747	16143.593977912422	7953.611516338646
359.78687072411776	16192.268142020348	7702.652584355132
1282.956643746324	17947.684787032867	7682.96528504089
594.3808259604639	18361.678588185456	7218.457626815565
482.42924822070086	18747.3170725768	8111.295122206139
2303.0882281295376	16401.6717531232	8412.680020706366
541.923450175451	17815.237989593723	7691.119227567463
1540.9043017177876	16675.204093088756	7610.444016119325
1738.4522773518936	17844.389161649608	7687.652376557222
1815.9056054797625	17140.456581628026	7279.435417310425
2188.8478880353277	16320.599378294253	7437.409267585614
212.16900139199547	16566.394253346294	7725.980685599718
1134.363041836198	14787.829700368899	8028.842988726173
1210.6435850766115	18366.104665973497	7747.946408285315
2056.6746745933674	14931.16288322611	7960.358542099047
956.7521221152277	15875.443863844393	7688.195891798358
1465.4423630690112	16766.576673938212	7310.388892422255
986.5702278654461	17904.822024652884	7968.582337873538
2044.303444234933	16049.89692124649	7992.159080996507
575.4930803086637	17308.254315952654	7781.195724622238
1303.1685856551371	14507.59119775038	8062.252655761944
2481.1318607677517	17014.805221049264	7595.092701229189
2991.92133413995	16914.81343497318	8234.764026326624
2433.0738267871816	17399.062811024425	7968.449669835815
1153.0217335076943	16914.63492823419	7507.511970824709
1139.4599369471587	14888.659093279328	7780.216130983708
1813.0845485517916	16263.145096705308	7602.375976010633
728.8011728316111	14234.125205898083	7484.155133693542
951.745725520745	15940.279030893513	7695.277045503193
2338.46540379989	16220.292168291257	7772.198093163374
984.2291729901682	15510.564684751176	7788.794782468974
1444.290721307591	15490.470088233924	7616.146240030354
2054.8418731205884	16020.904651180652	7556.367566667603
1144.5801379613763	15310.67101759084	7454.3857699589835
1205.37583378551	18943.57287719189	8142.828414351239
2285.5429208779265	15023.205196300383	7869.273893136716
2033.174910257876	16108.376779034186	8122.483035119172
1277.394233815131	14247.38002433626	7727.554978367943
2032.6934614317952	18140.31254213312	7693.19331636422
1135.9649545918699	15167.823879177055	8301.23959802192
2139.761272496579	16089.066480204214	8070.107271812469
927.6192570380172	15101.99420738004	8140.16281688343
1211.7778460221334	15120.463583989838	8159.154376637929
2168.067276100689	16655.420430545335	7650.874959824768
2237.1647095123963	15326.269743276202	7870.325985169184
1975.9748523478665	16998.043539210954	7268.647513012774
2214.8323564943253	16666.9400319973	8153.170530034425
2000.9726359079443	16530.57591719647	7182.293694186605
496.23737075530073	16758.72544811467	7953.210652820719
2130.508024160485	15142.123700316099	7842.011308982143
1516.416153064782	16863.616958369697	7609.762976859649
536.7996134773073	16063.082768278344	7659.219115895358
2292.96863597843	18303.435413664945	7476.2432346790465
1951.725085060663	14786.316815498161	7336.1966132628095
1243.8567955617564	16602.18049195696	7386.722501842793
2114.2816323767433	19734.090872184173	7476.830328790623
869.8917261637728	15632.09587230992	8202.252625506766
1825.6362521846902	12543.02613767578	8187.681356269587
1501.7612769031127	16016.610302653784	7265.007917241653
2112.137796862485	14373.510688764925	7942.898852278923
1125.3056398481112	15206.106175984014	7675.643123747416
1107.7357964478547	15983.087201849394	7507.457968164549
1955.4864967565336	17179.085650551115	7959.485963020724
1759.3875859158366	17144.333496381816	8314.467126907535
1029.5621969155827	17853.98153296477	8206.230656517817
1563.5325714593894	17298.718736245533	7872.0071249078355
1323.2660918010686	15518.28480358346	7759.4122298553175
2408.2368391499335	13607.898414370502	8144.017709222445
1919.72779321341	16182.39064300899	8246.551772710192
1957.7254464323282	15732.122234075716	8353.93445400746
2067.964312503654	17524.299199990073	7783.463996853423
908.9852612159268	14828.879712844186	7806.4333903464285
480.74057277404313	17161.87258595703	7610.757774902312
2178.774848788531	19886.203515668207	6116.663002792087
680.3174508025153	14964.087453684017	7957.428073522361
145.03654923834063	15934.395930414636	7491.2031593484
1970.1660128610895	13814.812713098343	8384.790635804917
2010.3536733915123	15718.88153995473	7718.375273061086
2773.006347868754	15925.69632367717	7920.662268350567
1330.7958794292279	16289.48857494246	7633.630994094367
2066.3616465142914	16478.103905917997	7909.745281496935
1053.5560222066404	16783.362084983728	7387.455426734159
7136.053574953942	7100.811894765738	5737.143215417559
1172.6772408818667	18081.010217552724	7846.492984367952
1709.0319038828586	17604.443070389552	7354.584992573129
986.6342214290416	14188.390419862093	7509.832610540652
1118.948749163745	16266.81457737632	7973.824046415363
2499.162587643321	15446.791546343471	7410.052586395502
2435.8315960278246	17660.57615655149	8124.902045838687
1783.9294428376415	16622.211237833657	7956.829139302322
738.031357645067	16849.371854353092	7599.77133253952
-30.2773853875322	17037.418308756514	6990.639254380336
1355.6081826486782	16945.596589623114	7975.579031101045
1487.682973173918	15791.575076564024	8026.395805125481
2343.5036451080246	15144.134291618595	7577.306510497854
1734.0170100731257	16015.590903609123	7643.997237861219
951.0568422835765	15194.03826850487	7872.694621578726
1928.5897877411865	14940.71476181031	8035.071410499827
1831.6930092576752	17093.52639295659	8358.662435841014
1395.599769794302	16413.33988935213	7551.518550681372
1146.111578408979	15912.081796747027	7786.056487370935
617.7220583827059	16566.552755461424	7606.983029188752
2025.2494872049851	16385.926029711423	7797.275712162639
152.20404967728285	16372.208989753326	8092.250390871365
1641.8259094618572	17016.451864260835	8432.673234404749
2142.746427836715	14665.984029375708	7769.250451575126
2271.0435676018233	14312.94916617186	8011.312832438272
-120.83671616985477	15135.696612608275	7890.917071208076
1127.1919533072592	16276.150811022659	8139.878918193961
1199.8382640070613	17234.789375942815	7420.2938081329485
1147.288421199183	15417.675111065932	8258.919506503771
1165.9926305546269	15330.000855091128	7529.3773550373435
821.7137699815132	17207.142921433227	7805.436909117436
430.6494012610951	17659.69309732557	7644.509294899094
2353.1952772268437	19242.67953701935	7612.978041327079
1079.7860190627814	18272.07449865407	7230.676291821349
1932.529928316548	16192.621882207244	7483.670817997391
852.3157074470747	17514.586785502463	8388.666488066554
909.0342435092513	16552.010289260154	7900.516707025656
82.68901688230724	15846.013396960621	7425.394376216318
1248.5521391343227	16543.289471229375	8128.636457254397
665.9254994312046	17853.183337437076	7628.669887550362
1873.253095130587	13648.2998204258	7609.454875760167
2077.924820866009	15456.103247271207	8551.383529434685
1784.9353538327944	16625.074309256648	7760.484784863871
1104.9202727458744	18679.069252133406	8024.906815651163
1719.0240067292593	17103.6306228867	7576.382656055919
2534.230725291407	15180.801007884695	7667.361851385105
1677.725882527949	16255.574948654861	8276.995221180447
2131.9259918629687	17074.764709546685	8094.421013048662
1352.6245390308513	17897.809065238303	7809.864433861042
953.6008127803939	17851.11238228338	8192.385341924664
1462.3589491011064	16013.863913100526	7679.3899040336855
1709.7720635660228	15291.774265679118	7764.464885690701
1772.624533578063	16085.134350039212	7792.384068108885
167.1469422080874	18148.981538641663	8150.721950375854
885.9671076498571	16279.801946325275	8055.814391827318
952.2972947259585	13631.677694332415	8195.837858239494
283.74498502901906	13663.051141201182	7745.086135921565
2186.87279350323	16971.64130603937	8174.27901812021
2428.491331506196	15796.697366165827	8362.528702670292
424.84021431913004	16264.47494525373	7828.2187746461495
1349.4416071789947	16708.357844779068	7743.178304761228
790.7169663854372	16718.882265857555	7481.800208833952
1171.40914142272	16985.410774753604	8201.401322451891
395.1918859289458	17069.01234428268	7522.837680329571
1394.5146848218303	16501.93463864461	8103.377561696327
1415.66077088653	16501.239657868802	7961.957160628563
2023.8092673647998	18193.502582463076	7401.761766595648
1501.9876400164867	15028.713349531068	8175.340720395559
1160.4465761166557	15149.43475964602	7948.198326856262
1874.0944314746464	16024.548282506517	7936.885480538545
1062.179496745333	16425.220316393574	7995.124691816258
1743.6099284731565	17402.26804630858	7453.872912656864
-94.58236688044497	16329.977568580001	7957.639747865118
-61.9650436708238	15626.832608389062	7509.178570580358
684.0113757832065	21049.84089973203	6171.077181877968
1917.3429860731028	14710.12023410693	7535.666172762305
740.5759035946973	15520.088219686195	8258.116400045137
1132.9647082386352	17712.596997977664	7803.243004380381
1060.4780257620084	16531.517211427174	7738.290882804757
768.625576111306	15912.622350935735	8123.94560987163
677.3168139510893	15709.128997656739	7846.300865044302
1568.0704362753472	17949.50687628958	8008.235437916538
380.54455805183386	17104.47222025736	7987.390472469548
1217.0270923057908	15909.77574041706	7637.208873368033
1248.2125018870545	16438.206782611116	8131.038140504668
471.0048651278874	17230.511233776884	7426.7523334159205
1725.2020991028394	16331.106061581242	7800.96731495588
1743.8895564042575	18369.768139813135	7532.2410880334755
2245.5132935334236	15493.313769939396	7838.313289582137
1146.739713033687	17470.082438790178	7929.6203768961395
525.5880374224843	16180.898252012246	7659.48599518636
1268.5621373195424	17105.005598902608	6862.173028451205
751.1195757469269	18222.3529350587	7460.028937530962
1407.9237068002515	17006.377036118174	7659.780344657769
1962.9711377979	17039.629933730495	7202.21447351077
1366.1781532112461	14843.196234259274	7831.9821912179705
1621.8568561746913	15314.650837034264	8303.664857129881
2073.6282940882456	17060.688285893866	8297.321133744597
2410.2632274225734	18521.720753134952	7580.366841520956
1537.9822450587312	18240.518972670703	8503.181658884856
2060.1049199876343	13691.76218579686	7982.1729595330125
1364.7406438910732	16141.595723595296	8327.0092322646
126.59809448649443	18130.870902282575	7579.6188507262605
1425.3961232891868	17003.202749159154	7878.60544910698
1062.7791163437687	18426.906095225764	7660.376098477761
1993.1531235117168	17012.97920899902	7200.5628123061715
1955.4459147647704	17270.439843514767	7215.729859061781
1324.0939124421864	14374.094590597717	7687.640888707916
1046.7932145302482	15095.64968828716	8368.822998361358
2508.2403439604823	16469.76980705643	7913.20998273371
787.9939678336552	16325.090747850165	7484.799690827586
2336.721205142038	16278.806163736104	7935.565971407783
803.879869436473	18525.065640388326	7740.266173028764
20.450909101264738	17587.260246088288	7698.296696247207
1102.3105435199489	16865.59338268125	8196.892148835983
455.126301736895	15658.455276929928	7882.809936210114
1358.2791482368502	17270.35530640328	8135.726191578789
2140.6162213914054	17100.8570781107	7853.867533618272
1657.855250830365	14581.37130337921	8607.424593060854
1810.9229149571972	15969.196652070095	7498.234394233083
841.1068562367127	15774.252201598812	7810.226268458864
1871.9877911059095	16747.374666657888	7544.915092290927
943.5438500942282	16367.075329583775	7713.070681808611
1806.3501686752697	16694.00816755393	7802.633942637004
594.2363751945135	17249.197274788814	8146.991710746047
1306.2108933000916	15945.330686804919	7856.025239911626
2505.701339481	17121.469447597265	8042.897283811842
1712.1910196149602	17576.795305166645	8244.989605186647
1276.9846564160398	14865.291606068244	7777.577082124139
1575.2723706924212	13842.976894676522	8187.048978026521
2135.5753142132985	18390.14197795429	7844.147210978434
1465.9166230064031	16158.360948301535	7999.431124829284
1796.9808802398256	16095.77929314304	8266.930980132976
1578.1956602524358	16523.893251137935	7695.318340352503
2040.8212516940043	15739.536695276396	7908.203939578189
1553.2813027479733	16828.252918214945	7963.2347510069085
1233.3215848957075	15469.2942371992	8010.6712945968375
1612.2876106124797	14956.016670926325	7393.020871272838
2659.040785619369	13541.484523711342	7799.965056347638
1222.1447725990076	17186.66650766033	7580.763582433282
1238.9837499194725	15509.88724148197	7315.385561519518
493.16200748708127	15367.043886728597	7787.888980262442
2289.0176472922553	18642.285199087386	7571.372158015748
1604.1286796300717	16408.24655789293	7594.678217110463
269.8437617968202	18960.449838635468	7757.646550824911
627.3765210542615	14981.187292481969	8382.12451977022
1577.9385140507327	14501.788798608453	7592.951863520395
1416.9635631248912	16820.324861281955	7960.724698537126
848.1544152152408	16464.591566498937	7830.2833195290605
1582.0871446743488	15183.76657298034	8099.785195668452
1559.4791992661646	17209.296921583773	7752.357291327874
1330.910119882734	16230.55187746832	7472.549390599673
2202.364158758525	15450.335687130868	7642.7971357882925
632.4740209826349	17897.846799038038	7288.132321684294
1702.3909450127103	15451.800819508468	8278.594862351632
593.3023734972253	16338.979716187583	7704.555564095268
441.85102596987053	17011.906385358918	7264.288728504487
975.534699113147	16343.274292835582	7158.690503987349
1584.2408923743014	14873.24077557135	7698.298287669408
1631.4975447288423	18179.924903014722	7772.3097059227675
1352.4761816654927	16532.765229728127	7418.040408468558
1489.6327899254334	18343.72441186811	6949.757822244069
1898.4593495086367	15711.357963393306	7520.791342620373
797.4909233723891	15938.197811771868	8032.7075212355685
31.707292276279848	15375.885694969218	8156.185098544987
-420.0690886641185	17388.34594656855	7479.361445337836
1975.188398332228	16069.444664508075	7637.311480077596
734.8403642455925	15739.809596577088	8123.243733166767
3297.6875376892317	16695.572420099954	7979.0632311275
2251.7834771350704	17785.146972559665	7948.81556872228
1012.0633250454115	17175.691648966735	7858.894438296118
2581.2678519605583	15583.072209410198	7688.41098637004
799.7300201187973	15068.538104871388	7653.9892037332775
1479.1791909979445	17674.148185688853	8131.240114644845
621.0006038864631	16593.71661580247	7365.689776709119
1770.0778407729688	16292.393017006822	8014.863988151147
1418.9585578715455	16337.109092122842	7705.725983093059
2196.3838197373275	15311.559875153267	7490.1478352962395
2069.3026696128427	17033.36605296754	7985.843130645565
1415.0206872606989	15600.69476253229	7339.079592634045
2953.7417959895247	16612.4084219031	8473.091862233374
1930.9205828537763	14186.944938692766	7829.282422584927
958.1761147054756	18220.22068745401	7535.364092982015
842.7753918774301	18585.203038632015	7625.68545721755
1839.7983495339674	16240.889120090027	7680.80389333115
1498.0305049307008	16139.183433090388	7589.608669146638
715.669163952527	17147.91857413198	7392.767018452036
9731.130822276271	4084.2398588845604	5348.274353666937
1216.1011053502245	17266.084732776577	7746.330834636198
511.52083639060317	15641.4236214777	8001.443958174495
1338.4137282362249	17961.98832781064	7545.052565600113
1527.1417794968825	16095.588037397567	7679.784448476129
1850.7628686858284	19441.710480971564	8228.861179815187
449.10141983363405	15242.26327378303	7800.284927073147
568.1638338738126	17222.50912503927	8010.204298550096
1315.8781263853618	17470.603632894818	7908.8893150240265
1998.2493656926335	15817.159740490772	8165.203639492998
513.8573178055185	18485.59325131754	7939.97077594287
597.8883915414784	15949.553570670587	8178.128078074106
1951.884054549433	16763.962156644127	7768.060283423199
2238.8122780525923	14505.854674585415	8345.217651081308
2189.700414877955	16677.69935113106	8155.989974153052
2847.1972235706025	15811.356905343593	7221.40556656821
1482.2603659533756	16843.298055670737	7952.036981800839
1800.810995347066	16169.073341484444	7948.0123860520225
1642.0915322509882	17048.861733383215	7781.386670722197
148.4166143723542	15661.046075615968	7921.633194475628
659.1036340019198	17423.911993896614	7807.149536283919
2441.118350303736	15978.105388092088	8012.013371015563
599.6097120521117	17019.963418101324	8112.363288308095
2350.933625463688	15489.608530477048	7973.78428682918
1169.1692852404717	18022.50565230403	7575.641050515302
1094.8227628986076	16120.840341582061	7857.716196252928
1118.1278535162046	14715.84053974935	7712.38354622601
1334.010477263253	16837.654186984502	7238.111214598719
1689.1547693022205	15807.085719133805	7996.711777102931
2121.5550891868907	16152.050393426145	8380.68528185799
2774.9552107817553	14230.436212871586	7617.779080131417
1161.9225884412706	16878.18968912629	7898.087109439327
527.9086774951732	16190.131297495964	8149.284697976821
1513.626864075611	16255.780479038362	8032.917820796557
1041.6170553183208	16786.513767666936	7752.115206658573
822.6241599176309	16405.444302268614	7443.893610243689
1994.49291448185	16835.755244176617	7600.407809436517
1213.2512137269389	14672.049482978267	8039.907530661497
1269.0307436751143	16805.877698326338	7769.843600541478
1975.4754201718347	16617.852903139566	8182.704428518343
1721.451101905165	15764.662241730253	7853.421476899574
1635.1908584195364	16263.551849563162	7905.29665719424
2259.250269155626	16485.405859861818	7809.309550795768
1133.9425501190938	15557.077220535224	7542.318343082477
1337.531335825547	16762.029134211443	7937.828681898133
2189.5444711178993	15690.444712086866	7933.496647874029
1614.9855536638847	17210.927329845832	7187.14338344219
1499.2060677468448	15084.462443193446	7597.162909883329
751.2641294099332	15414.734955065658	8208.5023069447
1656.6816277644855	15480.096282845408	8671.388293754175
877.0667817835292	16266.416821128136	8484.650579797963
1145.8705855073124	15823.80371418934	7867.483131279428
1195.472231857334	16590.867469820423	7947.3089336757
2062.8436441439057	14792.725349213582	7919.772941545278
2118.6965414964047	13984.047475785195	8511.100759198476
-556.2971654414542	15446.43934715124	8575.160175351288
589.814516481503	17615.814348479293	7496.30349526501
1576.2605687372634	16174.95440758793	7611.006146658049
731.8620856970733	15310.474522371636	8056.252262502785
1083.3791724425457	15706.801730635209	6865.396275876384
1410.4482237730697	14830.766040088005	7874.3741328576525
-48.67500555966455	16363.174497494205	8231.78779943095
1249.172404947532	15292.335330489788	7910.617222402994
1841.3259728518049	14589.801603387414	7505.010451490129
532.7563323875592	16779.196065505726	7572.595382084554
1233.606127173784	16087.425313378575	7369.068305349142
1792.5279464312075	16532.45518045015	7192.494277694289
496.0829581769179	14669.557236887336	7605.956510609349
266.7181006732303	16377.876476617283	7676.803698304017
497.23585370083094	15812.068517426345	8320.240006077496
1156.4980645638052	16701.679785149357	7173.97914676628
1337.1886595822093	16081.120541843156	7845.47547177464
801.7646269588201	17354.396459143965	7876.730393157484
1113.7493351141738	15358.796266209456	8085.070092720701
1628.005742712694	17027.76928007607	7479.035534364438
1870.2233271898135	16784.181633195	7645.313524482083
1761.0707030108556	17154.090918080507	7558.387855514259
671.350901811585	17297.865844263695	8014.452369950299
1501.2115814924655	18400.059661457795	7665.325385625973
1035.288383781729	16470.17780260645	7666.457864942541
164.2965484810299	18651.81733687888	7468.480275718101
-593.2200691081699	17318.190655827802	7832.634438177202
1431.6545046434119	15971.769014498497	7864.480955685876
1237.0420829105917	16025.484340751598	7749.546270569945
1107.3738733059017	16324.671984885044	8315.552219234534
725.3930224948191	15091.514353113967	8059.9934640909105
1083.835333428736	19143.613866883235	7611.229357517374
1887.5439681754679	17629.882726094616	7776.322992259965
1524.7115181563645	17001.83271595733	7676.335837500743
1929.8320828584883	17840.358900424104	7825.64810321662
967.7115283975633	16604.100150225815	7740.154769720262
1740.3521687208877	15552.178096183345	7456.62702908884
1681.2922593585852	17301.88609995888	8093.251393714545
1433.4590106211417	16661.449228370035	7448.821473511895
1973.4418279723893	15446.668590034233	7003.648473092888
1118.7008376895972	15956.847378878965	7549.6253615689775
1181.8120858378634	17592.486120844525	8158.580667588496
1390.6681624993855	14120.635179167937	7452.706136762047
2112.9516259423654	17625.087160254097	7346.255123607101
2323.8617885325684	18385.383079530508	7321.403855339489
343.6214730542946	16307.51412009519	7727.052100271899
1416.759939670778	16876.697255210474	8719.031235140928
1119.3785295351415	17336.6255061769	7798.623630995424
1957.9188139093076	16235.226936444582	7937.846764500738
1574.8744276428738	14883.946939836715	8281.958724462505
246.7459090786125	17591.941693517398	7443.5400048867405
248.56214232391298	16349.87624746475	7401.8667227206
2194.904256934935	14958.046505718476	7332.566629470207
775.8864034349668	15359.824959849584	8151.440018581066
1689.0007629467834	15867.61293893811	7872.872305746822
2124.170733101848	15872.15020109114	7912.524576030195
1970.951932059567	16402.255163313395	7772.7151038782495
1164.0290139052227	15566.957243519757	7888.207478759505
260.91220983438166	17209.715752396132	7717.055891919599
2694.599089517166	17102.682842978757	8020.040050366206
530.20030796844	17800.926742444237	7813.3656409800715
1610.5562183301524	18545.78258175796	7596.919722124792
1231.4079709629027	15719.87050064457	8035.48029545466
1088.3650727072009	14712.87802475288	7673.5933085115985
1525.2156260901595	16822.29506978816	7600.894975459015
2278.4813729367916	14694.107046776639	8136.815203702129
2262.975639900098	16147.679948041901	7547.2395267033435
1282.3726839929873	15072.920434667916	8071.723531765964
927.6046319683725	17516.81674986222	8068.719165067003
1180.101710369648	16917.19865500851	7549.430030209668
1244.8604618211327	15907.827944588196	7864.2979158558755
778.6017122513465	15716.148607293564	8116.285512931889
527.0884138206496	14484.845630558499	7589.268025200554
1637.7223995802774	17462.913585172933	8240.200667009729
752.1877870634601	17714.693090754463	7537.584855794944
1332.3009574773241	16450.66576926048	8381.307790185312
-881.2909394790403	19149.19351504592	8122.525581243555
817.2290703570158	17459.73620369891	7650.1936425089425
573.0831781499265	17515.394272494985	8122.9621836536535
1257.706915487193	18068.122145374702	7181.948569250942
1185.2051144232098	15783.369787103962	7648.215308035122
1266.6186509420925	21607.53356537672	5748.610942975562
1061.2219357138408	16973.161391257985	7933.489314964945
4319.032312317092	15993.579055108416	7944.859022151075
1510.6296289732175	15700.64911649399	8210.648514228802
2816.4482281203054	15484.528699967412	7330.572644475598
499.0269553057431	14246.938350002329	7888.6541900495895
1598.8753168955352	16118.880350709642	7614.518553841035
1729.430744573525	17623.522169263528	7941.985080599858
2676.820764778515	14858.930947966155	7928.915546417094
1999.3130094185171	15438.15332769686	7948.114918774253
399.1284351352627	16120.288894704689	7843.504667433435
1078.4529200947986	16048.69624309569	8104.4610104545245
2209.202848063646	16826.61612874166	8251.030574178443
1035.4339302639505	16527.797157779056	8024.193795578834
1011.2605447866837	16832.969841658327	7937.209382921479
1254.0322376850906	15747.492764383796	7549.286601108148
334.872066324061	16522.05499319712	7751.876313229136
2323.3367659598025	15722.981704634152	8052.820422378872
2287.9447900736827	13979.918542431917	8626.216410622572
4281.928986263156	11534.564890637044	5433.477310680196
843.1104530644159	15089.40956234611	7937.4519718230085
3014.0955326145518	17537.449914318833	7537.85508506526
1851.8117583984692	14487.909185465684	8171.515465510517
1112.6235543472085	17462.0111924189	7789.283759757611
1662.0906455249274	16224.473764777827	7640.92748126225
3579.550301208906	14651.045877331422	7932.986028146395
515.7677393634584	15967.23083215647	8172.856798549213
2122.175305102469	15645.260616289072	7415.990208213436
647.7091930142925	16592.755323561472	8112.628111491689
883.3357506263131	16465.43511055297	7753.532617000532
1194.2958949402862	16308.395668239478	7587.489670096401
1161.6060541757156	15332.514553794563	8031.287319993709
776.07287721118	17029.33043923838	7335.592289683834
1986.785431285202	18114.314971020794	7254.979471087284
545.4420691074245	16329.26982995536	7936.001532496003
1923.0715027072033	15443.100438033583	7911.983990368948
1775.0528353276345	15306.070829095705	7656.07198394692
1656.254372763098	17675.013258953906	7935.544623198654
2121.391771354285	16489.640754932945	8421.194048651503
9402.964917371648	5003.64768690118	5511.084762727137
1512.2159829561965	17674.089928731675	7637.682848306326
1961.8551180104516	16683.60154657257	7769.782075304773
704.8650584149935	16546.01158742446	8310.7924800337
1035.4713708516222	16827.458115137513	7787.710309769561
2077.708725048935	15642.66940640157	8038.768678829069
1187.8300414415967	17099.26594116106	7410.3376035101755
687.8235832574926	19021.91910296637	7625.730859209566
892.3546607923962	17315.424907391967	7692.979703340921
878.0842127071949	15823.151102134907	7759.23258965802
875.4311065062982	14764.77956015699	7987.010707310237
1323.1824821039004	15987.565347267793	7911.40154519207
1995.629809243577	16480.765139606287	7925.7222075134605
-147.64923262250315	17255.22758912343	7582.227737314506
367.1176634736828	16725.954964293385	7709.719190944827
1019.3897578848348	16835.101383599427	7970.932392812619
496.25871764696336	18132.53135884274	7765.05356128173
2192.511554556625	14799.24001899453	7949.063031801915
1087.0388185157972	15722.402935142272	7736.7394220478145
1311.364484903393	17574.54186214909	7776.685796293782
1504.9749084036298	18476.33566256707	7067.696993517121
659.6837969691154	16388.290503968215	7628.746525394851
1824.3911715039349	15296.762514550735	7907.938662203965
282.72522988253934	17086.615999261463	7843.1462642659
1415.766270610235	18662.045156025226	6886.0170369993975
1638.037232276948	17982.05718619447	7905.594837026559
1343.8291525015084	16494.332492620517	7891.199992731346
793.1003917987267	18115.244165289016	7874.7255886169505
1117.6061750894603	18207.215728561536	7448.752534656495
2586.6074672010295	16360.109194021643	7625.298297887043
1071.3462145821202	17264.662048939786	7881.059517649654
1137.226543835755	16231.86916650551	8123.512474453494
947.8152300609814	17061.075007299612	8084.309526310222
2252.81905632927	15608.21152802149	7802.192630213042
1511.5933569019273	17803.394943006413	7651.450481901019
478.3805175406415	17466.23070300715	8526.708618902678
2067.276993441451	17805.142437917715	8216.83359774721
2185.746692938211	16168.375767180367	8104.214355070177
1230.7322780111413	17027.60407199869	8076.738102729927
1433.8049662116578	15749.811074259536	8117.146052569346
1961.2295315862502	15313.920187389549	8152.000323653305
2285.3825477166574	18342.1195172069	7702.585611732275
8880.522412717528	6936.760366568743	5322.539990350226
509.29856948338943	15860.118540277947	7788.6429882815455
2463.0351620333713	16085.608291851791	8311.359393366136
2137.069996652979	15652.38716264648	7854.741432130661
450.8113873503026	19831.994270333216	7636.33528148311
93.69622167628819	17524.575767753046	7476.689423102489
1284.519408031594	18078.12034081839	7870.794280588911
2138.7580371452605	15992.090935996215	7827.372416638635
552.5110685867782	16698.19180623627	7834.090100250338
1419.5676788639687	16046.739891127545	8238.310613255386
1129.701010910406	14182.195000213438	8031.145792024057
1476.347239983261	17849.87150688921	7240.846235508343
1915.8871725082975	13692.852701296664	8267.979991116505
2874.549063630691	16854.05868766727	8374.649376629597
1607.252021405343	15821.449658772153	7485.393871678564
1329.5906944966464	15331.405336355247	7835.641273923307
1460.4712758447579	15788.493193803155	8025.0500231075175
2839.1291940413544	15142.69070387024	7828.450644186564
2337.162666919774	16583.82961098805	8172.814196541873
1463.4242769771065	15524.587500138661	7938.705493356995
2061.3953785389044	16114.305874693338	7716.8975593563055
1468.494699081965	15389.754448829595	7537.0724265521785
1282.7017448683007	17316.264340162095	7443.016134928184
2058.6914807309186	14354.544252843645	7977.867240805799
1569.214120011704	17276.684325628936	7617.270340507395
1135.2728457895225	16243.224201334882	7325.4243078043055
2624.354532575931	14886.87471060516	8414.082075564307
-75.15133485355952	16971.271937740454	7638.595026573356
1197.3354607386843	14517.993539365276	7957.470158842585
2031.6073336642398	16661.458915111878	7592.679956482122
2176.406914808968	14960.960383982487	7890.776145102971
1779.4018262972827	18488.229117305684	8307.242160413705
1860.2736408655023	16559.020400546844	8002.264781879862
1674.6357556927428	17518.4050602177	7613.787396970634
1395.8706423076665	16789.315225353548	7651.835343239561
10581.205286156393	6186.362419181979	4932.796758818181
1067.4771356940598	17309.54290357189	8097.571219721965
2714.156315332314	15528.953773412257	8063.497420195123
1103.4619103353118	18502.594685913762	7241.281906604412
167.10153400460575	15787.584866359519	8232.73434950946
1050.3145613411286	16377.731008776023	7500.546239050478
624.3034749739352	17295.98956046171	7449.010734820804
1899.5638808904826	18257.125149174848	7649.76273911348
1760.1239979683726	18286.33066668037	8111.586613457344
2092.0952459521304	16174.798055459329	7758.479714190175
2402.356061759954	16243.375456762167	8165.327441824138
2927.8916532571866	16359.143016728089	8223.558617166109
1279.0012297322687	16738.593280017678	8342.684571240055
923.5015904116294	15075.26024626498	8396.889590204772
875.5803276254534	14771.680894303112	8060.570546595017
1423.1107788887261	16266.111762157978	8168.869458018699
1087.9316695772543	17216.79341895129	7969.173954703456
1894.835752427398	15974.727868933354	7694.786198271356
1161.5012853878522	17392.92496788379	7902.400845764166
511.5786037593401	16298.26504021932	7536.11344230588
2004.6351412040808	15111.99462377585	7822.991733848296
282.7646865812462	17659.435426619035	7523.683606603835
539.5604399770123	19544.924616969296	7138.344048176458
4056.002276840878	13759.625261670857	7695.159103410683
2593.6974636649447	17439.328504058052	7516.734351622804
2210.536291094936	15142.32305298821	8097.412422595224
8357.25236273558	6302.013599400154	5300.02723448435
1016.1223425825551	18524.73557943864	7725.240089324421
723.8241258251859	19134.09310499697	7668.64225662603
2067.5976962587397	15317.556918665536	7596.347343353962
1473.6706692993196	15932.896994929628	7724.7827726904625
1140.7646158887023	15952.96761092968	8469.968658118984
980.3126093842977	16462.98655595438	8076.811552089868
2181.299300966538	14755.606134698848	8019.245441573156
1070.4583974910643	17411.765429859035	7780.711504225533
1464.2686499580911	16894.12905516344	8132.933702123701
1845.9003405990422	14806.474032117301	8689.652618065162
1312.5340905920034	14931.046329076555	7743.160350797445
535.4802349143062	16112.026956643673	7669.356552793647
1283.1341395583295	14345.458356763485	7883.805283837068
1073.7072708909259	18295.22145625657	7742.683267653775
1422.7908251407691	15447.54994569088	7653.868412302062
749.3579940587387	15872.004367596746	7951.705665461443
2116.2709454453993	15484.820408768845	8155.689592198521
1583.3137517619693	16228.334141399688	7710.121989212448
2869.683021495556	16137.127821838945	8173.16426438781
2481.213377423466	14806.083895150117	7648.6239095319725
2555.671042678639	17263.302975977283	7071.012397822854
820.6543085566591	18581.021228907222	8081.041943305873
940.9697931109516	15628.342971269143	7653.322224158039
1051.5436533079676	15597.907444237631	8308.1031491611
2374.7515975592833	17050.55773403035	7830.037416206721
-203.57265294716694	15187.248293416393	7768.121866635926
1592.422037530432	15379.948833286353	7964.9106704343985
1892.8246291186374	14299.69518089513	8196.504961546263
2032.9840346349074	16111.718850648862	7506.032632629842
426.5014986205349	15177.762059556433	8350.123812740729
686.20363289377	17035.659652530787	7573.677895094899
2729.297905994734	18283.21210819641	6365.702718541567
1436.3047033537262	16490.72875191572	7150.357765378503
875.7359925190706	15453.374252614487	8041.712814674678
982.4682020748087	15620.398914165762	7959.275270268132
1791.0958697604203	16263.841293598736	8313.932621243484
1025.12244196695	17209.814740078153	7294.228579055198
1918.2756609716844	15847.314778623817	8027.231185056615
2400.6542345264425	16352.301453582797	7713.510638841175
921.5336781030211	16747.851811682125	7880.143270812894
1781.8442955675393	14797.543162795791	8300.55636799099
1489.9528977528098	16334.578943611818	7822.310172076674
2078.3255295300933	14626.103489408586	7889.567616862008
1219.46774404273	15611.753569137021	7620.166542458525
4323.6014909274245	15983.867576597282	7974.096505749648
759.3953743606373	15127.51824913969	7774.231617864257
1973.3215021519236	15926.94565442589	8089.380119939601
1426.1017579863817	17153.11489498845	8049.7134665330395
2225.1148313322233	17671.92940876668	7470.136353535929
1562.4744149079445	16958.94972481034	7230.719561174119
1542.0040263188064	17049.29723980556	7099.344103056068
1087.364030749255	17551.762228935997	7618.989710430548
671.3742201616352	17548.439115124336	7812.904834085076
1407.1841437667076	16832.73479663595	8136.663980146478
265.4763501196857	17746.545830710482	8264.440200916766
1200.2377899608937	15097.75812752114	8139.729668842879
1975.3161123063344	16027.875745011535	7641.182875389413
2082.4141694018435	16205.042036528828	8304.771298990489
1113.1065849776887	15705.393986710236	7105.425716991027
440.81093626405703	15879.220083122374	7695.889789936477
824.2879180914531	14328.581793214496	8001.971101239299
1000.7835919732405	16799.801834400223	7973.0168827145135
490.1445155283965	17971.364776925893	7622.264788661899
1595.7567176511668	16239.607071129069	8098.791553464144
145.50976247068462	17505.19813118882	7806.802361550653
1332.7453346301672	16255.951128461089	7867.150834624756
1601.3664813188384	15883.227902383765	7877.078898997023
1119.2892843268235	15530.998086146303	7909.175505989164
2242.8785683636033	15955.13334687289	8233.205945276355
871.3485344827154	15806.044407199926	8117.1968708336035
2101.3790600495577	15299.708396022419	7821.416772991648
2153.067870970557	16457.78723079612	8187.840802077047
2594.388648010133	16079.95882167813	7428.33305996468
1070.8967024925882	16263.781705396197	7699.668659855554
855.7073501819884	15427.225676389817	8129.284933897278
1447.44904437708	17119.900964631255	7522.541835271932
1075.491089031842	18556.71688963066	7663.936712550511
163.38746196733095	16765.771039278137	8113.102176625645
2895.8053586685355	16161.157243284637	7990.969402989741
1867.842620542788	15128.14175361933	7694.701610047026
2268.181076986844	17485.626141105422	7818.608853340715
661.3718986009322	16019.856447564804	7236.487132570522
1891.684876375903	14687.260215104508	8104.895625699281
-96.5250366765694	16871.279672726734	7937.913905507297
2426.103124406825	17656.048209881294	7193.588900862557
1376.2570640462138	15483.374386356558	8478.003327656184
744.9781678000405	15217.51415656531	7715.641318782835
2474.034023055225	15963.005545751343	7959.950749826788
2446.878775192668	14993.152252806038	8136.51668672938
380.8089012453388	15931.172127000624	7946.32205560897
1483.8201442188836	18023.712744100932	7537.515544495072
2407.5175919832004	15332.567380991137	8204.893963844717
1763.3138514544187	16418.961565296824	7735.796880852534
850.272023574926	17717.02148424563	7843.088823131985
1540.142246542737	16634.48322618944	7908.960514602137
1707.908063620814	17399.527258553837	7555.892429890327
2461.925396029214	16834.714177683243	7805.906844175497
1161.9929981593289	17576.56990071665	7762.142465313909
484.341978677994	17176.31753415891	7829.694391490673
1414.5424208571337	16020.359821449943	7675.637612712773
1773.902766052919	16247.899284383031	7930.135463862645
1372.6026304934685	15415.013349492629	7824.284512553123
1789.8777555001172	16287.449028772151	8027.093368280054
1158.7024533874605	16626.330522729884	7848.094984526058
722.1475050384604	16131.122183984235	7486.68472176222
819.3081625776002	17045.859514663785	7869.205504164452
90.27171120518429	17157.452197301995	7769.582374175276
743.2146779232706	17532.623782366896	7750.255977638175
278.8611566423006	17774.40945115757	8280.070444741656
1302.2808487071322	17427.05401423717	7007.776821695567
1792.388937492659	16922.49114638968	8142.470634451459
1835.7979758773845	16662.77615109887	8140.607893837642
1899.1427270448255	15807.80399554107	7699.6056423731725
1068.7207765169992	16758.316090719116	7694.065115607976
1.960884298064222	17707.882532040785	7513.513150346573
1700.1896687794044	15397.64086175063	7906.696585030779
420.56319027732127	17143.532908693254	8209.479912740604
1751.6200369569644	15675.023576135627	7954.131602694852
994.5159056881586	17486.048569092174	8087.8517036427165
1258.6785357293395	17358.54895308415	7358.0381276470625
2717.047937107887	14486.500000930362	7529.994301735361
1177.6770803449363	16747.597260283033	7546.3160925033235
1615.2780011135562	17248.2575710867	7859.704067819488
2292.3688142388582	19094.68307249637	6244.385549259722
1029.8158136445234	17844.98951621027	8009.782754985643
574.0643867721385	17147.42928590231	7683.764006562999
836.3142727205923	17571.32304999039	7762.639881432464
1778.3043332657317	16213.507743745193	7684.41897651464
2419.3256170276354	17606.9313290964	7958.9286201749555
2475.274033659447	16519.4639784309	7702.499806901904
206.66186179357734	15212.832677791139	7551.420478120019
2066.6427161448732	16884.457172397008	7846.614541941163
2526.210824267726	13725.277852327148	4430.911170382255
6767.355814644911	6307.012540369113	5737.480386519235
1761.8293986977178	16251.396725906903	7640.517075774284
1237.1340940476903	16963.180246490003	7702.072457485715
1369.8329924913878	16261.836605217142	8016.470442759352
1723.356983384911	16830.394338788163	7769.576339629339
683.7032296386901	14928.182410803669	7433.692016794834
782.9373514700405	17204.64855935979	8045.770265652149
3068.880308324653	16420.210261668966	7984.506182052915
156.0596119998904	16092.225887105422	7663.555528286864
1216.0292942265799	16264.144487071017	8129.044355635851
1330.9837863604014	17359.55222073659	8241.698433583972
1701.4315949301274	16653.999842834884	7889.5335381377035
2091.745811812505	15820.834324271198	7997.320671287069
1546.4986199440607	15985.111341535929	7579.710456236872
1681.86396695056	14764.816943662767	7435.537788978554
1896.5890619397835	16845.241135941178	8049.322500870714
2038.1254733464355	15625.86336366484	7710.756744812651
2728.6915239306195	17559.543501550706	7659.847223442479
455.1543346258331	16056.59144690751	7827.358243351338
1256.742148222347	15918.212666950074	7848.271355225915
908.5856795716954	16816.84744851839	8158.290161851583
1651.3350477969548	16291.83365815614	8005.753760977892
877.8532770991142	15459.07797005917	8121.416845057341
1378.9542878742125	15558.584932224492	7965.564842008857
1661.717164573881	17367.141008892566	7927.987193863543
448.2556173862379	16179.071379515764	7822.014685129443
1635.213525444815	16942.115516336376	8054.325712568559
1639.1223637165788	14973.290026359959	7401.264062161973
762.0510301875697	16786.962298252784	7729.463505423332
1034.9265677855292	16766.56841093369	8102.787899039043
1275.4067750444883	17041.767436327336	7659.157038200366
-63.86951023814765	17790.558326168666	7950.897659678401
351.7048841856783	15497.389706935941	7918.418870957749
1498.5644360700726	15118.721705408097	8394.445296520164
1474.4596149774657	14302.866969782874	8123.828799650753
1272.0579314841314	19827.593410787547	6095.131513751112
2100.7495518587666	15003.412672088412	7756.996091200641
1159.4232511767098	15931.446497685896	7776.427927750977
1352.0669047152687	15045.69221513659	8309.262014735456
644.1750654196877	17274.69500703045	7924.33754974134
609.2833007429375	18708.331605874446	8006.194193024045
1780.196054174357	15980.467607525248	7544.893944942078
-1.7451114107917693	15288.263148989523	8129.665369153956
720.837811985933	17549.51572657976	7430.547064313673
2400.489945505124	15435.941314265963	8070.8173074320475
159.11346894981116	16682.216765405436	7577.545665398838
1959.1210801787272	16656.446903816868	7952.437274180307
1278.9999971281165	16522.803732339693	7682.887693172623
496.9553889103013	15969.803863353618	7781.356299611075
1797.9876183123802	16957.726432698008	7807.313593689955
641.694342712476	15789.319703539211	7703.644627673213
1709.0139600723178	16028.6551777196	8052.584155754825
1340.1666931876784	14633.967236964441	7563.625393989076
1077.14416765985	16891.998743094755	7137.633391234783
323.46102449750737	16840.850261370266	8384.302912105908
1240.1246602740027	17702.94757010079	7917.164884387387
1995.2750310712754	14158.399339551106	8137.060553843939
1623.8262928088411	16157.678993317078	8118.016094090416
10479.271214167939	5824.356088394753	5479.311319749994
1396.7132595362712	17929.345901659806	8005.23733856698
2352.2986507918345	15893.154763603947	7926.586606750633
1281.004773836259	16481.81760768568	7414.510796734334
1883.1950574246816	14685.061520472325	8048.2664347633145
1584.4783262298095	17872.189777933712	7974.473305333947
2026.0171263818656	16848.229341473158	7338.83922697451
1614.247629106512	16246.144450862139	7922.964916592935
1296.9917024304661	17395.24416152931	8068.394719960727
2114.5780901674552	15537.670234298514	8467.819705896238
2268.301636350219	14487.626590844147	7900.818235539163
3738.885612044981	14884.53772916117	7879.587385646912
1050.126520596558	16498.120462560983	7795.93667016576
175.19424173778296	20061.430662519768	7671.769468213668
1578.9630393907657	17666.18572562976	7139.712047374589
492.0440809939136	18198.61014843506	7565.11121416508
706.64735900155	15836.037265640849	8020.901281034701
1409.8149937634732	15177.282925302974	7833.890677660232
2139.8883667162727	14310.601305582377	8190.353422427224
1163.8192623047587	17356.301736020487	7855.3691391173625
-42.17489342282012	18587.29101622871	7468.384266416753
1101.927711771681	17544.361548959987	8008.418483473504
2117.777732323048	16847.69413717038	7961.8624530357865
2152.1383179282266	14530.593732801017	8603.56278442885
50.44453057329989	17475.477493800707	7791.035521125615
3007.271545058213	16425.97798626175	7750.393655699515
2623.0267451099216	13872.961587141395	8053.101562063229
383.5543533660699	16231.233314022445	7313.407655723271
2004.70107239667	16918.100960627016	7460.610898636661
860.0705206357637	17213.621016338737	7608.462665940901
856.2471920206989	17229.148739315162	8335.848285590362
2028.6376522266348	15503.1209641714	8293.311500796053
1685.0705329269283	16160.745070281264	7738.330771882621
1673.1885221255711	17719.121916795193	7688.986293836602
-218.61389867897222	16946.787119855115	7821.00098669684
1331.7128885624986	16220.78574092359	7694.449101916961
495.69023761713356	16595.391911223818	8108.3193666621955
2848.2207592373993	17066.670556790672	7982.118210127693
1482.348819646894	14587.45273607979	8343.5211279331
1981.1286981042042	15503.404985762574	7997.801698622465
1489.0063900969396	17260.983354152533	7399.5186537243935
1353.562670423879	15944.840950165848	8203.937125009747
2234.322162918047	14819.86905270993	7283.653207032508
2675.976323486962	17616.05523431675	8536.17796844938
921.8917459261612	14837.574723409569	7934.274935402052
2139.6184628675774	17361.181615745056	7998.011187991415
1283.108076953062	16775.765330854152	7800.1106198004145
2415.7599784975214	18537.394716954113	7480.550337012572
1123.2543518593002	16343.7885043316	7936.756608238709
3087.8131574806616	14806.820799132181	7788.401477178387
718.9849671362005	17900.409806629217	7427.935475986729
1414.00046515756	15903.197809031708	7914.475882191916
