11443.498200546617	2691.5182305803964	4796.618104130348
9170.777554341912	6217.594123822415	4645.900715069782
-420.3608687121759	17674.85552390145	8100.826826231015
1102.4722287770123	17161.981608247206	8200.468748274647
-447.44707287840424	16485.14838545182	8021.7784916649
1907.8260952287967	16524.099298730125	7778.990488173404
1660.5881765313104	16278.241347588884	8087.57189553621
963.9031471692982	17949.808838238197	7132.76830555562
10253.190427908094	3876.9177785590427	5609.641494072863
796.4615778304365	15071.242817741497	7855.110516688764
1686.995195180884	15547.177778273668	8092.938343828485
481.85843403534335	16356.625001495351	7275.6122913929485
125.32294055607782	15363.131432509272	8165.454562093878
2944.7481732875804	15639.457059791508	7819.931660790455
237.6565536603462	18077.86264595851	7484.183677532083
480.9487529279109	16220.59878240959	8234.123784087604
1803.7303318165432	16430.841335496258	7916.674932859429
781.1203503245412	15956.586799567503	8021.646354855536
1057.7939749312093	17048.999244385774	7960.686207909633
1710.5509057135478	16540.268004053625	8218.08266422306
2007.2829890271153	17596.895240273898	7439.104903764171
304.5779270991571	16470.458161325616	7812.258708040157
1812.5519112791524	16266.502236097891	8196.356114489037
2652.942266137399	15384.471986795197	8373.665060933534
1837.9766483198414	18484.93199568315	7730.451827060432
2473.937464170344	15730.337093291539	7738.689637408495
10841.02942525679	3708.8114360634945	5544.809590292484
1394.6302851896664	16370.069928625715	7512.529968120493
1538.955326257998	17637.610163698744	8236.339033612156
766.8799012082031	17735.572110859728	7670.16849050677
1226.5224915181782	18748.70210818695	6639.819436171491
610.4416619008599	15967.902564830214	8328.36885307615
1574.3489431277794	17102.338373929902	7988.302037960577
2142.9131806910473	15683.613584546343	7983.525411330815
2154.0701143131223	17217.8662486782	7996.749125050488
446.1305237623099	18263.97664406719	7874.841008898225
1133.0492620521816	17457.663534250707	7556.784787867748
2072.9221607518766	17024.629732715588	8195.782999932619
1578.8153323142878	17115.884993687956	7940.121608249755
2193.7840923221293	16948.382392312593	8154.430336579805
835.9825223047827	15994.190370525866	7944.542958264315
1431.129177217881	15333.906482142911	7954.520341707371
1305.2663752799313	16051.045223105557	7753.446825109784
2258.3316037763566	15218.330555692788	8086.246671349889
1597.4767921705943	15264.184954208149	8192.050630925882
1854.2873688185416	15957.217293661733	8289.787642446092
961.5798027481256	15345.306132311316	8325.651488674659
9872.62722181995	2381.452311671561	5338.8020010990995
1139.6034549864364	18847.341391132875	7701.246106192597
978.8070641713917	16398.19657814524	8101.558288493529
10150.05207676195	3653.853391330262	5215.274996133745
431.44960154087045	17760.925192274004	8120.614404470373
886.4286118479196	15226.508564485268	7963.725276282876
2629.314544107022	15541.552188116993	7791.9106279739
247.64816540217961	15978.789633750306	8251.255141747846
694.6986732186494	15132.644200727978	8150.289162080459
1852.9128094386297	16692.21076948208	8363.046144409844
1397.6800268157672	17101.326084063043	8324.183435029245
1973.3556478227804	16388.722595845215	7838.928316657062
1704.0812255232609	15989.469613905629	7948.512415815208
1748.7137156335323	16653.53573372463	8406.587176524843
-229.88288258878066	15321.108097837858	8164.610570941245
1155.0578081000117	17016.78525991242	7629.002720767998
2049.5877644414736	14388.933342861084	8047.270122757676
-1328.7780180463105	16477.08407620675	8011.726369008134
2242.600874587704	15651.920418518945	7255.317131322571
1494.7936321142429	15667.574166878563	8126.3783389301625
1740.016083028478	16645.948142584246	7813.608305440506
1035.8540635918005	16102.677226553995	7694.046764767439
-178.61773629434694	19492.40741419048	7162.122773109751
196.9316535989891	16857.871310523497	7086.907117301273
961.4079615957737	15573.033576736103	8387.817579354803
1342.0499788458928	19007.104304102533	7763.7274882494885
743.9721350069675	15567.297166641047	7787.126161376379
894.9920893441247	15671.358172547352	8084.457593632236
3323.559264421528	16500.709553113236	7697.870479636786
1810.8736357528999	17054.6888958778	7715.903071872212
1261.739569084587	17233.523839630154	8205.180548761282
504.4475581453716	15767.06544886357	7915.929221236786
2984.8608545924485	16006.028995890543	7819.194538294166
2340.0265900352556	16278.449760444055	8522.626860343498
1755.7342972357503	16491.672544903435	7857.6714797176
1646.8155043261559	16664.60010829446	7070.2056909330195
9588.786259792665	5473.505763002565	4968.389377697148
902.867105765199	17046.262126464728	7876.316479756921
1672.1237978042814	16248.877910286039	8253.74057905679
566.4167746420544	17758.59440009385	7987.407724273856
10668.788426821973	4586.856152896467	5184.337348608948
2212.102289766037	15853.6695658405	8028.903650587833
9315.907534649541	6104.4344602843985	5372.778039215342
1173.9339527136387	16258.556340921878	7080.485764571813
1253.5371652251567	17428.40695447092	7452.654861729853
655.729177251241	16712.110031322387	7837.952233159851
1211.5548937559217	15829.803800737409	7821.748006538882
2644.0629280950047	16507.23908475184	7410.601917342224
2275.6198001919365	17275.40649672557	7488.250761950287
394.1134733533664	18290.837579764044	8242.964065658432
413.9596138639706	18133.604988787654	7287.121798169542
792.9644739253448	17894.52118052023	7174.155331990381
756.3111062666765	16075.822336411427	7713.146009658036
1007.62535895826	13950.326521116009	8234.06364150878
-55.63606096236403	17795.83377104589	8165.637816729619
209.4923112629351	16509.265420638923	7580.437650759662
762.1554610224947	17534.257099474653	7878.234715585025
753.2332590504163	19156.339436610924	7715.227624590813
1489.128717922329	15016.358695186336	8522.994672856068
8696.593684129879	4141.277358006784	4935.429713383394
596.6444567245732	15306.312753190257	8493.604613160322
1578.6607934143315	15540.071820507224	7598.016956063681
1446.4713358223416	16643.292142210532	8175.401523822234
1771.9827391550239	16504.937233622655	8342.257183052368
3245.375376032068	16883.544018547545	7305.936386476083
781.5501142694195	18428.755997321867	7869.872759164337
11192.394883058549	4379.171025172582	5154.539457051945
2157.816002772358	15649.893719188147	7904.691976094254
2137.607942438963	15874.804608980035	7922.859811504072
2187.630207567231	15953.89006505388	7841.934349355507
1866.2740899274413	14172.942827968564	8011.86974213607
999.2427659924111	17237.41538925645	8436.384124704638
2013.0559779245725	16539.730778804165	8096.853556514484
234.55063551837495	16006.023600070983	7804.538376766271
1452.3373631232291	17503.380413760402	7467.157661697201
2182.78939543942	16270.076217080792	8055.977311797592
1581.4262735503823	15578.350958936346	8041.817708099996
-25.74839452434409	15469.190487756736	8303.420858618278
-102.86605612366078	17753.62103724837	7812.514114171693
302.76148617281945	15544.341428203765	7939.168104491365
10103.649946336964	3648.481437703978	5113.524597043253
1649.9054911117423	16751.93515720244	7884.440128881964
2434.372622387398	14846.933781925396	7706.089422739243
1257.2185061876091	17035.638281127303	7672.724347161313
2234.3512894197765	15304.8802707793	7364.615500487166
1238.7984093849884	16543.374777489582	7971.257552588859
10492.86275279964	3640.1048910732475	5431.9609975656
1848.724922642681	16632.955935998987	7740.691804390408
11154.796394663143	3230.722685892821	5506.496290024192
1012.4148895492913	16739.281114997677	7853.601266260163
1602.6710649557224	20307.38659740223	4666.706206665
10581.47508347205	3260.073955619646	5546.529687293094
751.3650523196076	17369.795433397052	6855.123220835688
9906.421541973938	5563.809699359519	5517.482026074244
1262.1390435007052	16217.317698567533	7650.99839835616
96.70778643653513	15408.103983015491	8027.268084346262
1844.3011336954066	17205.736814450047	7516.240526490386
2552.8153394259984	16550.058766274815	7694.377896027851
2257.430719775017	17794.991713085314	8106.495273768418
1341.4650008472606	17524.026367046656	7981.450305678657
717.4825827476221	15326.543010124762	8010.249118627964
1457.641987230598	15239.740707567604	7768.946095140722
419.08157673397966	15748.28967327951	8376.001215789915
2195.359870592309	17252.598694714932	7855.094626076263
1127.5508085054041	18031.272403545267	6440.859153887912
1539.6645097606092	16958.60379199269	8962.994682360502
1869.3521171963503	16550.61972118552	7757.310365393906
987.0940482334549	16608.934530472896	7686.876074224007
1403.0385824096786	17933.71715548376	8501.794759422033
589.0317776416979	16884.62466695888	8069.410013514064
1092.3903182084387	16951.341553679387	7438.713756220585
671.9454722138238	18538.46443818421	7826.005809521826
1016.2080152068402	17514.494574926655	7104.57029681251
1603.0000757557793	15270.975601343509	8376.836896200866
717.4031625832331	16977.022830728063	7979.132693950753
1109.0755491530476	16693.25454900837	8157.393275691498
1685.417924527456	15155.834010114726	7827.3936202054365
2683.1461604500787	14352.271667463767	7987.2035645507085
1830.1204327904723	14614.835103746038	8692.50476681976
1783.9832302933353	16188.67437255916	7326.498927880977
1264.4138527576436	17132.263068310654	8083.660833812285
2350.1718521239886	16940.639586559148	7969.165638147983
1708.091234929997	17609.121784159463	7852.149834940762
1902.0156102043795	17768.667785863156	6841.501143035338
247.82391240828224	16881.67758813893	8048.341805211722
1773.4653526283073	14777.494345686611	7910.687930705604
909.866340678141	17115.285695120652	7647.768182132371
2794.8387751073424	18789.573481992615	7744.689887274939
341.6087130283138	16307.738528425745	8001.12142752297
657.6299155047998	17384.953970219132	7757.9926870830795
1719.0803820476433	15395.681090078591	8123.756152946268
1184.6321095436538	18164.80934301959	5193.828677390453
917.3994183593696	18438.564754790077	7840.224044009924
776.8080576631331	16589.50738960271	7846.281566792518
721.8462684894597	16570.800531559893	7746.536291045854
1070.9847135778982	17691.537725441318	8490.64412000038
966.6972916863169	15576.726816346249	7675.906328432741
2127.195165490589	15957.914447890898	7789.416401959833
681.9100559364671	18054.800921935217	7725.800336871995
10798.851155017246	2584.9901961715145	4721.324105513918
607.3794433084338	17502.850952263747	8024.207377259109
614.3204564328537	16866.884063965997	8039.0022072144675
27.11738049524134	18312.266302089116	8178.905970182044
2079.423094023793	16323.230465480898	7406.762878911721
1646.4862042357413	17931.38448175003	7981.380357861948
2471.1722202993337	16236.191360620345	8337.995177059694
1898.7244177175905	18549.787873393838	7781.745267376531
1601.9204292096902	17274.42762940933	8333.998581110542
2320.5912962360694	14969.10136974285	8049.145575326287
1038.2261114476967	15431.159492861683	8114.09326476427
586.2746310120243	17246.364784095807	7782.852250904095
1889.7563506967654	17011.41178043641	8062.434803877931
1376.6481327205825	16288.074244875255	7922.711527594316
1276.271049817869	17474.421735732463	7215.143136645805
1712.4151253853104	15876.222097027665	7610.674950415062
1486.176455333021	16901.593680606802	7858.841056745255
491.7320605694528	17384.13583696736	7350.681902336999
1252.3422196802394	17630.91893062824	7739.242311641995
1169.5121869253448	15989.907510524305	7503.0602910529815
544.8651540955285	18259.223010537713	7624.4858089854315
1072.5422422890108	16560.678560566575	8778.328259326268
2889.1029261976964	16587.537661499828	8564.42364664076
2222.5092669822443	16051.598286718063	7793.4919618899075
1236.5635664550214	17751.707480479738	7786.527644657433
1133.7202191147487	16421.67065255456	7876.265480594888
481.90470681893004	16249.652387480855	7797.276220606658
428.3197657399589	18363.98518276839	7204.750787588183
506.4658395916944	14649.790188412753	7673.469026634933
948.9873330045432	14508.354551442124	7921.599977501713
1273.158506198574	16102.208977036762	8018.6788484507015
2098.7782592841136	14767.769883035744	7915.4684692026785
2851.4380658559685	16270.055751335734	7837.643564094203
361.56305139610305	16344.588636985232	8182.4057169848165
1834.006794479382	16746.167817739308	8714.445733723498
1606.8238205402552	16801.995849378105	8102.870174416652
966.0256218385293	16625.92861685454	7586.561504045378
1977.0412022817256	16154.976355765268	8342.34108464777
1095.3305296379644	17156.864495510847	7817.089618191332
650.269079798301	15130.15597982807	8310.19269077928
1031.4856326433994	16939.71767533584	7038.3819856535
856.1229282394264	17729.546374107544	7786.117482185581
584.3187195468124	17265.754108754314	7652.994833063288
1883.4778925629223	16814.402451935315	7599.062564531487
1677.4701156615374	16238.606360887843	7811.061766046285
475.76465641915905	16466.16034469544	7199.588881168062
929.3946474389519	18734.62416810054	6957.174207979431
450.77042475220804	16390.154344653565	7920.174637405689
757.0138804286811	16950.699211801573	7783.133976994041
1274.4978621574307	16440.255635141304	7969.911295225527
1131.941618585037	15988.212584649607	7942.103043502233
1945.7395681967105	15183.71608343357	7654.228797906619
1708.0063678969623	16426.02970647154	8173.43729660197
1183.812832187449	15287.771566612597	8223.314764923403
2629.3638711751405	18963.556021669174	7534.503219410878
-102.64312751896114	19148.19175476863	7924.1020213224865
1407.6991152889661	18436.210110943066	7785.355085375065
1645.2129527873442	18914.57528769643	7711.303322831192
1886.3168669460867	16378.439060447028	7862.157902620529
969.0403085740846	17869.771905872796	8159.814934629785
9628.063839027714	4612.444966787885	5502.3966657987485
1066.3107188605034	16111.873970696348	7816.8447590185615
2642.5284338791935	16914.885723916235	5647.497782573818
1298.4059205372546	17745.267283902536	7732.859159688048
1109.0173476729954	15286.614913893653	7965.7103917736185
2527.1809873744687	17001.662038412076	7636.075238581393
2101.4496401637925	16372.113449664565	8215.521721597755
683.0015428956592	16760.95231136274	8056.04208576214
1750.9183888925481	17489.34605778536	7136.580929047513
422.9864292260399	17475.43954744066	7726.490110264944
709.863836592012	17063.484731878532	8031.946385067177
1885.5277211533985	15051.038036610353	7659.095306264329
9414.948914830862	5459.07179768314	4784.301699435635
2473.6519959099496	15199.204593038095	7694.239769897939
691.0903189315795	16370.49575021019	7911.717142575153
2543.5418737634236	17868.540774633442	7397.029517625839
2483.7574243585527	16157.39386725649	7763.840548850864
1774.0433973485924	16274.110920692518	7457.569568135266
1435.3517562025054	17037.642367081015	7372.77472700995
8917.579898139442	6010.146987661748	5200.505845750897
2623.613127416157	15760.079864086432	8491.259409257991
693.4733277118115	17029.989208873045	7765.112012692326
333.8750055400073	15752.898953391501	7688.876610162526
2239.622980038202	16867.236205395468	8058.9056641737325
711.4466798815316	15997.436110937802	8306.079021350619
1443.230821787107	17016.993360763063	7903.570094088007
1211.1436950188072	19128.089893347893	7735.092595021511
1616.1224020731122	16558.546822253353	7868.714682681213
2236.1276408830568	15364.436797111583	7983.933864958447
839.6859227522825	18940.807292546226	5772.9848388609125
1092.3898701467022	18409.827934519606	6816.794825440527
284.87060028827335	17920.380870809357	7592.016351714489
2580.5014603262484	16931.817836450726	7780.84302952698
1851.3735488289587	15431.739168782487	8247.078919903344
1182.6291261118308	15889.394506233055	7814.734337514268
3042.951324617635	14438.223732725803	8034.7657721170535
1439.6962514033216	15699.727014199718	7821.467871871938
701.1402995156232	15349.862986108195	7276.9825361898365
2282.3509615799244	16842.30896154942	8139.227190907072
1420.5196884287889	15055.049871059924	7875.8888887512885
682.2564671211761	17047.058074330445	7997.577325512727
1651.5356921160537	16265.275064867808	7461.318832589513
383.06763423282035	15141.733532328264	7467.065440826611
900.3782924208351	15472.570054753969	8120.803260413532
784.8934169522965	17979.653565526896	7790.884205543565
627.4521553879904	17282.95396315008	8291.994134431576
1775.4335895673544	15874.811144118745	7374.575197742335
1886.1352836433405	17872.31311010573	7446.983776836061
1450.173364913522	17880.86014430282	7528.849773539305
1980.6282761626514	18070.894902276865	7932.056191025198
1196.4765554161404	16062.845097062973	7773.532120276561
1026.256929302652	16555.552165833753	8042.378149310576
1352.6276220586874	16446.545443470786	8310.520121442101
693.484283781108	18842.0034771421	8212.859003001626
2465.850812872938	16136.517387039943	8035.22869474469
1636.6938996542365	16093.530608875191	7602.816960689804
499.12771288696706	17528.487143274077	6552.706238968205
1443.715809757472	14730.135186889023	7960.307591912824
1550.9397572327794	15796.345904174366	7934.498990731014
1599.703618743686	16354.184450040555	6913.415768620314
2155.650473591164	15488.856610349276	7792.743945733773
814.8352881090574	16430.06915034304	7809.670450329675
885.6497348841359	16867.243874911837	7903.9578264986585
1653.9692197999561	17579.646553694132	7394.529464274618
1291.3946639386172	16611.365009489655	7913.940424142663
346.9958633397917	17302.555444176756	7906.329401410415
2876.6138485598017	15286.73920001322	8400.445229662493
1685.682046602615	18895.335321325863	8401.398585601852
853.3761886069291	15912.973351710807	7781.036018283847
1656.407927663721	14167.681105404541	7438.541030773436
2007.7058588852976	15843.867512169702	7362.463947741189
2366.363218301877	15506.110891639726	7656.385453170518
1945.8140060031726	16195.554051189563	7900.050926496851
1052.4710146524994	15919.694426634736	7954.889910191543
595.7158171206561	16032.813875220449	7795.428583076313
878.2193119924866	16951.1185765198	7652.101379169992
1072.9448310504633	16727.16970341729	8074.542255702926
1568.8594300547911	15455.455400557057	7810.759419580881
1590.6228428780487	17932.527557113615	7431.58036643994
1030.0182827441367	17404.004593401725	7830.825825134016
1504.8542547273598	16897.806510257113	7490.686747355667
3654.5356259960445	16568.627123785966	8120.734303141215
2194.449915428999	18981.740297369313	7925.322419358519
937.7029644222199	17813.87606064905	7664.220808147167
1373.4900515141064	17148.258420396738	8097.038625522197
1086.0688202509937	14142.936524122442	8655.863572106417
1693.119921661436	17859.320029982482	8103.151155135139
2177.969031957689	16863.708822160515	8017.282067638548
971.8763274335254	16544.014694804868	7597.928467622193
1408.9759648104084	16924.037760095252	7760.032499341632
1074.7047340151018	16144.50170118254	7715.189546502492
864.0478443705618	17670.126691372265	7247.275592623107
1120.617230084438	17617.566196651056	7503.672184543214
504.26287328703995	18374.528428688693	8118.250532573784
1090.1165896331843	15330.689019033854	8195.936869171344
2024.9379369425778	17571.181012527566	8074.929717373665
1274.912877117589	13449.221265699425	8279.746721729836
1897.4527873842317	16869.06967979533	8093.306970850279
258.9961240560056	18759.282992836386	7163.990972851626
1061.4767024948612	16490.12024286788	8351.502189752167
588.0409318862315	15597.966054663962	7846.176219541137
899.5447277470539	14853.66529441427	8104.869646482746
1050.4794077618128	17320.833905940308	7551.88907256521
1995.2218439278254	16099.345107100897	7713.940541726381
620.0485161521304	17532.604613981577	8198.912701678955
914.8054829740894	16338.61726294737	7913.358782516339
704.6151183807898	15430.692430746025	8287.003836456737
1312.7163183869816	16603.255219424314	7454.710576115785
-489.14792167744963	17217.840792553165	7533.090541497223
1555.3782125648595	16992.361178143314	7882.98552908334
1158.0093753251108	17594.667295395295	7819.282453881136
2653.03710176626	17652.091736770326	7713.7690819242625
1502.0241130236031	16564.231085390646	7653.366222792027
2158.7969705268583	17338.426074654537	8722.312819053464
8147.832019274364	6719.849298671089	5721.061739082086
1290.427015435854	14845.977138343613	8163.472726739239
1399.140451900646	17337.591875889644	8006.739605465106
1243.8761527711465	17584.64014659515	8433.71104103198
1692.5291133326748	17794.493314265925	8081.07038451792
689.6282707385129	17063.85731937162	7730.598807688491
10584.62134948237	4133.314026202931	5404.3949541041775
1009.6832632657639	15130.044537832144	8378.845058907908
254.9833283474673	16986.25056764888	7873.8465848211345
1345.209785348721	17194.433780702697	7705.608399624114
-98.50722431113145	17516.0448363729	7981.036522663057
2145.132733426544	16697.822527822434	7844.356916710378
-729.2046950713554	15285.234056954328	8128.825593844266
1219.4030808734678	18369.680595874204	7535.231013805865
1347.3334428918138	16650.521904378158	7646.665516897415
1840.4144232862805	17624.24440322441	7885.635429944234
124.9288145756842	17589.154762926926	7571.179943557075
679.3701007203256	17749.842876547245	8135.587820330489
1500.337274146123	14966.947119470471	8120.985682294261
1660.6502271765803	17142.76738568921	7780.473794508111
1718.4625873586813	17717.605636813172	8554.013880552062
248.52868223445748	17791.02314702775	8167.935573287822
737.7438255361624	18161.13719665061	7645.059314303072
1575.722785058252	17541.49705747059	7649.364622559608
11348.182224293736	3596.3210659480064	4599.063521524885
2644.235913039035	15969.08487999844	8284.986360491452
1181.1025199443818	14464.924146303616	7837.275245670009
1705.5085214164947	18080.03668927171	7717.4194654171
874.0753064810793	17626.48268130264	7447.037204580829
2261.992860163507	15398.297078706019	8086.223325602888
1190.9648438712363	14600.543932575836	7789.044238954089
749.3355954657934	16089.869727911484	8125.243058731744
1305.9535521769717	15645.0368000559	7798.421598647577
1008.7833541609979	15472.873559394888	8505.349126999792
296.5930844909534	19119.798837064536	7967.553061625497
1465.6464942359553	16143.689570618411	7862.865578626545
1977.5729439254417	15493.615894709095	8121.269662100585
2443.9261871427448	15658.454546104153	7626.397340267155
261.2173240484065	15992.027243151813	8042.940203416864
970.9494016186316	18722.924712010423	8160.940939114048
1522.9871434274214	15534.403265652953	7619.499107787907
1406.6580847751845	17485.34137921025	7828.250589944428
649.4000033823685	17118.30085235591	7915.084770462141
931.8372492271593	19034.907380816767	5765.386818172514
895.8056483689058	16809.603615714776	8130.152678172501
747.7862717877808	18490.576235063985	7630.996957492964
1268.8168583212437	16009.404987611193	8169.059586992051
1449.7066914371655	18273.468588423482	7961.524705570693
1164.9722106323306	17078.88258272458	7502.414845201173
1536.884838354131	18426.55415848514	7772.589208625929
2253.4214569958967	15936.949980523426	7616.901396225289
1758.1249236709657	16918.093165539925	7657.799089241417
-507.4860862654126	18300.24189608813	6373.173951684427
1588.676655962	16192.826773259589	8589.06969095527
2293.2643727560358	16505.028996917095	7429.612342139109
1467.6398898289908	13705.096234840366	8105.139495436368
147.3515346313311	17923.53450171102	7894.909517239516
1385.3653868458164	15535.307341846938	8500.787962400474
1499.9503720140294	16504.424032030245	8151.956378222765
1233.711377284154	16596.387838673167	7847.200034948098
1329.8635551155978	18390.963794238265	7913.261768288224
1460.0529459380268	17169.730404184604	8167.620147868119
944.2021996663193	18408.88194683291	8541.864173545348
572.2792945825856	17760.227131781492	8303.704816456167
720.0205528113228	16480.78606713179	7910.933214788914
2128.1176292822634	17139.109842419537	8179.561840745242
1737.7200130971291	15605.792802160897	7903.378839220948
2297.420146112139	17247.0575254475	7726.056644510464
739.9462253749948	18389.187501247095	7992.084842726192
781.7355825203521	16890.471873771698	7847.896649951598
8797.733201070938	4386.33423843991	5193.523134764903
1167.9998853298387	15859.73955884174	7766.86978666308
1971.4291196633565	16977.28342523105	8094.914448970583
683.4198446278657	18605.652140848055	7449.262209561211
2637.839038016729	16450.05150289435	8273.109909464003
104.58450385020565	17342.786973145303	7401.691383924201
2685.726889753056	18099.196918295682	8227.767083848968
3023.231647474725	11916.815972233515	5354.102082041219
2260.725116731656	14049.272103560661	7947.851279444736
1586.3872135771298	15160.478776296331	7493.407607610786
1423.599830111588	16118.45261390726	7769.425048148663
1665.7455768248592	16289.417489183304	8465.596308894806
2986.110102467494	15834.40717728576	7766.878909487072
1138.2160271076389	16280.683333587802	8472.299917244552
1854.3449871696876	17933.494124019744	7496.593273103339
2519.3244548046773	18537.962712180182	7847.544601392222
1276.9693867350732	15949.792816658835	8068.754228786977
513.8623577648639	17217.8353251249	8016.591141109483
1574.994110612375	16810.468682729235	8330.412023228582
966.753105145373	16827.47662131399	7706.437534323635
617.1122992978799	17050.306072627292	8212.451273095858
861.1468294129197	15363.07940793815	7922.786939724241
39.44414950212216	16589.24044119577	7566.196052711572
1566.5753808537927	16447.49459079121	8221.423218511203
1510.1358000986463	18169.367384926674	8080.821691181721
976.462535270007	19126.72685446873	8190.51587176406
1316.5371035557803	17281.98886166806	7971.399034266489
812.4026503853746	17628.22630600603	6963.39615231105
10077.583274193848	3253.9532358393253	5391.611745260522
2699.619257124592	17434.872115331356	8257.012428342927
-40.49640027170646	16393.072072009923	7731.89039599223
725.7995328979321	17651.52792830931	8194.988829260255
918.4379217275077	18413.543169472792	7881.123430527428
1120.5430868058982	17657.210629352125	7489.204405800166
1744.4684043443222	16705.91586597414	7722.355435125219
1472.9431281707311	16389.42648408352	8109.922645504051
624.2781787344629	16860.554825859123	8496.093780609262
1358.0353465722603	15632.23942578186	7627.667219285613
2134.255698964883	15920.762532268685	8488.5141081608
1809.2127558787909	17365.54577304349	8118.916118657012
1539.7604529412188	14916.043854519963	8157.790790751803
297.9739769373533	17655.620403405283	7691.165040348048
814.2413901241537	16975.84221129262	8038.704563557651
1936.854887802646	16652.332429334005	7978.80874107255
682.9781061907455	17251.188039411878	7981.800303951369
2367.4347334837735	15345.333590341264	7352.121453778578
1252.9010369929586	17877.551170931747	8460.19702546311
1843.6733825412507	15877.24152642425	8274.378861691102
1162.8546675316197	14621.774454303097	7462.576352685251
2102.762450221283	14134.818194472507	8331.868868264324
2254.9643163497235	16890.480257805582	7907.582245688441
1383.3591138934573	16155.247615503045	7871.876066455109
442.8917008485756	16161.404229485537	7656.971227074
1895.2962294397794	14128.227177884935	8171.96789444007
444.76623464311206	16460.763837133556	8141.058126411359
1624.4038447386338	16744.440044880605	8186.656941680475
486.4923258064053	16593.01672326068	7804.03251265509
898.3730325162612	18491.546925516814	8140.582279154936
1624.2830304245952	17653.783426439917	7703.274640630367
1122.7339243482786	17697.415100955153	8416.037419863125
1112.6663536623141	17202.6021881402	7769.917290923461
117.63584685417996	16880.7317255752	7968.562811537939
2134.7489019724944	15705.324269628745	7608.419642267813
2278.194179832632	16543.254914812143	8625.740439326302
1934.1635110292405	17717.168157146156	7411.956301029698
-110.46259611935581	17850.573483254142	7225.592544798416
2440.2050870960306	15681.4850116845	8223.871186404556
743.111614782566	17656.243775939434	7328.083347135831
2381.814451321379	15157.119839104078	5571.509433966
347.925164637335	18117.64864398616	6701.16055086834
1599.2798184993976	14969.192055345202	8197.212003449516
512.7360909169507	16279.529456041762	7641.875608287396
1628.892197263861	15667.485254109435	8366.360974884756
1006.7995069553407	17284.523391322753	7751.452206878312
1322.006349091427	18456.902522401942	7838.970583483257
461.0125092298766	18421.50238281645	7537.757521453408
546.0383620113249	15821.708096353863	7825.188090820504
682.1575482952262	17275.789441426226	7430.303298250052
810.9504234571036	13836.399734033997	8330.100251840006
1601.8123367725498	17469.35923972885	7467.933165210835
1479.368680034587	17155.633280282418	7505.654663823067
1407.244153148107	17133.843509844915	7584.2489711078515
26.748414730864	18151.890615753724	7579.55172694248
1349.9943573191638	17379.488781583652	8016.411183967402
1965.017858577509	16220.2098484176	7565.459888416606
883.3230162926068	16584.77744984206	7900.316311943904
677.431981376978	16587.903564349	7626.206595813403
1135.3730928529455	17966.558503371994	7235.531113709154
2129.734434104133	17579.838922617157	8328.912670925467
956.2043060486742	16230.446761026764	8011.77315557688
10507.445156761927	4841.607502259996	5550.932773126783
1364.8077320863688	16923.613776341233	7617.162419733441
2666.5062459815404	17443.328005979874	6898.504315744321
2787.8398474912087	16182.20043493879	7649.212182060804
736.1939563041016	18146.086023121945	7445.672974163333
762.3119863512221	15127.92382297198	7180.3224351251365
1616.2533339531815	16114.547361991017	7509.420151061526
1060.1126358689771	17907.634763485454	8433.196042309553
1662.4214181305697	17281.671189564226	7947.307179635319
160.19704688688867	17320.037080824575	7843.530356709793
369.91211018851055	16851.90111103593	8122.651885906194
1802.1109843844674	14475.440201632808	7658.460067160671
1353.0996989023026	17282.23818772769	7612.694649421741
1950.0810686298482	16436.250803751747	7778.105285809294
2339.9195987001626	17474.460426062717	7592.398921943458
1907.2064547174152	15804.566786652584	8440.33992460765
1453.6955230971498	17344.47957034783	8107.555591129779
1372.5088548264125	18050.688599833444	8428.913624449426
2407.733330644756	15313.839701218127	8235.793196769207
1674.9169822279932	17245.936213687004	8472.6989846368
283.15848875977105	14677.057532251143	8351.288857458383
1735.986493956832	16452.932750724358	7525.928232131179
637.4465008271417	17022.47909921607	7923.106103763546
861.8745709320071	16898.418013056187	8025.014921211835
2004.7957833039688	14861.001226521239	8194.052816541276
1238.9007922911637	17163.37266636282	7876.243517018399
700.8091906181455	15383.32945829471	8196.256373265913
2097.817820851766	15768.818995763637	7715.838547299853
1593.5537232918452	16629.17630205886	8074.821362632242
1148.9967787067649	18392.050481782295	7096.021498591037
1552.635950274048	17470.64295533326	7623.463055443557
8412.2590312454	5757.7972473451055	5171.834809216934
749.2013170489088	15849.970464734344	7525.748028815877
812.6570183167454	16226.08045733979	7138.1990998200645
8223.407968612459	5562.191281306291	5347.941766876247
1018.2897874977195	15926.139379120745	8128.091819950384
1564.3364452735552	16040.495343075752	8033.762954486251
1308.8951181721827	16703.823502232695	7321.7993285675
1390.1311499476749	16887.56794525219	7797.972350060935
1273.4302211299992	17517.752757593793	8455.849062851195
659.4790476612267	15566.81679936097	7928.801401388466
1245.2755506229244	16177.62541524126	8379.503680276714
1213.6166187771973	15147.812497807712	8417.997415539372
1482.3300349159413	17001.96626245885	8061.805441658011
1511.6286720601836	15662.393768462649	7436.186513402252
1600.3910014218964	17096.06008426896	7928.549847383094
1838.4301424356179	17275.73871833723	8849.984142766467
1635.777844973152	15357.02225142523	8027.943086050599
2672.0441432180946	17812.82838352301	7977.536638497518
1312.888477257697	17094.12388795844	8508.033724255682
1026.5276992541435	17468.096295684256	8074.9827814633945
11005.306512982856	3504.173567771022	4810.896865298764
851.0219388084021	17520.547894916974	8002.586185145049
1893.2438356679054	16376.762658005933	8268.966372065921
1211.429393773346	15914.071975216519	7936.3532518459015
949.2309984239079	17270.201919280415	7804.098179734095
1680.6050790480845	17963.366563268737	7670.39939726059
920.7748196463651	18433.894609587263	7947.4863439808
785.7723048353082	17911.332265760102	7963.191597865575
1481.8459468059639	16973.116683328317	8065.898741198174
581.5270302809407	17419.46515262106	7754.647009001324
1287.8556590043909	17703.06875920449	8635.896135013933
2105.1996954709257	18606.50427542856	5598.560507952213
2748.8627842070564	16193.176008659102	8285.455546355739
1262.8313396960207	16364.995280811594	7734.7868799919315
994.178740716835	15147.464044820968	8220.668066004619
1166.0555347762543	16539.452942005406	8065.687575461136
2110.031874492025	18188.00208415129	7859.698174448504
1725.4411966241403	16373.340986783189	8330.97558216947
561.0756710714534	17057.379628940485	7262.028823895491
333.06290820486305	17047.73647639675	7142.629886720342
10854.330698632159	2622.843053747114	6043.001698589109
1947.1111241896645	17437.804955985637	8503.56372110217
1581.733282098516	16879.318315047876	7755.492534342665
1342.7479432206583	17250.558539304784	8052.958373197181
2096.2235806636772	16254.500638518084	7907.926389622448
1379.4400101080719	17949.72730811506	8590.566797211515
1342.8542164297814	18797.469594280825	7453.282245808732
943.2801601455437	16398.268347335543	7712.833135684251
1392.6696661259791	16241.852794078477	8438.92741429104
2084.710772377725	14669.345243614376	7783.4240438176075
2289.771861334231	16988.927209284433	7615.1545705357985
1977.307081546618	16637.445271011027	7839.916014888199
2213.469205582072	16295.514365538342	7590.0345005617855
733.4170070801123	17335.16172572171	7775.563115190334
559.9746065834237	17125.559889048123	7982.893385627386
581.4223709967367	16410.70616501848	7912.038869564644
2668.490015415558	15498.233084777023	7900.918052039695
2079.140166603987	15698.971053934843	7414.096447429964
1788.1220261564642	16323.26378210181	7875.318020548629
1718.8025889817857	18070.12025112033	7376.178223332852
1888.2798482871237	14445.886023382242	8041.313452477452
640.4690636526811	15138.514371464496	7622.522849474906
1836.9838219857281	16287.089636334835	7773.2818066326545
1412.4093614481199	16946.967641412306	8242.641819986768
2256.535665587115	17424.91018135099	7634.668573752882
663.7814600318314	16956.174559763338	8310.881464853861
1634.2783894372442	16701.981762979885	7119.501872340398
1196.0177108947828	16924.192438968992	7761.662157757351
1492.8599104191169	15972.08389783765	7845.867890105046
1822.1514432315835	18349.017298521867	8188.167724497206
2019.8358697373171	15853.023620530883	7678.394709417989
1470.392909411402	16440.62180548427	7726.437836270567
-79.59364248972604	16778.828334665486	8034.393974580304
10283.371957488444	5226.648798646805	5826.300274989532
2123.361766239707	18503.10040007882	7821.2204677660875
1256.790676077768	17702.36220795207	8042.538463122141
1622.2372443912993	16003.331601703387	7837.924761419391
-567.4628424202215	16072.873684101698	7618.643591521335
2779.865012682152	15803.999908083066	8232.595287931681
1644.808742789673	16808.745789829285	7915.213380182367
2099.0514048506443	16205.13489221204	7558.890351792393
2084.4340298882066	16204.10493792879	7577.737146834752
902.2905046713054	18386.123284204798	7613.226976971858
1949.7469171665	15952.021772649132	8270.567997117963
9233.06428081846	4877.070686614972	5857.933902361444
983.11756599205	16147.186819754941	7576.877408508917
2161.601206989286	16335.32425724187	8271.267927383584
1124.2807678330014	14757.066116561047	8005.942243312876
1588.0682935362806	18815.723361464257	8311.868967205635
1786.4050147102091	16835.047998518276	7673.067027641199
1526.8018123440984	16634.42641044696	7763.003460138994
2321.898829094953	15963.242821315464	7546.0321127719135
2141.8777191316885	16428.23799878892	8073.606593504068
2638.8063540904063	14919.582070392442	7867.003483802627
1517.2022959454341	15684.899235126626	7844.066259506332
1726.6474130795625	15933.90915097559	8063.431108423464
2050.732156954406	17263.433939674094	7774.994450354948
1172.3886636043683	16125.455284572883	7803.403843074213
1481.0465516541906	16238.75387707386	7893.533676074813
1499.34131219544	17589.059858246677	7613.946968559967
1952.6779700500883	14257.012124566005	8616.967272093794
1473.9764230017906	17801.28329582679	8162.469173311746
2632.142220476042	18128.870158488782	8110.082038554904
731.4837567326543	17022.764663266586	8292.693149399038
1663.8122015926754	18261.78979159366	7380.673263833577
1690.6646998371386	16822.65239200783	7523.287834531892
1532.848987199761	16948.354557406445	8495.5442003551
2735.9722798600724	15819.923623873516	7334.496429906402
440.45478509242764	18291.85054542236	8083.041927159384
2222.711431253273	16571.77114734644	8103.547623668679
1968.251340333307	17256.267475107932	8526.258851567804
721.4487127283609	15673.906437434809	7771.4408490805545
105.36460957407786	16860.417311437108	8465.739048633606
1520.153957364412	17152.70475310322	8133.110324284972
1823.8006219560298	16267.841574759927	7128.41389887052
1555.0236144533578	17868.061095366396	7694.331011552911
2603.8616000814045	18193.707382843902	8273.920029030502
262.0782233472815	16477.01398820456	7951.8677469345575
615.5688862070924	17195.912015515845	7542.201853621613
1485.9868632988137	16711.202284903855	8218.421832562331
2180.6091075162985	15144.544908431051	8575.790407604738
244.0992096792945	17822.49311695608	7502.682225287321
1468.742573811906	16355.784532833764	8195.329614041066
953.1250154517398	17739.17656076838	7777.391074143098
1276.826889489453	18108.156065729872	8176.370333886486
2573.695978024021	16868.674242104546	8225.73922329209
840.3575149679659	17735.16519761423	7975.576235549484
966.5870861613231	18348.905842047956	7518.89059711142
223.72587155416093	17619.560294568964	8270.875253189617
838.3223986907637	15227.397556197438	7899.823359249252
267.8937662009302	15987.894228564519	7053.056687472069
1151.4614728924685	15974.235307750901	8092.6358969919565
1480.1348117506204	16611.500852251724	7854.941486502233
1088.4321142567499	17781.26276312326	7659.297277208299
1364.6526244380298	17342.37823052622	8256.093480476537
1987.5203503104751	17205.37721315583	7286.016041346859
1637.9731146698832	16152.077244082606	7784.166615011371
1635.326680594355	16965.509583326497	8246.202448053178
1064.7615641397342	17952.732419967364	8367.365165045025
1264.292479311722	15438.34809053462	8186.697174217827
1127.6886748825034	15771.571862760384	8095.7503588434565
1396.7326536947244	16123.72165281546	8147.997468256368
10137.61232062043	4912.101224320889	4382.246840207453
1552.651168005611	17101.73862973071	8120.589457634064
1633.0249419401302	17324.53416105195	7648.607464327368
1362.6325510133988	14219.652472919544	7789.392890937466
2507.736489618293	16283.226220490695	7434.413457429813
1252.762427643349	14387.012742987998	6748.825845387067
1412.4629945533743	16468.606624086366	7895.97717052449
1010.1793038713885	15098.541392707679	8641.528254833773
1580.4870593737194	17332.470539739013	8014.110305387106
1511.5601744918074	15603.59471212371	7632.6667603751375
165.82490166354236	17275.95707108693	7595.006320510749
2081.6762446650164	16284.804471007134	8117.430481549012
1134.9489064529657	15318.053100017398	7242.335275141755
4961.432944424179	9329.616358878826	5243.483567856579
2310.099202790256	16113.68867095012	7856.051673217051
1553.8440856351194	17617.85468541943	7600.6611118982555
2497.9177044986864	16956.576995440653	7625.969733242903
3270.2833370488265	15855.22453108686	5772.795930776387
2130.014492944884	15784.70374293686	7388.178423158142
917.0853808075462	17293.874643793388	8119.866550189609
604.2380891377215	16539.79094312476	7623.473812812201
1567.142137005162	16862.06728937515	8130.002362902037
1954.0270821722322	17282.83928975738	8217.958899987216
1233.015492991195	15975.690048475828	7801.706783328864
266.2323542930511	17277.06720391719	7651.507161321601
1681.2383304189932	15658.787848654105	8221.055414986908
1186.4759798106293	17268.758626007515	7829.736119736301
2530.8730707775067	15855.348528598153	8147.169868154984
134.3186599985617	16401.703145350173	7579.545040861922
1296.663559867253	17555.119129807397	8002.0738531611705
2294.537452275027	15212.936470672836	7681.070978195345
-264.3530170889498	16543.508370057887	7694.680962022563
1871.0195913880084	18399.187426139237	8042.259509853248
219.70290061727783	16067.827998947747	8329.391417075747
656.884031852995	16732.33015963079	8201.995045321159
3102.591378852832	17558.584160914175	7910.131849577908
601.2648074331005	15760.038707816546	7887.031812826555
482.72196284363594	16175.826581445179	7878.474858370648
452.094831439184	16782.912975443	7658.799007730187
1146.682307516084	17056.561641220378	8259.127937312658
1725.3610981835336	17371.692240813434	7434.474918884688
1295.5275097967176	16391.31024591185	8443.58717607037
1163.2341023502079	16873.003765182224	7744.557244345062
1147.3494139722288	15799.642145459924	8099.918622011658
1674.96588328785	16710.60004521922	7610.641507927559
652.1226640543797	17544.416948890863	7564.376118334946
-148.7002883636974	18009.397860838875	7789.742735349545
2465.1184789048366	17032.350884345342	7527.3034184860035
1232.1525791626561	17026.73195201619	7809.807057473897
278.62611499310646	17322.852361989866	7374.071939759138
1046.9862793718762	17172.442585887136	8204.147368126722
1629.0696939342827	17449.752027451745	7099.376563487808
1547.1751685614347	18557.72771754537	6860.88407882903
367.91274617558076	18222.303536124662	8084.993587538183
1083.7658980444883	15845.660883144223	8084.91201826404
12406.169802747056	1067.8838102733234	4917.900366382467
876.8252030530996	15387.694059937025	8283.17323445367
201.13452980670806	18014.68181013685	7953.048030552553
3035.858053272092	15291.44597465746	8030.680906051626
546.410025641077	16758.377750186337	8183.848977833861
218.0663967631491	18089.854799521305	7838.858913380079
824.5534274749701	14480.982743563447	7763.968128654238
1996.3910414698043	17169.173498530305	8027.263938875067
-148.14469441095468	17093.21503174354	7783.0680080678185
1959.595739667972	13731.154148212378	8313.202583081038
1936.414566919348	14764.417737531125	7581.614036345393
654.2275535983351	19898.619261066644	5691.051147273491
1005.8598191678225	19623.256584871095	6174.144808135402
2274.8351758372473	17592.204523963715	8068.230015353967
588.2171187393997	17058.28759527638	7689.136964415693
1715.1746082678937	18100.183501108437	7530.2821966998845
9509.803898789998	4028.0248000520564	4589.411431838496
1002.6017458408228	15519.21244340778	8164.272001215957
1344.2194561216259	16424.468330545325	8318.353272638387
912.806184718362	17626.583429722526	8412.403867729954
10857.841588526704	3769.438630621004	5310.677357685698
1625.926349628102	17412.019210115966	7381.452758082461
1661.6383439379813	16089.711226229798	7936.468748994505
2019.7247290772004	17367.409591847605	7687.61326359473
1081.6578557523083	15617.053678911785	7952.909953415198
2520.771621958198	19525.716726126062	5608.252186313064
1737.152584227256	16667.51109430989	8155.3631970450315
1319.2666639114982	16114.107685524226	7980.438459865789
9738.138602547657	6044.713592494522	5273.018918815413
988.87466677011	14243.418779217262	8154.20736767498
1517.8489490299378	16636.97238982889	8078.223844540291
1325.821486658875	15396.609468398647	8089.152502060195
322.4880210565355	18416.594844160514	7594.976453742359
1350.0930364155784	15921.746641165279	7978.914593673839
1455.1832574422729	16413.484651772033	8332.738021547308
1385.374999859519	19096.137045151012	7509.641957132986
1764.8141881590197	17092.37647981004	8256.320954414972
218.6351063813938	16120.536947296492	7839.38532190588
2112.9086889339424	16813.624205983644	8113.905021849865
1000.7674314097653	17151.568202588813	8303.90775150812
220.75067361580398	17695.982739401243	7780.491717703596
734.3100224940705	18109.149045099497	7710.623621435518
1873.20647819215	15485.398843297438	7991.895075619005
1927.8266923800154	15355.137249112962	7433.916270111159
1969.6602537877604	17004.206383885983	7497.284573713998
718.1602281622448	16585.22261025619	7969.324007237091
925.7385543679615	17236.814671707572	6871.126545430538
417.44040108793763	15200.262217489048	7900.618566295027
2143.7781017209254	18803.711393171136	8708.257378290044
564.2714552617313	16540.007314401795	7710.379682821926
2564.048855625302	15790.193763408264	8177.350500531333
630.5731430270605	17334.193193103605	7260.19245979578
1028.0378207983435	18725.257203450485	7283.341652132187
693.1569192976862	15892.114227810933	8166.610129256385
905.1935272269352	15743.305091163764	7914.495232139264
2139.8329559649055	16655.111367592643	7867.029408939994
693.4333828725335	17465.360977433644	7793.870465653853
640.8060396937132	18042.88803670034	7674.666862755804
808.9208722242237	17260.306781729054	8138.985790050146
-573.7253936304214	16129.856883735665	8075.622074578372
-215.341518723769	18380.808896246766	8445.755898615407
2798.059691257371	15521.862056722754	7931.695385580194
1793.4909529085558	17436.816886839137	7949.6562889149145
2731.96156343337	16450.320012038737	7801.14049774528
1575.322643037565	18255.632624005677	7415.773544153332
1163.686403115488	15114.15419679334	7726.764916591172
1363.0602590090125	15267.810616040342	7874.211198671214
9507.989355035887	4398.4935836963095	4778.263935822214
879.5157802730687	18405.276567154906	7731.026798943424
1138.2986121938104	16543.32918508652	7573.008457936
1266.576188727062	16669.113175867526	8479.705571502875
2100.058360185063	18446.76339488282	8081.150218033177
1012.10160587734	15201.594913878502	8256.434320324042
1327.1561731529926	17614.990179603494	7723.037881162267
1777.1315222531182	16965.62347563353	7513.098973075736
433.8020089092353	16627.9735203353	8676.440390692804
2718.474619074697	15879.390559974941	8630.652312294967
1582.5143206439188	14397.803286810526	8128.160091716025
1496.7061780747958	15870.435152634831	7774.389602696148
2713.13135472885	17081.76726732727	8163.282882001081
2803.269592620362	16529.307919488565	7645.280582391206
1550.954764454512	19633.285233611456	7954.22924716971
1142.2092921690673	16687.060020682733	7580.377368270475
513.1197902327319	17785.158788644323	5807.547163749111
1003.1121025556465	15464.33373268225	7666.817046158242
1756.6612759913003	16438.543399048525	7598.690184104222
2232.11933476013	15824.736406720329	8339.97777544668
210.73833451220318	17081.97997086867	7586.011567392629
694.9279453593041	18618.806092813265	8179.294923082029
1695.8326519105708	16053.569200224529	8101.361057063352
1677.7857474667187	15565.83644137467	7772.881525115068
2221.1696012668617	15926.38489272513	7901.6223586523565
283.0512516009942	15955.751591247561	7676.51775718873
8710.847943288358	4040.0952519168673	5207.682843810451
1315.0652671883245	16161.79372390737	7449.431384287502
2161.3705509582874	15616.46488727897	8134.340214945822
1523.2708810108188	16046.000362611561	8080.82585014986
814.3627565559959	17410.683220318195	7993.306309297695
1201.018425173225	16038.77850039137	8132.708274852881
1513.6577190373005	16090.99323681567	7927.567882794417
1553.9396035243835	17470.873906056593	8076.131204711473
1425.4775979445587	14787.595470350378	8175.021903320974
963.1808366299853	15093.188045767947	8043.13049248985
707.6932639164936	19060.165119395344	7048.992995072934
-61.51787859064122	16912.890090009307	7985.885492301591
2279.1064793814785	16875.12111975594	8675.424634240966
1200.9640589490534	15540.292823018923	8066.5826892356545
1021.6532942670468	18173.363903527978	7298.959478847809
1476.8316132082111	15562.497558364294	8826.782088207307
1828.0574535436238	15845.382282607927	8653.575382869803
1452.6671549673767	16256.348387767774	8490.47716897238
1696.7757500223258	15993.509959664394	8074.07901080574
844.5380286733058	15781.912592178278	7293.637088188207
2352.8767389073396	15757.929333125294	8414.97079332451
1237.5895735109953	17918.728096520623	7515.316926165544
526.0311679165446	16409.922574068984	7892.728744431532
2317.2189162834047	18387.532533813937	7115.917223157367
1308.8304435380296	13996.88518783738	8432.318785254778
2268.452380662885	16918.319548710348	8152.901934369139
1641.8153344046098	17142.462725006677	8250.05735645379
1182.1805981087261	17945.339345780994	7587.821424435245
970.5048356410214	17214.908067881133	7953.948298072812
517.2393734956771	15760.400030728802	7420.8883191824525
552.6097383921885	19523.314166349257	7759.757687732362
1650.6234857642169	15169.544684046743	8050.119649868579
1277.922775741316	16199.594889512022	8282.081025670093
2103.0165600954606	14886.29472228655	8258.78958821613
1330.3758958045921	16709.394736846647	7053.4137703887345
1417.6621367178334	16727.64291725127	8332.433296496922
2748.5430104127768	16828.666779095605	7810.373506921076
10016.305606933645	2563.7475708658676	5418.842999275599
1429.9004991398167	16254.886772117155	7452.750349406619
643.0625570873407	16370.729847101671	8059.698819293206
1634.7487884029754	14797.754876729075	7405.462938213404
374.9848584190658	16088.938900896135	7308.954319416141
1588.4954996094123	14971.981315844183	7371.245583519023
3014.3771062864466	16384.25200360014	7923.643080713363
1140.6016198928105	16638.133000221926	7545.220427605811
919.6999264292411	16809.591898046398	8114.304480525763
2861.8429423361645	16771.675914686606	7768.592020075067
1392.3535771622355	17672.355017428315	7720.925919756013
90.58543150483602	15233.076274729165	7971.677068441384
1333.3825540097482	16244.33676187015	7929.891373526163
490.1512018275475	17963.443034675143	7935.431116486733
2168.395181565201	17169.371189151407	8247.197508762012
1620.4984061561922	16450.74796865318	8077.273288566101
862.6623147920005	17537.950598887106	7370.210192270279
776.5181528846339	17071.557856557567	7617.008030164075
627.3579005078631	18056.67762341711	7434.290065736165
288.54943081091017	14932.530158066738	7541.776282172017
-721.0071251800827	18135.846638858464	8239.749204270955
9384.00972481366	2936.1572823638858	5435.969634429108
477.60700832230015	16370.409557090443	7869.746469295973
2038.0821706399918	15414.678382498158	7635.78240121703
908.0701090451653	17311.15309166541	8224.864557256553
2185.7353148075686	16643.146298863838	7503.619071727939
1175.2692613008985	17756.959563632794	8250.286123065855
2081.7255984488565	15238.806598967481	7896.871469889395
1955.1142565105756	16987.063908985278	7704.700708856793
2462.8505458993536	15354.552923561061	7717.547958583751
1462.5260888745574	16043.140779561456	7572.711238465872
1246.0267967714374	16390.618324366736	7233.444509180162
1392.4203846083303	18144.976856336343	7679.477042039603
2328.0939638182517	15846.348250368384	8160.822280326391
1944.9509017854757	16095.062760558487	8001.560624867347
1379.2760196931981	16580.963632434556	8010.58074943838
1670.457934296614	15989.482097070511	8212.108127145251
1561.8873905423	17220.71733702748	8017.242239857852
2076.427073828242	17953.326076644567	8146.081943448402
1159.0240441484166	15476.402649345997	7285.186482060817
1682.314224887779	18282.836504967818	7381.049217127589
1246.487811327212	16723.708860343697	7921.366669441966
2230.4235799174435	16372.6571541675	7768.897449377219
2019.9941777070987	16544.137098924934	7785.6855658504055
-574.9237158984052	18789.85318123476	7989.878914062767
1376.4671738082884	18469.147559777364	6619.041162489625
2257.917155344934	15993.985920980242	8261.982164241395
2258.3759155432936	17579.957631849906	8292.965776669993
9824.24774660056	2501.485896253521	5376.978990035612
1213.3340055019119	15975.904885396301	7590.626020765963
10332.857272340907	3629.1110504355734	5322.186636976667
2314.5312600453185	15934.307634334249	8347.061327857899
2051.6045603880493	16793.210521356763	8068.174968333204
501.8054289145083	17347.810904896964	7773.676200997139
1299.3332357823951	18425.722600972407	7844.414885964333
1725.8172255862028	18546.468613220673	8198.823008735255
670.3814307073974	17585.25429616543	7974.3391870157675
1809.8685379582168	16010.652471874402	7639.094864740572
787.5010505416637	14861.660875408883	8323.089960917803
1265.3514133253316	15220.75502413191	7586.8346921842
1428.0648713489777	15393.090996618173	7573.634750350932
-263.82737996853086	18342.210046440498	7003.947791539304
1767.1223561654906	15428.822452398685	8300.44309229755
1713.888218867145	15339.260100727297	7113.294655347551
1178.380983224837	18710.093874990504	7810.025022832281
863.4512534071356	16417.637775476447	8499.753575721705
1898.3112896908435	16406.952649963994	8286.32867642557
1457.5589497196606	15043.593704510668	8243.245372582844
420.88723469346036	15445.264604903974	7954.953076308068
2472.715295162864	15221.329824229058	8108.324744812284
2044.4178613554488	15770.185450644734	7756.585565886505
11130.15941352301	3337.7313519490367	5426.811644693562
1280.7890635844103	18672.584757916753	7102.693594903064
1658.506807273322	15051.226952320696	8128.7084020984785
157.84905177893762	17509.797831313612	8415.788036228441
1292.5811711119172	17957.356386194402	8229.41929556024
1753.1562194924124	18532.83058664157	7882.111854822981
990.064237542793	17115.960558226867	8503.789835925196
2589.7586087363256	15829.42627763192	7552.12080042447
1932.33236354733	16721.112929406812	8259.023194907384
1970.0206371575864	16639.98559619725	7626.185102098534
3517.4374391011156	15717.95201326861	7889.6514586685225
657.6393427148663	14879.752964756826	7973.639429018522
1021.6237792124351	16741.200005947914	7162.283261250793
1184.575640501736	16357.639762391118	8429.413437357987
1766.378859652546	15602.292185574868	8544.395206599187
2197.8063253969704	14637.115633039337	7192.514437482424
277.4443005825694	17368.385198115873	7236.793885160368
461.2912117925821	17074.059258592886	7518.613790449331
3341.8657805807543	16178.21119030798	7756.794019272233
2357.207639642832	15609.851391318909	7520.438819653454
1102.5627596867143	15236.584299995568	8089.765338807481
1170.8185192584615	16748.702575148614	8229.192488415543
1677.9080929915099	14546.511929039161	7871.118337140385
1704.509083882465	16581.196020815012	8244.415544183339
2067.3382220879666	16329.203014624421	7859.205696363818
1166.5326718721922	15679.018252270644	8171.681119523648
1808.734834655621	16883.892493493116	8065.219506524698
1540.993743822067	15728.731602311613	7703.278736634201
1195.2974083342062	17053.172325194242	8231.879387329918
243.45078774460742	17606.827038356398	8064.182742424687
2090.808872969329	15341.230991977254	7755.04021028696
1595.8952703259167	15152.160973170645	8050.021920189413
11465.057736179006	2573.75170026601	5537.455102018993
1550.6598722836802	14937.993313193154	8326.56780485196
1523.763749184217	14484.393042236716	7780.661899217215
1946.114463698043	17862.786257259926	7836.404196115214
755.3932841540064	17272.068050553913	7930.584687720979
-3.3104807091762063	17006.960756382712	7674.131287796322
1772.3219534577784	16336.586940387426	7672.188201431016
2653.5788963036775	16690.552716838418	8182.309662880656
1778.405164659466	15769.132358484134	8186.161956302865
1555.1304523032127	13864.171589677931	8187.589705661999
1374.208147120804	16322.234115050805	7913.825609099774
1286.9016232016459	14382.177987643221	8289.891492645997
718.3349485286964	17434.02979700681	8584.030886947892
2283.6520924759607	16452.424058128498	7354.37421560712
1512.954822981285	20965.107302985856	6349.921264889192
968.019224525809	17273.392506830656	7897.7391492083025
1240.3606791089157	16085.798553236951	7760.849478275888
1500.727278668715	17968.888465822052	7419.71025390692
10182.079321292691	4747.625684966232	5379.131042494661
7996.963916045047	5428.994622015119	5240.053711903751
732.4206712043592	17871.099491206223	7486.61024005906
2027.2877399438078	15944.002361972083	8022.753600735755
1427.6568962352599	16105.3004133055	7983.582072815295
146.66004083993582	15913.530989800563	8127.236137277243
2785.6144326589797	18164.315590789232	8079.6310721664795
577.5040979465848	16192.765691233006	8178.567519488156
1555.3914178335579	18098.876889292154	7784.380764537503
1154.0628937139825	17052.235156914856	8063.6508053302405
2109.9658625213383	15947.12148149298	7736.520708272832
1348.3369809065687	18509.53961846757	8040.981511228318
1306.7446335545606	16063.170293476172	7709.02577096466
306.63165367043024	17029.695106782117	7873.496481449268
795.6273412785265	15844.573895467583	8051.715066970363
1807.6684501118646	16391.00558033652	7793.1109625374875
1799.1759376008074	17645.48105833002	8068.756175396314
1661.0209124594776	16395.239943899192	8085.935386450619
1658.3517471228124	15673.183843450306	8181.3781328261375
2260.4628086345438	15768.97231855483	7663.018743639393
1777.1339226405971	16228.528081336886	8361.930817105023
1122.62507259007	14176.429569600763	7950.414963393531
1357.8205606322488	17884.341246698397	7645.217116658321
1707.2807774951787	18798.608333272212	8482.105407122393
1257.834399564692	16347.069255497181	7979.123642830553
1859.5512466032214	18254.28341839694	8249.912259158971
1689.096689558098	15301.990000841175	7365.969757003987
2363.863940388974	15285.136075576636	7711.544351044698
1766.781027941457	17203.882431987262	7877.547473644783
2437.1748376263195	14626.416014850138	8295.981285917504
2218.81766126402	17516.031793941616	6679.117799899988
2003.2581543039596	17974.057045869227	7872.4665938010985
2163.181576621962	13621.306679893158	7938.403637852204
1430.515207841879	16839.05980577056	7224.475249368876
1184.4077312512907	17684.301241847694	7870.922271945321
1670.1794222517176	16567.8088633124	7965.594882261473
956.7169380908446	17918.57548183691	8012.381010352092
1790.4793033198846	17217.860654883876	7748.852763364937
2782.5291514212604	19098.309499606523	7884.877814186975
2013.4335936246707	17102.674811753885	7798.1553546407495
1038.4887419536224	16853.767523493298	7618.01748641718
1248.0832097598661	15678.909431028052	8019.780311618909
2277.8209747643455	15539.054506972427	8193.805951797149
10681.192634975881	4053.6333554030853	4682.760292750656
1879.2878218033309	18448.895469204694	8576.989599694569
1351.4612454113876	16285.406586762103	7983.787389073295
1813.967024410065	14390.367197095013	8220.17701610905
634.6512480624585	16678.737708814235	7519.264756387722
1779.4299204356228	14961.381089904684	7727.009618141494
1446.560398699726	18037.61054075235	7500.03563864447
706.8798107902854	15118.817988948755	7903.2280395548505
2507.514364796995	15671.252390599433	7766.826227249782
497.57682823621536	18211.565544195673	7694.417998287415
843.6681432999874	16063.633918289455	8108.929741110776
1722.0111308928954	15216.01958963228	7402.015675332797
1467.1649667249524	15990.508374242367	7738.41551816476
916.5987501003135	17468.30795136766	7886.614430263812
309.9764814642253	16486.82203374602	8117.978271383002
2093.988213040835	17129.17238824003	7919.748723598042
-610.4913911718769	16687.43658711374	7952.504197988203
10687.74926398439	3596.54610540771	5408.078837994843
166.5755113704305	16143.642355963537	7989.984470311657
850.8126092349866	16459.64362797481	7309.560661121843
1933.7752679686123	18022.879134415412	7434.86660923155
547.7221963092172	15809.236626449634	7497.028181578237
970.5193519895462	15999.091386286329	8707.043201531953
1194.7857224648212	16113.2991663117	8330.158469321459
1220.0931821626368	14906.053010703212	7267.726042590713
665.7610963795023	16242.840623900109	7831.361277952618
1506.851373052084	17457.99619167911	8102.997511205396
895.6961575535969	18407.837020505358	7450.710535331406
543.9388263982844	17617.84594199378	8057.4450816260105
1893.030791894183	15840.465127366766	8318.299764337373
438.11824644919614	17514.839510230195	7988.0141906326835
799.5565440478317	18148.02296834504	6321.841960321764
2525.0712905162427	19035.599768582655	8247.733742378974
-304.8199162537598	17454.60296775226	8076.615820236866
2028.6872509874615	17014.44787132658	7380.036107094591
992.374838022663	17312.25268259527	7564.190765299158
1450.7774936142139	16323.596335691429	8551.687912917285
1322.5193051334936	17861.084486304182	7311.8141092378155
1055.133972939539	16481.015508545293	7863.150166613634
1136.9618755716547	17399.24240082286	7842.923898423458
375.9422099125785	17513.462561215827	7438.973822500269
11052.609532652385	4351.416089854079	5325.132625152339
1143.9126691258766	16026.3966845996	8462.918103631328
706.6241605988565	17460.961990955228	8184.085358801233
1567.379564025059	14973.584409516241	7740.006350482043
1847.124542465667	15551.58747637946	7969.663612540393
1325.362123677668	16510.589800836005	7807.401863491535
1114.3516595298995	15513.873604481074	7767.360482813136
454.0731627549869	16611.7144927177	8068.147158165064
988.1418495322491	15580.296890468246	8102.257073291445
23.431811610341494	15780.413410439947	8075.13453936314
-331.8390416937202	17006.760998892052	7185.066136575595
2036.9637777253827	16540.229703400404	7733.582537798955
1210.9530167600485	15447.237757161103	7458.638483316062
1443.6324126472427	18508.984378921137	8550.850307931094
1510.2547232767438	16713.88369520868	7721.022672354825
1582.6629720831095	14348.166387312856	8698.150962022848
1402.5101583226567	17197.330608963704	7934.035227070751
306.79107806964515	17960.943728709302	6991.211311617262
1057.4083944734016	16000.545508954967	7598.757904244919
1858.3181719876832	17382.171884109048	8088.722429302887
1244.8563705513081	17529.41605418339	8216.733168419649
1459.1368435508987	15769.520190948882	7778.313002442005
659.2938206861369	15885.580309232259	8178.401021750718
8658.45981501634	4516.135978967786	5405.464844709803
2228.02305058171	18665.62968370236	8113.388440488448
1314.2802734217025	18191.363667865477	7847.427949446439
661.1985401703598	16459.019526869095	7721.871353254778
2091.6524163639324	17129.64423048864	8013.450940531624
1472.2635676903387	16309.982359499	7938.916853041245
1022.502365654516	15713.648989300247	8097.825196478507
1766.611903070646	17550.381551624465	8448.96270184376
1926.3271259929224	16952.003201463805	7020.866744163653
997.7461830613978	16039.053508041914	8293.333153523208
2436.784957255969	16269.22615629653	7749.577460321366
904.6877217547319	18425.837525628434	7980.524232478511
1497.2090795348643	16476.66298702799	7767.533900948552
2190.2026487687986	16674.24128061538	7966.245378433254
289.19625114061205	16364.672352476568	8227.016977660136
1427.8935764994878	18079.105365252824	8067.901875231718
1843.4684258160923	17470.221342412802	7434.240271952746
572.9829589259705	16802.918013573384	7628.702899334621
2288.4203851298607	16753.62104772933	8392.485757875622
2312.91073575154	18088.274638254756	8025.846796060561
1787.1653654464344	15205.098474168764	8550.418202035793
2112.1588579599197	16961.823159378164	7647.253734307265
2179.00481470205	14693.525439849207	8057.327426128628
1479.6330589698616	14776.007983545494	8062.885869827292
1309.8524199867732	15809.956964683564	7914.6306323346025
245.90638218561472	15676.771661095583	8507.782008522916
2367.2610815244257	18236.47736620964	8350.349236427277
2067.5025641752704	16172.997673452053	7849.55347792732
1468.7407667839034	16927.208937850424	7998.3054407462305
2213.207264896414	16303.37008063096	7752.693428373455
2926.4963899158597	16550.10211968949	7817.643203836316
1596.8927239475704	16819.57958754052	7616.785747741219
1498.905032901774	18336.08098273765	7377.212217308786
1914.8003045759824	14965.338015801586	7391.080095847642
1641.6428271553534	16607.41924998463	8221.81710714365
2131.5412307686925	17813.726561763524	8317.889966501029
1005.3641841440281	15977.823110539213	6783.321603718793
399.85638286938996	17001.524376034704	8263.885762611602
-122.22280166872383	16582.990691268908	7457.7515665539195
2186.410423230625	14550.298138414408	8017.220972130972
1981.3787943246762	16612.50850141503	7715.477162901879
849.4233931949376	17296.841270889425	6985.926855319089
1414.736847623175	17786.028586810062	8300.836833474286
1635.1528000647147	15459.795359811249	8514.903106071615
1061.896525059843	14014.894411805852	7768.046846198336
862.7100205517564	16025.816634323206	8582.54159915637
1649.9273960511694	16051.892417735173	8128.749688139665
1369.501480596337	16283.961096860845	8011.058513282992
494.21079507913834	17545.829880657893	7953.18235071405
1800.796941442783	15135.705127088555	8182.264057782059
2175.952218459385	14434.424184491882	7900.389277064816
1550.2869631780163	16743.983931933086	7655.7550860395995
497.92553855395823	18766.93446665748	6979.268710394525
306.8329465163776	17875.725545849775	8064.821940324174
803.2354495397243	16040.602739039376	7973.180529709487
-159.06499130335317	19203.493046768275	7282.753654955568
1205.4912807994062	16947.982421543406	8396.492962646482
1609.3712298972841	17124.30071125812	7813.4059204528685
428.0821133491949	15993.635512911982	7717.927811952962
1834.3516374831581	15555.685205690654	7807.791742129544
928.1770380312429	16752.334817518942	7677.3483786652805
1082.8037997491215	16092.555645793427	7906.259534671746
1222.2930464094084	16474.56770584528	8525.224638740816
543.6171399013446	16861.666354011668	7994.899373143891
1915.0916908650436	16503.084168602436	7847.404048050282
2041.4646954479433	17443.38212299967	7608.443069805359
2507.667878649435	15629.891508419161	7809.020144595553
660.3542556720606	16649.609366899036	8054.657450242917
1341.3525223066301	17579.080142524268	8345.260964510646
1791.0469411316292	15802.514811736119	7832.992242835051
1625.2498221005562	18191.790520410246	8080.789089758095
1279.5553407993903	18838.49167338465	7771.713239828617
494.99738725920207	16626.347786024573	7370.684817394377
2090.3052056950073	16968.27008636619	7536.277387629962
389.57592598805866	15973.004195059868	8436.893357101506
1913.2655430455427	16060.895817996725	7686.20052201328
1743.618814580411	15089.838676924957	8273.743385111686
1853.4377606113328	17694.90507719383	6620.957075442045
1305.4495856442293	16111.953556289398	8014.671571629622
2068.9714176472116	15953.820126898241	8046.6225212591835
1848.2375045903077	17370.445873432207	7347.825365959207
2017.9721781041803	15775.11313868901	7945.736593262051
1914.1057487978665	16478.579024047205	8376.493858365338
1827.7403315247182	18258.581953720328	7519.382775374549
2699.5781061410585	14689.308007392108	7857.648969622874
1411.5665933453529	16017.256493135552	8363.202796465792
1456.466055939452	16776.36777940875	8133.592088923248
1394.689903079258	17104.16016254575	8261.748267487523
23.51257880567283	18314.916785557863	6635.621809260155
1556.7208848454502	17096.72676022719	6453.543048304001
5257.296232949381	7636.626913665388	5551.347912597242
1107.083911149833	15776.076589725468	7503.014552397659
10650.066109033785	3543.4233951287815	5567.45849716176
1890.6676470775917	16355.946083976216	7501.6498289239
507.4574000640232	16396.954896183383	7917.761194732969
1739.2120738544468	15936.069807955628	8253.254122243723
915.1126511045773	15923.670404564844	7735.373955893312
42.80132885514275	16415.125742225253	8370.60942205734
456.6957157538916	18714.574095395412	7548.9457327402015
415.8851782090614	17177.876803717238	7657.444827578127
1670.9417329646221	15639.57378210222	7835.03515701173
1959.6612025178442	14786.139950163537	7920.994975891408
293.623519285777	16580.65338202362	7590.294182071571
1072.2800882209028	15763.297259860707	8194.067168288626
325.4109109525953	16240.922332090873	7987.553984883232
-191.4434395258587	17140.77796309676	7998.953594018071
10481.186030005758	4702.903021596201	5163.70003701918
1225.8956285911024	17436.930202506937	7802.427674318159
606.792905395187	15666.849108214932	7511.244063615402
2238.7779491547585	16827.57376987162	8018.465947232473
300.9538350850242	17606.069537414143	7874.545528088417
1155.6287463653894	15004.76974300578	7499.448960879315
652.180179730497	16723.196018938314	8400.161306973772
500.52826691477236	18526.72018043338	8044.4346931866985
1192.6700892476176	17605.79879271729	8040.1388402826
10561.855680002862	3290.1303203123966	5269.7206860558
320.53330950187546	17534.331809742835	8329.167705668755
700.6177308997918	15251.987828079999	8121.6239039942475
-181.65221645252595	17045.536404223585	7607.648836913978
789.4449083571925	16103.294076837617	8074.677338377242
1604.9616681910886	15612.80745793063	8344.174678711406
1284.050335252782	19796.23629007658	7920.1162860309405
1509.1194444547289	17717.85516185617	8346.102232700894
1073.1219416192855	14053.720663504395	7708.381387873876
2099.58558153073	16861.65175571318	7340.612738870561
1269.7292080908514	16278.930406365804	7952.522301967153
1042.6612665816544	15760.835067678385	8052.539664064541
721.2074182209765	15785.119943485244	7835.471006411377
556.3090669039291	18556.310099708986	7347.540067245436
1589.733749005674	16067.881833012138	8301.191024712434
402.77298269277895	14622.988716901345	7203.13025936876
2832.4611166107848	15244.46489290401	8112.512778199442
1416.8332397189113	15496.98902576952	8123.437246877654
846.1458405795419	17572.979844473408	8177.936573346044
1395.6787945816773	19853.340866401853	8074.637650716603
2484.908491309226	16243.20666506565	8526.56404562426
1880.7982243966255	17341.329013856117	7974.352564272268
151.1655689380464	17472.948050800933	7782.3847909054575
2197.4397753442245	17449.446252541406	8047.4570757316205
1669.6591695135257	15151.132705301678	8524.200014818507
872.9294774142252	17531.80524540868	7924.74362266872
10429.353625527849	3339.256090638386	5191.210117714929
1912.216390101925	17274.69004724885	7979.070934808357
10682.567349381752	3402.449678412074	5153.208235327527
2261.5479365413844	17434.303121364886	7696.6525250715395
1005.0943618070833	16907.51088305659	8274.109874334557
1122.2175480895685	18405.06236226353	8463.134952588
2251.544106650997	15829.743648099457	7515.005006746173
1858.4856884896637	17061.718505834073	7792.234724408136
2213.158218606039	15427.975932252475	7571.6340927812425
241.8665789081723	15140.876831301533	7996.892806013207
505.80448536895295	15676.525968636932	8132.540281748173
783.354246845965	17284.78625441426	8290.299211175648
983.1554673491967	18174.490362527762	7883.810096641457
1251.647641335036	16628.232107685977	7951.876870006362
2039.940741608091	17725.66751680635	7660.656242717539
1390.2466991648864	18733.346217102582	7446.438833840358
495.3063377163988	17214.95838055259	7953.623448441214
1396.8684623265253	16842.788816443557	7760.9119395822645
1404.000546886441	17797.533416030023	8234.607702888396
1001.648023075359	19115.287390656194	7816.36477768618
1344.4642509504831	16806.13531418169	7465.250290571815
1397.5952041925177	16258.774800312913	7917.711282062469
842.5805217738331	16249.649466232973	7819.959720977627
1007.0230886359351	16461.266554016245	7927.001612986611
1771.8033902841114	17221.840462073633	8322.002323663008
824.9598004261774	16900.225041499147	8037.6812934050895
1035.1182435682413	18218.982223647512	7302.830697767349
1683.7395894089366	18034.92413650306	8264.707784458422
1569.2525133354532	17186.198119067143	7708.8204789548045
7650.51896151322	7342.565397732226	5163.175308351975
379.17453318549695	18519.143246694817	7877.8153709017515
1928.3875672036918	15630.842640915918	8180.111536026494
757.6597001664506	18605.72685465286	7804.788312606516
2355.8010977366753	16558.59841542175	7700.522320785619
2053.4653484982027	16670.97759161284	7965.870041846279
907.9805716295388	17827.810594633065	7530.536580369351
1977.4167937744871	17592.78683568634	7181.5759537811955
1698.9875792308794	17020.673211124642	7868.720430556198
1628.6023987486535	15152.608055637631	7709.694287008955
1692.907659208044	17155.46658214081	8088.575423330539
411.02968847253294	15864.662350429706	7749.9576541691995
551.9973158599921	15972.694855535878	7733.754547157499
1049.6020914653018	18816.03845933021	8114.210249561636
2171.0210044422925	17822.646666064982	8158.619160889371
1608.7395862485794	15897.81329334754	7824.533956904294
1291.5430553712765	17462.864228385486	7579.455117624956
2077.159714715895	16234.712665159084	7716.957742036864
286.2948929153416	17497.27178675976	7479.390600542052
262.614753053092	16302.387372101257	7665.9294452213735
-128.08928095034892	16131.675960868935	7060.727326230214
1917.318676863786	16609.131147951342	7784.474776977893
1605.261544182876	18956.011884842275	7936.133839134984
10721.582640404453	3840.225550477675	5375.087972735779
2229.837183564701	16739.206424884993	7708.312708822236
1146.6424652300254	16686.725768298835	8234.140027832767
2266.950469565266	17337.53244560754	8122.830737845853
2506.176359865057	15852.897886003564	7459.871595957156
1005.9886329701669	18162.68313915211	7988.689966321856
2001.9131827750662	16295.171304378096	7866.025071255996
586.1678360320183	16215.573584099386	7994.660606978517
1241.8123322688605	16260.393999645074	7978.783188632902
1374.120164412058	16494.831329585708	8459.166783270435
2450.569625717932	16868.340412174442	7736.178298830974
1025.0411834741274	17308.588536979605	6174.065992864212
1817.4381962519763	17426.877499438044	8801.710325587772
948.8444727231958	17214.422304688524	7628.786424016397
1354.620132990631	15581.336253417132	8426.539487808022
108.50132711810154	18043.022434578106	7099.372978685448
500.06422300087667	16561.121593092048	8137.940827156765
575.1304073715434	18848.22270538062	7819.994459102368
1951.3764450390745	18842.63423899906	7343.4164258870715
2767.247101194853	16616.732403183865	7283.573602300518
2342.631916750605	16361.10067518656	8070.877501345898
3069.2162380389	17473.086521960926	8032.560491156703
137.97884376188577	18077.99041298444	8744.853328627685
1197.5533710433658	16523.070140063002	7836.719367467348
979.2125617037836	16886.993545272704	7665.201292364246
1866.116377580763	16947.741845453424	7697.49949695521
902.0691148071311	16748.735230033755	8266.852501074636
1591.8266897682686	15089.344805371387	8448.203868794759
836.0835244544121	16976.175790915106	7637.266795191401
1526.7276984071518	17667.941066898762	8047.664749301006
1459.6828938577341	15725.005582233296	8181.86951846164
1276.6934305758302	16348.188989412438	7734.975410395505
1498.134613248755	16764.47863802943	7777.391426505523
2131.3020817231422	16537.701898446205	8201.501024766922
1563.6969566379641	16087.933987773658	8066.151022249993
2546.342793894769	18551.162170419462	7565.925342222119
937.0227266245131	17641.83120868566	7758.778452395619
1079.8390038208186	17500.205294826737	7583.8865906970705
112.05754029384683	17214.365119916907	7510.1104753933805
1856.4846551715186	16889.367188506123	7597.652610906558
942.2418815225304	14984.630563923154	8161.420348510798
1201.8033002124687	18785.100547502934	7453.90948801958
1222.3128697004954	18025.731972158876	8396.313484082433
1224.7230276009852	16839.90442056091	7862.208494446448
1342.320399851515	14368.665729313965	7646.6138778420645
1353.6865857186265	14470.401223062592	8116.601562379062
2000.712443204047	15351.778714027621	7899.006899683843
1190.5652517375097	17234.0038129529	8184.736940159051
976.3797727603788	17348.241244524463	8126.816922663237
2403.1226315923805	15579.89096208422	7518.4480054986125
1502.5310350980872	16039.013140688727	7534.115018568564
1731.9026239643713	16285.850727124509	7902.146873259219
864.6482566187566	16735.251666081207	8096.063709326829
2093.984202732004	16146.917034210648	8138.065241124865
1899.4298683699485	15161.744815423488	8048.908607916164
879.1659376051975	16819.61799735901	8030.904573111743
1258.3264808469928	15146.102978130704	7232.989875515667
-238.71947887152038	17664.64432765562	6321.015701076109
824.0224557109748	17857.410339703903	7988.407651553355
345.97149649125527	18174.62835452296	7899.1626805211035
2643.652347452931	14181.527329936833	8270.337778012208
1343.8850356964163	18639.308782676937	7535.815357553532
1708.845999676175	16387.630299038636	7916.578719821023
15.492627956288821	15721.853566474449	8594.936103207183
352.26148533369434	14231.165367795504	7725.052548757414
-12.779969042959367	19434.752588034386	7722.422357878911
2302.5277291983075	16729.2553628565	8447.558980666057
330.0420154967797	18971.784785592856	8353.149830887058
756.3889286896876	16652.020844159328	8261.475569666767
1602.911162276099	15917.845849664507	7680.514683212124
1117.1606843231466	15615.081982031115	8327.640791456572
203.69994778158528	18760.890205761352	7677.643533815318
1864.0906371688152	15540.053153633506	7482.085840845241
1284.7491246342454	16738.310338818002	7886.8032386167615
562.6547931175965	18191.27098053757	7406.531170164395
2496.1734694771694	18327.60790679593	7813.209843359489
-44.179620166453404	16889.45451847651	8522.360271044834
2561.474332269511	15866.09554660556	8306.967844044832
893.8312308281104	16942.625303730783	8010.700309268693
967.718328947133	16204.042869775629	7593.325859198864
771.0262778677496	15604.787826997364	8186.581952319663
1025.0197767492973	18198.343139506876	7588.384425333845
1040.7205122776431	17561.25805935365	7514.185400304394
1102.5313087275833	15803.323225253785	7960.322168537474
9285.373947230391	4689.153142795172	5296.626976921561
-217.6980624819248	17258.83679606681	6671.470726881203
1741.0221249949648	16311.932029064099	8042.239253389365
1867.6074525946212	15956.232192300324	7410.231397633099
630.6139221358837	16256.419454041308	7653.444294348228
1415.0279929617961	17147.26533360184	7732.735134411567
1332.9818313941776	16107.689191062827	7883.097803767787
2581.7600372864795	15823.030590001988	8273.423623529558
1028.522593352415	15343.824478874425	8066.276339739789
1552.814935731305	16052.32584609895	8204.611974307118
3377.4631695590338	16549.682269103097	7744.056697033284
2007.2621398227536	16279.587764775702	7357.654671708216
1521.5950530295313	15825.65321483078	7609.558169004525
1475.1469279547491	17319.82636889549	7754.959785587364
663.1584902768108	18130.440243386118	7647.5135388895815
1919.151752155017	16251.339652446793	7759.032391153803
1524.6673760891124	16239.633997820722	7475.082302187642
768.0864944794637	15654.614388779382	7935.895282493058
96.4169151957162	15724.643312350632	7675.102392334713
1810.7897304734174	16913.969990488513	7528.24042996252
1450.8815123590323	16249.478958912312	7923.999078447333
-69.47676530656778	16655.15802301037	8418.3131674136
680.1006264531417	16665.704700848724	7593.590184034831
1374.009240029452	17107.498104557897	7782.626552509752
2357.870519325207	15054.892146521452	7805.054504938234
1770.5673260983758	17353.55480938657	7506.227213726758
1758.0202588088819	15500.125704164553	8104.268037954644
9952.471034886086	3838.418349277823	5047.382164743226
1136.8882975247293	16204.194054761956	7980.6717524049145
2801.132127590465	16694.451807691545	7588.785053709016
994.9096135293817	16527.03071751097	8117.447427183853
1083.0541554033355	15178.247880579678	7999.051087884981
305.56595678717235	17224.762039941725	8183.9418963345615
853.9734259992316	17023.08209816195	7771.525300601538
1075.1924154559633	16260.891741208361	7497.592041279449
669.2242268347796	17376.86882792782	7128.663972875344
6695.621349672378	7565.927355378295	4760.217785796413
813.185477101667	17393.304215745356	7704.381160694799
2026.660039545185	16801.433195932263	8022.308761444308
1845.6531043692423	17000.901186218	7802.067203790271
-150.13932863879828	17088.26826485213	7781.627958889136
2356.4702408826215	16507.538277772528	6486.381404592186
1994.095531876052	17879.81347489506	7509.877398838577
2573.653307018181	17087.132395200377	8501.19549908118
1931.6781309311004	16559.33794952712	8754.618622675907
2056.7192968048257	15682.491693653157	8367.151271544099
2713.7759864670006	16406.819909504145	7906.373828249591
148.35213152176178	17464.680473539	8507.071139377982
2418.5049303535975	14452.308712176628	8090.431230653422
3376.7090808372077	13060.813947151277	4951.9823236526945
1857.7519270133441	17637.2477502743	7792.31070442432
961.7540779847856	16714.407935005496	7858.114172434619
891.5120054108619	16316.767455881072	7940.118494462608
1644.328055409728	16849.62583110617	7598.330419457403
1731.609729642428	18081.597349744374	7554.463670232811
859.3586536426126	18819.037533708462	7165.4866666516455
-206.54554391931083	16392.604129254058	7716.8954771000435
1165.2263782453617	15780.33478466644	8058.4572883685305
2923.19577905145	14920.241023067605	8408.001368128393
1437.7988354111255	16064.58116796719	7505.824043837183
2205.4489347510876	15343.877603903264	8066.028863851127
1334.341109145937	17437.98900087063	8021.983721674412
1534.9112113925582	19185.334359113283	5478.242633923834
2435.0282856872896	15045.588577343226	4945.710460510446
1066.2892369108642	17283.563039682653	7802.499395708803
1176.166293465956	16217.988301411924	7794.303591379734
2289.646902246466	15948.935999421203	7820.388244577267
2294.6865008699688	17666.703341292592	7933.865140230529
672.9750753519797	15875.243792868398	7931.013009567998
1565.954524571359	18595.444580890886	7651.86263631678
2006.819383627639	15099.447424745389	8448.925993924653
940.2645395630595	17143.44461494926	7650.164957096862
1930.7469460564553	16388.255467874453	8066.4898311090665
1263.8681586197124	14851.666114336342	7669.755606084643
459.96286372247835	17072.40085492771	7645.1236191659245
1755.1887890746552	16774.283817641153	8227.721991713002
1286.3360435297263	16937.961379189244	7866.716058169989
2469.545044974753	16429.397424411934	8063.13286183983
2079.8511373193196	14220.882945804131	8002.473968649235
1475.672649513805	18030.279704925022	8357.263944938964
939.5036864971794	16946.085453506053	8058.947755558807
12782.671791636165	2994.518604901913	5399.392419852303
2111.906864248155	18237.21429932652	7228.7565443901185
1019.1053932660632	15490.392404121283	8146.600755060652
8523.228867755543	5887.1469834495765	5465.764134094192
1307.8581496451131	17245.106128759282	8333.42314606453
1119.9709884160893	16406.17916156496	8336.058508715205
450.0871258158975	16258.21075694522	7967.176637533375
1982.0280419207013	15449.194822893827	8152.1614794878415
1204.064066747625	15564.8959407642	7673.873106589582
-15.196661082823061	16686.916798883853	7692.721678689347
843.4374666045995	16073.521475460811	7667.870152473449
244.3170467350693	15612.47930205539	7850.3493244338115
989.1381031912907	18499.649056107883	8428.202739026668
1735.3168676536222	14998.500612590788	7780.242468017747
1452.7652718178674	16069.308746295475	7911.401038046204
1796.0111547692684	16722.550565205365	7848.3085526967025
846.6136055387444	15973.729567613704	7443.3214195114715
866.01564395375	15740.400951377836	7268.188800899988
1585.1681349426847	14657.048376541192	8144.324695450763
2576.5066328405333	17875.409293558034	8083.6860121698755
2427.5512364359697	14795.092917108826	7955.642021356104
523.2277053477766	16067.38511014632	7892.583491461182
-85.04374324798691	17506.262821206798	7820.547316198484
2239.6829659595337	15253.211056872991	8319.237108236086
920.2865978210954	16023.09290782584	8252.572782791618
1601.1926935321321	19213.615823399028	8069.165684351625
1079.2237538507902	17361.831847325942	8169.307048385312
918.7929532516522	16211.149194225318	7679.56470696007
1683.6594475972563	17808.780922403643	7913.780892068575
558.7847755699831	18087.0407640824	7650.152696779097
1649.405244984696	16677.88201075354	7721.175516108558
1.4362428507157308	18582.532922402246	7513.416213670431
9397.510090806023	4066.065769897917	5530.84872507262
2819.96718379657	13113.22262250648	8301.6656704042
863.0382883296138	14867.710953098545	8067.642713259919
966.202959023945	17571.73499438417	8034.688577699663
