11485.902684478682	2732.386978217266	4005.368326793966
9756.726001940333	4418.924326035095	5652.761154171222
10226.969938207294	2495.739498343246	5741.409475045101
10543.59719480738	4322.821386425555	5066.2731940811955
10709.978177681327	3350.0865725298722	5026.723466327123
10565.14143874774	3395.2897635000113	4989.887339526686
11609.949117459355	1790.3664642342019	5003.850379298578
11260.708930343875	987.1003715105215	5612.698983121715
10991.14642075707	1282.139340286575	5623.741419375122
12002.975424158374	2366.8521473344063	4693.951557068623
10914.310122129376	1852.5546184331993	5650.55615960532
9071.294905652861	3081.6496040791135	5567.543802706221
12250.806315478707	1178.268145985771	5133.944424946216
10020.573918467826	1670.368349611573	5177.175926765617
11384.011852434436	2904.7850381671155	5485.839303272959
11143.775894511402	1829.1234311790772	5727.284266813179
10564.719312352125	5354.855255486281	5429.317179872893
10880.122835659942	2238.2388485204033	5535.551305872564
11512.054787519612	2564.0214435882385	5515.616765585239
10015.847050624427	3851.1692354334423	5689.038390369636
8995.778202809222	939.2100022044838	5062.8770176063945
10464.019775903402	1599.4409580639326	5564.849594135524
9888.31062429103	2635.760794085929	5427.276507476994
10751.097507869188	5088.955469281817	5046.035133049621
10568.781133487311	6394.929054341427	4833.881756892281
11407.867587701552	1685.2637277303943	5409.170137545578
11318.406104959795	1782.0613425163986	4803.329136871777
10625.152200930726	5220.602821871899	4384.248920273302
11069.892272070818	3406.68732378545	5031.507285049917
10437.727396397318	3751.4129550987373	5091.222526919033
11586.683955591201	2490.9325322859804	5503.417855476832
11642.803199577802	2235.70632187284	5393.1159214468735
11518.35376984123	3913.101853187762	5392.318680841862
10599.799077925461	2918.2159973111966	4733.492681368908
11632.561414812139	940.7845555262372	5813.430373741089
10051.98273082759	3105.6506334805867	5139.823773276804
12015.530504693885	1870.6739141942849	5616.295344621959
11928.37416322574	1486.2130746187893	5022.252181530561
11338.627213535605	3424.1609428843026	4506.989656494113
10883.977228922791	1654.2914211149673	5211.653465992026
9922.134903215137	3242.586106267446	5514.885605628163
10237.582018450383	2185.5061722892656	5548.91825823605
11380.204581140595	3011.6017352308063	5211.899590413148
11294.067739987677	4078.9590861527113	5331.852165101324
10968.214834935228	1057.481804980392	5571.714614748516
11267.534307587552	327.78643052584493	5799.4742524060175
11244.24281920699	3143.9681320852746	5054.273036862937
11169.926542187935	1813.0357939362857	5322.357406562403
10402.417693984184	1418.9781682066928	5244.224317027132
11328.848568905078	1253.3865564154103	5184.742568468804
10519.24896366719	4130.448524359813	5505.813806846936
11618.376794106664	2104.932985739929	5518.038962298365
11792.773245055056	3067.303453339685	5257.6122316754545
12716.694463784926	2461.757721158	5809.504361848791
9435.081023630939	4699.352177268432	4772.423323110762
9935.938570404393	500.64331103835286	4923.233345539736
12313.789884850992	1313.4498749574466	5508.403531673337
9779.963662662298	2612.9637467518414	5108.971370170336
11603.943357683203	1954.5065140383315	5724.451708196081
9697.415365626528	3215.5259707144146	4439.962810282579
11314.418913679463	3469.7601042869032	4707.388044621162
11209.980719677338	2881.584742165032	5191.738145788516
11406.481930639318	2901.322570885404	5543.377907964497
10984.729484326148	3463.0881611528557	5121.139091785775
12146.64082162631	2051.9702419793566	5122.036800796456
10366.680645479446	2975.2541517704194	5808.231792564383
11748.930442626432	2325.9148314197632	4314.3092689855175
9989.169229818855	4349.008730709024	5615.302291119701
9900.177432449502	3593.417436306695	4509.4853488057515
9873.491566518396	1881.7589594798749	5123.218732844208
9719.883776408484	2258.6886777733584	4745.783645925556
11065.210368430973	3237.1561026291415	4645.381624573926
12463.825309460122	1547.7417354199015	4938.244163433796
11255.741644333488	2926.597498523078	5188.188102605643
10546.394481674231	1598.5199021520966	5712.961222621228
10998.947079261676	1555.3377783219428	5583.13053616117
10374.672206042345	3718.0835439907473	5556.764367361708
11755.887528820194	2580.562748624279	4982.018702623131
11109.563820406149	1923.5651782570424	5262.468065022287
10482.808571783138	1983.3134681295999	5572.530890635203
12063.490731007096	2573.7798131571158	4952.872425703834
9786.08347965324	3662.1498958651055	5245.7001360500735
7509.048086093891	5438.445890693007	5095.3661682119555
11340.322972730348	2540.4579182303733	5026.691190454716
10564.827095917011	3391.7866173850407	5792.099089131241
10069.377567917398	3743.3175235327626	4753.916216275908
11272.56938281706	3609.5456510377257	5190.030399216886
10838.150845996239	4389.679609134063	5339.394208165914
10261.89460917601	3448.432978607551	5511.571906969835
10859.295882244734	2274.6244888008496	5362.375883665337
10655.554079684316	2868.2273598276743	5723.013422560459
11824.895490656883	2776.269326151475	5399.332744002107
11570.307954780445	2646.1317960515944	5619.737728791925
10277.439912858481	3334.7244821284053	5291.519197338473
10317.628540361144	4173.358947138407	5133.871303899714
11520.564096820044	1719.6468661631236	5104.348768677724
11985.237527691255	1650.2365211146234	4589.926536861856
10925.512333475708	1955.6081167154414	4548.944090505079
10567.752652595016	3181.5907499564273	5073.087285430858
11110.4699517572	3108.9433194978037	5725.799375600853
10434.394956638458	2570.4672640432927	5630.463481488541
11304.928281994573	3655.0102292932447	5153.683634427548
12006.959907217333	2870.170957902213	5016.602611074806
9005.87542794464	2701.1492272209794	4681.760073457304
10970.294411646377	1861.462597220627	5037.556172888623
10214.973527902723	2915.750436828664	4953.188243929174
11967.54267574703	2946.8524061974827	4885.99204219597
9223.716893259754	3687.944211488613	5270.525372036668
10749.528899041681	2086.276580029764	5484.465894346277
10290.620342391698	1725.5380485161281	5288.566230511659
10949.930805890217	3702.6221730257985	5304.203834240706
12122.494051700776	1752.1618012556503	5362.351911033252
10009.785780949396	5112.442377050247	4898.541016809878
9912.994948600613	4704.5668916844015	5218.392844538005
11251.483641691459	1390.1623414571652	5143.168681219292
11408.560168302916	1456.2350507234207	5156.512273600834
11187.999512297509	3391.743419782498	6532.344430239845
10555.016130750502	987.1497586222968	4524.432398710555
9550.37134674994	3329.175826299919	4990.564171606281
11477.471469097249	3782.534877434451	6156.712077407615
9978.833334538263	1036.3907964742461	5349.332357827202
10528.518938761043	4070.187470107599	4954.758632345007
10476.640485771777	1835.3806372906447	5008.005007036963
11778.197519790563	2386.311251642878	5214.631344974497
9445.800112650295	2690.6888314363796	4420.238447722245
10423.897600462056	3511.669447315871	4850.261626685954
10670.968346680811	2971.43083795476	4568.251420867476
11309.04353446991	2584.879867038246	5035.56184799319
11150.507602327902	1974.112165765687	4880.223265510805
10118.547887048204	3201.2041658257976	4840.740312128783
11709.04236602922	2392.267071739093	5229.516306248303
10798.647939322125	1849.5762961484616	5394.355564873483
11451.878729406902	4392.187139101163	5426.957362705299
11424.942095680253	3267.2128876495613	5606.14475386361
10894.922662183753	1558.6137559564195	4991.990668763283
10924.477259857602	1768.7976981286633	5443.170945585464
11938.926962841057	3701.6337043526596	5726.910984054477
11798.693412256775	1051.959089288056	5684.678653617644
10675.30879054005	2890.5655330888467	4771.8836238995245
11977.659994623735	1852.5703212429225	5029.594299559225
10220.2238550263	3416.019892110535	5039.568857592693
10369.27834913322	4695.771027753682	4850.279335309022
9986.367674375259	1202.046134305292	4925.689916747074
11386.11414800941	3505.4195577366827	5137.695352475228
10858.648433970897	1060.4771778826994	5681.803896481292
10563.626763192218	3326.467833979507	4641.831399077197
10959.779981970927	2069.6196742483494	5475.494012041032
10233.924797034564	3439.731549853587	4876.528945567945
11929.980556899622	2157.6823646301723	5273.580439876449
10936.97126586226	1950.2425981851245	5139.9697763092
10446.065714891982	2932.8166904679224	5736.482296196373
11315.079281398701	3022.005348658667	5267.825344939304
11353.942463793868	2481.6118457287525	5534.718221493263
10936.328226225518	2549.2842760241547	5632.100838864647
12506.76334966454	1102.9957765997397	4655.0993665478945
9977.364546851712	1649.6740760443442	4687.616091720986
12150.645316348237	2218.199154514871	5882.175529281085
12086.330040209219	766.4422603040497	5310.433985006251
10433.481870457486	2124.3386832445804	4989.043626148513
9266.236148068048	3068.6925353882634	5169.009075097237
11898.126243858615	-637.853019105718	5525.494941877235
11368.835830982129	833.745000374662	4848.553731044845
11147.069020263514	985.4299169400362	5482.62112410277
10187.396774910987	3494.715775499652	5269.595019060341
11647.284472014988	1019.3348606717636	5484.1850540175
10160.174343417988	3593.353034576532	5188.1526521380765
10977.012226138833	3913.0515302896706	5728.904535083329
11005.322503522108	784.1105688402857	4874.571937726583
12441.516246259842	1433.5299089134744	5535.262574689651
9632.00155601282	4076.4386914316055	5735.58253724384
10379.635629784685	4020.3570395065963	5661.375354637533
9417.275884707997	4125.437131213181	5443.174671853593
10280.662720256496	2213.452083426709	5093.454348313753
10987.795136241653	3244.654862339889	5117.791050669182
10750.403328460916	2063.9797719651256	4905.589107653979
11757.408736813666	3414.698466473977	5037.6793414136
11816.39050239967	1667.1549920756954	5053.512640739034
12517.299332276962	2704.0287893854343	4797.683413774876
12226.677495791022	2040.523876687851	5255.892170427138
11904.499684148253	3381.7230303171714	5889.061409819582
10938.462515320447	3043.424827152478	5498.281798638503
9709.408302531547	2156.4151860865077	5016.07391910804
10330.87337824807	4141.329318454685	4498.63872071027
10320.89925826447	3283.699316930654	5167.701253697671
9551.020650755798	3065.062232493148	5663.650517829563
11344.296724164413	1925.2550548788972	5046.0147324767095
11471.898927439202	1821.7277914112253	5217.711355203956
11070.425566929871	1951.018468379192	4328.052548738891
11272.486271048634	1711.7092958982023	5377.7550214108205
9575.234054430473	2912.025950645878	5250.831671487233
10792.576441770874	3247.331660592347	4843.834001906883
12307.70433926496	2902.017864080066	5128.4111570668
10328.916949356455	3558.447265580455	4916.096411495262
11185.758456358168	1193.6305793876008	5238.424682852671
9089.541558501845	3773.865429286273	5005.702091036563
13629.49284518915	2353.976926763548	4550.811312768401
9928.193107377081	2871.032278162218	5315.825120994155
11380.429739464422	2621.6800811868748	5876.855522759887
10575.83981675049	4032.2090075760307	4957.739404552287
12578.808171586441	2976.7529974148065	5467.34198336622
9683.447931953597	2115.2936064849555	4967.324583484982
10797.42855504348	711.7759263607593	4879.328679056407
11667.027840660983	2820.96459305063	5369.818726834378
10524.142267926367	3791.2774246721756	5636.766392413539
10587.226432228714	2586.641863587848	5297.999505302044
10559.692942573905	2398.3009589471644	5585.303423320192
10595.179584824351	2663.1435119167386	4356.104462203521
11935.65476520424	1851.3901654497172	5004.432607211004
12190.757537332478	1894.777622457558	5309.051136240506
10031.430968459876	2430.111864901321	5702.971896384743
11683.664447543897	-136.04174816556778	4974.598253980944
9421.442153282069	1814.938153848887	5190.608848285768
11303.527934997237	2674.3028016305816	4716.44220694613
11200.638268673323	3114.638512237931	5392.162874260328
10709.364196259092	3858.577529638422	5671.545467433976
11771.14770259698	999.2627515995912	5250.119729456113
9629.106810958016	4691.881742838018	5619.328005160538
10977.865640413444	1865.9755125251786	5383.435085121723
10408.046990317995	1643.7468782022386	4958.187424963748
11803.403060471013	2487.1386955586636	5085.190214058805
12160.11782612728	4074.4622510313875	4607.979159595458
11462.818225951687	1005.5214187758017	5467.685833887983
10704.580760294653	3125.2502755841942	4811.576017540034
10833.164451644698	3256.7400186179434	4854.597119937665
8587.462516729698	4517.279201720899	5248.682369003243
9269.366729377047	5086.049110111498	5023.675774851428
12163.673735897497	2946.732844938792	5099.431113652421
10665.905323052453	1306.0524310543499	4442.976983173765
11399.083323306197	1750.5794231489201	5108.734574823036
11350.723103556049	2435.5323363424627	4309.872303983076
10361.394379562844	2598.8231619455887	5206.253373472324
10917.216997163441	4037.222048451373	5622.666611049087
12059.808974392738	2340.0093156206563	5099.348363124129
12535.408155994193	2564.788681963707	5307.378633010991
7622.670333066298	4685.873479047355	4543.630764967131
10617.576095186429	1580.1908099393913	5534.197938911605
9660.565278112581	4701.9957908098195	5568.581399466426
11511.023803916309	2998.632448115219	5061.874381270562
10067.4209755193	1896.5222968041846	5064.930336584061
10976.913305018077	3559.0763566135656	5835.233815848375
11773.465019409701	2972.75821328241	5980.017742876702
10081.149871314434	4663.844555374376	5353.24941441866
11979.06938013231	4516.5350672834875	4910.574354292347
11978.165550245314	-822.5992248311663	4583.726350843988
10083.571898615017	1790.6382397559776	5309.073497504866
10986.149360324142	2768.7000385410556	5059.937270079045
11332.243707458441	1513.4422043124366	5054.652839525697
11317.713461138728	1739.3228988076905	5115.059416827787
10335.825012591366	1812.3264169764627	4920.158936619563
10561.686095142733	2091.6003715745996	4804.361571273538
10070.808463863768	4243.158009866477	5649.253801114906
11194.034202744575	2653.018708042589	5785.8033465546205
11985.207040008312	2158.083183718354	4549.27466297167
11319.575095780274	2250.1129227299325	5340.613489403517
9935.591836572716	2983.902258983487	4932.4334003704125
10337.265647588016	1658.6212514444915	5263.601893107786
10833.836071740378	3735.868988131556	5340.423472417704
11162.097826991567	1849.7527747472357	4867.51743120352
11177.498527830423	2844.1022395797963	5082.386100756491
10204.677417530236	3200.1818075131396	5036.752125254621
11481.693893326596	2478.23076978546	4933.515811445482
11741.459236423405	1579.3398158662662	5219.725202525574
10695.84630170727	1658.286900055793	5432.514425978931
10658.65451247713	2293.0700228477253	5451.751415281888
10151.466951264649	3029.8525239602195	5408.616519281652
11879.500068408543	3695.004398903673	5249.959571550487
10967.250931128621	3122.4838462515395	5178.549832587844
10560.637864483882	2486.4073785272435	5084.2750380210355
11864.730032311427	3328.7813135500724	5231.988256411525
11266.029865820075	3084.5923686772544	5335.553079807419
10764.992793050169	2399.844032793231	4586.040609681663
10927.918747936374	2675.5892033494556	5472.429844996442
11337.080313855604	3072.2143339427585	4707.69393124099
10437.083047327951	3732.3843532961337	4910.861479298309
10791.741424881271	3420.6362066312854	5021.191641592796
11657.903898436149	436.27332811210465	4708.917198921848
9550.215548099595	3219.7831832482643	5184.406608685833
10903.347430832524	2814.827356718988	5188.400876715393
10662.903005855234	2904.253664270265	5380.414321016921
11986.291113622961	3313.5342870024556	5777.132200709264
12295.456808654957	2313.5494998695463	5935.058983013156
12283.113290319125	3150.662456046899	5317.334712753319
11954.732064443637	1719.3789756381977	5389.6609601776945
11138.582793118421	3266.5024468044744	5578.815476321157
10498.312385583631	1765.680717155128	5419.215142106203
9322.101278687587	2789.2707973429187	5797.891188815519
10778.04028973827	2291.0561813229324	5195.3430324173105
8911.080247303444	3413.9820492293775	5308.444025836967
9728.871113368667	3699.8609882874384	5053.036384675971
10615.464572014753	1873.3304934111552	4962.756849049496
10687.544165107824	2764.5964345938737	4881.29145497966
12523.560216122383	3271.4412992856655	5440.107795895125
11491.746920842692	2162.124340351015	4969.5299904447465
10844.078304438613	4209.319427153997	5393.953810426717
10742.413757491511	1633.4386170423727	5909.83063045962
12300.773461750987	2427.1103516793737	5000.574743382565
11024.928838165739	2640.301994603719	5356.147136645785
10577.202143328937	1269.2800604304355	5073.156299209279
9601.686601240059	2760.6963473596343	5500.81642019178
10272.831261934864	2246.8160389072564	5831.883438841153
9779.353683718493	4159.36953964817	5441.829825053697
10329.528330354191	3896.525611645455	4636.4715553013175
11480.749460600804	2537.0515938360054	5013.271174234334
11457.766668625185	1574.2161563275765	5488.020727093541
10580.278121861516	3523.751438755745	5489.53643406845
8921.731995590815	5000.773262804231	4935.653168297285
11373.438074671487	2690.277491538148	5056.566532402281
11011.465683956001	3401.151134627898	5194.608587670625
11004.81310435321	2970.002235769394	5490.454631450993
10905.106192634985	3247.2575679535175	5212.6692674361
11501.46354383265	2789.582519425866	5041.542876433058
10795.118477766297	3019.82521591522	4726.541067813737
11603.70340852624	1807.5428800309908	5608.862971389412
11303.717810943	1544.792489085921	4958.88286272426
10230.176136266562	3051.4990450640025	4868.309933992407
11263.696610662411	2741.5500252783145	5410.122379696078
10028.55834727059	2848.61339779935	5472.427489629817
11148.893730434354	4898.495160971234	4608.699147522573
11231.071626154859	3372.7279614935705	5277.159506513155
11027.269863717818	1485.8843885942638	5185.1743310190195
11677.080499964422	1831.7049288466067	4511.819095087087
11853.931153908708	1128.9217309986714	5446.24448295195
10763.75886690909	2301.2594282931404	5031.744069339646
11634.208299532682	2975.751342380902	5145.65127710667
10527.829669818695	3687.440296780071	4706.3471855805765
11886.044032892623	2743.827068715607	5028.39228654575
9579.817335395055	1699.0724540699646	5629.438501465829
10706.241360286487	2165.288309034131	6722.363674878824
11793.317295893292	3021.2654153375834	5088.389571195266
9761.925673347576	4060.0806120632806	4996.734518255518
12058.972760673587	1244.5129678388382	4430.10894652797
12456.83105540148	2272.0088422331137	4656.197914311272
10870.590122056075	2866.1694991545733	4953.402228501177
9460.559891846262	966.2673591350024	5569.528438199667
11566.608425336493	2113.7845331053277	5158.455282583212
12250.121395025275	3207.993003206849	4755.742716849147
11049.255322929663	4345.185590954161	5632.293418968996
10143.000231334665	3184.237737987875	4987.671826839604
10300.419419673002	3595.4922157870915	5432.059386432109
10763.969813213345	1206.997318162486	5337.675672218411
12246.853349511004	205.1860695553492	5097.153135669841
11036.000784490703	1081.9976723847833	5239.935047867023
11494.241609036935	2010.5477686002937	5450.4150094561965
11358.586438562323	2488.9125195202378	4732.011047144893
10525.946142241251	2467.8947065938873	4728.28734563999
11591.406511843326	1509.6419433524165	5008.647930669883
9629.755113505656	2773.0549974391547	5266.099537971839
8823.851843196146	2349.0911124938966	5074.6920161995295
10206.645682821932	1257.5837887929836	4888.218473709347
11821.041513616039	2924.852421169208	5387.874301289337
10361.122401832472	3328.6039341906235	4349.926760353825
10062.870720711522	3144.1824986862534	5076.877402173893
10571.734172794362	2542.502183404521	5345.115005622914
11247.81675034922	2372.1862265586674	5411.471101507628
11546.729339921783	1739.0960000496714	5803.480383915918
9574.447193726925	4537.569198769091	5006.578654969739
11186.21648364979	3962.5907508460455	5654.032424817514
10868.974234134772	4022.9427548726826	4921.782550449095
9228.949940178663	3406.45102042682	5531.8645573992935
10242.250441866518	2270.522484033398	5258.9017924429745
10278.255534154287	2945.3206547667755	4679.063564412658
11142.691769572293	2057.841082635947	5583.447734088118
10642.955555505754	3599.522734635723	4729.602946158079
8926.013251019911	3875.7006501006513	5654.713024407771
10775.160612004893	4879.708402532349	5355.001778327846
11094.793920381784	2028.7998455957818	4907.5097318776325
11980.043438006887	1369.4451170638708	4574.478376141353
11741.837669272621	4060.223236812108	4917.844837551194
11802.31618841896	2501.447296496248	5209.169521557886
9988.81660320746	4601.891142229144	5098.38359676208
10088.886242502947	3969.3327033219375	5418.333731321906
11077.221087057564	1688.3861811575453	5578.818430922929
10852.89007821804	2364.364319362266	4403.531111235033
10844.858655648104	2691.5265793716167	5277.723548466964
11409.201097017241	3786.4157317412332	5114.145068877153
10971.982647980349	1469.0334044116719	5441.872589651483
10103.442302206999	1942.875266856212	5089.083860363535
10671.102274635134	3995.2245819476057	4762.586545188249
10236.848852884961	3677.11900175547	4756.933197332126
11075.980442958875	2642.8725649265753	5749.156074725691
10146.768106194924	1770.1831466817248	5825.984842963097
9705.368775674162	3545.3628343293394	4996.821359203519
9708.494482066071	3460.339642791293	6103.455161047363
10248.433062619522	2675.868762780997	5443.6142594827825
11003.829226293978	3163.8764245530606	5269.387871227256
12619.602560602238	2086.46762897021	4736.8846689100865
11359.477894144029	3065.797792128794	5015.17832490223
10863.126820186224	3434.7649298862507	5186.384796647751
11247.618341494532	1975.5424550202133	6040.4787524927715
11213.54733191497	2042.1526534633488	5716.567906079568
11495.691304155129	2330.2610361177854	4835.292593922061
11388.79906928196	4251.416100521792	4872.241797925009
12622.879574343851	2874.061767285407	4890.838944147853
11745.576063472701	929.0618309949284	4962.583472235048
11148.637223719817	1339.9790724623228	5352.8064251012465
10661.032999133155	4349.256293578695	4507.340270287934
11796.443059446396	3283.423012124323	5177.988053557936
11557.26840205496	2642.5459309710595	4542.5477868891585
12451.159119692382	1666.6221674507067	5321.346832232787
11755.90683809818	3205.7255751075577	6028.86995641171
11124.116755686051	1544.0313220321943	5365.304087197448
11583.577372560463	2064.2506146380333	5279.2652702791165
8975.393805883386	4258.891264089402	4907.906830257388
11630.351984335879	2017.0456518904336	5727.805329707595
10623.232831696465	3175.3634491157077	4748.479366812434
11702.48326691401	2108.52801378047	4780.26020938216
10079.044850672919	1824.7452035590063	5442.668357510792
10451.194680517858	4507.898502629518	4708.605242445521
10531.391300052788	2761.648217493083	4888.565215734381
10836.22642754436	3290.2716305733074	4575.535646373092
11373.698819185935	2669.4683342451985	4872.6302941675685
11748.427598815913	2377.645428916587	5611.101877599944
10608.919116725647	4007.4241059331343	5668.536093357185
11425.930713981727	1243.4549135595087	5248.326114254267
10840.69548297763	1514.7893474562723	5400.729864596559
11229.702984644095	1524.7156936310346	5748.941683397526
11763.971964232276	1526.8828265560733	5115.38966208089
10486.903916178459	1627.9719423718595	5507.824581420832
11198.91479937648	1264.6976823023103	5728.568301241133
12311.807566696742	2773.125864538948	5482.507440412083
10418.338311308366	4069.300097605639	4768.836655314158
11199.156034869276	3531.3937462420363	4354.483619623893
10661.106110061757	3474.370816795264	5168.586588366376
11089.01004188808	1522.8161118798907	6080.084636941966
10053.79330790839	3297.1054147200884	4766.18936854476
9803.004862683794	5076.281154775125	4861.660170569314
12511.564708048465	230.81748923085956	4774.663695412945
11701.391579856623	3127.961437769925	4852.315418102674
10756.561702889576	2840.6594741709896	5002.159580308744
11615.774067069462	2018.2802883144407	5106.615390957683
10438.462309519773	2049.336035582896	4909.98776674362
10538.100082231409	3087.4320468540486	5500.759976485371
11577.564986021922	3008.506904574013	5057.2042226795475
12197.963813450773	2376.3180305485644	5432.802399863978
10644.738584958757	3370.6952042569933	4934.655044682914
10803.545613126773	3494.370631569492	5196.1136946836905
11395.284247398999	4172.034185306115	5432.125930065853
11316.143620485569	1042.791611824507	4942.873062528557
11341.12357795768	2527.728645461655	5154.394880936096
11805.961884254608	1057.8895108045506	5560.327221319807
10793.043911254885	2034.8846507923374	5231.361038269172
11740.955307658109	959.2447508928493	4320.375137875682
12833.3209722631	4097.166083421326	5530.389388066564
10579.585575239775	2250.906326081854	5241.662985000639
10297.901950304231	3954.0232289173878	4724.154462023049
11933.798018489211	3169.2581663343076	5674.443189115833
10845.70285400231	1890.7651546068562	5561.357400895436
12213.283192754381	2722.333013685755	5455.5902172242995
11408.983941226483	3495.8102526731473	5355.964620067812
10480.885567642725	2942.301332328137	5090.922843450286
10599.993160149737	4063.2011321784003	4616.089521572182
11138.83076041254	2659.9141448091304	5907.411667111393
10827.113409039743	2081.3808469025194	5114.622193328115
11630.555736322733	2256.7163533068992	5851.55530113987
10285.451322702558	3279.3174486438547	5008.054391980326
10420.356762115975	1761.8484999157085	5184.683780699888
13182.49112366585	1646.4188744124283	5938.424624579417
11615.588716982356	1758.5502191002086	5125.354490971346
11821.402477803245	2518.980936281262	5755.973694573004
11482.367071049579	3370.396737349592	4621.05412594891
10013.424597513473	4103.232417254147	5329.355403467986
11611.162057559974	1402.677828407741	5878.034311940171
12016.68062640278	4053.0311431776518	5684.749423490899
11207.760003597865	1339.0368113127092	4996.492312355334
10180.763009770422	2366.7638184277803	5670.949083021092
9612.864858948753	3820.430999282297	5776.914428035948
11566.528832189337	2210.4149337024865	5199.88513683832
11139.461272190856	1746.7442397225525	5566.261883254288
11784.652708836767	1443.1300953514797	4823.131581656506
9807.783547079644	2318.5751876405743	5172.325840314938
11519.773672462914	2148.9568443273274	5275.74346580062
12306.939390308016	1489.0507932591497	5208.455861706583
11871.383805585361	1848.0042973043371	4911.064448425144
10790.021963847928	1325.386151500534	5215.578612395941
10953.829292560513	3091.155816391054	4918.266733300371
11049.133037253667	3671.9408110234876	5149.585057481993
10347.11214377651	3222.5909818274754	5658.442186288959
11173.35997131417	2376.71309046214	4767.47679556435
10220.319572937546	1588.19024427274	5907.785142083216
10307.048768488112	3530.5818766137236	5637.135702826472
10925.028085867372	3165.5884439763618	5252.985169790507
10223.469474820042	1470.5313631695496	5142.05475672305
11688.790642927766	3109.2896745898615	5287.9101117718965
10171.320482696909	2296.3704412639822	4914.491006406108
12132.64224206511	2663.4163644898176	5087.5100197602105
8787.532503251445	2728.8933274464443	5251.26131214265
10891.940497535625	1949.4382021155782	4800.671013343395
10273.96097754918	3895.057327876422	4410.937442937292
10150.99169593139	3622.5084663150346	5206.506650376908
11709.899988011204	1310.4893306230388	5413.538043247525
12329.1511180406	3209.056178691353	5404.174428079896
12087.40082309934	2128.0086761613625	5773.884903328685
11510.108293041178	406.73597607262576	5694.792799290382
11083.81083578977	3348.7635668430653	4741.617559826737
8565.719481299768	3575.131548877934	4818.876889021563
10298.37094053567	587.1413242386947	5746.103426142836
10584.735740501004	3061.7202614028542	4849.715621764
11928.385445694936	4296.446735183937	5043.050261415615
10935.797204139044	2566.799285506591	5786.583553617536
12646.15240576354	1425.6503043077587	4677.052499015004
10295.84877587519	1782.9389191388466	5695.670699776105
10050.211594138682	3559.87083015581	4739.998281360012
11091.306642654492	2273.7133855807424	4625.8364518772505
9675.880892637819	3760.992175566796	4552.533211050616
10278.041429656727	4008.2281793082457	5379.381649423391
11768.40837393473	3019.339824850336	5198.951823137084
10564.640075576723	3608.380406894316	4904.54134657687
11403.904973120803	2627.0191436407094	5425.784854345527
11055.331492729709	2694.650388259778	4887.944433818565
12316.000666654147	2743.193852786054	4507.674429815001
9276.196633043885	2988.8884995837657	5648.425016288264
11761.442609710924	2319.7270704365906	4974.232914132393
11724.588214762794	1071.9145178077738	5040.517256531829
11157.598591368425	3916.8557940036953	4843.626898457631
9749.794036208781	4084.346007163256	4626.269307534648
11659.609447544972	2891.1160083115524	5606.404876171926
11962.577698484098	2379.63233636216	5783.467657238362
11327.887698516206	3276.376342595019	4399.667113641937
10662.881123825566	2342.324743793223	5368.7348572883275
9934.79145891377	3023.7392553307204	5030.866053562378
10507.218755322168	3028.5199583612944	4894.2253495480045
12395.188330274263	2265.741269573896	4777.948136236625
11443.203808374388	1463.8937099470152	5054.969925179548
10311.92928401826	1400.22377456438	5079.541477401005
12288.98717913074	2695.519643156331	5014.659272982774
11062.542553546115	733.8821882338741	4432.37568456853
11352.808575299388	3375.309008186393	4584.654714590836
11434.11638828773	1646.2731743744112	5655.031283253709
9453.017118634049	4137.314250962716	5291.811489164114
10010.332291332152	4413.175452491989	5314.40874064438
11938.706867076318	3569.4310605415894	5108.491936637218
9972.85057788843	3120.4058082042125	5637.214350544594
10190.91988684688	3372.191403203167	4974.518910823398
12404.279170119808	1518.5187822290538	4540.652978008408
11391.769422423688	2114.670064717509	4952.593282941192
11709.443582338536	2851.3562558588515	5323.566068477018
10163.250455245156	3007.826698819875	5309.733622627772
11393.092646768126	2185.9337603557256	5624.029905806198
10783.634753669816	3419.0446536889476	5193.463264413101
12026.164085510727	3590.000203852015	5498.8900369341745
10755.617005012258	3683.8377117876007	4963.677169352627
12307.787912420841	587.5568663011933	5361.915082716063
10545.538692246293	2868.7485045478347	4593.170634072591
12016.040648704706	180.29129592060892	5576.877664851655
11627.611611272656	2580.302553064835	5175.631444401307
10665.375856861312	4050.5420768351246	4913.92277822806
11363.572417797452	4005.026049175078	4723.699661391463
10451.505756925322	3063.869135217093	5353.9892152060065
11967.372935559588	2135.0686934711057	5195.799181813819
11250.63168255132	951.8908565616293	4753.157927355515
10314.94563893605	1694.917581981774	5272.285022418672
11501.826724755427	3064.9853951218465	5199.994619733824
8721.047602050116	3787.286380955903	5362.576324280342
12505.433992336279	1759.2337390303032	4652.317864870015
11777.69722589442	2285.556237059808	5495.896671203542
11792.730627400162	3335.070907699094	4946.619747923051
11035.506747134383	2480.6305961207404	5480.696549767835
10738.989161047479	2353.851157023714	4830.879305721248
10534.814448548741	2752.012925925616	5116.018548717952
10706.852773936727	2485.6571400920875	5358.645355659511
10756.756925916867	3056.2178037609197	4714.609996228209
11467.55178944618	3202.496658686333	5583.906408735998
10680.524979058655	2264.703316742439	4600.9420149675925
11993.328661026566	3028.0611286550397	5430.52449960511
10666.21416986703	1835.9201455542518	5390.0335546752085
11449.906343497107	2674.3467444441426	5336.216414175127
11316.361799625625	3888.509151382145	6365.507808168863
10206.867184285686	3079.673827564736	5169.761212807756
11175.99218386354	1301.9811270075274	5300.172196044662
10568.445448539882	3487.721684931277	4490.506164014294
10625.45960737594	1954.9257813880843	5245.023515930929
9551.77098371226	2438.141640700226	5350.2921424850265
11197.423156654188	1409.640668506686	4944.033349966559
11639.934586206406	3361.4430664402526	4849.551784356183
9167.34357693633	2547.4368853259607	5112.480713615973
12944.989282343124	2828.1804694445086	4570.162924676177
11737.716231975008	2838.521396859093	4912.399245645586
10437.589757344756	2461.6367106324374	5120.900726208104
10632.603334595142	3376.843942863361	5611.431734803517
11183.09027356378	1859.6239204301992	5541.060022562854
10122.6887202061	4818.465950382857	5573.729527690687
9263.21001173992	4661.104157819365	4574.199132565389
10536.68236083642	765.7636843351777	5881.202954512366
11864.936541863837	3151.593989027103	4751.498472532203
12868.029674283678	181.06347842409997	5435.9720829968055
11872.544451337935	4324.073916238058	4980.393277096961
10889.98676593414	2102.661923150538	5102.039526151028
11245.046355173446	3540.0808888897086	4891.675094752679
10767.923928128143	-423.023343537285	5533.800680000617
10635.12218554238	3467.0101837060747	5741.205488818666
11258.718012709021	2459.433586126574	5269.888037117169
11901.335230217757	1690.28567702361	5610.587323985938
9781.094987545199	3982.6652868842248	5247.439755192141
9996.263400680107	3034.655492922705	5419.776145925289
10824.110440681003	2394.0231041479287	5459.582601939462
10897.84945075471	2361.888130916256	5185.8184806626405
11032.836413163848	4002.543890881052	4522.956964826706
11658.970814192427	1811.4287310394502	4635.674978153943
11518.309543039433	883.1061346972522	5099.356506779004
10666.509999739994	1732.4690123864873	5004.138881588259
10324.908372408963	3311.43072837906	4948.251231344344
11326.391176411584	1420.735493047892	5259.308619190039
9544.570092584825	3817.214422965403	5285.089673383253
11630.898027374997	1283.5495221750664	5140.91159072654
10295.703811977657	3000.6913912047075	5201.153419571472
10678.276157151155	1629.1943007780744	5574.4535279597885
11082.050312917581	61.46844369736418	5627.2715417542695
11785.330437908297	1179.2538059503072	4618.023676851515
11375.684286372572	3590.433997702451	5140.507900151712
10978.41435458017	2195.3319009012143	5626.963661227458
10902.452223351822	1568.8939015882988	5603.3898324203465
11563.368805683238	3037.1329922486266	5873.83417755825
10637.108854696424	3881.487930745533	4982.85432409635
12290.255002094511	1783.5039849222267	4751.565424117414
12264.689874036918	3276.449910403488	4857.858336680163
10178.947245427555	3232.028427501897	5158.098882628102
10194.39421486162	2894.5614527896673	5341.272010909845
10006.191502065372	2171.497153530015	5223.559377936678
10770.063549191716	2252.1164183797723	4451.829217369364
10778.059321365514	1585.5528300403605	5160.0240701370685
11217.576368793298	547.7508519392811	5498.222809400358
12383.118712019928	3469.901176600125	4819.454212381979
12454.570253886472	3043.9320680569385	4909.97193968928
10997.264772262497	3599.101346048535	4570.165750892957
11552.861370958139	2719.1708830936486	4899.287849692861
11728.888304372595	3074.1912270074536	5192.587202748667
10330.794502420515	2411.0124884501247	6255.185550906657
10008.592589846	2880.0040130845255	5136.283711733693
11474.931611138252	1509.8198576953412	5145.7788696132375
10951.153353506375	2531.550155963636	5093.776623056561
11027.399450421828	1720.7431429413048	5486.022177132243
11000.332974707413	3347.4122877672107	5046.723105791654
10747.17802129406	3394.6277349242932	5610.098516215526
10857.418414424405	3841.9210949656845	5102.163798251639
11340.611271216285	2458.377902427331	5274.400749288933
11630.076736602668	3318.7329181694604	4679.254049720169
11494.775548654965	3927.2939690628905	5410.038772849255
10167.743340208714	5041.0953002258675	4600.961468087911
12028.13117784638	1185.8746272575536	5292.191758406219
11741.333389399679	1716.239028684499	4809.723584706322
11838.227113496612	1659.5952579185252	5085.737912740371
10888.712293427381	1704.572831653786	5731.149193910472
11096.069105505336	916.1744159470403	5327.14495584528
10393.491712343857	2500.4225314181986	5383.889213940098
10257.914808175634	4109.311918812272	5322.133222038716
11051.30565635549	3076.850997288542	5045.364716665035
10782.540354664587	3110.724945925236	6213.408851848127
11107.34460929521	2217.620356307922	4422.799526897542
10838.393121847474	2630.2593105144965	5670.6098146256845
12341.608709827213	1426.7305451704906	5106.843828086807
11408.276331725796	1047.8619511300747	5223.4059544088495
9413.297357325086	3003.512217195052	5317.381289066675
11366.388875253635	1895.6678611985974	5014.340158144501
11295.225853825334	1084.9618952859034	5253.202664492337
10324.451354473698	2606.3985194779143	4914.069684576914
10856.358184532275	3338.1520351383556	5740.7030210490075
10685.846176027862	843.938547423434	5516.513513924793
11812.920710287588	3097.126867300268	4880.84041807456
10828.533116139968	2321.702296997617	4761.253256467536
13188.870290576888	2096.97619378876	4337.879392865648
11941.180690972738	1934.0902486256023	5523.171903431374
12344.562095488816	1426.6582674242436	5289.835492554237
9680.790673315045	3917.312919215647	4505.343923909748
10209.317209958623	3395.908573848948	5134.155196698402
11909.200013557205	1324.0442619351466	4173.80006048844
9907.546039410221	3392.2036805719163	5175.343298085252
10896.743021113309	1200.409557993939	5423.739101452153
10555.944728193203	3917.400079895804	5058.61066611778
9762.181996952153	664.9833421451342	5588.520612607173
10171.95221261647	654.1275903563757	4999.780200447146
10196.323412615271	3183.055350800894	5237.6973071293
9051.344325463804	4174.534463348075	4804.210428226084
10195.976192847564	3476.8062855583257	4924.956653625866
10497.111266755479	3036.5765580276134	4762.951572429585
12241.44154901671	1469.2902177872948	5137.216098375699
9648.307944221371	2673.106508198893	5377.560289636971
11058.049600471388	2238.0339281272218	4854.197010752835
11941.28783051521	2480.5917438998126	5145.235913242584
11812.80792763678	1982.9429399368387	4754.560235020573
10302.262001592315	1780.3111420969917	5147.470712144969
9691.375425470767	3195.9602273687346	5293.51594938322
11128.709793944508	5166.7496002519765	5277.964385596784
12164.4606263851	2558.3133125621334	4646.713130490042
10835.101025209744	4332.166048264959	4906.70322067168
10562.814455749369	2101.0084001187224	5969.088879356574
11937.533361504828	2964.291050942935	4855.327416146094
11567.5996507623	2616.845749678833	5122.869015797664
11506.25138074754	1709.6208317836956	5343.008261810329
11620.562770128276	955.784464995798	4521.689255472193
11761.169335542576	3390.96025536409	5105.4732000267795
10486.793284130383	-534.0238129068752	4887.46590841786
11189.481909073214	2144.7277685777008	5819.170338411935
12673.633428311014	3652.0097958026395	4871.818537161986
10920.868979123477	476.00523032194724	5283.4212178097705
9397.859439132146	4221.847508209176	5460.14751252385
11670.877065152552	2616.515221355229	5070.2197188008095
11575.488911258977	2982.5038273121327	5353.723199035756
9820.362127769531	6534.16439695998	5256.166102951341
12469.057823427805	1079.0802669177283	5358.834406612955
10528.752524031155	2885.052809634965	4812.874085662607
9908.227083402671	1099.0892712791122	5023.0438288533505
11931.848358258272	3679.5983903390593	5146.6464998762285
11008.774297860753	1898.585770627094	5978.47574597002
10772.971920080628	1808.4476290732541	5947.495381950238
10388.824220434972	2660.450754956931	4528.825830128543
10240.448627156175	4652.324083003649	4609.503987533341
9619.344528966978	4126.092772593482	5489.457840226383
10246.012953998012	3513.2677542412575	5081.25687705779
10858.76586401297	2356.688527511764	5508.504030458442
10266.971072439628	2075.76931100545	4589.780840412151
10928.214869639787	2899.6669483001665	5518.530656471214
10616.812741870732	3181.1729234337995	4933.691270126594
9812.527792138426	3667.161391953192	5063.9898855316405
11696.096782039538	2865.1845097799237	4643.875821249215
12574.471648416542	2456.6347414538186	5491.760345499794
10972.641501698306	1287.9685285424378	5130.52079258267
10780.160644024892	78.2065662999507	5547.29744963798
11088.292984277014	3457.7461984672746	5680.896360303301
11220.994546259562	1442.3691368810837	4827.8337140554695
11333.81718110824	2820.123323231262	4549.426208713775
9430.825324494226	2843.9088321662493	5601.833180627905
9579.247655929874	3710.861217404258	5127.521685073288
10766.998280179363	3615.4039464207863	5288.215736532276
12333.48822103942	139.8475945850109	5303.4950419784145
11373.05400704456	3372.049183014408	4924.364064487591
10355.541281047594	3710.2197874351805	5570.207105366038
12521.277784161563	175.6875600905057	6083.154355940017
10718.479899633307	3839.7740457068244	4652.112663498078
11735.71808850586	3819.9900614105545	4749.376810149126
10107.320913546573	4606.557185217384	5670.799375733783
11863.564559976203	2456.980072943852	5033.11734614453
10970.741683002228	1890.3549906257842	5116.833441719073
10162.415264357081	3870.0059877155104	5006.0207892255185
11567.39364872973	2253.853375300077	5621.80812245961
10162.079495784381	2688.8388567935604	4754.571020123741
11673.019639367734	588.9445734961298	5406.179583905323
11525.002177218754	2003.485992941558	4946.912687133142
9736.884803734369	3380.381370501729	5927.968638096915
11658.934016080442	2455.854862064693	4986.720761389835
12681.05095985973	379.10414840201867	5280.830321873479
10806.757617061467	1638.4965920659185	4719.89536006735
12001.052467211488	2732.3415688244313	4889.490616440515
9834.072621169544	3693.0481766518924	5288.0273383122285
8974.84118970227	2257.336691288479	5490.757108349052
11047.007372529248	3757.7883905155595	5129.63526653365
10540.427619790804	2645.703106001037	5468.590935200231
11679.569184740163	3283.4806593541825	5952.696534284617
9643.921077270445	4333.021133559196	5438.965451138288
12408.318380954004	1776.2596018604424	4658.431699777082
11579.77228676749	2347.291732368125	5007.478272025131
9402.774027799918	4044.7411102888263	5551.648060994322
11874.896625795891	2441.7638854009706	5170.510830997005
10846.451694510357	3427.958906368406	4597.476736221893
12104.580697028936	2699.5216267789438	4952.362217971508
11223.423231844812	1235.5563795890084	5678.215985110779
11674.776885951322	4599.417858692107	4818.9269539138295
10863.65130538324	485.59040620515634	5579.577578430007
9865.595293716684	3138.390232808184	5913.505789440897
10737.642248515433	2875.7667476695774	4857.56065017445
11049.567733578007	4255.35545752933	5367.580257314836
9467.962658783319	3523.807366617417	5240.204185945864
11585.280627943368	2011.9537645921998	5250.606955671636
10548.666321256456	2162.578102134279	5010.656630170191
10467.132977797659	4404.412195032966	4432.976370246546
11656.160328403761	3881.1682084618365	5443.942092650789
11606.604255087215	3055.2582264082653	5180.765790416429
12375.144685008661	3286.844233951196	4918.379634690456
9379.286899347797	4058.1716924389602	5332.283477938914
9726.168864613419	3635.4140205755975	5091.391286859719
11500.813102070717	4062.4238315840694	4693.190072440796
11187.685643432073	3861.977260050355	4580.6615084788145
11288.52573060729	2117.0779200103007	5020.62184371183
10340.063940962438	3461.09257969161	4933.698589453247
11186.300468592015	2337.2956147864006	5115.4844460989325
9725.202165004	3609.687357181239	5750.263031784229
11498.931940754304	3536.8711220551936	5469.659238109313
11081.669223393123	3985.5239428368227	4813.281010090666
10634.930400652349	3982.8725580825326	4778.169987608658
11659.259179832781	1045.8982232304318	4976.903549130493
11309.510076207045	2932.971152246059	4894.390527961446
10563.882125461645	2746.371874050654	5172.711445552332
12043.73113911248	1033.8731681249938	5094.113021169677
10295.958723011763	2260.8603546223344	5767.310600790331
9097.649887692538	2513.4679764426046	5549.680298157626
12265.54926626891	2184.14864113496	4660.306189770526
8701.248939809213	3852.510184734316	4764.680984390263
10764.100670951006	4649.723101562091	4800.9665401355505
10834.395805227852	3053.301702061973	4751.130203635059
10883.828858677825	3134.1697908209867	4401.740149099939
12034.509428193021	3099.8420214794282	4906.227191577647
10348.268416532746	3894.049170741547	5105.329946620218
11629.965083247977	1891.9860806139482	4643.675124264982
9690.805564172246	2121.052734826338	5658.950578393792
11418.027616150552	3166.7413393426214	5812.429505018802
11474.190516060571	2445.842142371433	5269.937582807354
12010.562751132375	1550.3534980434665	4523.081277225667
10878.419738195193	2800.430878544642	5368.294423378742
11402.114899572382	2708.65726248434	4869.212307789202
11129.720808623448	2854.0161789380445	5325.4931461385695
10516.775987893623	1918.9480165228586	5334.568606114912
10552.740475687035	4048.612390261141	4796.731681827161
11345.463791719118	1453.1282689771817	5472.977387797918
10677.449792264828	3507.2444798504243	5101.563126553616
11562.504000150882	1843.4337677411609	4962.546206393855
11050.583108934268	3191.2832017341884	4969.12327159852
10255.154850962028	3196.6164057238375	5280.496554317343
10424.510307600987	3890.281999880934	4986.958102431384
9778.473480243956	2588.1944355285104	5189.51564986199
9573.693800273282	3689.18961808442	5430.3856410287835
9846.788231195611	2843.3876658814893	5222.802743870712
10680.169187649542	1745.0172548794533	5107.497412294968
10847.586245923298	4081.986859989439	4959.418230713514
10600.541844469579	4541.074709193772	5422.392509515815
10137.86730102751	2516.698665882126	4813.516059602928
12041.863069057661	644.0210130292934	5176.1028645412025
11603.885477695863	2681.4447589014576	4920.2649179858345
10395.733862726072	3575.133603896569	4856.867072112072
10998.283999291581	2678.158940410946	5320.116855740391
10369.770141366198	3565.3194589212762	4939.275222415357
10487.298954864073	2106.8433476938467	4901.876620391581
9270.962253999458	4271.356486119702	5229.112730627681
10872.965317936425	589.0640046845912	5642.375863769051
11166.275002163886	4002.4491429493273	4490.113347899714
12312.802233337326	1891.1470506919443	4425.472032379721
10230.630469664073	184.6531030287409	5331.540656368224
10640.143774989092	1638.2381106317343	5326.52152092697
10629.167985053551	2393.5312545884863	5646.616210110933
9621.08068808608	2254.097303634358	5488.17208385135
12078.748463676911	1985.3844021721773	5524.25656426127
11651.36990178291	1796.3770672253554	5199.9229496740645
11450.749828073001	2750.2801215935824	5170.781315082968
11716.844400887247	1826.256814925468	4987.226673410886
11979.215404766026	3298.0257378106467	4730.521217353643
10770.953419651914	3846.773365585636	4850.434246376639
12629.936974632223	1749.685399653577	5363.625486510565
11557.521570024186	2931.2522974610592	4777.27178490366
11900.808468050456	4119.540340295644	5053.528556342673
10785.708322563043	2738.053514160077	5511.431520474756
10847.23862187411	1895.399001552834	5420.647106266878
11549.317726565061	159.1422714342862	5116.110339505283
11343.146126416828	2278.9584866825016	5032.4159493787465
10854.582251908732	2221.235635491157	5011.875270817157
11037.368316799548	2294.978323173447	5928.311879904968
10248.174990491812	5476.887800273926	5460.543501941512
10599.80343308376	3441.3549415011184	5611.562982337275
9439.139688914707	2027.211624830299	5465.540704735806
12056.068972250125	1074.0326273040696	5818.475051873019
10585.043394758879	2029.7482563329618	5942.661532026361
11239.205035130624	2673.2464178873515	5680.767777051318
10778.818742345175	2296.188066659221	4964.9406641248315
12160.095703701523	3200.7127543700394	4678.97166216388
9027.13915870081	3798.816915280669	5296.7121803467935
11079.060871690855	2381.096190418764	4848.157800819759
11548.46207181743	2837.0437159425614	4999.835417123501
10248.852413367518	3681.9930554836837	5158.289838122266
10065.737614945105	2818.2068200452136	5062.013082345905
10529.759233067774	1003.9029036732404	5610.224276318735
10837.076818491265	3009.3098319786386	5143.063837381924
10611.593399730098	2620.7254718216063	5419.8820778963545
10451.973781314891	4252.785908978293	4880.583807534316
10713.975371804587	3175.6136942456665	5534.613165261969
12826.137692746312	2235.0985949502165	4975.289864407813
11037.147334844165	4694.264810342516	4947.6533190968785
10905.796692725527	3051.525569384602	5259.064879131381
11831.538724536227	2297.458904551629	5019.295010020089
9773.775060955651	3915.274179101696	5343.704539066088
10915.54386246046	907.3572541724986	5668.5221390658435
11264.529916397145	2552.0517458363975	4318.093965387986
9834.199726531924	3487.236786873677	5323.542088143382
11764.880077848331	1491.9427636974494	4934.389219341333
11535.02378629129	2660.6545720160993	5573.192867386889
9660.128836769185	3262.1270653630913	5283.9268389750405
11676.442937075608	3705.7130108087135	4981.058227464178
11150.673272911614	140.5408023955268	5732.423382954963
10359.133500683032	2297.97831946192	5326.447891906254
10599.151304139703	4327.948636650469	5058.110686534663
10845.56999870089	2914.6028334916064	4158.203791717159
9679.345513275108	3406.951221291315	5549.798370744282
10560.962129914367	2057.093930474086	6077.744775623846
10797.098836347774	3794.271152206499	5054.653442562818
11400.13540712121	572.7683875901571	5426.71213170027
12697.848168924109	1866.389276306438	5524.094335399382
11151.45174267818	1887.722393833618	5215.5160955921265
9366.485133534805	3800.074759584921	4977.533430501722
11289.539579268941	1084.7260436319261	5901.727157901582
11805.769522906678	2848.793378349459	5140.581912834549
9898.215675401616	1736.3323705925693	5532.117876491427
11309.365018837147	2996.844528363389	4975.301054502954
9256.77942643876	3466.0475616012277	5379.536478761315
11764.884321686706	1139.2223510828298	5523.228258821879
12208.709375481232	2038.6151742223105	5309.731994919519
11124.146152409254	797.1709955744185	5829.223801510592
11429.82697629922	1504.9619201857922	5172.129808737225
9827.304906659898	3204.4397632410232	4947.254706733187
10789.215719887248	1920.6965340628567	4862.412252055102
8625.500328191045	4815.2666759391	5305.182126223025
11244.445704485845	1935.579678215362	5221.691217701768
11994.262848061928	2333.384849289626	5334.239883057045
10779.41213393298	1880.3746610780065	5452.953900963747
11522.901143765126	939.2409014430942	5613.889496133137
8957.550744674587	5175.988827561951	4936.327072633248
10012.26066595014	3056.131971022252	4967.185784126402
11311.176564443038	2183.4056245001584	5652.544264991026
10433.126089665462	959.903300233815	4481.007796641386
11050.947097363554	2786.699993943121	5331.087606715995
10902.35350721569	3760.1135406400986	5055.990567461641
9947.93581918497	4428.502123611382	5028.571069306385
11161.170603380267	1011.0109228282503	5359.347263072006
10347.059776278908	4224.803672523861	5193.080484725286
9986.674932595743	719.8678698495812	5313.015083032029
9215.414827145365	1683.2006860064025	5831.818220330636
10271.04992668505	669.2899551726053	5237.465763588637
10203.914851734946	4634.078182215394	4980.1889212651895
10072.722400974742	2812.4001226095315	5977.391574249626
11092.837074176468	2146.583191105246	5370.359419398235
10259.018713725363	2833.2885832825114	5018.939411116972
11599.964079950023	2984.1545075379854	4954.576051729142
9867.105469712797	1989.2680268805084	5505.352116715011
10708.626598923032	2434.592598979314	5114.72270875535
10617.763185990596	3451.5047697021582	5145.722317136444
9785.138189164238	3957.445956798057	4973.072497283736
9498.072516374337	3339.2773131744243	5205.942871664518
10381.412570479026	3711.5042731171616	5391.048986185469
11586.665305218665	2166.007784045957	5667.217025730181
9209.643171526384	2701.628968316175	4875.471014333885
9981.060778627503	3312.646307577912	5084.44807057361
10678.733885542926	1761.6422110485873	4585.82425549981
11572.986868748476	3325.089426816601	5169.381319816801
10187.660306701287	1905.2205484527244	5784.9348663579785
10980.311801962584	4.505762094599798	5144.555143150682
11472.862882854924	2149.195824527592	5324.412254720298
10193.76345338748	4275.332954560121	4902.086458531187
10534.271760476682	2939.49126928228	5342.163287225882
11447.362235460398	2678.6142142076455	5316.322605925009
11978.365452464057	339.0845054255366	5699.01538464861
9143.545279005373	3790.7286860625495	5403.79674838225
11480.158814009399	2645.669411965178	4396.76149295155
11037.755010290692	3994.934943509058	5427.871095947095
8823.634409459739	3341.7938603435327	4537.1971176409115
11921.761831007501	3759.260998108061	5209.506111694515
10628.395207433216	4005.898754118341	4750.224223511007
11773.477061857726	2917.6637234822697	5478.577890816924
11329.524369128409	2243.022618044131	5031.948586448398
10057.614421169257	4077.112666630053	5149.214296996482
11038.105770874097	1647.2148670867075	4348.010563021749
9444.179363470761	2823.797442971035	5041.219933643853
12051.518550795863	2099.6067915499807	5197.778978343216
11514.354006645577	2851.126618813225	5653.750620854747
10552.596077920103	1941.2743158187934	5739.912889771178
11206.344366718335	1935.4807643364013	4888.092567158679
10912.852640795572	1786.4563868387067	5491.4842243426665
10255.229757090614	1121.6666374529318	5232.335891032087
9877.32149523578	1548.112129947305	5460.2875638411915
11228.831552964999	1151.9100002119524	5430.308254813397
10377.250362081943	1846.8071146877878	4965.316168509274
12894.579559277478	431.40471725520865	4919.08947958419
11866.601683955754	2638.6183677098097	4854.24729510333
10853.00240378349	3046.8731068015686	5405.298889463029
10345.19585639541	3163.2702573179276	5159.502711872227
10140.662390601134	1704.0158280989676	5408.15563442079
9931.804364649239	3984.236605313745	5438.022978977613
12327.147960884706	1814.1351967745613	4435.875359394616
12244.51450970972	1121.0965405915458	5768.095054425596
10809.631741216917	2904.039439850146	4813.449358018785
11348.936840320825	1197.632594341365	5230.461626349286
11763.469586071144	2358.527796454743	5281.835430718639
9981.600880340007	1915.271932875637	5708.247312178742
10528.977164462509	3645.83659197361	4788.34142684625
11432.389665805276	1120.6534429340854	5539.948574382939
10005.046694560126	3381.3550050336976	5337.740955053201
12019.934724625175	868.5262678184473	4962.409460919365
11750.492605230023	3253.563741502734	5155.664307295896
9762.152004805506	1493.3218353648206	5340.4561788053115
10008.256085305919	2900.4443991148673	4857.017435726203
10611.606131376217	2724.5632999135223	5074.739177481721
9421.729968092224	5151.674108691232	5423.109715904047
11362.528910087947	3350.583316524309	4727.46548770492
9838.656827256002	3907.9201434697106	5362.949139797278
11221.122891317602	2194.551031104331	5484.836424189386
10029.814949981452	4446.7770437697445	4972.979849408157
9052.806923831266	3046.8451140554967	5290.246477725618
10919.878057636692	2053.935807873303	5036.33105953917
10762.345814968166	3978.132974816582	5493.892719985967
10251.672228218291	1070.288938225522	5396.965053666045
12068.154485689796	3747.6673089067117	5102.1251538847
11317.706689254102	2168.178390792658	5049.067145992014
10291.187566281007	3032.848690110481	5389.257858965795
10497.124076022958	2878.8452811587013	5149.638333879705
11863.397888749398	2120.892039791201	5531.19295084738
9558.408157451378	4079.1189742023707	5077.711266988701
12380.685390102648	2183.2942796509865	4699.829996550451
11339.08914223232	3279.1665966640226	4936.930897890787
11768.483393537193	1202.0277845355909	5257.550005968699
11526.238451342395	2627.2693976303253	4895.779900167036
10924.745425045303	2891.237462721063	5649.057783619826
9765.068961188717	4329.478366135021	4854.989846670628
10477.791558028748	2547.480081161295	5216.091885611631
11182.718320160491	1854.6455895672982	4751.050239022547
10551.131510227402	1333.0559475885195	5306.406652948005
12549.910537143829	2775.607634495119	5299.053162238286
10123.425085090974	4057.144292924872	5066.482896947223
10328.588500998243	2990.2581832534165	5528.515556406859
10874.474224948153	1043.7651622913197	5354.404397962981
10674.862386267254	3622.153742899735	5523.991119264381
11274.631567452401	2179.4086484410886	5150.061542873018
10948.95949389362	2444.5963699156487	5406.238884602012
11353.733087732255	1772.1790588068652	4966.951108710585
11630.419966400279	2711.7970614950605	4996.277811338195
7805.456698430269	4663.801294394214	4814.497730360876
10391.730588303506	2537.3464319069108	4839.98720498986
10344.224324321756	2254.1439188180734	4802.676240475666
11553.529370840582	3578.417071401205	5392.747991913481
9911.460160521692	2593.2173638957097	5505.655290690338
9677.16399433945	2873.421955050017	4798.336604179316
10288.08619810305	2040.457292843556	5617.436316522049
11130.977563793089	2129.0585966000353	4519.321393753068
11171.910577376031	1410.227053435707	5536.708971318103
10503.959114602378	2344.8245963811105	5635.516501328164
10505.088304194047	4499.282786236535	5808.565218253549
11254.192336483507	2700.8290534266557	4814.889426332984
11600.340887946919	1590.492782294983	5574.922239812861
10387.779685287813	3402.7692464632364	4869.186444424386
11225.459405259362	2270.7186381062415	4743.369486618542
11842.853687541254	1759.9073861919535	5344.074655810638
12001.100277706113	2402.377156553207	5906.207990831982
10732.49667566666	3102.3113975277124	5204.015452027157
10263.436303453325	4103.49062476613	4737.229233292644
10406.83013777511	1874.0070300878315	4959.366461200827
13388.340343639044	358.8120220161762	4612.561056575738
11768.272574548042	2442.76925107646	5153.7422710575265
11344.976661013083	3047.2624490574067	5024.001816328145
10115.19463644045	2394.555637903069	5808.177838658632
9077.279386896584	3107.5065579485863	5287.250338634963
9148.386437305184	4012.284948886027	5523.76035741517
10991.242821118258	739.8956862511425	6032.35336372067
11740.124031971105	3616.4486827456763	4805.04628539046
11009.435393579733	3617.275598625093	5183.717693295134
10352.795152161867	3787.0668051315174	5236.4777584160265
10935.72875550117	4590.934864740146	5761.05770453348
10194.730195121057	3823.3231037743844	5639.435514989471
10407.814739679312	2522.5030330209534	5471.304300378166
12453.723537073962	2874.092828901227	4807.728888150422
11492.296185021885	2575.796052392863	5269.349587751832
9573.636533366174	4808.096243098843	5138.067920511072
9249.939413857084	633.8523222611399	5711.958949342665
10445.544751091535	1250.2835356781975	5440.981929835364
12279.391873529481	1770.3387235023904	5220.364483428459
10092.442750394108	6445.636338100603	4637.398667430702
10706.804724207172	3055.2704761082364	5188.882813141194
12690.488190251004	3037.397950421067	4981.638980906331
11498.029978079305	3282.773207945961	4822.321372866432
11205.993200797959	2101.1134530875393	5896.297431881958
11185.895512633699	2029.2736710904346	5279.010341841719
10812.654975469253	2836.4976140489634	4774.506408598252
9939.589542699001	1984.7786722217738	5445.136576209833
10395.620624111922	2354.5353926404996	4938.223868877447
10606.414596153714	1001.2793126021717	5304.986222312806
10534.032561076998	3486.0898777277334	5022.866308979499
11487.286963385632	2995.483583694704	5324.929010669953
10318.315411010244	1867.7972098106843	5263.409646924432
10888.56586928898	2288.6326526989055	5714.613169520882
11709.6198663908	2663.2542224440786	5395.256463485433
11399.946197049221	3046.6539655646493	5534.215879015351
11050.090884284842	1869.3427520137507	4682.592153267807
11117.631631872688	1723.6658144252574	5140.179303684142
10822.267460349542	3528.180094969406	5719.391598414906
10722.47020847191	3006.255228622472	5940.869998995487
11329.509445221349	2782.771190347982	5442.187880750098
10873.760191621603	2849.8238048910057	5186.4318303313985
11398.229672773743	1617.393131221741	5799.492098051572
11165.033953643939	3530.255016051595	4340.742207109705
11803.539145349427	821.8198509007659	4901.801670859635
11828.503178834651	1671.391460367978	5090.180417646939
10449.002717368967	3255.0332259947177	5264.292498861912
11840.510121473317	2496.229252975129	5352.316761370105
11617.61442328572	1570.1521858218555	4947.269876982973
9786.248452833963	2676.8211877134718	5031.118805096144
13282.133444425515	2447.173193197378	4867.43062113654
9924.443055213113	3962.2683097968556	5093.631961356102
11272.335373421054	496.3449274360176	5208.414575151106
10738.761964860101	2567.201001810499	4889.304022751911
11803.503352364236	2409.0904274076697	5013.1132597694905
9609.052548066158	3657.51612664563	4911.053876637803
10665.496207775786	2160.8892505540007	4950.635298713615
11471.784239995524	2751.981592551003	5033.875335649829
8866.760293211832	3948.3310135186366	5748.619593008006
10367.307565629739	3400.39523565157	5127.670244580985
11910.19802118075	2127.969578397505	5290.5855354082105
11922.505348037515	2813.048761710779	5466.151724873237
11181.925429048884	3494.4657960596996	5269.939812278026
11812.137996568086	3109.6452625230213	5173.887975921846
9923.821693124004	1829.5439636109172	5095.924301153922
9495.915420796464	5227.630519308563	5547.298865433686
10568.528290668055	3600.0911845810247	4753.501331157509
11600.451010028197	3819.143378557892	5246.409676866398
11774.071112752865	2237.9697125766565	6139.147137279676
11275.14050566623	2468.0391061317973	5160.853510218373
10900.272762628141	3516.824216431561	4698.100421614909
11701.817947768874	3329.260974147507	5075.477559831971
10716.276642780313	4241.368992544199	4720.724814272449
12752.747350634081	884.7991487659249	5136.282224183516
10268.912955600996	1927.2417569663558	5601.238107114093
10756.845509214349	2292.3333611316066	5954.263639368641
9093.415021826057	3908.0979948405106	4498.222145486106
11591.91987077537	2608.774702964481	5460.058353836624
7841.447327318789	5643.605308885351	5158.206588099887
9810.91000703604	4447.088043309762	4844.1433298283
10889.516500132864	2976.460503520371	4650.406568464291
12409.590862904002	1627.376250562082	5634.214008406862
8790.292538815414	2071.7841699816577	5394.458886569755
11061.859237166958	2001.441629928166	5175.619095268151
11458.612163982441	3710.50049025711	5383.7786113161865
12279.578261171477	3695.496261919746	4900.733792864664
10708.166122775749	2287.7813215765646	5353.182814876349
9184.21644105079	3500.5714454842623	5494.345306770029
9311.834587593863	4800.149525747692	5080.191540420803
10781.446754063702	2421.028316723045	5191.8169504786665
13590.548597591664	3816.30323031457	5447.163890311582
10435.33520245225	3208.121925775363	5153.941655608421
10753.832278312764	3622.088936659735	5368.228443629824
11863.490761597819	3661.4832019622036	4958.33755621677
11295.43968761232	4166.1352359994835	4681.715991849172
11177.216802390549	1103.0619548928519	5332.269802671993
10756.246207304486	3606.175546209398	5456.725486950637
8960.72495559752	4889.0981415546985	5569.681368834842
12646.760300675924	822.444628342306	5140.462327774669
10406.233033759843	2768.3860455717645	4868.446535120622
10162.802731514992	2645.097047057304	5350.588897781655
10422.51070414871	3910.3493401071005	5177.66318957385
9806.713181381761	3677.6274953216453	4686.837422799141
10986.747947975802	2858.511069126861	5589.788979167956
10450.711268356752	2329.5183268605524	5096.085260496757
11333.11544243141	1934.3234066779728	5189.224109014566
10823.007432112554	916.5754984545551	5548.102168183592
11550.880418256062	1899.878254852193	5742.244747797361
11533.868337642376	2791.476553621959	5268.10955775225
9983.75020659917	5809.488071600583	5147.180578278939
10764.581494302587	4246.045530246251	4941.521741576467
10948.235496453673	2636.643437892404	5139.885985332139
10787.328178038948	1574.5044601713953	5250.550097188424
11446.281659815515	2295.816355361853	4775.6231320140005
11729.849192250054	1665.0008729452522	5027.275723237171
12289.067200456484	1329.4086009450873	5055.436947835471
10083.653278187388	3652.18040710085	5159.11517979698
12614.74812461844	1761.8382458850288	4859.64589924364
10249.83601155077	3047.017326606575	4931.616837407741
10366.924026684821	1268.7561465144079	6194.943969190132
9766.09895349717	2492.1879374060927	5396.760757041876
9311.545241584068	4088.8065345284085	5737.325038780529
10571.845828364478	3963.3204428794465	5110.97025215144
9878.58064514352	2617.836991550155	5564.615221934656
11165.29766697879	2942.9058697782684	5587.423455607529
10640.447706859766	2425.0277072474696	5978.280668506175
11437.539913178543	2281.3532032940257	5245.696845400087
11257.698423104424	3375.7999892615944	5140.388019472313
9885.129288704547	4346.3211936427715	4553.400900864171
10384.659458283244	4065.140945773595	5018.589686053095
10739.755009155077	1562.2905888716143	5587.841604160647
8732.509290789638	5544.124339888761	5612.258889556821
11836.843112014183	1316.2156918846322	5188.984952557305
10623.136483244	1202.965422152431	6218.899359392184
11903.801095488207	3542.0862335668435	5126.289348531043
11589.301201648328	1190.6728196036547	5519.224286291776
10914.141197584577	734.4069289780044	4874.933326544694
11555.438861174884	1721.633095421821	4971.175479240246
10966.282418227736	1991.028550831197	5428.242400222619
10975.299359012446	1329.7167526140393	4706.658085846136
10113.167625407868	2041.2439621243439	5235.263099301388
11169.335040320837	1401.4751967805491	5107.48963939373
10015.73701276378	2105.975748496922	5520.316921156957
11326.58003922114	1613.757177363175	5366.252976501654
10365.398220132292	2684.5229021701894	4753.800344068634
10661.944237054611	3309.287579145119	5058.208301182692
11726.951465575981	2594.250833923917	5258.728989444799
9259.671125520668	3823.878612765097	5038.502559482555
11954.749074986696	1848.8625496013499	4718.370641519793
12175.644017095838	2517.4168852429984	5301.758461593966
11347.755713473525	2579.419874418559	5154.801209761876
8481.703423139137	3786.204821382144	5270.082566524296
9602.790723910304	3169.0105249757003	4844.321270258613
10804.496489793877	464.6607543633956	5494.391706920031
11424.204536219644	1832.2780432241375	5018.751552124236
10088.368889453553	3302.3099869094913	4982.640820137098
10676.797918413398	1694.3355295678878	5697.189382114588
11176.758758891327	4361.203591394824	5433.476209064245
10578.06422290828	2316.1354131736684	5312.322519004408
10961.393870123951	3189.788997393948	4891.404228787105
9945.477405097949	3775.0686099086106	5477.204100528723
11181.491558603237	2517.041538999938	5289.264497039072
10742.66045592215	3206.3238495917353	5396.911173838867
9882.453349856341	3085.2210562698506	5304.45008678578
10400.084482411214	2940.2370783199303	5088.240686522199
10319.68896074299	3000.6538477342233	5631.982423142256
11621.26974541562	4850.63568992985	4479.528050389876
10387.207911349129	3442.9812274178894	5155.890541159843
11210.199111264925	2028.0431548314384	5358.003083987231
10175.973789393187	2866.610957840842	5373.09543966275
10174.668943006354	3062.7327935762214	4343.747778950215
10826.651776094044	2960.539082174492	5667.488236252358
11314.063913554166	791.936312919721	5375.73086938241
