4977.726757605309	10036.2718643886	5913.058463905961
10295.76390304471	2486.843447876797	5480.430408239574
1998.3520972415215	17663.60045441964	6218.519507510987
1070.384780481687	15931.588832910202	7688.697864203848
2154.056501411521	14988.423697731827	7983.022013607021
1118.925358065522	16679.016099450135	7054.772495006123
1522.3844794279605	14836.265809506729	8160.56535613173
1.3830718395666362	14617.150482061548	7150.103388670679
1598.060446795047	14585.830703837057	7676.466774036774
2059.5413575754924	16282.399840138984	7018.734017676518
1923.846478691537	15285.29192453522	7557.117379000696
-77.71312090135024	16301.659425306781	7671.022493977749
491.44824123857643	18326.99765414162	7221.663044965636
2121.7875095710474	16255.550930666663	7953.444491996089
1330.1993811286618	14914.772060795387	7858.135868073466
358.0052299308357	17073.011930565357	7163.345753099523
1805.2515273165957	16752.432488451945	7411.784829315835
2462.9178443621176	15721.507685971117	7511.185153516247
2158.479208467288	16344.306514301457	7959.773520409862
1878.805152211944	16014.837870607842	8137.986137469666
826.7091029520252	17078.109543477392	7650.2183176791705
1918.6066774451565	14387.580265246108	7856.80367814226
1922.5840889413573	17213.125770600112	7923.548064378008
-63.8118453045695	16705.831847992282	8031.846764380093
1087.1538251260554	17920.27763915125	8079.756348046147
1292.0150349413257	16123.772127282145	7548.185757465547
1931.8496350902562	15424.873299918423	7401.652013168721
2826.702140501329	15592.909715914755	7741.785538679389
465.7305221971643	16906.19938090007	7047.575851166241
1680.8021499560575	15610.445740879955	7406.880358025718
1019.2251896551436	15807.471104921364	7140.42735029147
1086.4990363505692	16227.544818662858	7772.29607819327
2077.0516229913137	17104.63208894829	7537.884048161607
1670.6260052689515	14916.11079814957	7742.873111678675
1955.0230036909174	14534.610859714468	7820.785334455373
709.6201012794094	16704.65284023765	7428.5516855388305
2990.538966276848	13095.153508098183	7831.888264298596
1416.8442087249468	17072.151853984742	7490.86505129669
2561.030992482174	15262.356238818758	7683.3289402980145
2327.5282829803677	14995.982425826078	7464.745335220587
1463.9660425025425	14652.565579479622	7355.215431463545
1442.7694262872358	17354.609343788994	7301.380526878507
1537.0554821060755	19008.624211460552	6461.387411492769
1660.1931418567503	14148.349469892493	7777.75859808413
2267.734792970038	15452.350817471595	8262.325982842152
714.2419829399382	16660.364463413545	7196.090873647037
2225.331079818442	15638.646630339768	8090.823324164546
1470.4784314155872	17003.141000763422	6914.268759932648
2023.641504756017	18663.30182681654	6499.037689744317
1305.7473517506007	16057.295317643107	7778.367781459156
1245.7141797378604	16237.769515859729	7902.286190096458
1579.6872680723934	14673.516651503987	7327.619510153111
1200.8729885150444	16184.711097742374	7445.480342987111
1999.5340371977074	14839.888670941657	8012.194674293428
1674.819311805069	15057.79246747073	7440.329064141698
1683.184421618244	14793.07685163294	7741.6392108993105
1826.2202459920504	14561.67732877618	7109.912974853675
984.8460740260005	16228.627088180005	6968.586573571971
1311.2951022944108	15644.845172459267	7638.601448264223
838.9368925173135	15511.243291520763	7575.864072649761
1052.1315658296658	15548.74697158001	7225.588278071652
1651.6434746431516	16133.178292334846	7600.851625659777
1817.7489820585452	17148.172595605272	7280.572741161289
2199.927816358791	15007.028116911026	7092.1783275352445
636.4260492257041	14619.36835074532	7150.491042948264
978.6086623493113	16499.60693707957	6218.384251390406
1768.6438806890278	15881.00914633963	7327.154930281345
1468.4291020992093	13301.54877762816	7897.309615282746
1714.0500815350313	15569.85829534424	7531.1505028814445
742.3081027837109	16462.89873024498	8041.989257958703
1619.7436099631238	17009.752127174426	5818.368599090092
1738.9357740179805	16413.61090575198	7778.523972850216
265.54228492826735	17311.23578017332	6908.967217023291
1005.1975177595159	15806.663429300137	7656.278263047768
7236.227278793255	7371.649585243458	5615.447496645449
758.4397933294314	13835.056300231721	7560.82913837355
2622.3199328237815	15204.068567725008	7753.543598157149
1277.5598108260072	15134.994520247254	6807.2910812482505
1227.367864891466	16072.08578769874	6627.255038573825
1534.2834170112314	14518.771364950126	7420.826051480619
1321.2221577992766	14060.870432572707	7820.170171780727
276.31050028685485	15362.081172450606	7342.022743061591
1009.3918527457172	17272.613224648892	7260.8947092033
1315.0169044767554	14954.680400074001	6960.2728478045065
1586.626324733218	14863.938987895834	7707.508597576098
1735.0420102181597	16765.704506147773	7542.613394904625
1648.961172325547	18047.14303532358	7450.689111083511
1293.682671139751	15404.151644596448	7092.404233288872
613.6295996626983	17739.520721276902	7640.385877972649
1235.189361272704	17192.452440926096	7643.112343278607
-994.8648743711101	15650.425423512379	7412.363894419933
1563.6426535800847	15225.680108356251	7734.04565185268
1392.3528616162212	17265.96308867989	7367.160470060901
2446.8580731343905	15873.382084134902	7571.635853896609
1734.020600728457	13057.434619414236	8122.935117096439
1718.9191873847872	15258.071120765926	7979.513681691783
1553.7249927601702	16162.158191523185	7448.953384919264
2348.203137586043	14771.724720673566	8325.761639409866
1960.2883952944806	15246.819385925488	7188.195891835578
849.4988676090053	15266.377411163747	7232.942306344765
2056.0106730477937	17775.339869693522	7313.733269931534
8009.166872364967	7950.014724517707	5315.614912053819
1915.2580448418169	14498.922858097305	7567.868227998478
1322.6720287640237	14724.589971318974	7532.008844677701
1917.4413961362502	17315.463376723823	7898.27946160109
2499.2872474315627	14873.57352828852	7537.219796047168
1504.7699766159449	14760.661002391009	7164.506864480305
702.3862648162016	16897.507893113052	7791.70729881659
1514.62326422115	16306.321317140475	8042.314923445214
265.4462370565869	15067.10244157319	7746.202048364973
2003.565259692506	14693.289705927024	7566.609616729144
956.9839989024659	16002.932403142475	7361.829574075155
417.1528654875531	15320.632840336555	7293.918441301695
7342.774709879308	5552.728526105047	6075.929734540681
361.6222394614296	17525.960656916417	7615.044994876663
1365.0779189838872	15839.926153824277	8007.92410843144
1883.860572570406	15089.716075219028	7956.591034337212
-24.262535317136415	17756.132546323373	5845.056154353314
2285.452501978115	15502.290505453033	7470.727058373464
1251.915658261312	15137.362543104578	7488.642117227581
1059.0629949754514	14677.358078497931	7999.275183529987
1053.187259331534	16135.170909659382	7152.428051049722
2818.239719115687	13468.3862424684	7537.878918717321
1266.74859323887	14332.918177315023	7671.590360607806
381.7564641028498	15084.85055180274	7269.239663608016
1780.868034326784	15873.196645381082	7676.613949008184
1294.0619299128914	15380.867818972749	7707.351210806445
1968.8288614096928	15103.32565982388	7759.292754364347
2465.516892686421	17463.036728637733	6531.134623208311
606.147323093451	15219.26190202707	7869.509781670594
1486.951066873716	16460.15664919219	7241.477072730399
-65.81914206757325	15826.930227346442	8135.487398779342
1296.4612401838685	14899.657651673548	7162.346172870033
2059.217935293083	14791.201380504112	7586.8174519589265
382.17104701244824	15473.560027681118	7365.1186935564765
881.9034577626468	14512.188454981619	7552.954030779733
1423.3264506329697	13335.07209889562	7924.59767792969
1595.6645092170015	15835.227762589622	7632.0393917387055
1896.7241742304352	18511.362825646647	6913.279017709465
1805.4970387844348	16128.756676423796	7276.984573414695
2011.086952454401	16680.746843561534	7356.304404831021
1186.4347852273909	15657.266101447305	7544.650296904851
1109.144308332645	14874.915396740209	7814.335731985239
1714.8928993050708	16314.456863901436	7512.580952882347
3108.9999689538104	15740.453512499496	7496.202836256963
1950.5758158705048	16621.870348612287	7686.602302644665
2645.7230685884615	15869.924450605793	7965.96445096631
220.96293052063277	16091.767561026882	7548.049452051823
428.38737779715916	15712.166661872274	7633.8640237983345
546.019836534483	16895.526838411915	7653.966309749374
923.8451175587726	16137.624160935977	7580.520099175125
-295.6394430069351	14081.334453275269	7561.366076019817
1859.8780208921532	16209.258283893987	7623.524191735145
797.4381072747732	16943.433613567726	7580.391251794966
137.68500690155213	17197.120938591743	7143.677192020176
942.7526776193339	14802.97616445903	7453.530625859478
1639.1942286494932	15588.39507342712	8163.171561112904
1057.7761430929365	18646.381143896626	6304.357522726678
1459.0929148557407	15891.115722973866	7699.356733839278
954.0734506058261	18043.33293124687	7516.352968330158
2611.1247164890083	16028.99645325681	5234.846747427918
1634.7410829398648	17999.397129511228	7345.106331940381
2384.676773639111	15853.639476533688	7897.380986888416
1672.4180121818213	14039.010661069135	7425.513222967589
2193.026488608052	15419.577622255629	7455.438490813157
2700.266869563074	15273.599323003235	7570.649713662735
9671.88735604292	4022.0121289792987	5400.97743121665
2716.4934654755134	15260.434781740134	7463.455857946178
1847.309775816904	14057.062938653007	7723.093181996337
1784.265864345209	15936.215742361055	7601.159162802123
1447.5504934614085	16399.59516420126	7598.562480098539
2605.3129542917136	15978.277477771633	7601.696277632731
775.4308610892615	16128.627568518637	8218.604933432345
1378.3619026552822	16181.536119388753	7357.890381090156
759.5726726702101	15040.86099677104	7734.200647066471
1896.2098895498646	17307.30155678216	7591.480092365963
837.5006157197862	16964.571336424277	7544.681037625495
1577.3097111613133	15881.572169026067	7946.686165492949
-443.0400727174022	15641.908879877548	7510.0600954847105
284.4857101354167	17293.78591692903	7188.599654917878
1664.8725218585093	14969.259998849175	7447.484492545163
734.9458572893777	18449.82581635057	7390.531166652354
811.8826573758895	14587.163404409845	7479.308430443123
908.110736662799	16795.30387563442	7926.013658281795
565.6842915441558	15164.887447109524	7832.024683602758
2335.418311198522	17136.399750279135	7331.212492278849
9135.57653167212	6371.930749455605	5460.2239860223535
2466.1287991102527	17204.021229664184	7336.154081541523
1362.385354495593	15301.420840179839	7778.31520342084
1232.5756232473927	16590.532568641233	7324.10146068384
750.1559786484889	17346.98745438675	7783.199972558387
2051.598258842243	17542.21303126342	7260.202402909745
-1099.0953325403495	19808.717375473705	5780.128774245082
1175.8772530128745	12056.67475437049	7726.079640409882
1004.6191896209691	16580.03895421758	7318.7416166530575
1895.354922696571	16254.705833760008	7292.949415250317
1167.2175653368517	16896.050123035566	7260.33284938267
2130.350912902879	14887.6981001741	7928.188929202481
776.3894696947883	16565.965985519128	6701.991567299639
1345.5034964436609	15982.185435778521	7341.873831033502
2958.4185841877966	15296.761913813869	7940.998047504477
2727.7572074490895	15441.8206267933	7489.658447558167
1167.0512996754135	19389.11224197327	5579.520063435199
2467.2658746343714	14444.24050160022	7913.090883763211
1556.466762701486	15141.984230921043	8115.585109395885
861.3319715778149	14803.99805656322	5771.319521013109
1147.1624250532054	16804.151839671078	6861.288248933938
1230.033354051362	15271.951266650996	7373.248884550228
1638.4639959659555	17157.264526482133	7645.273400066598
1012.4166588609551	15130.524265324877	7786.261643106531
1826.7630521964993	16224.614643977464	7933.113325831052
8580.726333427205	5769.401477874078	5457.995966688207
1914.2906322554186	16610.46713485489	7675.300805886988
1437.1795430542788	17725.20340169185	6916.9255516166195
852.9868534360858	15812.873381453739	7832.091464519699
9213.534789192408	5494.494783181461	4868.609349841653
2085.36657510695	14967.032914855898	7759.538452380535
2313.6309411346083	15701.768306840822	7378.961755060521
2706.1575710340503	17060.180305224672	7396.031824920832
2823.0608252964016	13461.629839986264	7051.7061930529435
1865.1753642323251	15408.736955419705	7841.711103501206
1251.5704092164124	17171.107999486787	7350.765284441437
1371.3209464628062	16726.639564604982	6442.281198441573
-69.47867826860325	16377.179707780173	7313.967222167208
441.1586140413569	18168.75861952118	6336.107404455985
10765.854661130079	3605.71624365074	4938.492825191341
1592.7868542353383	15491.947011467058	7548.531013138736
1372.8622108010723	17746.84215776952	6997.833716943719
724.4021671342816	17252.335207473705	7721.771233149527
997.1762473774013	16563.667793686516	7727.086564244236
1502.9952676568366	16447.71537464224	7505.506089375874
1698.8735932181994	15626.79924967856	7231.54745035032
2633.922376910742	15606.626484259246	7622.415649086591
1373.5396133942447	17456.560701098144	7443.9644319020435
2066.4659527421054	14862.855014281482	7220.302366941265
1528.806024828258	15165.14804428464	7517.591954179341
10898.59878855325	3045.414166669542	5063.07539986188
1637.798561765357	13679.182988377073	7577.197996406679
1922.3656083438607	14479.378669244112	7715.128892651727
2289.9684122548824	17032.93954350123	7791.731993395562
2938.4386692030184	17379.63316871224	6969.168582242248
1703.4925402725971	15900.559553604553	7934.7675070720425
1899.6881118523606	16513.092220423066	7647.455578011287
1550.7353231925913	14952.110064697474	7108.66281021142
826.6016151631426	20438.31722648974	5926.2470121717315
1904.2869936118082	15769.161324477116	7476.975051503129
1700.0084816044593	13413.071513650513	7454.310660599422
1177.9717763728204	17411.788889812502	7428.886394050309
1690.461351654915	15833.538219244823	7591.429022011949
1554.1996706857135	16449.52234412045	7221.597884816447
1003.321493143548	16048.423384876885	7797.646029991077
2216.6191998712416	16205.35022353358	7179.381388260454
1787.1985752452242	17172.589868732724	7438.25462444741
553.0310209030889	15294.716921977555	7947.637922800652
2221.1297624293557	14619.218048840983	7043.338860470193
628.0598631673686	14082.712667481721	8023.607493033592
1705.3934978902496	15705.964424427433	7761.808709946332
522.3807234832138	17875.033838725678	6665.130928782171
8757.550492228858	4983.698535420626	5134.807426407935
1023.4849779316053	14043.950638157688	7432.99132503427
2454.446173553488	15799.912042837263	7892.107139812722
1523.2380862422422	15881.22369044347	7547.303101290165
924.6749664819936	17616.303811808393	6317.749705160138
869.7215175767936	15274.334029634363	7970.78115698482
1959.9065648423548	14270.986005653946	8446.235107616338
1053.2432561764267	16375.41661818741	7815.428841431758
100.29604529732833	14986.799727626581	8039.56127640878
761.351418429126	17594.76152856592	7902.527095726126
2207.690604420624	17486.57682612356	6127.571653608117
1135.9751195180188	15014.78790359397	8261.292351262946
-92.70543143807627	15867.738850377575	7570.067892911753
1240.1282061959587	16133.568862157708	7122.40735021061
1491.3682436356487	15765.671697613383	8187.600557186673
1497.3121760094432	15348.698734595786	7860.760702736784
950.3049485057268	16125.753064561473	6937.021286895986
1217.046886150864	17108.50688429452	7718.984501576626
1523.674850754896	17953.05671402393	7353.629033398562
1923.1027965708627	17120.91222058521	7676.397273679425
2745.6698743587535	15673.235489454912	7434.238773303401
1607.9613944620967	15373.195793059647	7907.242568797076
1382.6893632448262	14962.605246650548	7407.186561487701
1286.2831385786956	16788.23816770576	7232.212072928114
1420.0128079630445	17522.43312646214	5780.877122649361
1681.05509906957	15052.624543423688	7664.377954227577
721.8101017894974	14110.37941452852	7138.43680014203
1479.5068736292783	15171.54791028537	7659.148076763444
1108.1111304168815	13963.752453716883	7147.562997973534
696.9744158518538	16625.538640552873	7036.925479236268
1396.08078747144	16679.3202560058	7735.273866521851
2380.0425103357898	17360.63478043496	7479.877404026248
2748.4720134889167	16876.232957634522	7245.643696966669
-48.107113492759325	14950.821681207335	7790.8315959815955
1847.5506579672754	16262.830465115389	7595.210975004824
1473.5898002826489	16965.233666443757	7570.386591467122
1823.7013272855943	14930.679378272333	7256.491887680353
1647.8070433266464	15004.875342281375	7408.3391700727
379.1422595562268	16132.660956303895	7656.175614815133
1067.636623447195	17231.082406408394	7821.079951716917
953.2006802091652	14730.518458150067	7930.691449282939
949.0699838280626	16842.392735553804	7511.145218238387
1272.6715968374212	15693.027205038303	7893.592559232324
922.7321937339082	15630.734425877463	7702.72318459299
8664.373448721077	6109.901136872115	5287.599522603284
2146.936496733395	13881.608811472433	7633.427717213926
1315.5666568547715	15934.60560347385	7486.962928827748
329.78910095433093	18214.796864359014	6561.083469843305
1406.972132750747	16843.296273932414	7590.540110170125
1106.8116830340964	16389.123227875694	7524.73624071672
1813.238017170052	16555.81961292975	7182.796474129134
543.0104167567009	17197.409548813994	7986.148102582237
1375.204273858938	15345.50010415506	7766.541209774154
1641.3266192703613	16356.843054933135	7383.584780131218
730.4257677030881	17314.971818067897	7431.533314394834
1221.4694425520959	15744.919425357135	7401.868796091334
1489.36901295223	16880.101964336547	7693.0676174303835
1581.750885010094	14990.953190701264	8067.0219171872195
612.6399788337443	16266.031867985388	6604.844928532988
1713.0590309898453	14964.661211274863	7859.074983351002
1690.905605956025	16987.173335104628	7918.849572372456
855.2403431899351	16721.043831503866	6951.712549108699
638.1294138221657	17363.07388471078	7847.436637629989
1377.2368406333671	14967.104846756061	7273.947867438464
579.685226699346	16843.06112339948	7059.341453127901
2608.236669650639	14028.118809712343	7618.515226874912
1421.3325588625883	14803.63180918377	8234.507826484827
1694.300178595464	15208.944289946614	7308.916174733017
1426.8433655755248	16174.377406023805	7637.728377384609
998.8138335986548	16369.328457090183	7957.558308311044
839.7992306762285	14536.472978749554	7745.464835805247
694.7736047038927	15900.593040498507	7657.563501248973
2849.094983211487	14361.554462065002	7745.193383866923
2135.26899812839	15223.654579593122	8068.8513427510825
951.0212800896917	13755.890684492635	8012.2284102562335
1729.9946726744547	15829.3082105443	7792.678322511385
870.811662489648	14846.460573564924	7923.9683384673635
1454.324403588749	15713.666070177585	7725.353708693754
836.9693621808359	17370.115962238804	7467.765128201315
1121.473099912457	13940.237751613278	7847.053982072604
2329.875217830704	15777.40925665247	7553.580154122407
2337.6841572451804	13026.455929757192	7492.754516188445
1335.6421390647151	15239.495404924228	7309.255277555895
1651.2766325123719	13745.818113728345	8281.211585178582
1045.3834377123378	17542.269718394986	7687.503360372713
503.86894417061154	16036.423938385995	6862.37960632548
1287.8298242785022	16931.87771539357	7380.705517262685
1089.8559048734558	14473.92087464588	7639.633188420421
912.7577879412339	16315.685169444012	7239.535954011365
2876.4413429135943	13777.104193780258	7760.4571129142405
2577.003271593371	13666.50715343738	7305.540099117016
2005.252879526389	15751.36631066504	7681.785561453987
1506.4560255460688	14676.47214086157	7348.151416161667
1908.1418107391887	15873.459808948404	7537.224297900785
1382.517715471211	15411.991163875888	8114.23418661098
1659.1376823598816	15319.854438282071	8039.316493938704
1564.5258268865314	14737.408887872909	6912.144781155266
-30.625263178883	20572.33943831124	6019.618679970871
2366.6405554266644	14028.755162909027	8188.366028243955
1571.5282349397828	15249.090581034765	7096.93809826423
1366.6735988170285	15159.46567810338	7590.211487186295
1684.997303677036	15213.749117837173	7847.675433194296
929.5397654103416	16555.672015805863	7224.6335109755055
1720.639303558915	16160.921020793341	7883.328655208824
434.227405110962	15736.317941186877	7605.796355604236
1577.5560773748477	17326.68804742698	7049.153597737589
2201.0136121326696	18082.713276399052	7505.604521043532
1848.7595045610276	17048.814328917728	7722.276492575486
9440.709354342653	7119.263445993979	5900.478929420671
10950.66209094597	5337.625008310592	5355.242151781167
678.7761385299723	17041.344375451794	7340.350776137491
-94.35341075828453	16182.569943691784	7791.87877792582
11185.137519687893	4481.972598802314	5546.880936018057
1023.4856170698885	16210.441956941255	7764.269820593208
2041.1471517339635	16478.209097728046	7423.852953643919
870.9773498248015	17375.20009507436	6760.85305241597
1838.8516021053713	17009.62868258347	7715.548938457705
2750.2850203441753	13555.632540584069	7429.29334518713
1455.6239004328	13415.385635008892	8125.663797514921
1883.9156722659363	17163.93352990983	7378.107226460594
10607.361178096278	4143.321380617528	6017.583267644707
1505.7117771355563	16307.167093784255	7599.940551747088
1045.4883557594658	16068.968605590082	7304.171653845992
1132.4458058146186	17427.393536657564	7592.171705383294
2129.3857372062967	15093.586388282869	7567.301179686811
8788.535970136456	2949.0025588864187	5580.867104114532
1422.5829262627053	15021.044765165909	7358.382414050787
785.1461324430056	14737.476022242547	7121.610391090945
1977.8785562392432	15885.149530535511	7994.674035496247
1053.2175662468933	17867.35135819698	7490.998509884527
1653.5761441925993	16081.886398521534	6689.95423827209
380.134319316353	15387.148696437383	8372.810530390007
1170.1051712595006	17180.78790646688	7822.068628959879
1450.669042517823	15036.090469959101	7304.497981657883
2227.9524860847446	13415.414785739727	7293.72270708722
1511.798880422572	15792.971619090327	7298.4134057726615
1108.4273318610142	16262.406227547026	7654.488605508654
494.983890810058	15899.740629107062	7321.669633924768
1854.7282658142933	14279.883324486987	7863.202977471373
1869.0362846176515	16661.943311640094	6432.382163615585
2299.833782299594	12609.904727752704	7348.499254812479
1916.6329838331387	16138.79343600362	7768.04168571744
1319.574116140957	15164.224512039193	7460.208907789726
1140.7628268500619	15157.056864085765	7587.579783334664
1487.3349975818483	15729.440540158952	7529.785222475277
1369.831590256976	14476.647867723332	7898.896734845569
1589.1419625687452	15782.044051366645	7416.2901832662255
1951.2967664277903	17697.998798251607	7739.868586327296
1326.1679220315805	17163.699414005776	7252.3521264175315
1299.3752588140158	14457.596494437475	7605.84741536593
2319.2030215835066	14138.896309853722	7486.436997275272
341.9813043166288	15364.551608295867	7811.131800376568
1343.7584254983342	16087.896810197924	8116.294797786759
10834.299486231874	5338.339084709359	5068.595189239491
1788.92761883059	13495.422064552671	7890.080217369155
425.9046047146123	16332.395385112719	7816.328540801122
2157.851740675476	16000.636693424924	7637.354975453259
1410.1926985623534	17396.447522542625	8258.921238073952
2690.077893426748	16722.902589171914	7558.519531334414
1756.9261791202578	13741.93494723104	7881.194590951391
41.528473192976584	17805.092321805518	7401.697150217846
2000.717681459548	15498.99517963832	8073.089420378646
1380.8854351639088	15033.790349346511	7652.725093057443
3410.07343697044	13391.371587285905	7749.272344005324
1987.411855519167	17328.31081793957	7927.4078074641375
1348.7439383249807	13012.492605507774	8028.878175356187
1596.1234679425713	16784.138463669584	6928.528238549434
2166.9665032756593	13986.820974066644	7232.836581033213
1090.5728082361577	16265.36158781192	7066.234682118662
1184.1707974218896	15930.495332923147	7361.540933329666
1475.2409050444007	15817.847636049248	7230.006435235094
1465.8606717956807	16894.9762121337	7953.776812092611
1112.6675964313567	15510.320134070198	7922.14169973579
2521.4575396875193	12933.230973129852	7966.676354282551
1464.7403829114319	14540.448773670136	7591.246890599788
2440.3405924699773	13799.280466450515	7703.312044863217
586.5598580947625	15708.862597940064	7499.5167319556
866.2659504207029	16056.248271202032	7343.663914429957
1303.4116824923892	17748.096519825638	6567.827124824944
1565.1234214656504	15073.977710073295	7362.255339548555
2061.0896433824532	16253.18035966994	7380.963692538691
1123.3642791172167	12696.289693942486	8314.530110907983
1512.9312254934948	16034.333134367209	5881.540119510558
2178.104094178446	14815.055699827337	7934.205690355398
1715.2638672092962	15457.89347972602	7462.543850418953
2125.335541748481	16839.299586422054	7384.752553257958
417.947972213988	16554.54679886685	8390.799882482017
9906.474051808143	5177.554500512871	5477.35499410583
964.9820708196725	16489.440716248413	7713.272313991519
887.2889963987429	15093.078987881103	7364.059068293047
2468.85559272695	15632.67327342478	7512.928593397024
1934.852772868755	15163.815930903125	7584.089886899229
875.4804814519674	14889.187958819148	7878.524338274611
8231.421098672556	5921.146423549723	5505.746213322975
1100.8602888267235	16583.515655815343	6956.666543079596
1906.1468242073956	17932.82984061853	7453.0459156373245
2159.751363091439	14285.51211469187	7788.165301667301
10891.653122424701	4452.702852966395	5616.4052003479255
8670.465959817702	6176.614463938547	4966.228515803107
829.9089360890927	16351.994206412206	7291.393883260861
1547.0178343732796	16331.302708634801	7180.985402491543
1113.1636893033058	13144.101695813613	8001.249314430954
1830.4175746856026	16357.25891812293	7618.584445138247
1431.7289377498164	17768.809704435494	7301.519527534368
1470.0495110407523	14777.956336687392	7971.844363188094
2855.236629818388	14877.226872543813	7883.860988467069
1885.0171571810627	16004.083453842735	7473.906677379017
1188.2345865898724	15434.200016688024	7566.836980180612
266.2196388074594	14555.590941735625	7427.827677195604
2903.7106526416633	15088.475642669011	7440.393434679999
1458.7522624873236	16085.855857929932	8174.933301374198
2115.643850579644	13930.542575307329	7636.492145238247
850.5487756563086	15480.737321979226	8051.750560681828
1901.0975192104825	13961.53439863763	7731.532866172662
1582.67620497223	16211.474046046516	7148.612537094231
941.5387666430626	14658.307172771803	7633.593122092252
1713.8431586112242	15397.911422493613	7989.816819941739
237.41277978991647	15267.566197155085	7060.774786863679
978.2664596840668	16144.006671234827	7767.3360525577855
-216.20539287982308	18021.663703619473	7692.485448549722
955.1096894673423	19754.438287634624	6417.403352755043
767.790614638386	15158.458123415345	7565.366592768811
1308.178013765113	17980.76822627397	7803.919592420999
1352.670861094841	16081.642911925932	7678.907844332748
622.7187461541187	16538.517892237905	8051.136257438161
784.1435805007944	16730.573302470806	7501.559271043065
1527.313367222445	16046.34905221464	7861.005197323631
1233.0406699420614	17653.042089416143	6872.713508410888
1729.651992032162	16259.749355170188	7360.1870130074085
2202.3215886179155	12893.751213321973	7971.8223803530045
1328.4862288526297	19243.985121889342	6267.590919507031
745.9461546372427	15210.439979957913	7719.474808262998
398.69116401889795	14678.405064385797	7837.787338616743
1550.867981862635	16514.744580546394	7625.946762012732
2179.5223201671747	14346.69196915506	7904.973911525331
1356.219553906716	18585.46243824684	7005.72055276128
1309.1527427691437	15242.125906603545	7383.466941973082
1846.4458179743576	16106.782558039275	7437.820745188716
1075.292345620202	16156.778979302013	7880.899376489938
1339.2672666691321	14470.615775365966	7605.74813169663
2543.786630764739	19224.036064160468	5393.3249208252055
1910.2231496550412	15613.653448687006	7773.053222872691
1669.575471720855	15661.484123952754	8207.85190143861
1907.5206275646851	13195.179772966016	7609.665944228452
1365.535994490017	15900.657273387345	8012.040762928724
607.1128581041132	15070.01565721862	7660.348401281422
1097.6808956032241	14859.09255078674	7844.434471721917
2669.1831508816153	16060.153461304768	7517.384096177044
2127.4309609096586	17250.50450365907	7467.575646299812
2226.215192162112	14690.871469440892	7756.464772397706
216.72852042398986	15871.148997918506	6632.465414090926
1227.0121077266072	15857.197656665578	7291.129707610167
1233.6335764720436	15279.93288127299	7580.636150042771
1161.2080467226904	14087.089287767716	7666.5445744352655
891.3963470998044	16177.97118017948	8266.58015570546
1010.7767260960721	16338.552152634516	7540.917278850985
1790.1783434431127	15796.416432439279	7588.379289902537
860.6419815684828	15304.359374342239	7479.031362877307
2664.5730714309143	14728.822779289367	7941.307992139419
9879.225039148949	4657.984521404018	5045.302016278982
2051.614716968545	15764.107025891206	7828.072978526664
977.8106641483847	15749.334789450942	6654.356121688084
1534.8681568976458	15861.628871510049	7281.476022549455
1513.208838237214	17086.83788795362	7560.250470948878
694.5184120746152	17423.1902715812	7837.089425138091
696.9394551282722	16671.612267629716	7339.679015906095
2351.3920763962783	14556.905224032404	7448.708742037217
1852.0839240942273	18463.499063951076	6989.171045487217
2133.793898617949	19233.177839169846	5498.465249622961
1972.1844333097506	14218.731564321732	7766.001991091203
7669.556241650797	6321.2207132189305	5290.26912911681
1935.706340033476	14553.999096052858	7782.09292540573
1459.7663318760026	17115.44688128027	7061.222916757024
1958.401208159923	15857.31950839733	7305.830156206341
1453.7054766321671	15862.767959473878	7703.804708745806
769.2715243783058	15519.6869288361	7428.167461811502
1449.6914846895818	18349.61364256778	7199.4125751193005
1304.102550645884	14061.478607767787	7834.757599502645
789.944401185931	15487.342579561782	8297.928886963204
676.6560192419329	15615.742265937535	7537.503826440579
2407.4513491161642	13529.131620904478	8195.402011994267
2592.718845803804	16070.396020040243	8211.2703206587
8682.833025052647	2937.5368625604933	5153.558364529732
3188.2246467072205	15027.073508235375	5503.7078127320565
9286.205742966134	5434.049097640644	5562.951177867461
2081.7774640171397	14884.812964124121	7784.05120755862
525.6315791851176	14331.726315743424	8057.737077020597
1535.871174315673	15502.797116614529	8286.466172100902
1274.0016933099546	15796.529852570104	7734.797483199245
2928.4379788787664	15184.654319762654	7520.0786419705755
1493.9457343500187	17466.344596203897	6370.54040966141
9494.201140897017	4980.081231687079	4946.534738655445
10734.612006184734	2150.618417371087	5497.99474425657
1300.6096306594789	17390.885465507497	7614.667561283399
1886.289507061766	13713.069947004384	7659.022620906632
1549.9712576937932	16874.60598491231	7226.831471907849
1820.1034225711078	14904.282438881388	7491.816445063891
3192.036098949874	14324.659760801029	7770.364657329515
525.8386593806813	16296.545384498424	7911.936901390051
9840.542173656137	4614.433837672863	4723.266233884814
1597.0078623549766	15193.398380955905	7298.461404088764
6213.284880354013	6185.889908112334	6286.455157525085
1534.7256219443816	14105.775643285055	8144.915449748067
2623.896100836306	15782.38973963341	7544.5168739178
2826.6099867064236	16214.373131483711	7216.467741988388
2442.2916616198827	14895.303541304464	8146.8971445291945
2023.1371286434885	16430.16690177464	7765.346704234002
2143.6139756820207	16695.489640366228	7602.088959780299
289.93068483856155	14611.719475000478	8033.079506603499
1575.0478312378762	15141.854042911076	7614.924243924014
1739.6216954231134	16407.30884805935	7723.283838854462
333.0782394480861	15864.134406182653	7243.634423562951
728.5187036507307	17643.28053611783	5096.667020554296
1356.207758404658	15153.3698498284	7512.246658551217
2145.6839645479004	15041.539590815215	7436.880608071839
1189.0226875641517	15252.715977767604	7725.5122727433945
2189.732270850991	15403.174415542264	7844.695785370032
770.7130831968218	17135.117860981143	7481.015385749542
1683.5047868665017	16391.96233342601	7966.63631999004
2106.52488748861	14719.849402121929	7623.088899898604
-241.69645633208484	16193.227866687272	7300.965522040302
1171.927373102149	14508.899874464694	7872.392860725267
8773.216404823257	6285.701966578774	5208.176843285867
545.0639846808562	16689.970932430082	8139.875797618318
1571.6170766175615	15162.42644574927	7597.524689188929
787.4731956908719	16396.546750994326	7317.9421418850225
2443.4449115221387	15660.161368783878	7896.678993326781
953.5356875287674	14101.979705222993	8058.609126718612
11121.970728317388	2984.5051553726967	5879.321576758361
9562.511052910919	4720.361025827507	5373.2794128993955
2132.875434213992	17051.533784024316	7770.795543229752
1403.3601695681755	16138.952598134918	7686.677650924286
1773.440607044651	15190.477543875193	6945.546307392863
1701.306859225574	15397.786898307766	7443.058460341947
300.68832910571035	16663.409326780715	7729.390876766193
1462.917047859107	15272.712565854918	7571.390825445138
2206.377791091451	15183.489695844135	8307.527180180548
1150.304684356407	15589.653642429561	7221.507915511958
1805.277398061175	16308.600946403907	7520.00347232075
1805.4913875383554	14151.809712270102	7662.1123419243595
2090.7897946096123	15028.575817710878	7759.036498813378
1010.8925997335192	15513.471114880433	8207.070853022125
1621.4851084506217	14292.13681927906	8256.805525456255
1594.2729871490353	14926.853032373223	7948.697334047955
1038.0815950343363	13731.722181474039	8044.837828668999
1631.5109199599053	16571.70475135178	7093.962662535741
696.4104676518045	16862.848851929197	7495.427070567398
1881.7463929299672	13606.181227681973	7982.546254252787
2333.167988070528	16161.36641324181	7738.318762199192
889.080936055982	15761.598691689078	7988.644635296596
1584.9931618231665	15988.790502163967	7627.474451421614
1435.0766891987716	15387.451228593765	7013.426240949281
1481.0994987775894	18265.70750190034	6628.876535925703
2126.051359622569	16748.01439599841	8164.307549145111
1288.4953568412307	16660.294211893543	7176.894880728021
1353.4046950864995	16342.709855296922	7268.7634557183555
1989.323903873859	14570.039034107454	7976.883449757726
1761.2024692666957	15560.552799853695	7855.036774242358
2867.2468171486494	15964.184848466293	7654.164382359818
2260.537841067821	16991.933185110065	7579.29845107616
2159.4964719843115	16643.467176335558	7591.805912020736
1560.0851837052342	15477.509067243625	7598.061901434185
1789.084189570519	18248.052464953227	5695.263843727701
2623.3005997479177	14989.05061552499	7771.962067101106
2165.5341596493167	16186.791058146518	7625.090656232317
1529.162890078622	15138.521629473995	7367.870308109116
1820.0128735645399	16368.338187296979	7036.992197498554
2174.279400685184	15993.24675254462	7660.872591401925
1120.5060179766308	17803.82994042084	7920.503276771475
1093.1378774959953	16674.214615336736	6425.10055511963
2091.5577439720455	15206.996536450626	7983.2451049317815
7717.802108790956	5230.683912590708	5535.284111984333
1957.8591051132025	14834.425107626601	7271.340579793138
2270.822050502934	14925.937292828427	7608.536422188381
2169.7232540840423	18484.921182554674	7386.596278996339
2102.2655940434242	17001.668454447095	7292.107580684606
1523.8871404516303	16621.270828789293	7156.65238436366
9064.845856418005	3845.9431617562677	5152.796855608827
1833.4398628456013	14169.331433548085	7831.044372225909
2572.158967296908	15217.175481571408	7455.171528829648
771.6416641019748	17123.32401861348	7348.670281078625
2719.7169498047615	15530.396206801539	7784.87925157787
1184.4219008940588	16640.21739530243	7246.127823523014
1222.2850652252337	15518.71254713837	8029.551233833159
980.0815709006625	19421.863505868678	5627.632915330356
1446.1138261233423	16427.66093511002	7479.708061867536
2612.127653096624	17911.30057959658	6957.089720855361
1519.1964042733036	15673.357327773543	7613.638884067792
635.805404693073	16537.381966898876	7497.360484722743
-126.75543870260049	16397.977763345298	8151.192148540547
482.4577415967035	15840.054285458451	6933.864724747241
122.37511065142702	17818.44868487061	7155.546950457616
2677.943074868176	15204.9089195849	6861.346492171052
1398.6480433277093	16080.699882078381	7553.170673781656
1705.1376284293958	16766.57748849539	7338.626189678434
1339.516000950898	15667.076538953708	7891.587802592653
1045.1204831339828	17102.317801712597	6956.236373549076
9891.925175900864	2274.460642842002	6009.098949128444
7817.574013370797	5767.387033343025	5311.185997923149
698.3777622447049	15144.99021149529	7783.246118375097
973.6667716901877	15337.768023596971	7407.814529915561
1173.3012907277052	15249.244656268003	7701.922372005641
1578.1057408643853	17818.084199994213	7498.603088536035
2027.637345133674	13825.39334093891	7394.448353252698
1936.8831823741546	14162.751710708439	7706.15389703645
1435.873376230079	16183.560332990557	7682.490860714424
558.1981701682912	15057.395135066348	7217.295044913184
601.7959593162304	14207.807915067497	8141.028140138412
151.5901880032613	15997.465720241466	7127.173244883621
2198.482094123459	15425.322637583875	6975.3018288304975
1284.0146980738607	15125.723007086384	7343.377196166109
1313.7531127647874	19271.629257387187	6172.273604575627
2002.2314249476533	13709.684368691851	8059.530648945036
210.7875866421479	14591.376731842674	7935.793700359132
2302.257849488011	16040.364289205805	8242.126873009292
1750.8629185173306	15949.409829296877	7673.222067026511
2649.593918509342	16914.587269240692	7842.403511630978
1168.2085667221925	15786.69527298874	7646.87973542362
10218.79701528833	4612.999209318204	5773.870623624244
1368.869480051144	15901.806027428294	7269.731433545798
782.7544150299373	14963.82797275113	7162.965477493301
638.1105802022893	15566.939938061969	8074.706996709111
2638.8925431065068	15693.1307783321	7625.174085948055
1550.1246097685942	15399.464093594896	7385.165546998128
1364.8397801302717	16175.635267651642	7983.554750655792
913.9334954812866	15780.503952426063	7753.271539089725
1592.6807654505192	15787.563182939375	7367.396220864946
2384.820632350435	14984.286475644574	7277.760213226831
224.28464392250044	16806.973716496337	7240.226247774562
2213.734866528997	15537.251604412355	7378.636244000868
1825.2910220324607	17034.220602902915	7377.490625175991
1827.3641443543627	14736.42655356892	7824.469863713947
1349.940310515687	16044.704348864725	7762.205061023407
2189.0397944805313	14589.378859920947	7790.492321280467
1214.3178775082545	16214.77362444667	7272.921589575812
1098.2562159698543	14782.590269958846	8012.237232501672
1614.1393065183747	15681.271434101878	7130.19747884239
769.1864235494683	18172.62182160187	7166.937277013129
1952.8969219102971	15763.621036617082	8293.959158676642
1462.443939694761	15802.746959796108	7542.681012275649
-100.9989665004024	18110.294774710703	6959.708394795621
2391.9310467309383	14893.434838908572	8147.785071820999
2619.3422425154904	15278.978391959614	7065.845904410748
1907.6936899441585	17650.3660680651	7609.92786116746
2276.1914837130034	16190.291618602885	7659.392792706989
1344.6224480138928	17889.75913509636	7143.242689849734
1228.0204147247855	17685.7076393966	6977.989284102019
3549.0579892972323	14211.598707347244	7406.98049990529
1191.954651235142	14810.601836525298	7725.401572819599
1670.0446279724722	17583.857935349086	7730.410802288514
3161.9508238987564	14534.158921449105	7550.638274301745
1998.9820988210483	16043.203126738726	8195.950540898551
669.6857085696329	17338.95535806452	7217.619897136924
1891.2584304802247	15090.504163343367	7681.757324943934
2183.498048598641	16760.42702732405	7039.226705854917
1802.1309283061516	20996.512974552363	5024.623413815517
1607.082169416556	15714.188058431593	7563.46663945146
1565.382777457242	16272.772593806007	7310.4940410998
1749.6783221044	16716.91027367205	6271.270994193723
2432.1367758196147	16191.260366056242	7451.754114574289
536.5015893495615	16241.755198327292	7788.48175235163
1029.6370134516087	17347.622454819262	7097.473656622545
9722.651382034313	5643.38283295357	5200.208536037797
1866.386463136629	18278.579929603497	6582.37308273188
8925.884015811862	4087.3873706089257	5416.699294174648
1621.5909321527247	13937.9092550644	7445.088991514071
1005.6624770427139	16563.2467053937	7932.647130081849
2501.1557697932553	15057.749880254845	7313.652636098939
2326.2100661221953	15816.410612769003	7211.094535619194
2812.172475688798	13381.753031258157	7499.01437702652
1094.5669473151927	15236.821688988579	7428.494203535644
2755.980267977827	17303.542697965102	7591.946990202633
2731.8763328404884	16251.094631865417	7303.944672171073
1724.27800650458	15414.071684237144	7466.524881326981
2249.7919132522943	13391.747666610152	8026.439344717669
1862.5426034885304	16978.09682410838	7775.666470424611
995.3982179872976	16117.01538986477	7245.745992561101
1158.6657896938405	15420.717819733789	7954.8476337155
1360.5332576554476	15397.129812680203	8249.74833940665
-665.8049990058703	17144.729848973282	7493.104985265109
8232.916871173305	5241.012491704842	5683.083425535331
2070.0899532344474	16615.2558403584	7532.386946428092
1066.773293569429	14562.875585641017	7296.9580480592995
1869.0869442119827	15506.750546311767	7840.57485555444
1890.0951625939904	15781.112155705201	6953.977281247976
1442.9615568021106	18710.389769335707	7219.760741434824
1947.784574833497	15806.213258524403	7862.044667324154
-176.20390325941338	16162.193349456596	7456.564984298518
1292.403197782908	15381.70939948654	8300.100530407939
1790.26701387144	15163.148632158649	6989.293318398982
270.6980467361097	15974.199817096704	7425.402356959919
916.5237523345808	16478.486595464372	7085.906591955222
4132.75310366299	11538.345719586487	6414.174192149537
900.8807805098186	15520.779588696616	6744.256878301402
1640.5706497640506	16045.565679960417	7727.184783270241
2103.290400796858	15602.818814452114	7791.3857723397
1437.4086859672302	13420.88208306178	8112.348311026685
995.2843524399723	16842.37065563032	7208.968217701828
3587.498775572363	12996.088838842348	8021.212069575289
2032.5043430269488	14489.234183234743	7670.604664168383
1784.8272178694672	15378.755905807493	6966.632473536112
-516.6888446520163	16290.152322870688	7596.432352507408
1150.3926344019073	19113.042503535882	6473.345801337239
344.6084696853828	16876.698917463247	7893.775951982703
87.01296644025045	19245.887506980558	7446.261532660467
704.7377978008099	15161.460819012218	7443.79030502009
1362.8583827698674	15748.245199537798	7321.787484172173
1934.895721052062	14969.62481121013	7845.36839005607
1744.1423228070385	16670.21691258074	7483.742129163155
1631.8679846902223	15484.62463337165	7306.82369980903
902.66420788653	16260.748526899615	7508.211700572144
1687.7108395968041	16458.578091529464	7637.5338215788615
766.1042588505076	16422.6958026883	7543.898940036562
1324.435774523661	17213.777364422767	7619.234734302527
1934.0749649919899	18163.465733868525	7108.125827783622
11687.840470600438	3698.532279244939	5026.304644255477
2321.0752909409393	14908.443841466866	7984.796719949209
2630.2364777187463	15335.108568288468	7474.789593016553
889.80019294682	17325.816351092115	6407.462873725463
1683.692296497679	14725.367888643728	7317.419158725887
768.0970168940605	14392.918778091653	7849.163078635577
1333.2138759602335	16821.68825906272	7929.360448217784
1368.5512902555201	17491.242891887636	7283.749181254502
1959.5690735292771	14318.32878795532	7678.326876134154
947.6023702234936	14886.781580761552	7836.7261565103745
4822.8664373047795	10105.943791219886	4728.892407750108
1770.0353081035676	16620.031225843508	7211.803721712836
817.1430316982411	15203.60756565187	7497.5290056202175
1753.1621904934605	15805.999696737235	7064.950337205358
1449.3841346887864	14918.89227954495	6823.685334132249
806.4692314881114	15521.318267721786	7680.200545716953
3039.874803219222	14429.873811477895	7804.356333895464
1416.9694870783967	15089.684891296025	7409.2118909178935
1548.7142116051377	17533.056257879343	7212.189920044787
8815.568261919512	4781.51200748897	6225.737107409709
1255.7577785746603	14084.03008364642	7295.529816279
812.7151293779224	15784.076018041109	7323.988344652023
1431.111539766748	16658.055363386786	7976.555943320431
1793.3143584015122	16529.74332291434	7392.325024457427
1917.503134726978	15668.283913141942	7083.35057763726
1017.1731176889592	13626.867396785103	7615.519457355477
1401.11047241647	17776.893959858764	7226.005239298783
690.6075950150245	15700.732689401913	7612.942754819194
541.8306556052701	14286.093802896941	7616.0661811742675
1177.9623380056892	14040.510546432195	7786.086243017409
2204.810659433052	14346.616945135263	7656.189500468778
1621.917754355166	15397.61966750698	7220.872213790515
867.4902907825378	14667.165236376408	6989.643472515374
1987.9761196520228	15614.917040569315	7718.038004160754
1185.2640966228435	15503.53633671758	7123.1484272085945
801.9582044398204	17277.40200681363	7511.349000859873
542.0100783650054	15076.338551062943	7490.711369131416
1516.8237099566945	15983.412542173875	7772.6899498627945
1538.4517848058676	14619.325935777882	8125.994396620042
920.9862502027529	15609.820059019008	8078.391192337004
9249.482373734987	4292.603062955128	5434.798208906717
2114.5453040494754	14857.679167653245	7529.153958165918
2528.7808977976633	16146.806069305132	7319.674536723871
2562.4140157068964	14607.603254486197	7917.944541937237
919.2776104052907	15691.255365290828	8121.266653306743
1547.928944103995	15853.946476786954	7766.5306929138205
548.091854303995	17038.963399828193	7493.734077286494
3084.9532666026344	15842.655733643442	7727.587429841978
2207.717100759375	13113.905603941737	7491.022871639592
2068.268383984025	15883.067569786208	7144.913557859592
1739.7593945703948	17485.925664440056	7611.047082333423
3232.7438481857025	17175.11238524596	7222.946218052314
3483.2544781195525	15070.91285195638	7984.564674606241
8879.824959740805	4336.159488116037	4862.375169137487
1005.3447790725263	16840.037277695024	7791.349274440743
1596.840573687601	13806.615967023565	7266.417898090337
1254.498950228081	15477.252930683268	7062.0738031480305
1845.2656689431158	16877.97772208367	6899.766818594555
1282.880249867704	16624.270051169384	7457.739133554551
1405.3758846209591	15204.182525367154	7332.516976951658
1898.889389280321	15138.516711435717	7938.330869364317
1317.765852743793	13765.314904986646	7853.21204842141
1756.1116028913914	18348.233610195017	6527.5518393229195
1004.896763959271	15858.140470143702	6935.879518200247
10048.650760253091	4097.988607860589	5296.74794564962
2086.7738375243725	15765.32860280916	7755.0042798901595
1534.8153554065573	17216.927201916264	7063.938224105938
1182.3284180677163	15413.982905485016	7950.441440766776
2916.3257246271355	15380.094333057548	7971.930982812179
1430.1799678626846	15608.611551092503	7296.493651340492
515.547345206389	14463.948202626982	7588.915611097264
867.6888897392864	13145.448196954667	7900.683811462722
1172.3251231648915	14391.147527375406	7641.658570152914
858.5579979542604	16847.841198697242	5468.322115334938
1353.7846446116414	17324.104376920826	6679.994719141295
125.81267934028428	15342.2378519474	8047.73108274127
186.91816390891375	16336.201411125563	7697.502918978733
844.2959769093494	18020.925059257806	6676.4846285021695
2912.5302619000554	14694.127640438002	7743.270197538948
2085.0998182149	14957.347913096793	7771.913884496392
1721.3904281622763	15094.999268247282	7163.062220110074
5586.038074747153	8600.13585127354	6084.994222399168
1617.396009689179	18351.271247808814	5811.432746214052
1324.5925708161615	16282.349532925518	6816.664973115307
1066.0658145094578	15609.364843363452	6626.633872758492
947.1317494066699	14345.220282749786	7355.330527350268
691.2291184396536	15803.649731741962	7540.673979698827
1859.823559071389	15825.093458053469	7493.119717197957
2210.812241965127	16527.790455657643	7254.2426270341475
389.1457657530447	17845.669619651955	7004.977656114491
1359.1824303253827	16040.79428532614	7682.020724225303
415.515011921645	15475.927500471193	6967.418780218808
1491.107363074711	17040.318994883717	7331.317915609509
1557.3933716942372	16762.411629134647	7288.634725507823
276.70032599110624	18351.124371856156	7455.7601044560015
1767.4543560865973	15960.719390563176	7665.859978245148
9410.68817179626	2685.7530857898523	5048.9625556577475
1797.5870283925724	15423.472099025892	7300.544509545169
2856.2390583779606	13787.162603144945	8016.171781107852
1225.596780329659	15463.543951905245	7619.386784124112
1407.8449986456926	17089.718988203153	7573.27196604476
1857.516695262193	16769.065764960415	7578.944642814681
1194.9593415998286	16285.686884305245	7358.466733309392
389.580330546125	15242.418286406439	7735.96680714366
2240.9645444016014	15489.150366646281	7236.386474756981
2644.812006492607	14681.529043989427	7866.160305140767
1778.830593795443	16451.855637558852	7103.197432239139
894.8693134276058	15946.967616472328	7753.060445803646
1228.6204032158194	14518.259967387263	8057.264880859595
616.6852127752691	16066.653148528747	8088.808443998072
1372.90725431457	13376.586490853271	7987.53532615312
1223.1739987467142	15767.622019442411	7335.443277762093
1289.1421912453584	17522.980591338845	6936.447319012725
2249.0972136717596	15561.16344847211	7669.925599939355
2667.287347742754	15451.506448761835	7262.681642945278
5580.572695806571	9105.77565921256	4913.022876690869
581.2202774389996	14426.612919574156	7565.908500231976
1584.726601060655	16166.081567968527	7237.055715900305
7348.563979592533	6871.361861088772	5431.181239691476
1085.952186042019	15583.378869656592	7080.629980101284
972.9374984512513	14913.272955516351	7993.033717481279
971.7717413246426	16148.266160965994	7109.701702017013
2546.168258144551	14761.73951074851	7412.85912318979
741.309596274444	16549.58406896514	6558.4739517418275
574.0331968903758	16530.043764705348	7599.4039881999015
10732.85664457988	4106.438141712339	5174.9037128941145
1879.234423505531	15890.531435708883	7570.188872912592
2118.5151690174634	18173.58230923939	6458.722752619655
896.9385821911258	16572.39971793228	7108.1605970426235
667.7598836060426	16132.2252246033	7269.848554097044
2077.0194443982878	16255.533371210335	7651.87854919891
2341.961714695276	14161.239035182967	7915.19766624671
1250.7687346196956	15834.00699031075	7702.739641854443
1393.952063831345	15462.657766504362	8223.417603350461
2570.600408520554	16377.02086914828	7813.49437377146
899.5522571432869	15921.597935961667	7564.9437273914855
-75.44139061874628	17616.20917450226	6501.883852498034
1948.629912356904	15610.329158823459	7565.2304065733415
1727.9732029247834	15634.906890751416	5324.650904000361
1667.2047305929796	13809.246115308883	7021.6855893146385
370.4943554689993	15688.595738735803	7650.550929578722
535.8298372558523	17842.744383632675	7108.673616550394
1016.359374272227	15668.266608378273	7902.201470682025
2653.646386708105	15060.176225109797	7675.190023941314
1435.447593766131	15718.642551656732	6900.38197812299
1136.6574600492918	15960.174078764507	7510.490147335666
1934.545825305438	16347.383721047156	6718.603637369694
1563.9859652110172	14470.67376547951	7727.6348873053685
1736.1611639442722	15394.918853667545	8016.734663266868
1753.9374025421278	17057.31397665566	7118.962211759061
1268.723947380705	16235.358845419381	7149.792077572252
1609.5634664374847	16139.69469698609	7493.5093805224715
6343.355587050283	7156.558195558111	5066.315241950043
260.28864641656213	16204.693534837103	7912.206808277736
1785.3607029613154	14432.915324996797	7807.561051004756
2040.997861312618	17492.317538264182	7765.855515391205
1633.549264904262	13536.66098937965	7552.008431409227
1210.220495768623	14741.508171075218	7882.537587512938
8867.12258816848	5690.731737418954	4571.724705271169
1219.0560133465376	16959.923157294368	8109.3003006669205
2320.9715648829265	15833.300090549983	7152.228844059429
112.8208011518423	18918.762538279552	7533.709267381229
1841.673346970551	17836.566856807225	6352.609972153158
1322.2978984110139	16116.883733798852	7855.110431433214
2376.5634853684905	13460.113170726527	7808.309824689405
1016.9201316162008	16710.79949590872	7826.784456810312
1508.487632206866	15660.767589848409	7141.5226656521245
1063.3126887719156	15670.593228830065	7490.368452231102
1082.3397158149958	15916.511739370982	8015.907659657997
1677.5165232692084	16009.15014505014	7774.768878318711
1116.2017590052908	15130.273733326729	7022.3404249464775
1936.991766935993	17570.21300643691	7379.241960569085
324.12959627687263	17097.490078313556	7814.434722877983
1332.075795535999	18763.471050080752	5560.7330627265155
5350.497586039447	9577.585702515758	5416.4770517578745
832.4389209618843	15020.978738387907	7274.77424269295
2767.275431911416	14633.557311256829	7438.924780972737
1102.0875135725878	17039.91046826768	7399.46228849139
1391.2534310244826	16804.245997655245	7363.591874749435
1262.376941058309	17750.404736950728	6583.70523316291
891.4730273853244	14824.7085232034	7562.451548473209
2071.8248226395185	16522.3937150138	8042.4640453180655
10344.206122750404	4203.011020093799	5418.151693354572
2320.3473562583054	12970.434304258151	8003.106138274403
1707.1499472740627	14416.54927688719	7462.748365901321
1473.6126391748244	16127.25205773807	7175.335078234601
1845.002300876997	15037.214356079285	7141.146631460352
1541.1425533463344	15576.06532363664	7781.5787804023375
1333.591446511399	15534.66183814409	7421.165543950583
2081.8634284967015	13991.482532152088	7831.781457391381
1865.205731286589	15710.720246201205	7564.560490851514
2694.709338090744	15659.933272705726	7998.371973037115
1056.0020185851813	15858.481693210315	7218.078227150915
1379.8764816854857	14987.34242646835	8220.54341672138
980.5851535811639	16845.068045523698	7129.40938519918
767.2219569138357	15480.757507074519	7982.590094786884
795.4741710825456	14425.345126507818	7719.444809462007
1108.2711999925548	16299.471067059138	7500.9735571090805
978.1238291137354	15385.743103378774	7391.29654695876
1951.7488809996132	14776.087056492126	7825.006531947016
1602.5737610640285	18398.489527926817	7377.452690211797
695.4987005278281	17506.889694669982	6727.575249534038
2497.90417075589	13902.179452870498	7673.855884654015
409.61305462811873	15866.493058019856	7642.3662353440495
1281.7123390827157	17346.134098372102	7509.629306095895
1579.945014933756	15303.36031849507	7725.8081512261515
1129.5241462256747	17837.86432988165	7966.861325708723
2152.2471071652108	14266.505630173464	8101.731637536627
9803.573213127638	5691.828824216402	4987.114392471278
534.3431838266014	15705.226330049285	7786.201829289395
1322.1289600392647	15894.775025575804	7420.915511960382
1110.5374035089585	14582.424009078743	8064.994493062434
9495.03705587649	4804.782518581773	5154.589211244048
1147.9078426560657	16097.697382710434	8026.513218138975
1430.2542493521476	16393.137422046755	7371.945644004628
4983.63428820664	9865.234077115465	5082.296509313391
3397.721113491484	14788.062935411323	7566.617185239835
1568.3324080198836	16172.948462361275	7318.123414332928
1768.9172506754892	15051.627137560456	8078.904307910482
1678.0791562867228	14085.89089585183	5639.853952256473
730.3286692028446	15836.005058107774	7566.82378591213
945.8773434585704	16122.42883822498	6814.499819321969
10132.62202029756	5211.351757855724	5280.148752013281
1676.731758842447	16917.732274443213	7678.907605449576
3520.32858770986	15505.85822691748	8304.331939570147
1285.2278875463262	15056.293862758972	7670.101372145253
577.7282777503266	17099.262802273377	7630.221545404061
2169.671474111281	15487.674476127397	7575.249921722842
830.9315480356236	16018.661391036643	7402.29840504907
1764.8065757339004	18823.29835325539	5622.652459936671
1790.4887324063368	16252.970839860827	7500.929334409135
2093.341160670813	13532.46388440762	7711.297030752068
1705.0991889923723	14860.317276148073	7756.742439591307
2832.7700482643745	16769.402256947382	7305.621345633581
7518.043315816092	6347.712257945305	4945.475283779902
1226.749837593198	16545.503902951736	7552.846207698433
1098.6415950546414	15728.76021006965	7958.41833571956
1947.3519758361845	15584.592539892452	7137.454722763292
1661.037456886049	15707.15611841469	7560.408854677072
1750.4742619674246	16135.175778300792	7099.457607214377
1392.4647339730652	15348.323020271477	7938.544226482256
1136.6417871243668	14456.455907803984	7607.4103824031035
1072.5639567524759	16278.605982541885	6795.435941838878
2856.3796808768516	13820.540226562496	7978.481218743269
1716.849070993881	16172.8256886591	7933.484787630078
1411.9483800432379	13997.391413605757	8291.2670882942
9780.159070642569	3430.070516078166	5263.845850992763
971.4453665603664	14768.605484174615	7632.024042331263
1333.022728567074	16314.645907649498	7909.9063984639815
947.9892745865191	14369.068528718419	7705.175414677334
748.5990025963983	16861.057415296753	7707.151889859353
2467.2797442748197	16957.306013590052	7071.983399028878
1523.597700821433	16283.200883574636	7664.9345074412295
2168.6728608968206	15144.452463284346	7337.303748042321
727.5314267477839	14836.416066411479	7467.696882354008
2331.1212843748694	12620.578246306615	8082.613666236942
-328.02857034996	15553.557881483886	6895.759150728765
11667.693365174588	2997.723939320648	5559.301867345986
655.2325888196533	19031.004862074118	5067.359857924032
886.9960902659097	15875.110719726332	8055.4016489632595
273.3696321367742	15787.491762742286	7754.377522218917
1060.5079874123248	16161.079159341061	7217.280247792873
1802.3628306258454	16624.227034891108	7621.43151524137
1213.108284836661	14803.608192987485	7758.811902362026
413.01043893384133	14614.082206994943	7630.740098965473
1582.9939916394221	17951.135261847794	6714.630161743241
1333.1016125968288	16209.923440363433	8460.81421242048
3883.039534585185	16175.044198642434	7362.477653889697
1216.7481401823513	14680.59974055778	7530.88986115717
2981.970638870388	15356.733243438037	7097.961832818762
1396.4124087117984	14686.076906965976	7293.071698747594
1922.3639322189854	14593.874895582318	7543.033435917939
1682.586911582855	15890.0608249619	7749.1791369511875
707.5966292216583	17082.867630637826	7764.718356958868
2319.623270906852	14288.533855267806	7816.837686198578
2089.6245047133543	15406.050157667547	7376.454348343825
-48.03010604912604	17605.114009376062	7927.259566214004
1327.356440136114	14961.599288480504	7805.122038534242
265.6740049840453	16808.233114694656	6939.029812294896
1372.741727870319	15688.243336296238	7252.101740499911
2993.1934860559236	15268.211240130242	7421.897512764311
1274.7312836586982	15272.115834990103	7903.293409316626
2102.278713952274	14256.969772661958	7601.212625800112
998.5675695918712	17184.83097223679	7332.082138960649
11316.984240582497	3007.853989287521	5087.369084371558
1294.689029888406	15065.504204663628	7508.782275861221
2861.60534511226	13827.839348878006	7981.463910192615
2632.720959708098	15734.868755345658	7485.814034457768
688.604237633451	15159.591701682293	7391.460504421347
2080.7426881652245	16667.08273158499	7814.338757937079
-431.6796581656813	16360.823343011269	7772.514580765692
1996.1140660306949	14217.47231269086	7480.066543779845
1189.7110346187862	16514.44566261296	7397.69264710028
1668.4951256889724	15433.308754301808	7679.365402592229
2285.5079401082116	16303.289566183135	7906.387037093835
1261.7034163458454	17234.30629918241	7209.820293341236
1593.987552479694	14448.60161890704	7727.890423133916
1426.0989889523726	15287.294953803637	7473.842246441844
1694.466376323582	16293.614160601599	7271.392145362237
1655.858080612195	15460.253306181794	7399.380041527674
787.8141423624921	16859.393793369127	7669.566918902103
1226.1695023398727	15635.562490659755	7789.607801874978
2389.1634053876687	14670.86949381012	7534.997289954899
576.1483894167329	16916.178666070573	7225.289703946802
5331.754818348882	9727.144101452006	5397.46291893594
931.5259728100024	15229.359687935894	7723.579850034681
950.1197069494195	13332.590784656415	7281.562700410634
1725.279771236424	15615.320926779941	7127.858639055188
1237.7439564694282	16656.25221287205	7437.611188268245
2326.569113922432	15274.484476804744	7859.7137609017345
494.96083859145347	13305.31564757896	7407.301447309145
1827.8472100393858	13010.470378143902	7732.403629005706
1941.3625126067498	14905.854700997717	7856.605492706057
440.0200237801428	15705.13240381492	7264.474794794841
776.7890361372237	13645.333651390427	7305.574790574971
2401.8786163476825	15750.943231796758	7495.528971003136
1372.854406082558	15560.270276621563	7915.732400733065
2339.045533078149	15959.456889824962	7866.783586787585
1153.5992578575836	14381.059568267616	7213.364460947661
1536.5890305213197	14634.094766499376	8403.119055605071
1951.6236030124066	15068.107599522249	7509.527358683544
2328.7244694791493	13233.612683198697	7660.847572376072
2941.7901542790837	13415.464617187421	7669.881935318444
1935.068856247343	15734.605956174795	7786.055038744532
1255.4603846846828	16605.70951840038	7507.189336040683
996.1419640322499	16456.63515638933	7470.340474992445
1960.8032560655065	14903.503431757501	8147.30923964633
409.6588714242526	15955.128607368519	7709.206372385733
1216.7361400396476	13913.444106618486	7890.491984410003
1576.0999664873736	18825.99640374166	5883.840535368939
516.1044988773845	15312.01011648624	7064.212122813128
641.4439225619514	15260.988994449854	7970.837206186973
1509.3913852391788	16130.343901885208	7473.808731043229
1119.2236700698174	15521.043478043832	7129.817764524692
2065.019372169437	13832.357770293595	7327.241296162626
1875.6660059420665	16035.19497140968	8038.836692543982
1820.9972868101877	15314.182388143372	7705.701092676085
-107.08491555993773	19807.04609564416	5720.735160303538
1004.0718850070986	15632.7509777961	7375.195062373792
1397.2717379756004	14823.195502898105	6771.940468415387
2566.593568364278	15994.920727856399	7548.421222987099
1244.5587056077438	14538.964357118037	7358.839409281737
1904.263221049898	14447.399495744145	7495.786475505125
-677.8087429704148	14756.879054699137	7531.6196346438455
860.6084083566191	16004.217953593206	7637.279118155882
1389.606812867979	17034.466301345812	6946.4002134539305
700.3855354975811	16110.65049058546	7579.467900010709
2109.9486694247726	15917.2681879253	7569.525895367857
2387.9723084605916	12840.677814456536	7232.782503252595
904.8828581763734	14337.853166422883	7389.082020210964
1181.7746498387257	15252.467931106288	7914.017890096958
969.6305986207227	15737.643925610671	7745.6710656690275
1085.9811282379856	18900.27503793899	7038.64017332465
1950.2980974030843	18112.500030776377	6510.630444197887
11668.327589628769	2992.2737993938945	5262.010537317843
783.2483408936627	16877.25781183434	7497.280937898276
870.252649579624	14687.503245056014	7562.582602973862
8341.046961506005	6636.582027356324	5394.169742923911
2962.7552665912913	14681.28412195913	7666.628788732192
1669.5699105674225	15644.075364361379	7635.614285172096
1691.7568888526039	15648.062496698869	7625.099184079297
2447.5036334669426	15403.61189221498	7951.746067063618
2014.5042110701638	17146.4660163289	7660.532545853753
1052.0353330244236	14051.250282548137	7524.275263547688
1116.948721116817	15900.469983595332	7631.973324559589
488.19931321461024	17239.14142705992	7024.358670936741
1720.1743044213476	15648.198180245143	6918.04654207891
959.540594012206	18033.938672426724	7696.998261221693
1528.909249594722	16207.933481423168	7907.949019760407
828.1695611841922	15654.089294000638	7955.031561485478
-368.82027530160804	14846.905195417758	7916.169641174737
1174.9080203620988	16675.38327854771	7663.179692800067
645.065970314257	17402.539015764407	7141.031814088128
1596.0013369423564	15234.627573158796	7218.398565052465
795.433520054856	15210.572617573387	7934.995057921229
533.1190599623593	16009.620016204142	7034.399756689248
1577.3660455834217	15422.753864766337	7753.484448903676
1688.5231093462717	15233.347896017582	7761.763457901186
842.1459821334779	16966.50315902397	7988.932714085536
1339.102338896859	14715.894621752748	7448.494430601791
-282.9035625061757	15704.811743933275	7517.514588993495
1121.647748761417	16436.022268900975	7630.52867550854
716.3450707611797	16266.47446858803	7392.748510433123
2010.6687525998532	14881.295833411938	7473.404917364896
574.6182221520614	15261.95449188337	7258.288575239011
2573.7189880421047	16499.86290013438	7421.184096469565
2982.737143101172	14660.313780826016	8164.692454531622
1359.4807615594734	16636.996661578705	7195.453601341606
2740.9006434129324	12909.894938826548	7120.689757120606
1842.7639178767724	15729.125655907286	7514.459468841251
1571.7277754489473	17423.23633447239	7656.93587297739
1191.4548512423046	15518.076319146378	7793.57033930193
1212.9938531375208	14826.71391391675	7929.096802059279
777.7472269072208	19231.923764242598	6830.037454679283
1949.4803630536928	15147.053589945363	7779.082589419437
2201.0713627936375	15263.308497375523	6995.757520097484
1312.8964417804684	13822.783595365712	6841.518701128788
1152.3021890209047	15260.577349299974	7606.651609528215
1155.738167702246	13657.408145625386	8025.889735476284
1381.1153377214603	16707.616147522807	7462.927195866785
2302.0726780029618	16191.615732448034	7535.770911298403
336.4416014497968	16015.488324614893	7004.202639538649
1694.4129418170946	13460.966478851917	7751.339728272548
1702.274882816569	15067.589645463542	7339.346633337202
-482.21143187990265	16287.25951751367	8150.507736940513
1271.4579547869373	17778.92638978376	7685.9434255935685
1057.8043421596913	15038.802628506583	6959.393926346398
2185.024844438562	15243.491024460964	7855.285965921284
2027.6751427248198	15902.898483404831	7390.960892730443
879.4679510616629	15573.901655133708	7565.291983529181
1330.168325994561	15764.388104938258	7650.831390945675
1633.979940939418	17441.06752303218	8189.195335008275
1208.4339637644282	14453.006170339173	7447.35621184709
1913.5572477585733	14131.331451546577	7296.084799920795
659.5242575697858	15484.082113896406	7245.8412185688685
1780.929624947581	15328.766199288733	7256.4319490780845
1770.7715471689444	14980.052749944087	8244.956287710596
-369.78172128452655	19658.088851597106	5911.7880604761
853.9022835983777	15836.968426278077	7747.48358655108
2403.966774415805	14427.98934665285	7218.885202778525
1236.2798469960385	16428.134337498257	7677.455502257673
1171.3947955543424	18281.77893486232	7507.773208847167
1190.460326080489	15624.531559582661	7495.035079254888
11233.934722384092	4121.896126258728	5628.83559062568
2084.7107519342553	17102.541786420483	7680.0092262941325
1643.032486555928	13626.52776240852	7537.860680746925
1728.9825718494346	16810.226766408443	7342.184541935515
