10602.453820829927	4256.441614889349	5106.5853854747
10670.39161155593	2918.4850871781387	5103.607704316469
11646.96834191246	2129.263418810378	5140.150158590571
11308.279171626004	2802.127074372073	5414.490468519607
10955.633350630984	1945.885299415708	5236.106765481442
10391.782264761958	3225.7874717319723	5309.302313953026
10226.083778125649	1945.5702014363335	5389.679341357471
10174.095332348448	3177.95080214482	4710.757258506607
10359.300122951938	3246.432250528548	5820.970340654417
11566.126211116625	3435.9611961067826	5885.944813712997
11416.260803498802	2880.3532612979084	5780.114700658117
10086.73679939589	4010.8778610150844	5004.30099444164
11597.189228129662	3636.309981889214	4909.941628551463
13209.288680595278	2173.631486329868	5272.938307722155
9925.275529140436	3235.7149511525927	5195.744792916697
11543.379067669193	3452.776433834157	4972.37522536948
10990.724677016795	3063.9221273907297	6115.326013700442
10436.790337083417	1913.2827236747228	5250.282351321528
9659.473340089799	2866.265311739681	4876.60585681247
12103.31822763841	3385.972932424273	5542.150958132147
11405.51832446023	2487.5774029343415	5438.425724505778
11013.155498534059	2011.9465709867034	5192.588618741139
12151.688946384842	2088.1066274614095	4737.311032225903
11366.899854554626	3668.412790640372	4944.217468429201
10199.444194120393	5719.520585981642	5180.147228117031
9845.923992745025	3531.818754912597	5344.259001147411
10492.0920985722	1780.7386589103505	4921.7125081585145
9585.464108271635	1296.218500339871	5555.969847397981
8456.381857974822	5335.614956018985	5014.976727659404
8928.645463529683	3571.1376166374516	5476.969175212429
11692.987349288333	2034.584370232373	4712.225631338795
10826.755091591564	3399.15085115333	5036.386529109393
11575.288862914618	3578.0658994776536	4664.875919990541
9231.209315249393	2400.4048418769357	5734.687149532094
11131.267622279314	2337.267954516134	5603.1209034730055
11757.522279949213	2980.6308256610273	4963.42159329355
11259.062970250994	4812.462294632929	4879.882718311936
9810.321964575787	3501.0840140745136	4940.360958000575
11628.698374179901	3971.9863280771306	4812.559176630256
9598.752879954049	4247.290979023689	5402.686981304215
9848.375588769877	3494.6499334146984	4909.414722990589
10321.745536080623	1535.381464778862	5448.4547334794515
9347.731236047928	4097.461622221151	4975.308636266339
12314.778556587928	3186.4777745673505	4582.631158186407
10136.374914305365	3014.4105284512766	4861.722340260536
11350.475911673522	2717.3402779348703	5621.828095371419
12459.307712723448	1288.0514475789207	4769.221342413955
8566.81170259693	3988.3306867396645	4697.670353752014
11187.837815238167	3677.25770392468	4692.533184998973
11039.821056330155	3151.9010834017795	4933.896329390978
11211.818527717249	2713.1834692834695	5183.8763293876955
12834.248920174063	3082.5018796696068	4874.199365759942
10035.241991071702	3010.899271564744	5440.493555328205
11762.944753326627	3427.3290453755626	5024.764635293976
10262.43755553965	3412.366381932588	4995.805662169952
11860.499673984828	2246.496171330827	5363.970352910279
10743.693278941766	3792.412018430693	5678.691250839999
11353.379002451571	3779.7309354109493	4483.147533490862
11036.465867403685	3200.442735704163	4576.548635117215
10702.449960208809	2101.829446787442	5716.515854769875
12302.589602807186	2496.8588678459264	4994.036030818588
11181.050763221294	3229.4208312257833	5739.700678935248
10185.695718605986	3792.7888830588213	4916.672636475015
11681.608223310799	2414.744609334029	5205.0000386629235
11530.48456525854	1169.0051060998464	4843.585221155189
11520.916062154527	2449.4174995058934	4852.880624834785
11087.625114436307	4074.6102973076654	5203.279000408785
8209.072342102661	3583.7667398386225	5071.165422390708
10998.80018697314	3444.008796337504	5086.323225639861
10373.172294060842	3074.090548948424	5605.556521468319
10424.725821319596	1856.4082921422398	4775.80697256109
12169.257581455873	4199.800810671075	5195.316388713758
10434.823640973234	3039.0968378975654	5101.904530677679
10480.89420803147	2807.8362243688125	5776.339104824227
11219.865249286036	1529.702820699398	5202.567253937762
11155.677130850188	3228.1715013251032	5155.485964457442
10284.191920170628	2616.1788260974463	5243.88218729878
9721.93387853594	4034.1269932846685	5448.034558284867
10000.806506479326	3787.6104666749347	5315.519431715072
9649.056233394282	3209.501547896901	5088.750843355997
11291.696353755216	2387.5642748756077	4941.522331129917
9883.354868073138	3181.698664718914	5003.891670928001
9933.780153840911	2556.8720727327586	5626.972432352504
9956.493154874604	4007.3913508772307	5294.7616529394645
11940.378768369277	431.44290410557437	5246.813546127508
8907.542166699772	3755.9836405213396	5734.8209412782435
11298.700759041292	3276.980172693903	5128.854901212386
11500.25067923424	2588.908137293847	5469.675897942659
10225.380697458213	1827.708894523555	4932.046446980812
10491.98314966296	3062.07638317145	5865.165465173374
10094.944188073952	4217.819803914304	4362.9098412634485
10009.78377487387	4126.599786441502	4949.401610356971
12432.661136521963	2378.7195940450893	4895.75831740111
10817.334779942052	2457.193198709416	4890.727534612581
10636.510747629238	4001.9798001754943	5400.264283630611
10866.678236705411	2567.3193643540058	5427.127202160483
10516.93098683012	4207.573824383658	4660.995415308156
10200.512767274002	3114.042010854327	4936.168369925504
9853.37059395657	3416.6784002587274	5327.9599850769655
9932.372815824316	3343.874554346121	4786.461909536971
11904.294257467696	3018.7388844781276	4864.867302167316
11460.970365351855	2212.729820013304	4688.627844553514
13220.085364632125	1318.0277725090505	5265.688905919208
10809.208454422895	3213.1501285323307	4656.630187222543
10605.703235365541	517.8123469173446	6064.988928897034
11927.097177074585	2674.9276404422853	4901.031781957793
8975.261707035947	4557.387515079428	5071.247418467252
12534.304658714085	1555.6808493685498	5207.384695053113
10208.858086106546	1239.7933564787738	4356.177651609095
9134.544647982579	3305.707787203112	5766.2829513097
11591.803277235467	1512.3754624324567	5184.773334826192
10411.286859260263	1137.5324702620333	6120.701253798561
10871.844622300829	3355.190309363974	4965.341962262812
10049.28122657237	2295.223477852661	5316.269915383622
9159.129534304751	6371.476333459685	5589.880908490516
11234.352135866739	943.5338742905234	5279.782385046522
10808.609430305629	1952.947484146694	5261.671582434125
9393.387181220254	3736.2245510538096	5046.8999146472115
10010.80833553308	3749.2607733864274	5802.615921665588
10920.072930296694	2373.9362359823795	5150.841299077663
9410.486469613088	3066.2156495587083	5492.521595507455
11891.814497859625	2274.059677340962	4660.567983186768
12431.563144017142	1148.5473119852327	5364.143482124031
10720.637135059273	4521.894363443564	4976.241741781857
8224.532547839299	6218.653940889805	4974.58986504952
10473.436470283024	4003.3605964911453	4353.518509454616
10646.795869024536	3355.430459017157	5620.946574019953
8807.804197037844	2702.5497944337235	5655.9275026222995
11188.995259207992	2118.490253950508	4910.575181203106
10469.226493766546	1634.0885631767862	5353.7233014628055
10765.516569518793	2166.6786149436416	4944.9443082454945
11779.120045289166	3472.5983412689056	4675.5337114005
11330.44143114582	2805.2519509774947	4805.728944831196
11252.943448540342	2307.4969825490653	4982.869304064019
10221.147847270777	2351.549318661467	5463.554044065913
11343.484240503585	73.82427070254138	4807.624555324709
9551.825404656716	4146.678528219192	5116.759335603928
11070.43795052654	2827.393505528976	5536.966476832536
10825.99526622613	3593.6781633054634	5006.686386724218
10412.465499280917	4544.750176567774	4687.480474407528
12716.65551239544	3033.808026088095	4866.236846342775
10579.113453685872	3729.5977003697776	5289.411207980869
11500.430624656297	3600.553417024146	5475.705493638094
8989.52592827813	4451.06441733572	5081.638881037609
11391.67677612173	2231.9374127903234	4881.285674294234
11386.096282752953	2916.3552911482698	4653.784534900694
9981.020787847827	3204.1711969687253	5596.087052016818
11727.330122534964	2914.464906210355	5152.397199941471
11018.528826179974	2915.6258734403373	5485.090525157293
11115.38792721465	2187.1192166764026	5042.154619078408
11842.28388317332	342.16107486678106	5115.4217955423765
11121.443073353486	4044.1477637471385	4898.108306604795
11976.18355194648	2218.74952640513	5357.816310969248
10875.403740265838	3106.5743610307395	5257.697315358103
10238.976197011407	1260.9236402904683	5255.730345822938
10488.789821580403	1962.9988045278506	5509.223959081682
11704.16114678342	4068.1365064901456	5078.6357230933
9409.071690406134	4118.269049245051	5457.029598403422
10676.631989703666	3874.6539237153356	5220.728751795518
11170.08456194276	4043.809677436773	5180.0092307611
11667.422292491216	1305.7053825330845	4923.068477507472
11280.151463574284	741.0305718612481	5593.155621537214
11923.879146507306	4196.71351625182	4933.001896748813
10182.95086466322	2130.738291542274	5585.351378470588
11516.4321955807	483.6392155629083	4713.152880903931
12605.107043180615	2055.662445694548	5645.665135895428
9441.293533968419	3807.0575964600353	5034.959159934478
11557.258768968764	1642.4751767779899	5204.175288590779
10773.796111178732	3015.7464860015593	4660.149162599807
10000.328536682866	3141.85049045136	5314.892286474122
11701.346630835107	2823.6573669368986	4961.227501765064
10835.795625723364	1577.2710818421608	4913.173334880854
12496.363802772876	2808.802851368608	5479.282046274009
12315.053524305515	3724.3076240667165	5466.15336479132
11281.212083449647	2477.8032018047907	5115.884149814659
9394.413517180436	2471.293741785362	5543.134494384406
12039.233468105287	1261.7646536727102	5148.455140932335
12564.810821386036	2786.308132749105	4927.575703224275
10288.689067332418	2867.818815051004	5088.673574992406
10248.901848394014	1250.4913240239077	5196.8187654525445
9674.12513367981	4227.376527138343	5498.574619316307
10360.663571866076	2758.5870260500574	5395.30762584369
10998.355950801682	2034.675283116891	5715.606525455281
11178.271539081861	2984.667346805204	5357.439478738841
11086.539346515872	2337.9292925057293	4720.6232780919245
9997.520896398692	2859.7526520608917	5125.7908904212345
11539.659573662162	2698.88293070886	4970.791449407087
12299.58724864032	2408.46702408848	4799.943658314801
10260.323693189963	3122.3833233558353	5556.115186803135
9805.153328757293	3697.8523137686375	4941.521030730101
12462.304423429654	1792.449627020986	4770.234408304234
11116.161705088494	2516.671409655115	4926.948820590021
8717.620139617216	3880.943443241924	5832.089856175867
11296.81042686242	3296.5461028895656	5257.664161849021
9523.530692340055	3775.304522579122	4921.099772810195
10277.969396984106	2894.5915075523353	5419.406263128504
11545.560155298183	2761.1101643229704	5497.920773486292
10775.411128778684	2895.48500264769	4441.772396094861
10048.957772830596	1615.907412839468	5322.176146082412
10398.699230417884	2821.2403186628753	5653.187822475933
11884.441951122806	2647.0501473853083	5828.791821676885
10891.072904240425	3160.9258543917817	5034.835769669422
11583.129109283307	2597.6112283320113	4970.1805824088015
11907.318391203611	908.6030486171594	5068.588179471536
11500.859026502023	2730.0178786723236	5287.27313665686
10857.705345837749	4481.4467878857	5556.244957995318
10966.587336593097	3267.0190967481767	5096.863054549531
11515.765478895333	1754.5339577715436	5453.218834233775
11716.973731671584	2231.6293208430757	4999.623387492166
10234.661585192274	3473.355292178397	5414.473350407412
10688.680284330481	2978.1569530337947	5188.2831709727025
9916.529948625113	3346.7429694944267	5441.872190491397
11042.419630247827	1390.1828903743253	4565.80677442408
11292.231606125197	3964.4288021585135	4467.8308296017685
11787.449155742643	2136.0428923860013	5136.310887270464
11072.763118577144	3454.6674719072453	5076.118609825256
10714.077861214679	1901.1043260865388	5181.476288008447
9879.837874319543	3087.0012554614764	5276.0451614410285
10637.798473429264	3787.5002955117197	5491.622553242636
9473.274818257914	3332.3048093946886	5416.918958768794
9761.819256648361	3424.1251599969255	5243.440461483073
12426.47943599526	1558.3516675294202	5479.736490747897
10037.009177177091	3208.3577006968612	5244.1395591374885
11794.604265428821	1914.0069370128522	5319.155023508589
10893.220296705056	4494.7483445410835	5521.8596446885695
9550.174366603573	3337.8370039568754	5313.817881815327
11367.997076504967	3523.920460673985	4642.020855094867
11330.954880793925	1597.4448065103413	5244.70595179166
11120.440183013496	3441.650441633598	5248.106958650133
10793.076927591625	4624.214298818733	5456.470621507409
11007.245127613674	1890.3432865642335	4849.445913669262
10639.646606650402	3565.6717327091214	5409.910247993434
10914.884376961663	4076.5816951639367	5345.881730998681
11572.86236611861	4134.711562084285	5081.75544861317
10765.198515881033	3990.7676090701943	5989.373877010611
11661.034350428536	3297.0446466988456	5414.717226139629
11047.071455778496	3994.1919561965983	5028.867140336489
11230.145849589937	4234.4508863576975	5311.893550005152
10284.177017726182	1719.4062291530513	5227.540330700655
10477.28509389524	2020.7232978998306	5297.510091336165
11536.857624060769	1545.1696292422637	4977.596474518185
11473.308453325337	2291.9917032382145	5235.90655685104
10864.679400428797	2933.4886544448977	4921.636188870439
8858.051973019623	3319.727841047004	5327.937721316469
2578.540235305455	12311.8079502256	5655.672184774588
9770.321894599463	2083.0859372750215	5492.314060212605
10106.107782534624	3730.366853393174	5654.607027391089
11370.985000574394	3118.907167868335	5202.981670931249
10611.134379895664	3364.9111635887184	5715.708345789412
11219.083921293106	1519.9757162694482	4719.075121099709
10044.796163250481	3971.9458729806192	5099.049053316497
11176.070222303066	2676.3737846030203	4996.176274249246
11375.145801784434	3501.3241095262756	5651.47730095498
11010.781634413926	1487.0629295272827	5346.7845289749275
8935.136622100481	2422.739454977433	5331.028011687766
9937.440050067189	3438.5105126273493	4959.34526807111
10159.380507649425	1521.9267576652417	4357.78991566661
10275.971257311336	2134.713776098232	5026.951017082755
10300.095437722448	4068.1077120847685	4825.346416985625
9778.444626198876	2754.3152994004313	4502.975885310022
10050.060139498044	2061.0148749853593	4637.353088207406
10169.889486081844	2993.803004031881	4910.120594948415
11129.76663914832	3410.16582352663	5362.115444765276
10506.247442090342	3427.0030564146114	5862.5499734038885
11749.088277001223	1936.1283051652838	4842.072279076904
12631.091442664152	2341.53832902744	5873.464438000186
11185.059417830547	3013.475295410978	4931.088417470204
10852.630368426004	2200.187050088066	5759.249083699289
11011.188464983414	-9.069288002310525	5880.545142580932
11620.023136052389	3433.2424995033507	5492.05834208438
11496.769270589986	2082.014719824507	5173.162856555692
9228.653619802293	2270.33828510478	5055.54366992149
10402.80647799384	4285.071807832359	4798.531403556929
10926.281142617097	2254.3251027820984	5971.87365054519
8998.731964698029	4717.9968104211985	5033.822849048359
9904.185920742122	4179.419067382168	4894.271918598531
9550.396230750477	2881.60761815861	5272.6276364247
10672.940533378167	4148.132097721501	5580.170787952751
1004.0411448660797	14014.69344114949	5307.346616402433
13142.923793331056	2123.4535192881604	4839.498492746442
10606.712210602833	2110.3531997906553	5993.419348929336
11588.339650715983	2089.862998210913	4835.305162199741
10750.183144137598	3647.875461810868	5421.894180121565
10025.540343467035	3550.5571526217827	5822.593641129154
12521.382800944728	2125.6657154308677	4795.959376807417
11146.430637180232	3905.158729743413	5151.354127440086
11890.57682576994	1485.7066180659924	5151.227515160311
10535.366702890506	3483.267864390409	5372.81833644949
10999.45076164207	2755.334031402705	4688.383077183477
11991.577842733506	1239.1613775920296	5523.834314058415
10932.461506206148	3837.64551189409	4748.278030648432
11454.15473483559	2207.034767543144	5423.253611529207
10435.489380111942	3167.5996301734986	5353.88597000057
11671.41073032914	4782.521771823089	4549.3610127358725
9297.852253256322	2414.4366158212033	5311.958356499562
11496.383793937617	2395.98183764916	4618.84331207246
8439.88730890967	5286.443201593804	4327.115985760969
2718.2045475916193	11270.959273696633	6889.618187213598
10890.65924343896	1419.236808752841	6000.604958635806
10308.29789688442	3094.6274761319273	4955.123896813647
10274.806513658888	3002.3987016656333	5015.437587198161
11274.620503705197	2752.718957882531	6080.180972500776
11238.790102882893	2571.819733572197	4472.973123869072
8943.108323027092	5957.729329246627	5323.380907079318
10803.918647243192	1488.187211827512	5302.624265683645
11281.358799223473	1483.1250487745313	5290.632127668878
11668.33141306489	1422.375083337089	5419.567612938978
11623.072492320856	3504.1661557107864	4914.348288386761
10907.732985393304	3053.2232348961015	6232.464293122974
11261.01838106752	3947.266793418449	5227.259096928496
12357.490517281549	2032.3031621135697	5030.2833238575895
11670.79650381937	2146.977900405457	4708.399627351956
3901.8676868125353	10006.598179720424	7006.747942347833
11623.191305262992	3988.8650283414636	5205.410233366598
11638.525370712596	3569.292604898968	4568.360333520675
9665.84284027132	4922.952538672659	5145.755329473937
11347.192762106935	3007.08022359793	5096.039809810501
9868.0157938399	3153.3920493022324	5259.378640149256
9941.865007697124	3626.919399213313	5595.459548278198
11939.824237975272	963.4663447125	5307.214568324988
11305.551688600803	4140.977812065802	5724.747248947808
10056.761354131164	4114.260198381293	4865.782365124305
11010.2280258473	2067.5629099319176	4825.544004671638
11224.775152778444	1835.9021218989706	4954.092198973666
12820.744786834182	1182.80503831245	4819.416494613013
11305.098614839135	3102.469459960198	4383.1127314851665
10390.734997283858	2879.790556826708	5411.5801039352145
11526.519176714843	4914.866585693163	5616.761476196449
11084.464693010665	3327.3627928296996	4828.786149732726
12294.790265356714	3367.2442137027615	4789.871324966552
10584.365515174348	2506.4332925171825	4992.843778036621
11575.119751832906	3540.700021652229	4796.434206396264
8826.244760699603	2256.8965832356316	5148.83411499832
11119.898115567168	1933.7138146929492	4891.361623746394
10622.332453818071	3742.461233236099	5526.760359449812
11982.385282442878	3276.671342644273	5039.162615061948
10484.182594807236	4721.047624679149	5677.430074747069
11105.706916765812	3085.0081194645995	5305.596083429246
9926.318808456637	2754.476555947688	4995.1920368456185
10585.978165955275	3321.8897301413185	5498.182138323449
11322.080251272402	3007.8089717818243	5061.992140899716
10333.95731619785	5116.041440994754	4833.428656732557
10083.288131477066	3041.981458985746	4476.44706047511
10403.61207123833	4181.383205510134	5139.366266019947
11322.724832568294	4730.455054006836	5307.45574753598
10469.28281772773	2902.6054201728757	5049.60613202166
11337.258046773039	3546.40550646396	4886.228219900202
11803.817793703469	2471.1091156258317	5249.975347816011
10709.738525154611	3477.3957706145984	5389.479880925704
11836.211540474022	3441.8735853109824	5442.879491763203
8993.989674732726	5351.08847537292	5862.889531217236
11367.08475689491	3635.4955873505887	5132.101440936829
12744.595798148868	2235.6747148731215	5194.214989847575
8732.763136332716	3695.8129856602336	5633.513207134048
10359.677043543004	215.49275672965518	5592.581244323082
12168.845480929771	-579.1011128598417	5347.771112742859
11142.556370146218	769.504895305692	5225.820236314769
10129.948634699593	3307.1417820931165	5503.4475323583365
11456.54315313511	1877.9983561603594	4505.120244556253
11562.17711139329	2187.929348704546	5551.834816981306
11677.69670130577	1678.6723523800906	5000.7184075275345
10345.529241913899	3031.9901135441014	5729.416250083558
10933.69183845603	3873.229369465999	5667.8426410606635
12339.429444000085	2133.6400818539237	4349.358556304549
11425.446977050227	2743.5581920844493	5525.564896725169
9219.227242895304	4423.580138593668	5134.809001833381
11366.971061281996	3550.0487485631365	5191.927127273456
11311.148732264126	2560.5013820928507	4976.289861121861
11027.038159962973	2394.3185468142383	5207.435917248631
10254.125533404886	3051.4266437127794	4561.072234690903
10452.456000084552	3760.465073785053	5247.077599092178
10873.906994763638	2604.372366449996	5537.513799746716
11388.413475314217	4103.3794946598755	5015.499221609707
11505.345865339992	3878.149216410004	5785.581534816043
10281.189059470162	3487.7159726184755	5353.640614457513
8235.249135810316	4804.183188728171	5255.533639656682
9623.350502756444	4144.252868659232	5372.322033950576
11712.735154965902	1770.4747808859659	4638.994370645576
9934.28274278301	3220.102893941065	4835.143937922372
11372.31477433853	3292.0143428400943	4501.132602758379
11995.04474151213	3199.509943341609	5608.077737310337
11825.53952525767	3419.038611536941	5043.075966943159
8615.303229182495	4392.606583785481	5447.995500563569
10515.053971050154	3676.6531966389007	5225.101740601405
10547.923538477566	2230.4155370272374	4959.100362781716
10984.979379933442	1316.1515521262386	5687.02777448227
12798.017979114846	1821.0894263924852	4990.126465675105
11400.761206413697	3253.6507553780634	4468.742211512383
10872.72785964207	3239.8843157523697	5112.370650598715
10103.632243418795	3845.1523288442622	5129.882253847591
11496.026157857286	1559.150597851648	5187.4080292458575
10428.729391673156	4127.676194159859	5376.352221180927
11107.343748700612	3582.7707539600983	4703.7425996076145
9717.137772965785	1653.1899790894795	6020.747449643507
9940.502528863082	3984.667589328398	4996.748128916573
11676.513699531299	4681.836782136418	4727.542095810657
12100.910209657162	3138.690546140734	4888.333678121322
11700.431207861846	2217.5755325868886	4383.9175032849425
9148.68299909954	4380.58710255383	5360.935160939624
13070.27990813487	1337.7374036960582	5629.659075673874
10183.651875328584	3274.0108653144325	4928.328907318525
9446.53617556171	3385.3186890323677	5458.933399888044
12502.73707896519	2065.2206209542883	4994.612857040095
10673.186464354232	1753.1257040102234	5054.657687554648
12509.133246196305	2070.847426191269	5455.540169784231
10149.386227219056	1068.1567376425305	5358.580855140216
9854.45720063058	3898.5126997702714	4879.644731699231
9783.213494746966	4545.7441581248095	5819.1099951155775
10287.28645318716	2499.4141018740893	5320.300200729026
10727.423171043503	3289.5668842154423	5083.047115788825
12256.738953604863	4058.2687386485745	5126.721910038072
7800.049188512689	3217.0620356684644	5454.458532375148
11026.42014703152	1806.1582815895185	4979.76736186921
12240.640881597921	1706.6146542139354	5480.686476648223
10097.976909368514	3892.086242502299	4855.692142025484
10324.207925889235	3051.9213367417005	5505.376826613765
2049.95545843407	11592.176442222337	6159.3840512745455
6451.6333423834	8588.728840306196	5342.872669743384
11480.158777448329	4200.283760160895	5101.855598405513
11255.554780797673	2951.221383748186	4985.705247985301
10709.555030555717	4700.775918941012	5004.78449008164
9619.346667823453	5322.62342594414	5632.075737226049
11212.238375972354	3562.58968230152	5639.349352976162
10942.976616106165	3124.289954925243	5847.575431983155
11580.456370370966	2942.261675918625	4823.798436324492
12549.917354373494	1119.6108998292905	5033.398527329065
10040.035952711596	3206.1773103443857	5110.981963800048
12720.634299363292	1151.4261944155014	4511.739848862242
11428.266539293962	2569.6382999185053	5349.034768301454
11734.620662893318	1462.3814471667017	5319.345602054326
10463.351273779796	3464.196239491772	5657.216746207461
10559.72714926132	1818.2189827827738	5513.523869615035
10056.114645729649	4792.714302608193	5244.929991316999
11117.779075254331	2061.6185580257707	5177.188308318404
11505.169281713805	2490.2877908334385	5616.009031068871
11296.998835135539	3306.6766196976973	5149.430214025262
10405.26400763033	3221.6461175903614	5747.752051271461
10018.099333909111	4061.61057570653	4433.187655772942
11719.573747576555	4203.012147111291	4812.417373286403
11068.836688226798	4325.421193819007	4606.926284112865
11751.288636294583	2608.8842249829936	5306.110768179357
10377.350950680308	3975.2063592140457	5041.307148812464
9961.788082185147	3510.755389888493	4736.731248841964
12031.025963504424	1223.6156956632633	5681.711861618984
9496.935297913982	3757.0811783062495	5055.81035955815
11246.894870567883	2375.144384554188	5631.4038692080085
1606.9524996507496	11352.676426786456	6626.165581408162
10656.239522891983	1684.9098461434846	5211.53238518473
11042.239285383952	1017.9001038864867	5211.330551680698
10805.376906848016	3624.9255801240433	5134.47008467321
11852.352197782284	1667.5910769266607	4496.044154263031
12524.71890801178	3283.0625122637202	5275.347743144716
11624.395629168392	2381.1974323769764	4742.788306496432
9404.591368852858	2731.8920018424064	5449.1265145094985
10758.371771019009	1672.6837287308877	5450.484756194422
11514.245862357413	2676.3605328227527	5483.455164850217
10982.902491989198	2240.1403185484605	4751.4578246536075
12264.247396458199	3251.456841581963	5207.143391460472
10471.745184007328	2642.8602014217345	5347.694054736184
9831.675626181337	3367.825975445924	5033.859170967043
11275.574057616745	1231.987566508016	5465.61492766551
10790.221003716344	3717.1718604568027	5569.98629932333
9354.272531764691	4391.573446501391	5167.643182293753
9705.374284012281	3834.043027200545	4956.404821755623
10488.110487274344	3299.3431484919743	5777.97412788675
9943.008329501044	2226.117790446452	5461.267306707084
9292.496927204778	3397.4691515481863	5668.858314689787
10133.822487143674	2211.77768048963	5176.479596556572
11367.888461410977	3777.3991709036727	4822.476139808996
10054.801894984897	3769.3784186944404	5090.939706455432
11044.99357780239	1922.6266732987276	5004.826601108374
9982.854270171707	4584.950392928852	5090.124726821441
10497.662587244462	2274.823025330703	5942.096719325755
10376.99582199471	3856.9174084688143	4930.347800402616
11479.879515862764	4049.51189679551	5427.750247201352
11269.427493174402	2589.2396533140873	5459.041328889761
8002.277258801097	3628.275720125136	5415.109162546794
11091.357891447193	1058.3473989536437	5419.982563436612
10486.545944109223	3409.9381487976134	4902.136598257617
10668.345055513006	3093.2234226375676	4871.013686058778
11884.780985884736	2614.8640616547154	4913.210086062841
11049.269297539646	3284.80310824647	5221.333774745958
11071.87424641869	2441.6599158939584	5117.255827792489
11669.02128679976	3162.2858154989112	5102.072427796681
11023.831303612753	2386.522915912024	5337.365700891963
9576.410095533261	4027.6838941541373	5205.759161926685
11235.736464074747	1447.5432502316116	4829.967848153414
11595.88620898775	3584.4302060108157	5026.392324210809
10102.318566552229	3383.0584988034298	4995.601460592854
9817.200210379628	2298.0420592578034	5840.280455123133
10355.638826134129	2445.4440683284097	5802.516050896556
8833.186117121712	2965.6628450723715	6287.251501328797
10456.971336374942	2005.923704350097	5708.60849321489
9950.967285101966	4306.811326683658	5022.351964978087
10084.145638421418	3046.7451305688014	5641.717175222685
8743.241106081661	2823.598267765741	5482.610499717594
9798.48381568485	4266.909847909921	5140.848291246632
9145.82639459253	3699.3220727186317	5574.15480133831
11677.447944578196	3234.4590988427376	5525.965596179985
11377.734921156662	1842.3504024289498	5405.147985460589
10769.97248864656	3410.469005337577	5600.3411073000325
11360.885731881719	2754.305136594697	4280.175499239263
11363.574099941827	2916.351438840753	5317.131771479224
12088.692439755185	3331.799011154475	5303.154597491221
13163.410675070088	3771.677264107254	4827.601844183291
9152.834517217421	3660.951314018288	5524.411841053755
11167.953906631425	4536.668251859363	4792.745759576534
10337.914751726972	3799.0274858484127	4850.90300046676
12289.635325330644	976.534697513775	5592.140446006988
11248.316976036105	4078.278299717672	4777.175606607645
10763.873013407845	1892.5289187507826	5838.026142398201
12446.551009019573	1947.9824839783905	5133.828318717037
13252.455713172974	2572.0954379048576	4660.6110459475185
10238.63459325614	4757.430245097673	5842.365014285
11516.208851281566	2312.9629087158933	4980.074543518788
11377.659794292234	1608.284320898332	5478.725609798138
10214.437433598465	2777.912422728219	5171.457240100123
10491.01873025018	4196.340715759232	4766.057575458575
11869.426139862328	3201.9636373493486	5270.968035111321
9672.18620611845	3969.3421318039827	5465.419178272324
11432.451312995849	2517.8112837342273	5471.220403631055
9690.069382873015	5949.771576696014	4666.228570931211
10548.623285576945	3275.3389953504643	5190.772081017268
12302.229867961643	3451.6983231866934	5080.321072848871
12061.184567966964	1936.970088960046	5417.2452652888915
9808.909328010055	2601.2723388985987	5541.64218597991
10676.65619273681	2546.5184567675815	5228.926014262252
11125.062397092908	2170.4467611350096	5472.046514113778
10854.697554074086	5551.324936103366	4585.262891418045
11248.846956916512	4078.23529838275	4885.75883398259
11444.117398160499	876.1045706294818	5781.325341356693
10388.29320956232	2162.7639032571333	4834.112509064225
10137.422397647313	2826.822532507979	5333.282239085048
12615.343368856336	2929.581863344339	4968.993741326427
9994.458140167442	3042.1991137263217	5451.866708321575
12324.116278166262	3070.101236426042	5396.178349699237
11283.943477997313	3935.8270036320177	5007.457969937798
11747.692428575445	2529.034146772091	5194.363801884763
11034.417027446892	2309.6274413084607	4724.762984607874
11447.502527352002	2561.3016695826263	4505.212763245763
7661.822981227021	6897.882917033816	5064.109499362867
11082.86549107876	3805.998516438034	4795.228434597456
11356.121264986594	3579.573871252917	4706.463291190605
11081.865296216225	2055.9284218493626	4632.29081908503
9309.257838457179	3291.0608675224744	5233.16921408313
9563.335600665372	4024.3895149865434	5045.155531280894
11909.256095168445	1650.869301115002	4860.477738481482
8047.1588264276415	1637.432397298769	5499.707046995161
12276.984011330787	3906.7814348397715	5483.360547051721
11530.65855271401	3849.0194125388007	4999.410806238964
11336.006974877655	2736.765678115841	5287.263661999432
10356.219420388838	2759.863358246404	5281.948044207609
11019.486264188474	2728.305301790583	5356.442608928331
11710.176563364892	2525.3284681678892	5101.683838873961
9853.963260788456	3661.4630515123986	5173.036796938579
12076.173293968268	2781.8903041770704	5016.1294839360135
10182.238162749283	2769.228988863667	5360.064181419625
11938.145855113908	2139.306597009304	5419.179062035184
10160.084264581394	2339.3831855856542	4666.124291877954
10438.434250986687	2745.4045436341885	4957.408884978908
10737.153770296283	2055.5171491623078	5098.578813086146
11421.9905954638	2071.543565885471	5054.82255047028
10171.55830589794	3663.267555547105	5586.526006918508
10874.421604990514	4960.949145447719	5650.082022641129
10469.892384586834	4228.777548863711	5118.43366583589
10588.082952806255	3727.0307696227387	5182.765059052065
11868.310201014006	4816.944782690583	4683.893183810525
12106.731551967188	2840.150796240412	5277.586011508832
11368.34418268251	1331.8624358573022	4823.099858494614
9453.665115791346	2939.817956494094	5684.981153937385
10731.704420214524	2754.802182935957	5706.215680087865
10181.396736442985	2201.9517931753862	5810.1422331511685
11965.54368891795	2742.4141747971735	5083.469038992217
12526.590642618221	2494.0373390648083	5377.715857758924
10688.533661129713	3618.9712870772364	5005.165886891358
8877.960931014171	5350.249083962186	5686.855497993603
12021.26683276035	1949.598845032563	5433.831666945094
10856.698782457344	2598.522580745638	5620.4335824662585
11618.122262993615	4506.277269114557	4718.72425929762
11548.467670123986	314.1449812870018	4668.484231373788
11251.046102280668	3751.0307654907992	5180.706800369198
11220.797043785682	3441.6029218690855	4972.239864823662
10853.332810752541	1939.5741088230895	5912.872180772042
10376.644866084347	2639.92311944206	4782.917656278488
10918.451630780266	3489.9972505058718	4519.739783338348
10180.49720573085	3159.8650200402903	4954.084381935992
11603.723124724473	3296.133344576388	5512.3195520736135
10317.771500710443	2594.3012736010633	5511.877530602766
10192.953861727825	2247.0382518658475	5763.685161614682
10463.891743905406	3124.7342776069213	5792.734380492767
8405.833873446314	4198.517840876903	4731.586283868241
10760.26327992436	3542.2106432794803	4886.026812437873
10623.905655391693	3635.672399252366	5232.833831516152
10198.937649043282	1775.0123437337706	5406.931544304114
10044.04990060554	3555.966463337849	5677.505603406097
10961.815609801008	1198.2293598828685	4786.746319089466
10284.024713588324	3216.210406060759	5207.472881227309
9342.053788634941	3603.786545709368	5326.537760568707
10598.419429048214	3055.9349040138795	5450.564147779747
11736.171767929402	2247.000953734884	4929.153911348968
12139.12029241461	1591.555031862788	5515.81105615045
11554.351141409676	1304.439313833535	4495.660848998473
10858.864603156686	3063.5999898601162	5004.723850899479
10553.900412422954	5208.777830623946	5314.503902171323
11430.725964873902	3155.6511351525523	4677.6027180515275
12015.892890270756	3033.3756122830955	4473.947359000084
11496.375127548676	3674.4351660666416	4988.515054486833
12532.484292516083	2977.877853716609	5057.409618194933
10947.1151730992	2348.2079761777227	5398.951670800533
12166.841491106268	3704.5666157058918	4996.329130004755
10069.954140860367	3036.957532150834	5062.657554255006
11881.076706348827	2867.4101805517175	5396.734881479559
10742.335073268892	3089.6773330249225	4751.841451981966
11782.051100892902	2317.1952059595974	5770.969090638144
11315.356479093125	2203.6083477637562	5254.905262862176
10183.138005338285	2876.3163097083398	5072.195288691877
10050.551845842516	3474.229330411766	5092.852484072028
9568.846008964778	4590.63425580213	5281.398413116528
8805.169312089358	3689.4446957342634	5258.098839287756
10191.15489109861	2914.185509096862	5742.267232325631
10344.72041916873	3798.231427375067	5467.63645567458
10167.61558888341	2648.176178428979	5318.61456976685
11687.915388096528	2754.9417521296864	5078.981024668471
10170.744454179543	2412.5016112203984	5459.882698556758
10928.447452449192	4148.269395263358	5519.226678561744
9211.60880554683	2426.672899402147	6306.082795723439
11522.612619454909	2804.8376514839842	5380.015967995736
10878.481615561786	2681.828884975435	4620.765059852786
8823.441135327139	4541.329102484308	5336.130100200531
10823.679036416224	3967.2953723628953	5569.209812176049
10281.175599148757	3411.2772773155716	4785.400403651608
9888.12913048246	2333.930056287809	5615.941940199454
11035.530389058164	1073.471962752913	5633.7510347450925
10997.360027499364	3991.5095014267467	5096.383418559014
9431.27579265236	1733.6242398762145	5247.172063737426
12196.108504770611	3350.909250284162	5486.514453196486
11836.141531586418	1973.1010292708893	5434.14266899554
10310.859279638173	2088.4467417221276	5160.401758831081
10211.724856392406	4419.177224048561	5142.933300209435
9406.634902422547	3150.0578178658097	5436.867168766914
11221.274578252296	2320.317993293784	4398.294671079663
10617.69775282342	2715.7386387364486	5404.616401303672
10976.396262150098	1830.9134013441878	4964.004806781705
9925.641997958557	4018.907432332361	5233.433370461148
12836.90370084026	3811.701869105114	5149.717969728461
9095.91015976636	3449.0478608362623	5406.163076644536
11277.459656484449	3283.2412556781314	5379.928269957923
10104.156062666061	5109.081348312131	5192.243402364459
10622.50294655718	3788.397949344696	4924.511977408435
12160.061102533782	2497.0833992175644	4890.4367109595805
11368.603402498284	2512.9093590708885	4920.446828946961
10400.173179584423	3683.9357574019737	5021.546851892149
10347.969783490613	5054.407836135615	4827.830705311951
10101.419135132961	2459.7343078214753	4823.777716803566
11859.462605447521	2313.7216397904735	5763.162032904057
10269.504001655825	2982.2923521885377	5027.6380007574835
11252.232357170042	3904.451555997578	4185.092806698909
9262.676577423004	4105.913602661132	4983.243767472323
11044.402676541715	4117.458630138481	4903.816599813916
11429.312689725659	3349.382858241177	4936.847690449377
13727.358744212648	3156.7978797883984	5150.485918452239
10868.241245241887	3545.347777941669	5100.508391877495
11076.887825055113	3830.005226563934	4827.768812303621
9601.316272494609	2936.8716898814596	5364.271321578719
11349.142624889648	3816.4548364730144	5079.5320737179745
11530.477339323115	4387.362728582896	5367.316002275465
10297.029782404295	3229.805240450496	4852.624229519002
12627.147673681251	2037.5549154232888	4751.739871700178
8649.353647835842	5387.2174421081045	5069.122566576722
10945.226653721678	3759.4715985221533	5071.709262490555
10146.178296835948	5147.056169194247	5197.613739426141
9662.957323083936	3101.7462439973488	5956.247607141907
10287.091823949568	2191.6993080071493	4322.448661070486
11489.672061696523	3460.222846867293	5087.698254073308
10303.2525490431	1996.3851707584056	5438.054121925883
11110.97629934935	1555.227290903446	5179.290455084138
11369.949648064572	1811.5234953712709	4627.73219460667
10544.354103205624	2642.984150161351	5091.062151222028
10509.774396045252	1711.880846300262	5169.437697129423
10564.211354137447	3049.4831107053255	5839.350747719
9857.694334813725	4258.961235016453	5897.353734612493
8352.146580288338	5353.642288322466	5385.507470544011
9964.98525190901	3362.2709837758407	5016.448457118264
10065.77655800037	2344.289623859473	5313.86481086125
10704.3988974344	1768.8882755147058	5572.421200721218
12970.040404799975	1138.6292705670612	4900.470397724765
8314.33176210972	5722.243921939321	5315.937917171738
10087.682235264365	2261.74755636684	4779.884718408293
10061.016517486489	2030.1742216353068	5210.801864502562
11934.369780574962	3934.3575161711865	4728.75167885744
9467.433091632956	4619.955659933019	4603.87907965372
10672.787956748583	1646.2951769880128	5648.213622134003
11042.51046969939	3197.164467487269	4870.205035538677
10127.680492188247	3440.944424681248	5607.706358740112
10345.591834907853	3291.4167175019284	5184.013149200118
11540.219886533316	3565.7560588016013	5721.6857688138025
9276.221557646788	3015.627415149192	5069.293382134938
11313.211563133193	2934.4880997210166	5884.386220652774
12519.605368237353	2133.807197946691	5443.943803948035
9419.224240360498	3210.5180760961966	5736.7454741099145
11748.746286445856	3084.5040722279355	5233.5120718725575
10752.081744738354	3235.6508348647853	5393.367140694043
13208.803469665248	2387.8178081323254	4786.191174086203
9489.043862397548	3683.935941485005	5181.63244439657
11034.326609154954	1524.2122301132388	4767.501247347485
10200.265207696782	4136.582811611266	5185.006195598395
11641.892803293927	677.7310155313832	5184.712276494076
10816.333321003833	4063.962877486513	5485.078037661698
11169.629471434164	2709.7264818723224	4563.977787549549
11283.596451661304	1385.4379620103625	5806.08945700886
8792.577777674145	5708.097246283045	5286.719052997238
11358.87169879204	789.6544737862322	5321.391437425756
11393.859340548592	1208.9664437599756	5424.671501464926
10081.820951898673	3820.99400407282	4791.02972029624
9914.655719906748	5075.1486307990845	4888.774225008297
11157.754207157352	1185.2956499135178	5582.733234832691
11077.412097217313	2892.5750331567465	5052.170482404206
9605.165076983209	3739.3783802947287	5346.200373404019
10815.116398264723	2755.419697506663	4891.488067346526
11342.864266118433	4500.874531545316	4966.504192662437
10696.717176065988	2738.202656573451	5177.616917954537
11591.788302231325	2912.225713554984	4721.899065646156
11832.720884152935	2720.036418679575	5053.3749214873
12342.336144395733	1878.8926639032813	4483.654695690431
11061.327775941838	2099.4458188564477	4786.415591910705
11688.441516910334	2099.1782012202275	5352.466857960396
10879.47709639309	3911.0579873297597	5065.763760610005
10086.229481174729	3525.9083523316863	4945.4735992529695
10684.704148603902	3410.798379582421	5303.630639123729
9759.558521982557	5824.6016377231945	4929.994650831832
11418.41375831808	3353.977606052889	5303.356790688786
11312.120486555565	2714.278514100211	4601.790772423532
10915.90854147328	2933.7645750278066	5323.473161901165
11191.76718612929	2516.1661187954182	4988.288566240141
10038.00864364807	4128.827411893553	4791.638821818209
10822.297460622201	2289.01057206861	4293.565548619746
11962.025307144153	2066.3381833276517	5413.3963923382935
11235.857597396096	1592.1657051536	4388.226657893886
11902.396017707842	663.4016890570955	5467.31030162521
9926.47516777318	3532.905917084498	5280.703247428832
10553.590499952812	3907.5423490728076	4478.151694220979
11632.666106097622	1904.0884668394656	5768.285094050753
11668.350396571384	1353.90259545672	4525.302970104194
10732.956602388058	2602.463348549171	5350.706030852854
8886.336245051574	4487.97473279229	5316.388356713461
9684.639410152959	4410.439248886073	5643.333588825529
12411.823906849866	2318.953489082985	5197.894708372616
10731.3346994403	2426.54290429713	4870.600363127539
10685.916064359304	3380.149278216496	4932.987901210497
11997.135471379852	546.6789364010723	5275.028905529889
10636.296983136519	4794.945353223362	4978.774575650063
11182.960812442987	2601.720843262429	4937.186988488246
11722.943689273092	2621.6685789363946	5277.023593253815
9277.448738096022	4321.97796856534	5219.733852532287
11479.245222190719	2659.234624803158	5712.793771278735
11618.11223145098	2786.6116045159974	4581.538032245042
12176.892771672748	2702.9635007962797	5657.337904560633
11624.37979217421	4296.946188134251	5681.041346975625
10497.716847952624	3635.572523438723	4730.625179233917
9723.11477038964	3861.9693928621773	5842.332016690306
10964.382635641065	2829.1611602960497	5422.955349819891
9712.46074914834	3465.5226094081486	4858.930991698821
11350.193774757072	4291.436209968033	5368.279583368567
11080.111012483168	1791.423806531299	5217.884908967348
12413.695898552874	2684.352616791548	4928.21313151936
10446.247054429472	1881.3213556652868	4375.936341492522
10904.082874221549	2765.591488534641	5146.301931642421
12081.911551249339	3397.233819106584	5502.361460319293
10903.942038831929	3922.5552983349494	5349.232566935507
9111.197977492522	2751.162330599686	5579.878069790204
12964.080254612822	2607.448906164312	5269.024645736777
11606.263437222731	1778.0240150760837	5709.330456329716
12458.34601728787	3874.3278133745866	4856.652579275925
10912.684938835859	2613.80014876219	5004.632864144792
11373.923128298004	1738.5268060765716	5457.6330885245925
11490.043754668191	3598.1021491142037	4924.5964530783995
10392.070801429649	2930.280539682833	4449.6480457880125
11707.924095072365	2228.328373450352	4883.708345225915
10429.195415581606	2445.2520680050293	5471.536900977172
10788.158344570715	3094.681032090426	4896.444314640373
11699.37501758495	3131.366268069883	4476.960490531378
11474.81726617473	3358.6458657931216	5315.488695967112
12050.14156905936	2321.367574358268	5370.64707732279
11686.50222093913	2480.833067396938	4614.595633539134
11278.334802392015	2694.9982083371096	4780.53983602602
10938.245033033905	2436.8992551745205	4846.552392816041
10232.494773671948	2573.5718737821057	4853.563673595613
10093.922487620817	3754.351813529592	5654.331088011858
10634.591896422862	3408.7073629686006	4841.908274075946
11287.092983736813	2615.0994123141845	5127.856078005114
8498.454299839015	4734.591987852364	5231.259083005128
10659.351862631665	4105.82898997594	4978.324717500946
10637.769263280063	1850.6075700612828	4557.610729686596
11625.133350912141	2344.40350987522	5302.346958027924
9845.521248430246	2711.0038974205495	5625.427468518991
8726.571483653266	3459.788950194549	5312.412406397375
9611.893783221558	4062.140311506165	5308.172336289706
10981.001201356099	4363.124304680039	5544.795752014638
11238.902766439305	3778.8730454590354	4605.980493683513
11156.222808459106	3511.62421186611	4862.421170773323
10347.92780232077	3983.900345570981	5252.057756007464
11947.867440395403	3369.243647928334	4800.969713834367
12733.80684204548	2446.718121575814	4808.198765175076
10235.194743848264	4239.181431823843	5095.288802368003
10887.08068143234	731.3417384280765	5633.803803350324
11494.29219851587	2253.3028723280395	5168.822742640137
9745.868827937318	3265.06004182742	5159.214087091879
10774.26081829956	2291.2422443862047	5206.85949973309
12481.490315451543	3409.776831366133	4726.231615011775
7964.870806748767	5547.3084052785725	5134.4899042377
9888.89030670572	2323.627346347799	4959.641194075784
9962.852723685855	5444.4126292031815	4826.617473492861
10938.47197150278	2995.0053355437976	5585.836930075829
10327.211285900841	2803.116434689129	5792.7499098713015
11109.392740599576	3047.6011534365075	5043.477809905706
10312.88785391504	4618.931837539905	4906.640383537226
11534.80035458991	3868.239330311006	5256.869289073143
10499.357367946575	3103.1981005141174	5804.827632322608
10269.137471102527	4033.6588787011883	5657.767200321282
11631.755515179093	2846.7368244802324	5292.247740184971
11110.104855015401	1939.0048341215906	4840.05170486541
10294.943697573603	2537.1513463029396	5821.321516834312
11296.137761014863	3381.241680246926	5416.245158111521
8912.638443986714	2543.0428680387013	4736.299939512482
10302.819207382563	3670.408480951539	4840.829234830105
11743.200238858419	4313.353360812011	5653.271412079032
12345.851048645412	751.5084593074154	5139.526894978786
11769.067819694505	777.6282493286886	5199.202870100471
11288.80953457578	3037.587822481136	4349.86505292622
10300.286255537818	4387.447534247605	5104.880787149003
9720.847092319169	3317.531329146597	5287.819190551675
10726.840683881246	2463.3326095410475	4909.906540743129
10991.166360051004	2428.0689391530586	5009.876767347989
10178.059464747786	4473.591825212082	5108.433240056618
10455.177068341578	1619.2297285477632	5243.883713581144
10398.487011203975	4295.8974550464345	5026.4221997412615
10999.334138787282	2460.3531320350976	5807.3186434378
11005.09123541449	2136.40357496305	5142.7446771739715
10472.4057503065	3516.3557416075073	4998.393140717887
11427.099019213405	3790.0963430438774	5497.967292673283
8898.17304740218	4016.2579274603672	5075.957252767353
10105.156993124323	2696.0684894744213	5336.798699016805
10675.534526003314	3009.3883726406425	4708.476880972584
10754.195681291532	2647.4344806888275	5244.102092645871
9912.965800816482	2432.323818879694	5058.817879577896
10944.388082456124	1629.1845911942996	5247.952901046232
11707.424934057904	3405.321410167167	6014.543583585319
11657.359580724025	1805.4251669101473	4972.946063353662
8592.36236156357	4132.602397344049	5137.15179384903
9962.25070128359	4580.227206110138	5036.131358960985
10458.548213657117	3695.0932447298183	4810.1654865319015
9437.005089802109	3643.8604816512766	5222.33696333189
9797.143354103884	2957.819365733618	5390.905772698171
11720.130126236445	4111.353658533504	5482.935835628451
10144.911974919754	3499.6825703986183	5008.493332476205
11711.735341994197	2453.147719847539	5366.872122769248
9889.003009861706	5031.936653543174	5100.647482063625
9220.081486015193	3358.4204432927586	5777.612308188843
10890.57353683413	1994.055499498631	4175.090754853053
11516.320205985894	3109.3994048347267	4706.238693642849
11405.718140180788	1109.2518069551713	5626.611792093103
10103.049326775847	2400.1335371212754	4913.552864162805
11601.178972474214	2088.437128657901	4805.271732120089
11152.835095450933	2452.4628361314963	4929.5997946358575
12096.64280581575	2774.9846844036324	5208.758842703688
11756.838401128827	4660.308669815874	5263.684898549708
10003.319685197783	3202.388780186649	5633.900809841629
11424.76781946637	1723.4214215140037	5007.1128357965035
10704.782239521044	4413.520517130907	5718.0700401227
10639.9202318536	3385.04318046327	5903.9582673478335
11513.803049593826	3028.779425419406	5289.244689287433
9995.72435310449	1883.1908281187434	5310.4114000203235
11090.804940212047	1582.499174218707	5249.102239588224
10646.931363375907	2834.7852281156174	5382.9014398467925
10613.68349951911	4131.210706779039	4947.03796356818
10590.596279713196	2207.3850229227482	4690.724798692409
11355.207776384497	2138.8762032228856	4232.425133286924
11726.423807899591	3103.9332088370606	5020.774307205038
10580.427254142902	2128.6171634661405	5513.047374395428
11757.879705712474	4805.921966227576	5175.705082079044
11894.562786691371	2061.320549798742	4684.0938699728595
1513.4485840947916	14520.072127863785	5801.006545925055
11554.360827865881	3121.7730490315676	4459.887863332774
11647.052052313715	1799.2165635067417	5731.651393960858
9438.551626446833	4707.668235550404	5327.402497859287
11444.088686567238	3614.5875460797047	5031.475588412776
10997.77763315731	3149.8780788459785	5672.824238491948
11446.720171613671	1958.621085016022	5483.386540466255
10644.949344422248	2700.807376540452	4714.959465920879
9160.628565733163	2918.2784528150946	5459.698760067573
10174.971981947343	1358.0295041487504	5356.456995413266
10770.792471553905	3517.2972446880976	5266.685972176641
11466.1486621594	2885.8972263605115	5394.564440337874
10155.703331637644	4383.579488503173	5491.210823378533
11717.341154649454	3726.2924736011337	4815.00915253767
11450.003858090791	2808.87175193269	5667.836957499553
10097.077853092847	2566.634868537263	4893.248339067997
9020.564986906727	4157.017335278564	5088.453770946368
11088.64875717867	2954.456266251123	5453.630088838212
10652.874732403845	3681.171041255956	4870.141050808123
11713.805514959105	4410.211883807475	5004.718961643618
10663.656333281433	3708.926665671768	4833.474669924358
11072.457494861055	3797.9871430176663	5037.809200738975
9105.218870393786	4079.8074258438073	4982.950098371445
8711.374943656543	4525.96305651799	5996.075829616096
10227.898694431477	3250.6411255872886	5217.314545031586
12207.516642952764	1675.5202153177681	4538.617429130301
10470.59448355601	4999.867643623173	5950.006001133176
11818.597241791784	3012.5517692209	5496.192887337405
11292.191550700414	3357.442791761783	5839.01620174612
10447.233536341337	1985.6659439651637	5059.640860991258
8326.237204712112	4810.489848049292	5168.72212636164
11380.119829628691	2791.7232116777636	4791.767264529158
7993.3067585118415	2639.7771768522366	4648.141085033876
11670.846391565157	3881.326511764701	5220.05289515461
11399.301540398837	3132.4550834931097	5123.09532137146
12232.091593065235	1758.890799929331	5215.541704260549
9992.370687125862	2336.031035884074	5500.637579723582
10604.941091948323	3521.0269442267486	5457.150273939708
12563.605685009064	962.888533034662	4787.7740903811255
10708.406066451626	1077.2245561523298	5184.062320618449
9131.226174263646	3133.2099607704235	5294.492182405157
12718.641697715977	2103.8419481465644	4534.220632384081
8296.34138777374	5356.943215718567	4874.247828198825
12175.889706945787	1481.148770070014	5129.552279743847
11077.712332769184	2895.4311147822114	4895.3800744455775
11847.522154135748	3942.3277606719234	4395.235672222494
13718.795851289742	2746.8379714201415	5748.595705531502
12186.6942826468	2769.2495465413353	4680.832020157892
11746.522940870404	2626.580321905153	5291.503665782296
12096.349580530155	1562.0734587729207	5035.044074095949
10023.091134476786	1661.5951883901098	5469.627746844504
9796.578970881237	3489.0376114249007	5069.830676499964
10609.092643955662	2675.087122044146	4763.0017475128525
9528.215081925024	4435.9783465689325	4415.669992407254
10733.241859251813	2930.7358866265668	5358.977486301426
12324.486357427557	4455.753345879294	4518.145983301626
9655.885247158134	3967.687236405125	5365.708050673527
9932.387177649925	4837.677635391919	5334.40210224079
12366.543620875656	1583.778559879463	4611.078196632063
9911.495909220515	4393.23990466385	4531.411971066894
10734.085495090938	1519.904216531933	5433.1953650117775
10132.249803936496	3804.2140870614153	5519.166480965306
11611.048464001698	1968.1466677132073	4988.60859064287
10473.51245519204	2907.2501273094504	5516.842061026344
9071.025564806547	4147.020655609187	4722.365441891934
12329.908748868529	3651.9053461796075	4662.813427083251
10321.916747442558	3778.8780844599555	5337.899688753037
10870.536110655088	3182.3415439706528	4449.490170636988
10982.772534153297	3747.244628076372	5076.605965198924
11353.073845607536	3360.9488679550473	5297.88781044925
9942.584918272505	3957.789172852486	5669.124448444097
12143.854695620108	1806.913079991755	5056.376690423861
11772.663164525156	1876.4052955015566	5745.587356219408
10965.560717151833	1898.1594888775223	5115.244478184753
10685.236640277803	2485.818395191385	4644.111035679097
11257.748462757856	2361.989652810907	4952.221075177995
10960.609731471775	3708.0091699900345	4629.150720723054
9018.367779028873	4375.235213942872	5287.561240433318
12481.174024719601	1215.801707304287	5374.58511539586
10363.778752040784	2053.7804215316546	5124.720896250251
9105.873349667612	4740.056864282845	5969.645847336443
10828.891670209787	922.413346920808	5389.042092435543
12631.61371636278	1630.9129307025632	5600.837156030374
8519.438729226888	4334.613547993423	5109.925490753797
10147.334008433601	5360.147240001473	4847.0843086905525
10853.925434437651	2992.283695762917	5300.463612842249
9734.756213260207	4668.827706722871	4970.405468862239
11653.036521161439	2623.889423045595	5393.795317234867
10221.283443964143	1974.8666132184546	5852.943880835073
10486.40818697296	2549.0722119994894	5005.088985840695
10913.856549240998	4391.916112715422	4994.498431094334
10062.21525958759	980.0528671925423	4943.325137883185
10113.841086687875	1964.4884233379337	4684.867658606076
11639.189599020485	3573.8276814976916	5429.162004326685
10851.769498712374	2190.760474344011	5383.870661739175
10336.624942417844	2145.3376927162344	5421.376221380748
9072.531626183236	3930.0106543208876	5000.576901614567
9645.934167360463	2693.8839374391855	5016.736015855217
10862.49263957463	2178.8313748160786	5576.591667274789
11131.699878041418	3738.0477407248227	5388.1876830909105
10896.988820190734	2698.4778703578068	5481.942010344918
10644.530195768211	3252.2101827405227	5445.95458817284
8583.964872002625	4479.809633752784	5084.150605990238
11386.018143327452	2172.0546573530496	4929.94283579156
11238.066704509496	1617.5449904200739	5168.08312032978
12399.816920829422	2182.892128552943	5241.472014550806
11181.885016898346	4159.199961842195	4711.515006429833
9232.190618379875	5222.666979659603	4599.845440348481
10257.930798820591	3417.0617631386544	4982.183217964779
10266.392613845817	3366.315633143473	5680.785320039054
9921.70678329963	5349.750955439707	5634.216740430922
11550.946413199905	4204.451890486468	4170.005369855672
11199.045382595696	2706.4544425981885	5510.460623409989
11073.661501917453	1859.7406383241944	5614.562229744198
11520.248304192313	2682.294580944758	5014.259012789247
10409.17276653208	4351.366512551439	4981.249952685518
11858.016576969969	2160.8017199586575	5147.748768686941
10872.686969092345	2613.485380101341	5753.728590032415
10557.999841982974	2638.5797724554072	4888.1059511483645
12103.233126814266	1630.3371295064683	5241.484238093806
12025.563873768653	1007.882665667457	5242.862974272856
10354.919603017028	4833.37292941121	5170.640307916076
3921.859362475424	13085.423550933876	6498.450377000633
10755.820648435978	1669.4604096422058	5218.073899623532
11551.697677583741	2986.5404751936508	5360.450563578282
10933.255192526865	2365.667235912997	5182.3816399373645
10458.521332144952	3478.6382971029334	5775.0771017782345
12275.631955929073	3776.597377204359	4680.4945991452505
11059.525133927214	3232.0903301266662	4862.424797667999
10750.14684520152	3278.781689964346	5286.356209789356
10702.682036843633	3715.5698054192626	5696.563793723396
9869.762418527494	3373.076050739073	4947.558433337333
10008.947256955447	3489.9552680124975	4975.811181406039
11554.91177178402	2898.5844640688997	4680.67445235571
10431.640684939914	3693.014668688156	4790.044978457382
9176.117904362496	3182.752042594722	4886.867757484299
12687.423624801899	2857.6832871891206	5014.3069290606745
10804.674343259123	3554.2523996901405	5083.3161706168885
13009.021625766125	2319.7869485939823	4452.7769369404095
12290.301360762935	3145.3430867138886	5903.138957606402
10744.550274770867	3408.733112554607	4671.865964516104
12488.21139939947	3309.6963964592865	4815.5737288083
12247.729396300538	2875.668513092143	4814.062893619324
8763.671501537847	2644.9454582618446	6091.3116669108085
10381.85759981181	3105.020654710997	5025.090222592983
10371.826871567719	2809.026714814477	5198.730210313453
11300.82477945981	3115.0826555502085	5746.841811440526
11765.771828746012	2877.286135918966	4728.553606368175
9501.299947911737	3927.302257257656	5477.870075500996
10340.024650123694	2471.901893730993	4818.319172292566
11339.562134177126	4075.2620825972053	5392.870039989696
11050.560404931464	2613.0728189684273	4750.964567678289
11216.65455113816	3622.7774294909427	5178.307462993178
9502.244291457784	4615.292753880061	5534.349870304961
11474.441694221643	2891.221792475903	5541.028285620001
10519.037320053481	3978.96778811304	4791.658841930805
9303.686036732832	3545.4670878529637	5235.057740016629
10253.729654356413	3478.024595555205	4887.367567959106
11608.585259238818	1471.114700181667	4998.6949375590975
11324.83414597887	4427.24148635201	4971.4523682844465
10421.575003918388	2375.2356889257626	5011.969093785858
11318.962864673533	3072.423340332098	4879.491205814524
11203.703539244832	2423.5161945748005	4744.5336371334615
10453.455332120717	3940.3896947486865	5535.191711784503
9969.93795135187	4542.482172416527	5784.17001816808
10315.874985523302	2351.7660795523357	4672.137750998344
12073.214822192047	2782.9939563011217	5212.602052898714
12335.50849466821	2330.0372341570596	4711.405606091551
11183.779549806019	2047.1385190165836	5524.6667914543505
1759.0463346648453	13668.307927729198	5292.809206011397
11912.19508443701	3589.5691821485816	4814.962936867019
10946.234752502342	4194.393649786687	4745.534788934391
8054.898362619722	5395.263691834766	5971.667694532312
11193.127543016317	4012.6648959892264	5159.324333186355
12278.117576789035	2420.1613399475577	5181.799931811416
12612.073240861622	1571.8765151611924	5601.391948282663
12143.426036543247	2759.3825184263396	5043.474264100237
11337.543544507693	2233.3988064135765	4894.646710726254
10004.031783392005	3639.5993707340317	5410.604465134341
11276.502517498424	2343.044143487663	5127.239167095665
10353.012300881217	1676.5280468196938	4817.693264546141
11317.742748592618	2185.3283222351533	5355.674087200922
11837.417706487331	2846.4689261852077	5134.954146818061
11417.830994971915	5314.495305230057	4600.241028003819
10648.903784518645	2031.4689703659308	5328.3374084337665
10497.254696139884	3518.3749748216082	4798.75862758744
9688.982899754488	2566.0683300530927	5089.837855849549
8998.89687921413	4405.348915652567	5418.148732989398
9026.497844660842	4296.883726356958	5103.487870018144
11536.346572953093	1965.8613485476803	5683.687825759663
12263.890525059718	2033.989126737374	4969.942607729319
10669.78285960932	2925.100131366774	4607.141526029438
11218.026281325141	3458.2253752674433	4983.206044234862
10435.260540449219	4450.9886879915875	5358.432830401116
8785.000288100804	2971.4845754817984	5236.746102350022
10974.292542224595	1551.9026915609504	5071.554473179406
11615.546409978011	873.1717887460172	5176.581808331778
10430.80469478017	2581.597054733726	5263.244675508991
10041.9322624923	3261.916338728608	5375.110206105826
10928.153393479686	1307.4645062631487	5263.759732353803
10464.962185084738	3157.9711610979957	5013.01358712195
7816.320864493714	6834.224314046974	5791.39161095141
10781.978653454213	3988.5582325348364	4862.951956851625
11064.302374154602	2953.816346944654	5430.292899748232
10375.727208572916	3599.938120517944	5342.101868929241
10791.492860134378	3597.5952074769375	4703.690564261002
9632.32708807247	4011.7761006030382	4592.343573940087
10983.189898768624	1402.6450643369242	5506.4866774078355
10304.832481325351	2908.7926366299403	5110.990482654117
10817.43036040335	3061.3193262732457	4811.448379562542
8994.691358208833	4881.541592126197	5187.171236795085
10048.877191480577	1554.4866372209674	5737.760334389751
11416.691991294001	3173.1828725679416	5110.726417356386
10176.994832494493	3470.494343437486	5228.896264455269
10638.010981005931	3493.2486906807453	5581.039026915504
11493.943202985487	1794.5969352783995	5274.882220802056
12574.82184551425	2944.3264902577753	5195.821930799753
11308.201538402556	1525.1892322854894	5305.9280457182185
10088.462629769992	2724.7913664445396	5231.113509851162
11386.050576806367	2968.464599906864	4566.870063604559
12142.10205796031	1287.5282598335375	5005.08098728805
12003.516440592693	2166.500527903096	5701.854472152507
11719.39413858463	3270.6892456054043	5225.99827093443
10659.588368994262	3775.6296856894273	5985.88846796729
10164.361553875313	2721.4825837820554	5434.658626716415
1394.003417191464	13477.191477187233	5631.026808081896
10571.109602796987	3872.4148457589035	5552.37583286624
11287.601260494941	3539.736480786064	5381.501527755701
9823.434266560651	5216.036825624159	4842.788273446404
11822.845176037095	4305.164191829474	5675.788816229704
11059.499318777454	3581.125483855254	5551.792743316
10846.925948691482	2086.5702644899434	4918.376193888501
9133.187522693708	5331.834384300495	5496.008019154868
13624.142574754043	1652.4896082204486	5618.654471347515
10460.346601966483	2541.032318308894	5238.063406375123
10141.156295750288	2232.953926017244	4722.692518245247
11044.656901406599	2137.1519329342227	5291.420920442385
10228.09937914549	2898.212635245349	5547.882255061611
11759.33043207783	2732.593621608969	5251.726352374044
10733.606419290942	3866.731218258664	5013.202041784115
11430.150024263074	1179.4524049859008	4419.0622805530165
10394.69974710156	4059.7687724454927	5355.468863235329
11173.530363638443	907.5028128250748	5310.376256289145
9913.102155871926	2752.8755935832833	5287.893749280077
11059.927409526901	2798.5468188414693	5216.417066185071
11297.384170613605	3109.2952081295034	5062.661818811081
10595.608804158876	4089.9355765840305	4690.688597612274
10608.744343858125	3757.661611844258	4914.044888952536
10463.600573197878	2853.904111682883	5153.80497606715
12056.163742046581	2852.120971209271	5040.719085608884
10325.115143396515	2748.772702672189	5414.427003136442
10768.775737718159	2855.9526643086515	5420.78527266276
11419.4215589242	2835.1426768338943	5390.634165955086
11019.561482780307	3256.644570769864	5207.4799426901045
10729.587692894273	2636.900381111771	5797.604071592729
11496.367137701398	2269.5572746660355	5356.23901917867
10102.171052992762	2857.751073431532	5201.443445140503
10246.468945022494	1765.846831345381	5027.7007332944195
10793.612686703395	3919.3515798172857	5220.516314392053
10118.621191690629	3678.5850368228007	5232.518759865412
10384.743937742327	4209.096355450443	5242.487914149258
11460.700065469746	2081.104493701482	5325.544707894545
11903.18614112537	3292.6338524994694	4677.226641948794
11560.03459974724	1940.3817757010004	5398.187823637485
11071.290631849763	2058.7488238773617	5392.457244432651
10950.784788540706	2770.439462090166	4970.873296727112
11308.889803626804	3360.272693725063	5552.9848987935175
10162.075062863181	2990.5195882062653	5159.827292280443
11084.927233146042	811.4493237692263	5346.454051946885
12016.256924972009	2980.3369789655453	5297.586899688207
11653.674318692549	2048.26806103847	4855.603204701327
10410.47390795168	3314.955000455169	5096.178347921242
12339.194428412944	-100.52807164068534	5219.150618018123
10045.68579138654	3821.760584966448	5247.424216591241
12087.732126250785	1811.2129166214002	5297.5380357020995
10732.323078584095	3645.044583935785	5099.017706437609
11238.085731991618	3401.099051871379	5560.658628091379
9656.724475553412	5179.175160622014	5075.0343472733475
10256.202990393176	3636.458779059634	4800.182687098452
11108.335785904204	3223.750661260846	4895.830398451833
11244.580102554359	3089.2008349220464	5072.072447292102
9480.515713088604	4936.907659061883	5711.980326287216
11629.861941535008	3026.0824841658045	4731.359098299429
10303.838448226028	4501.881106602784	5582.545866103896
10901.933010316672	1610.4435708290587	4272.083882238279
11884.123557334828	3011.025153036372	4800.411514457304
11662.377324689382	2687.513567651638	4999.508841277137
11543.524299017321	2670.1195336597043	4936.96616510229
11438.876085966287	4177.013215850829	4635.139227697438
10562.057938801143	2967.52755452202	5262.644092511119
10133.127954909518	3056.8789887093726	5287.808179678078
11758.653850800225	1350.6713907186038	4900.1384392655145
10588.759702407475	3322.3156971071503	5586.3337497948205
11099.944249940489	2681.5787017058606	5349.95008223368
9512.584727879308	2253.674557142544	5050.251478729819
11260.460362433383	2217.3309246698063	5521.977241776783
11858.539048059409	2468.9456638020374	4878.131758853144
9915.79831608805	5515.842728005922	4600.999777021169
11179.139091078076	2585.057922365867	5022.488553761289
12241.060091506188	1037.0003509115566	5338.639396702676
9979.925220315754	5089.014747300044	5712.424629673368
11168.452392297582	2942.4355415914347	5234.348681865184
11212.669657313354	1831.4544231264674	4852.6764056535185
10821.512774576033	3046.4788990903635	5087.089020251452
12293.181097932378	1032.274442936918	4856.814704360938
12004.730842815512	1067.535060260864	4939.649190489829
10964.914711791344	2774.9696287535194	5166.03355131757
10185.149288572939	3240.50169515081	5558.818613571798
11073.504965486472	3067.4511999949877	5300.7821569378975
11214.095324877055	3322.7294663853513	5160.959274971681
3199.981025494959	10973.835043681558	6650.782011975114
9382.487614622587	4054.411425792469	4951.154551746657
10279.486623260069	3631.1964657687363	5316.636806243457
10490.685348308467	3177.828984560332	5067.487205243957
11370.248768134456	1661.8910944722572	5151.471234705119
7666.140787195137	5345.494914391197	5446.610294509481
9997.080316216443	3471.5977767954764	5295.367304226547
10511.67086401913	4053.5253579444948	4688.906124770708
11872.639598834821	1462.0225624747434	4968.684141042356
11222.202223893508	1783.8033801096542	5256.844186144311
10606.46350727073	3753.575188705566	4876.29416153993
11318.29834696399	2647.06441921426	5139.442589154768
11682.701492414064	2088.005239360851	4537.077330840278
11395.64438338894	2466.2399110548326	5009.969943453561
10607.502252515103	987.9326440139909	5275.551736396746
12235.524896523266	990.5141892090468	5274.216846299705
11310.66058516849	933.65966260942	4921.298920642411
10060.707794939664	3889.2631337446073	5580.189091776566
10437.932930400966	2607.2488452310267	5672.8874294345915
9258.962810532266	3104.2501926776677	5061.546856597073
10983.108023313785	2962.4283244522458	5140.306936952665
8637.807183628793	5385.573971043597	5631.381979092224
11194.945376953623	2207.9901836540216	4768.1055226376
11191.573689836141	2450.245797954255	5685.0602859253995
10720.997206708473	3196.2148161330206	5257.705961769007
8405.997370042343	5596.1522835620235	4893.487546661226
10820.264919035897	2823.1189736244683	4879.9569658265555
10177.30673290197	3956.2264669269725	5162.83714643208
10492.424040936514	3523.5055692510996	5226.343991037201
11211.783991984345	3107.1339789388176	5243.709235022659
9736.413899423205	4008.342346222564	6116.758513678969
11019.426793772327	3796.5000092779305	4744.965547026941
11521.872299435901	2259.494687835083	5622.781636776909
11997.034544231097	1676.0368408631373	5178.582539092922
10126.630499756022	2703.7529841979776	5369.066068364899
11205.352760565209	2659.8022941578633	5283.842428861881
11762.276471428848	4186.166852026059	4764.263627038363
12690.867291521485	3806.1654389658074	5083.8796512394565
10850.687756521278	1686.339005694336	5215.398249409853
10979.175183411182	3767.447440880554	5047.835684114935
10654.816793125645	4053.8327680192665	5746.37577986952
11250.626822671094	2450.1329431191252	4664.427903009456
11649.95651138343	3251.1432210435696	5760.40359679945
11171.562659394045	3650.340044224251	5034.661857389938
11604.219154612303	2751.019922190607	5269.684654682728
10863.90580971184	2427.514018930716	5149.928214504827
9316.529950283153	1764.5397365545964	5155.8061463324
11000.330907272886	3391.218934319749	5402.836287319135
11459.993163530438	2421.325238324537	5376.585377527903
12132.6682198689	3282.0042045840382	4761.38924063703
10826.855834176169	2035.448314539322	5688.628917468675
11659.041368236254	2612.0162552814973	5380.807879130218
11133.92552629603	3357.647730635421	5002.276905576086
12281.9314466578	1607.8385879345794	5181.156603184087
11324.96679069522	2143.5616013578892	5434.912742702047
9964.978369190761	2925.8175776148996	5228.141648685092
10405.557329485686	3999.8386055833366	4920.911996267098
11066.32357063316	3087.9558249532606	4595.811645822132
9957.224282587287	2469.0440021067466	5202.6965261507485
11023.286974703571	2390.4429267233068	5144.717819309347
10899.028987161935	5059.638853943468	4697.741545801059
11261.302166462581	536.8876741681337	5544.716319337589
10357.567115130305	3463.2588680976273	5419.542807260955
9665.993259233805	5095.275604747362	5408.624691254949
10735.268710009783	2247.499723429638	4950.664774838234
11853.195986274239	3390.3496819661805	5167.471984913275
11696.455795649219	2661.1726703671447	5464.740247222145
11412.149297799988	2304.0214147842185	5060.680629856646
11335.1580705517	2265.4399246845787	5196.888889375952
9296.11364460129	3987.534160186308	5893.363270716399
10555.639140806295	3101.430677997978	4871.616268516324
11147.253589032362	2775.54744037048	4902.029204464276
10656.751326837757	4478.350948758994	5650.075072918101
11399.373368262979	1725.7235870377972	5066.865493383944
10814.736720512328	2772.6720645804667	5405.0241668575
10349.940891827058	3788.513432084441	4662.529548674345
11056.370286025667	2864.59682865356	4994.761081279537
11182.406219827782	2608.5069896272053	5129.04422056964
11299.366185876474	1669.888678962265	4872.124051091444
9432.749333828739	2955.676690740711	5240.20104240466
11646.45144676831	3062.144441437121	4637.552486059513
9907.469197572245	3992.783045722284	5412.682601004194
10787.68031725314	2203.808394707398	5066.696904655899
9585.279319548721	3517.757755363763	5348.130482783277
10746.363189658345	3667.766281321681	5773.543748084605
13405.941285826728	1076.2213468934249	5237.441509025898
10262.531870162697	4120.539417466349	5395.240822259925
10670.697456476893	5508.534830799289	5329.895157535428
1836.2756208754226	11892.555710734481	5844.197403923001
11231.717892005569	2287.4903116600262	4941.593286441603
10438.885774639553	4409.828205038834	5195.071060961781
11171.208049634839	2325.4981959954907	5654.263548061939
12248.173820066699	4691.690628855759	5636.293488634604
11727.702886067202	2718.910296994864	4971.377604140384
11248.032786421998	3011.850561314843	4716.752042105885
10613.137045356054	2807.5735475355245	5276.524099186679
10940.614319152492	2999.738439154645	5280.46585069543
11862.763555777488	1104.1822878454439	5134.6098595187805
11764.238599246624	4075.490296544149	5560.373580798821
9885.082630707284	4131.388687536464	4800.3596327710975
11545.453101450421	2474.5368990714974	4794.683436994122
11051.817879532904	414.9837791588162	5783.595176307343
9611.21319843983	2636.9401107109634	5166.46702569686
11585.744914108862	1190.5593263606636	4598.646148620822
9945.895367202458	1843.8462615104888	5309.140379977589
12225.653194261413	1988.3146893119595	4994.034994297616
10968.772988324175	2000.2286451466937	5515.067049944604
11170.98594177058	3729.156078461068	5008.886127053367
11809.385387516306	3643.295324697025	5489.885099910205
10037.84216422501	4410.9066727760655	5437.6207996373905
11262.345315976623	887.8962993849718	5464.227631506871
10650.1621117799	4783.524490499587	4813.976993275791
11559.936060111235	3163.008618122974	5134.190296893854
10317.017459971597	3780.188516121924	5012.775540483594
11694.01158002689	1693.742801419521	5123.712081680265
8572.646346324693	5525.853319339252	5176.483167360719
10176.673098307916	3685.3106798643657	5656.711480849522
10794.526730044436	3803.1208713640917	5064.858025951949
10642.115754725539	3205.7949318151645	4693.887896390607
10423.864456196787	3637.697941374028	5142.676895627293
9828.824108087654	3091.4163470067174	5422.958010947379
9951.46430421437	1997.9308925886694	4722.223708358849
12170.859168295094	2107.8440919551554	4998.175730759834
11180.465256660686	2780.7535422959695	4905.548552590162
11579.013930577743	2574.0372007801666	5222.269030078277
8240.466152171593	5123.446995307541	5949.452742948733
12886.39986017775	3578.7637285653504	4478.838768117891
8731.400588394103	4934.128474029246	5405.734742419824
11724.944648368788	3263.22735410776	5003.245277118108
11541.743154835964	1912.2277355449	5567.08252044849
12640.181396263197	2276.3183400712182	4919.582291366097
10190.29997126486	3770.5063132776168	4968.168259184646
10706.821901016416	4750.131541405021	4435.522359412416
11069.37806206503	2756.9078919838325	4920.217358843619
11719.828652536782	1684.412978860382	4573.570810081249
9045.694131327597	5699.320020915838	4733.030822157633
11233.672219623832	2672.8404831535477	4614.640847924596
9385.64124608151	4363.004770911304	5459.524086866497
10385.619781295212	3740.814047571348	5018.679678711889
9183.607348325757	5493.927132988289	4825.020784947264
10007.781468133422	410.68038812502357	5491.711527290839
11507.975249081761	2089.934632316658	4890.195979180426
10432.664292065498	2728.1485907443084	5444.152160310771
10562.702741533149	4053.438921062456	4730.726640318882
9202.976123764869	4486.95294950123	5747.276023567075
10057.046992748856	3541.833132961575	5244.989362564351
11024.512126761701	4687.979445305774	5235.555621097756
9665.113637067048	4057.958882163851	5035.741399647743
12758.42649160482	1390.5636148549868	4776.75344996849
10441.128720928718	4242.0636056084	4956.943019973979
10215.156854401386	3038.347100233388	5425.911985619933
7673.6066707572445	4880.599384849687	5167.709727816558
10186.576735620109	3582.592457565804	4782.563705180701
10270.221462133233	4297.529371642916	4349.554107717735
9666.313506514034	2928.0182808885625	4993.993794880463
10460.781274499546	2843.436626035304	5408.378817096826
11313.49518218941	2583.727832794342	5672.412913394096
11669.965946475808	716.7865682714031	4770.913417649119
8679.993443656422	6671.210649216976	5253.099706669738
10483.83641375846	3574.2839073073324	5310.320447725541
9416.015573487646	2039.0039992379982	5332.824694324777
9162.04583957647	3328.716870746399	4707.3841075295
11445.608250381767	3139.1712569211695	5806.597151571992
12369.334592107656	-93.72581023323364	5666.887258365091
11762.088252802296	2262.6377772700366	4925.524052780002
10245.76889704698	3929.2344864283223	5101.982014126556
10825.550123687695	2421.895710717294	4993.346298592291
10534.809333920824	5094.2328275616155	4568.062365424264
10635.437521972577	2832.463113426606	5165.100628081993
10326.851701537129	4205.855126563555	5804.505719704203
10492.160148440551	2975.139817527609	4415.577313159446
10851.516183787531	4076.7200778749802	4848.579085690096
10776.333802432504	3401.3140800034093	5043.563654352787
11192.311135755366	3204.437785557796	5361.601150038943
9219.302768821024	3274.175295979827	5196.898909160915
10525.29455839161	2432.5769836937598	5405.375194957478
10993.033487079858	3921.2414863940444	5505.643799209127
8830.013369705517	4951.374820252521	4923.23051503659
11790.018065152859	1702.4743005038115	5057.811201365613
10995.203945658845	2552.438469109548	5078.148670113334
10920.337946215514	2986.0509872461826	5320.58925864276
10699.564130485876	2325.4435071543835	5251.260284735102
11835.176999208279	2703.244277188799	5362.124261145
10864.364267843983	4598.074301197381	4703.625041600122
9206.532411530394	3727.190330866474	5508.407033111802
10670.254487990731	3931.1533205057494	5646.138971918918
10538.104852904418	3404.7064469069287	5086.836329178316
11801.20645874418	1656.8810488498468	4582.563931285669
10661.118387715642	3516.3716136045628	5023.497515334377
10592.96775507464	2044.1067987032252	5284.831173947938
11340.308479962068	3983.27006406222	4644.571100506388
9455.531410061512	3432.0083838579244	5355.757903838886
11081.336131826221	3499.896168359539	4953.242002539722
10879.349893762124	3662.3139271128534	4462.984607413834
10669.95870499768	2181.325250277555	5202.49694546593
10423.909204039257	3275.9997209245694	4859.652747175778
11001.76789036373	2942.3109444584898	5058.239517967479
11713.26450847547	2954.570496207804	4547.530357344888
10402.676356135038	2805.0631821274546	4924.546565489909
12127.906290433752	1695.6540532494316	5492.160405578087
11014.629959577484	2969.635903449392	5237.1045415186145
9659.43894790691	3222.3360657700573	4615.964898124443
10343.067674530932	2932.497396331483	4633.115018852501
8896.50189685957	4612.198831187979	5510.132108253569
10112.245749589652	596.6627866341182	5238.903244601569
10653.83952930074	4864.667787660789	4794.504126562042
11661.767618856262	3279.7014607711044	4830.372080301403
10911.182716539037	5060.922440674827	4822.101902612396
11529.353187334384	2570.686975510049	5029.314528985035
10111.563256286221	2530.6711446872832	5271.636374704076
11195.15678241971	4183.297651584863	4805.950943871227
10377.555958875751	4259.588483614775	5117.99699658202
10301.402584245325	2104.958387256538	5260.332603584811
11359.773954701745	2058.51977661293	5189.773260475422
11236.34024875687	2645.5036744962504	4858.989456944242
10976.787769890449	1887.5751613088748	5433.897739856404
10712.701928704673	1033.1538933217223	4897.957565729384
9890.210568256369	2420.796611777674	6005.600069656017
12068.531666716715	1123.8808433909712	5560.052061377212
11843.446059745118	781.6618914480932	5519.984294634093
11217.453735146051	3040.8756121634397	4854.097378237933
10731.627907227037	1683.756490371001	5533.01047420061
11929.708423586966	1932.3726939042056	5062.5016355159705
11471.052198284086	2182.424931869978	4829.0992604564935
8676.964944703708	4366.311935391477	5176.469147997253
9845.709685282425	2720.3152021390447	5823.108120963641
9327.835373948383	2236.651242853134	5229.66761481896
9325.2901701736	2979.5048479298225	5252.449900294159
11580.992247349317	2983.093519879252	4859.358815957258
10512.735641118768	2826.182712372542	5338.13348333803
11005.080590999787	3152.688973216307	4294.068454627893
10359.386260268206	3375.0803066253256	5861.376092561069
11272.4491369675	3350.359170950486	5223.19220657079
10141.746986841837	3784.2157561837485	4910.883155236108
10648.538311779175	5031.504122617432	5261.564114261178
11292.109010273227	3361.606681304782	4948.277868648553
9538.12534539502	3249.4214459520585	5434.422812881288
10393.511648079955	4637.083899029753	5049.6927005331545
11200.073664173853	2038.1649121579683	5049.387555663687
10796.288968236559	1867.7820209484482	5248.617307666029
9425.044340519511	2383.202333988924	5331.103292933161
10145.467782912625	4089.5565363779783	5187.07468090719
10873.626446630515	4979.424017438266	4354.150634478476
11116.007457813177	3116.616255917723	5062.421000805573
11436.452699805906	3934.3499007564033	5014.992884029668
10005.22083930942	2540.321314972529	5161.822895487172
11709.989322361978	1930.8830283546229	5317.154299685377
9814.343124074981	3942.9911363212923	4836.100683680409
11507.891023960554	3989.4244292125622	5432.183560997995
10727.02776446107	1709.2143216130273	6074.4727945283075
10530.717808600708	2400.3404400595577	5322.20946254884
12376.135168628542	2358.772994364657	4629.901562758314
11198.430067378391	2969.8881675654075	5120.575332044625
11123.464957391168	3174.8502303875366	4989.9806646272355
9941.077925649424	4753.713400897018	5070.337463527908
12202.968586385487	4164.950637971841	5016.1290773168685
10535.457564073178	1947.2161740570557	5216.598642238696
11080.090477502317	3001.1889036439375	5294.1460973240255
10515.352928132284	1756.9142854142754	5613.624925144344
11544.92426206505	3991.3148499071413	4989.582422438002
11673.739958477518	1207.5811511607405	5112.921204712843
10339.81954999072	3254.0290704585814	4881.427744227405
11916.364556128108	2562.799490390368	4672.619594986504
10071.488089351804	2763.5290890980386	4849.451597253159
10532.388990033476	4258.895599499468	5236.524026101273
10944.385540899004	3182.8577306004827	4359.679477910999
11537.014405728461	3609.527079402791	4799.040653522347
11526.53306645207	3000.548240297509	4979.843077308455
11613.487437774516	2291.569243442758	5445.789224095799
10784.610979504452	2536.524858626413	4717.745794318237
10882.818084439949	1552.7559668773024	4974.968978841916
11799.514366781701	1686.8371820363557	4681.095912020018
11632.732563942758	3675.8419601939554	6242.02330089596
10866.676110289944	2934.2065656478135	5345.023791482862
11637.262086701576	4258.35602060609	4572.759956671203
9909.694523227308	3880.5488926580947	4832.274200212428
11250.537327492455	2340.942272412291	5041.840265609371
10580.069500776428	3358.593804395782	5136.850447097946
11375.611363482698	1957.4183934879786	5378.701909021479
11837.381325329436	-102.93509159742773	5386.476556672722
9371.713552847792	3139.8287425918356	4988.707558590573
9702.165776043717	3258.5590602401185	5049.329831834187
10341.74980729465	1678.2176111487015	5045.991022379739
10000.869426763875	1638.8807165070996	5064.354677013015
9597.37467263407	3210.2324167554793	4782.847752744391
10801.570084544615	3536.4905236154086	4826.654940969715
10343.933974052985	1638.5925678462424	5290.183629065311
10238.928574619817	2713.7554946419514	5190.260572393286
10357.065043798824	4159.142824024517	4792.964495290546
10730.19466611554	3335.576888262793	5181.874241387551
9684.98488886276	4352.380240546974	5045.696427311115
12007.200074457636	1757.1914384297343	4912.709377312178
1826.803951895026	12211.17850274488	7470.884849827412
10893.78366603561	1586.291679368895	4862.031996554725
10581.495818539173	3347.803873007629	5009.159317055848
11461.248647987883	2957.5547157708143	5008.342422344067
11989.855551238694	2600.806734281629	5160.883704727576
11935.517573781486	1180.8449440927088	5492.8753119505045
9812.424847654907	3669.210770715285	5312.429338202868
10952.167084871737	3068.7550797881295	5473.463653972555
10309.701129693263	3678.8730036737365	5176.464124040566
11845.120050893092	3126.254378508517	5457.120877377832
10374.625496812594	3637.971466471423	4968.412128882694
9747.148261852488	5018.7402541200545	4916.280868624982
10524.00913244742	826.4920073771962	5357.009825429739
11622.217088496176	2937.931646096698	5732.014045657853
10624.819487679142	3970.148981290082	5555.036890135241
9696.880238771164	3171.6746354593447	5054.643059148747
10399.074401171558	2200.321788265836	5275.1458929185
