10830.939888677829	4055.701635949091	5579.642122456637
1067.8963400296682	16010.363382098632	7541.81763996986
2151.3969744924066	16476.091175481073	7284.3283932413915
2473.5230345015516	15020.837651546808	7452.492715890398
998.0365415419179	15513.691431629433	7292.046921142064
2555.946218565027	15648.627439840739	7452.157573305295
2193.23348031518	16632.029429471535	7801.515311285794
2059.7366579986838	14571.22605751171	6892.813247580575
1526.5795104352762	16434.42637831913	7717.047674550571
11958.767406850217	3206.471101839335	5319.5650167329695
1206.8172202950059	15606.397142279531	7988.652660073661
788.6844726854806	16362.862721087391	7595.456694497017
1007.4032673372642	16140.9305481484	7501.303624867371
554.9307899788153	16168.376038873723	7902.872587501805
382.8165955018675	15812.15244599394	7353.820710499875
779.0921403500537	16531.113857926848	6005.28366451928
414.8854516557935	14112.918294785211	8148.377097107185
648.4373067485843	15483.539753670435	7818.406877462891
10752.564267272563	3596.3028347950058	4757.001189156616
2204.2584477130745	15884.604331761537	7649.594530237848
1648.5068447528806	17750.533937273638	7295.376874566557
1276.8719871014787	15660.56855082898	7256.8797102750095
1988.1145027092537	17195.15877752105	7448.030464920532
1735.8472931475367	15854.395762463544	7392.065462430822
1455.906045806619	14293.997527191383	7486.648901316078
1073.1378423446015	14000.80205655943	7566.001550210849
2590.6901414185863	13850.63273006199	7835.344026364964
1368.1774006572066	14156.630671904804	7477.735458934545
1523.7476742174729	15401.06345829536	7391.773050199842
1393.9160839740453	19519.017684661925	6266.779673078197
132.74556374051298	14738.752538520228	7554.828642241772
1256.6242228121603	16162.239175573986	7414.938075214532
600.7804659495088	18427.44678099604	6589.329521452183
9204.766777027884	4278.395555684746	5566.222772019848
1036.665448123584	16360.532717660097	7441.359378133079
494.03397283588833	16412.8876246721	7896.79347299314
1680.2089961549661	11760.395469028708	7830.080966974844
894.4331068032802	15921.033312242414	7483.956189026527
594.0397154608368	15542.168270960592	7546.783648624048
900.7540566892402	15645.377025410273	7186.033372965297
111.50736064964342	16339.613418778956	7570.794669905462
889.428961898489	16456.625019017756	6585.468903000695
1435.001029552219	15753.254478530396	7495.599301971711
9846.17396954766	5552.775524001519	5002.484939185067
1864.0461924846466	14833.8606876907	7401.345563057904
916.0474059344717	15529.659441806445	7480.326961991695
1660.028576184697	13469.626719625687	7695.050032946658
1161.1585213021897	15050.087846097986	6756.996920935838
1271.7302630770098	17759.57710843148	7456.648017062718
2011.1152410968082	13849.478388805515	7584.838581010535
1894.8846352834335	14680.013684495096	7834.998494028669
2780.3268309810073	16302.841344395525	7813.813005322488
928.3493134672224	14206.537653220923	7434.857256424802
2212.636303331254	14667.811693064155	7813.813304472543
10690.754984258025	4380.047462806547	5214.583945984334
1245.3318518768974	16263.209987910479	7253.17230666584
1237.2279276272413	16144.223594798608	7518.5827869943605
356.525813705795	15315.250231299173	6979.584702246801
1987.295298976675	17008.456170372574	6876.461506370301
265.18217834654155	15930.581881482158	7313.852391673946
9832.41941805233	5272.172280793962	5141.845460210768
2253.682311789727	15198.293100973508	6938.64585815561
1436.3137643539055	16681.96422908458	7271.6083422637375
2508.7077380857136	16016.534730752146	7148.481320360579
2888.5811513008734	12334.11033916626	5003.221809975993
2357.146384872794	14897.892573091185	7752.1842026899485
1734.4123913861793	17027.313744944626	7187.133620564255
10554.600146905872	2454.154001588624	5698.251031469741
1601.3266615284817	17384.61387262942	7167.108055750078
-248.07758364641631	16726.98980988088	7764.95184027687
1972.265966178043	15264.212300959929	7329.529356808435
819.773158614842	15844.744000651644	7565.83303383995
10566.646706403097	2985.593927372734	5371.9186838092855
10144.328464711902	4326.640027911916	5180.347378432698
3446.4827557641665	15041.32527739654	7712.801660190413
3053.0287947449265	14208.52842621841	7339.804888872563
1221.5393356687543	14943.688828799774	7325.920258323346
843.939203265708	13916.176253096977	7790.424340378788
410.81274727620735	15483.549826610442	7768.504946896754
10429.322903752682	2915.962706432972	4555.8669571619175
2412.7511518592905	13443.912999937653	7775.532792902865
691.4497930682869	15023.480543461703	7055.827076167527
787.8049577774971	15904.606180132894	7293.074052621595
-436.67113889454316	14941.107003645437	7751.991166396263
1292.4019446654274	14204.430641020954	7056.589435162375
2041.4831662156132	13962.94107534098	7660.709383844032
898.9938310745125	14820.982899195484	7446.316637683737
1132.0670097107625	14854.323197413874	7450.047578564015
2495.4525739798496	13902.323593481655	7809.496146428998
1091.1598373611482	16171.565025408674	7395.640032622049
1690.6052638130052	15100.673613437044	7455.544095805134
1583.298600012392	19021.759209444008	6350.9142062640485
678.6543179265881	19385.521204108398	5766.7878642012365
2446.531974999834	16131.493900549025	6185.936303335607
994.8337424135315	15858.463527572212	7415.846179230782
1932.4439461301959	13273.941003343252	7439.929386018697
1789.2614895204697	14836.989853953773	7500.857746405143
10863.776669902732	4324.227757094257	4431.703701301617
10696.570430605365	4076.563121945466	5274.180192046145
2777.184078150517	16567.79950145265	7935.99080183226
182.88675088289517	14918.582592235067	7142.716884075861
1582.6751854402312	14997.569133764417	7702.8276548356
673.725470531169	14158.270724045695	7575.69042912001
912.747399168689	15722.546843712273	7901.336371390599
2449.0679113623933	13786.7167519636	7562.584101577087
934.6236044875067	16862.303862846595	7414.9855484021555
490.2441122546691	14689.579459686569	7260.484582751316
1423.452462074374	17063.093896707625	6809.154011130923
1655.8160767515394	13808.461339767055	7602.008390175236
638.2307179393989	14709.417855853299	7450.704906811591
2299.4563650804457	14568.291363628237	7078.121792952311
1209.6194543595027	16385.702820829607	7997.9452436647025
2034.2987031671075	15404.470201430348	7867.82625568579
1992.1493684443114	16564.571480631294	7043.539523084983
10370.351516451188	4782.3953806974805	4888.916107744136
976.6559616027092	17143.610268978642	7129.21166597771
1775.9694790537917	14594.704934358959	7186.137397600928
1886.4037739577595	14714.00268056755	8353.115459206812
2929.5022024594264	15827.107096016203	6861.439275445964
1550.4482962125537	14277.15740340739	7260.638921574222
1615.3372615308454	14468.891599242414	7470.6771139914
1469.0384627936653	16838.933167432166	7490.350174433389
1891.6084235407823	14598.220561874397	7715.134265775947
2543.543101344167	15586.92187871895	7727.6977568609955
1174.328114927104	14119.552579709707	7776.3690955350685
1889.924619010479	14837.098457150676	6733.2045718096215
1617.391973625776	14623.843696901382	7725.284593919921
1310.663983614337	14423.148573590082	8134.476088305171
114.5990559043175	15108.584014398206	7192.118670733704
1010.6095050938652	17937.324655262208	6602.712254873966
1524.531175167514	14883.41967115769	6948.1077331693705
2838.3792399430404	15078.672169098963	7390.198374224897
2779.5293686301784	14234.549277238846	7484.147140994451
1270.677339085899	16951.88021005346	6993.228701877519
2778.9688753610667	13475.37929714411	7478.897613830474
10801.67638628225	4167.414503841426	5592.508883693006
986.9299605764577	14689.5004720675	7668.619558647886
399.8984576109344	14727.099978463237	7452.583694759825
2576.0108930055494	16568.997982976267	7564.966422464787
2270.756756725123	15026.637741543478	7451.178687963048
915.7805762708745	15333.344171998428	7389.468853943836
1775.983684111529	15477.509108596645	7460.4919447153425
331.00621801310285	15670.839218719993	7223.651624295729
2795.8733688055227	15504.85113536632	7539.412795687771
1696.1664104836627	15177.83200772824	7173.027270592741
1761.0668982220457	13220.109030546315	7148.798232609866
9842.414150264245	4027.070128269193	5172.873199669249
8200.483262281115	3828.4995668423403	5109.129052644851
1540.7139358483594	17492.484791169103	6865.842825824172
2654.9194201663145	15446.672069982287	7682.94899431723
996.6272843731791	16062.066059978937	6930.355409476254
1582.0862633235597	14357.896851313548	7420.960018482558
2311.672788250299	14420.229787261911	7654.839434540331
10290.906551001714	3486.8875164867795	5643.449300174494
1622.6653724167445	15143.886579841359	7829.97876962185
10361.003290414643	3760.2717069699042	4951.468087317697
1914.0294674467095	14641.95690228255	7489.060348411229
1314.5889136806313	14421.45650591497	7354.6606814046045
7982.987459047147	4429.947111752682	5713.0725954188165
2147.618935013143	15715.670378323774	7576.061921332679
1239.1520543920276	16781.844927534537	7730.101189230541
1778.2204759114118	15484.42931146609	7315.659790753028
10277.29470218767	4798.5374197407855	5187.751301575078
1135.8071781699132	14721.518177934564	7040.468604478231
1444.5468322244806	16467.531764219002	7523.254709222835
738.3028889737985	17254.15959114455	6992.055999089071
9849.28711327077	5784.39269178617	5366.238910499799
155.40299328709293	17958.966428115848	6868.132383474838
745.9351388637828	16038.765815324294	7737.828028017877
-25.595631800748638	17040.795439880785	7420.34760123501
10890.286951090022	4186.781894907229	5392.485414076417
9720.416945425935	3622.362153150483	5435.805887848921
862.5598290119092	14478.677440768955	7469.162244402212
10519.188718852265	2089.425535158351	5089.035844142454
1372.5051746261618	14468.799418174547	7491.05882540667
1830.5705516924875	16062.507003655275	7549.62361239956
1076.932084475118	14338.628248625171	6910.616221130702
1668.4482820131363	15815.287826459833	7366.242315100397
1793.645736705915	14808.28427409753	7279.730616826502
1564.2795615126133	15869.656896396838	8070.340388396797
11308.73622843895	3672.859976641208	5541.256001201118
739.47180545426	16168.143794687428	7333.080420854328
1625.955120095656	15375.61565245709	7253.750647460321
1943.1370489109768	14252.36059269585	7475.347193717449
1612.6140015030346	15275.321415704591	7058.136954900173
1773.5145771725124	15807.183088896638	7666.8859334468825
1596.5815784583842	16248.587189206606	7384.144046127355
1367.9089576393649	14619.357289373347	7812.326266282984
2080.258096920615	15657.748431921702	7242.247008890653
9216.584415150242	5013.830871380156	4601.950679650087
1299.4397210453387	18429.532388660016	7444.417879203267
1696.9684761050266	15738.117514259902	7419.941646536212
1763.0892957427172	19114.895569233024	6811.353942937414
844.6557012696562	15615.915471692317	7474.647085661842
701.5390088639493	16907.11189194396	7098.254585237643
1831.2943017934729	15542.170976872585	7598.264357815731
1702.7675810109765	11747.609337722042	7923.206171277592
1410.7213708400077	16923.55578563387	7381.40471680964
1819.6631799362003	13866.7597378993	7492.781926819151
1574.6051122898368	16459.612288147266	7311.673780577274
1555.3657123946814	16833.626553638842	6994.018741771448
1046.888495426661	14759.763513794245	7675.041777508903
12058.642149399036	4462.744186237428	4912.9140084781575
1659.2650008536843	15647.616683265947	7229.202499567894
1865.2020245482047	14189.22152404302	7516.364682776925
2340.365268745049	14736.02206806431	7655.08537868767
1968.1585166129976	17408.512006891156	5953.331177143815
1802.1543350060847	12627.254901521617	7770.088234910094
1602.5265043663035	15330.266246614769	7598.247931841357
1593.2907122205988	14223.516568695117	7411.040752158243
1761.1377739442773	14265.077100193099	7790.328602295257
8606.292481335624	5250.367632875573	4853.369970971297
2760.970199084766	16038.638081677553	7038.389736633187
1369.5169375872515	15415.065332799786	7925.383110571877
2146.0466767494167	15464.622552681929	7066.887451017794
661.7866050593697	15299.444695565504	7785.441056636931
1953.3424138606795	15861.638310020162	7700.14663249393
1895.5632297855318	16091.096397120413	7417.108428567136
2235.1689051107724	15535.002529232574	7812.680505711742
1396.1089525045534	15928.232557387775	7487.663237650077
2040.2242123190526	16710.836826659375	7584.845757805476
1262.7072732313745	16796.952797214348	7411.809889115266
881.4702327408116	14180.12418412877	7630.769678658585
1643.361686469143	16361.573070100238	7037.092312301909
2595.1880326450787	13714.074799807182	7996.162365835975
321.1648331178328	13810.415309283702	6666.793381033471
7963.44035964422	7227.369267564353	4942.545360218085
1641.7860607531895	16304.609770605693	7559.890731062198
1141.735847627157	15348.851431701883	7062.605948009753
2387.6106582418874	12238.043216019323	7563.224674944157
1266.5926311220312	14645.124813703354	7485.020330243738
1883.5780967587632	13192.121070136316	7626.86560085479
11174.437564857752	2880.3200561172407	4981.3068093092925
3977.747560757823	12008.115981255269	5123.610701129317
561.6603237821375	11701.501385959225	7509.76137891256
690.8372131680294	15861.16767269263	7056.147073067104
666.2917209562146	15812.758600412508	6962.709470223742
1105.5139881085324	16240.111579844282	6299.109205139215
969.958436745425	15480.161903102115	7331.131151251973
1362.5980422291204	16941.24245808235	7384.47717648259
500.03515306992074	13681.834710189483	7280.2936518233955
938.2660270682744	15325.829486806711	7914.985363517789
1431.4995104823465	16034.097913369777	7345.2319335319135
10536.265173424688	4386.6157578000075	5326.900683218278
630.3085249556901	17575.652328643624	6382.201904578938
1240.8846608410615	17344.347934484704	6084.8333221309895
1017.2564949859606	14604.63936500752	7821.680457035398
2797.166191128645	14540.149093088534	5807.976790729627
2010.829735734262	16714.79390580597	7289.007287280115
238.21952938681713	18083.443687886916	6608.504702685117
1570.6046567481299	14469.109560808645	7705.318656513828
3004.3097966720543	14375.235678157542	7531.728361245187
5437.819874258618	9751.290084142269	5009.619965896551
11640.637393754234	3877.1056937070202	4861.3115677176465
961.4625494226243	15993.74527059301	6116.168246128173
9947.883686611263	3503.64068891631	5335.098941649681
1934.3686058378453	15141.657632189634	7174.674280430175
9892.521471852915	4724.679535342203	4902.607592389512
1734.73395306289	14988.453044585485	7333.6930118409755
2586.9406688878685	17776.802368636654	5905.658765470777
2758.500535106509	13690.58638822631	7777.270598462193
2175.485274578965	14411.737461585557	7848.237965926507
-2.8645966241920453	15445.63225921035	7238.277758564301
9064.420121964753	5818.080930348974	5139.435697295209
1415.22161863264	15770.809036910921	7333.104978269024
1469.4278814013883	15879.297837938582	7432.112367668763
2169.3704088836976	15042.388147959706	7688.056215853436
1869.4336749774825	15767.749253749727	6697.573967470112
1889.7261900548344	13970.863133262885	7820.604572518289
1302.1811220928664	14944.83699395729	7310.525013010512
1860.5611409505009	16055.187440148367	6469.784436775142
837.1168256179061	14556.568347681485	7751.780463276596
579.1620922757455	17105.912909966944	7305.494444951374
1945.0771518339527	16704.0282391351	7873.388292436101
2169.8017859708434	15593.285016629505	7161.377174726925
1334.64612134838	17946.006112507333	7548.066188995946
-417.54280963364744	15685.49223142079	7760.680573520008
1859.3715328126955	14076.83226288848	7587.699373742713
416.5020170665659	17928.646055569952	6896.377117199324
897.8599519414488	15908.695960999792	7430.608530340591
893.3495801342696	19601.76661059448	6090.10468645067
1091.2645413459768	15573.393830331484	7499.127058717249
2799.7039606173444	13826.003351963442	7462.3284032054125
2753.2105900601573	15938.074814403682	7129.195746965414
1289.4578483253943	15609.916451125544	7390.644342798325
9930.34229019255	4910.224987984021	4920.75217541605
2425.3613427097916	15247.72109815669	7929.982869283145
2001.2466666650735	14450.96180237239	7584.568826029983
1533.3669085100523	16655.549176778335	6993.2364914490945
1092.0209537024423	18076.32653451528	6495.893568223777
1220.4903028510414	16155.136505036291	7374.067021870927
1460.5947970931406	19196.65469778288	5924.068945345108
773.5380167705404	14649.806491767109	7447.917402443096
2152.3843830821647	14606.639460521288	7680.022078303797
9364.377848253056	4078.1159511504666	5551.127106398486
2289.8707697851028	15278.293342122482	7309.3717466602375
660.8387953035527	16465.623450298233	7374.114043387439
727.948310491125	15828.7935134217	7652.682361438533
1000.7679455668882	15816.99578662959	7571.086033998375
1531.5571440181272	13264.024569273766	8332.070597861499
1541.7610449238982	13955.20493098865	7266.986666222002
130.67965681742547	17230.002397952874	7999.861369290637
1009.8673587962803	15554.048768504723	7371.252408407075
1815.0744905330941	12935.103632101991	7700.738504229965
7006.088858542092	8332.995509830653	5250.864971311936
1077.645172973522	15191.575343383984	7545.754414285737
1303.994838624481	16325.720133367195	7435.671237187883
1467.1297473019054	16506.708519676104	8041.729109383233
1965.2912766915958	16579.426232076632	7745.43166111319
1272.6638410559044	14244.96329807903	7379.044678113787
10136.590950827149	2485.7337439550574	5314.33118794326
738.4611982603955	15388.626557437377	7708.793723055173
1294.1915493883207	15282.560966012928	7704.296534324803
1709.9568100758584	13998.406151965222	8221.209108607774
1712.2382639661241	15653.602650841553	7374.291909551224
9237.537610076333	5355.754574308863	5675.449306062824
1770.4627871757536	15825.88533771739	7663.366800557404
3305.579155384432	13636.598925257149	8001.21758849741
1110.8583518311789	16888.49169736625	7473.185634443991
1622.5939631056574	15312.332870612301	7180.625278736118
10977.911761807276	4707.051636618736	4780.090465427617
2145.1988864949217	14836.704787213728	7289.594991765366
1826.4372775390943	16097.744309820993	6855.24226947334
1917.6450692673423	13261.41776079119	7469.89637372749
1991.4180739718272	14741.38765971663	7797.176020987438
-113.31473325213034	15887.23491893201	7695.656963944809
1284.7609150569253	15195.286350361706	7904.139755689637
833.8256785727943	15692.073217183448	7617.639104974846
583.2299037397593	16026.626152079909	7551.502033904343
1800.7027189755088	14894.31536015454	7739.14515185543
106.8103389661128	15794.074543273235	7534.498839295681
1038.126725098606	14676.191339340343	7443.879034436365
9606.730307526192	5115.693258805217	5374.057493002522
1468.8755846877718	18671.3124038071	5257.671833522236
1793.544449784769	16547.879782572498	7103.426181572898
2110.2136404393937	15616.92013555822	7803.288171666313
10743.729776981387	3331.31223474862	5388.2193185806755
611.0765534612093	14001.628470721032	7768.307506792098
3369.4650513964543	12799.630230128796	7791.455301070453
2147.407809452513	12627.279652023955	7358.755957333613
1372.7342092435845	16132.596357070372	6341.434748135199
1066.5623668105036	15615.99203135956	7247.89481107309
429.8775976404335	20223.481208133348	5194.622166515449
1508.4914651683537	15034.203540023369	7475.681220120064
1921.3460066664284	17637.53093667806	7199.050404261116
629.9829191368088	16342.923376044633	7622.1581380960815
1332.2542668638016	14195.703237332587	7318.777750140133
353.9203387737169	17086.332795119048	6593.586263961814
3185.959417773166	14735.018787944822	7372.627201741213
1562.1308391461985	16207.784971312592	7195.347950789118
2132.303903348334	16327.226995650235	7343.247606293339
517.3204573775301	14128.265892099593	7742.364166321393
-27.299483188755072	15601.265736786105	7148.299248817754
1164.6031779840423	15562.934386185347	7538.764605588336
1786.1961618528435	15597.113666137684	8102.039181562699
2214.310531200164	16043.327703045088	7286.875104818362
2159.760395272779	14809.81218135194	8080.301780482969
1174.4558792605364	15648.935887342092	7908.774217957755
1252.6862103009566	14048.525514001834	7774.21034427204
1807.0448492685464	14819.855677255078	6584.826302146029
1340.0213518137186	15905.882280160788	7652.184150086199
364.57351953687225	14686.927006751192	7727.562456172113
1945.905360113795	15812.454860821665	7508.163863098808
1320.0597133732479	15853.375376086738	6609.365076444525
1022.0405954552306	15685.058079484616	7551.3233062093195
2177.9954416705136	13523.155064638358	7094.848565229534
10590.249862748728	3455.706111273519	5837.636552586392
949.0461478697395	16421.91570443038	7321.866107312464
2040.6419988823543	15437.39365758635	7694.455005217106
157.01710026247284	17095.650888101987	7819.409879860885
1170.101984869485	14621.477725166666	7496.4620520981925
2281.7261913539087	15826.662083141973	7939.120670408904
11279.880537313566	5289.194922283913	5620.092761929247
3326.7315581367125	12830.039990764892	7286.130642702331
10049.464416306673	6481.659656187891	5177.466868216856
344.75094497252866	14686.759223366527	7476.512619333673
1865.5930308047084	15209.452292250153	7654.643227534468
1630.717732479628	14973.218600918148	7417.9773800148405
9848.215383342922	4798.752403965362	5606.806467641421
1443.6822816511562	15818.031110990663	7209.508475155765
1868.48306966095	18847.75237325821	7201.159844251339
10790.403650581791	4720.688473179978	5998.25434589128
1021.7127840372657	16015.76840104672	7543.579579657032
2421.5891163766423	15445.748654659494	7102.9889593357775
1938.2386819228013	13447.285765730125	7348.4886223014955
672.5850221069347	14185.512920878173	6982.1176334252905
2755.289942802532	14497.474517140843	7921.894710679779
11144.106365708962	3394.587026559654	5096.056355261262
931.178989195579	17161.83055204274	7307.275815202836
1696.9850146200038	16846.20949717529	7246.44186228493
1019.6849528572028	13961.626892456808	7709.830650946756
1297.8302901741797	15606.054049801414	7880.19703315351
1699.1471651235602	16201.089792027102	7793.90235457274
1967.8255228491691	17292.30343828639	7598.9115278799845
11555.677018702781	2412.581601092591	5350.961535933351
-76.5562302388729	14742.387912743721	7324.496683697374
1151.3826650283233	15212.505638454271	7887.983792541861
1545.5289274627335	14464.813867627272	7166.4420476440955
2014.8558179094523	13719.49962701723	7645.736872607951
1617.5569683524382	15329.705774210002	7741.104357341958
818.5014096425032	16763.290378920203	7580.798352390969
954.7110551710352	14627.09005935043	7618.7419358016505
2827.6773009857275	12767.17211661717	7499.079222014009
1310.207155507975	15475.434855507603	7727.291369612717
9024.445313824112	3328.152786347692	4707.524787783969
998.0700500247816	14898.728818508342	7456.544075791332
937.8595366805157	15599.593643173626	7794.452455323719
2338.0273020511554	17261.78123913634	7572.8440098763185
1475.1666696141356	15877.04629086734	7499.603677999183
1194.154046513066	17978.86953615747	6049.4771092162655
388.7381929951086	17961.208597999055	6296.10683535712
1291.760508071559	16182.482145851762	7134.609842744847
1154.9675859677568	15926.134281664341	7893.638795477231
2045.9833711456267	14160.470608538904	7750.262837618004
1298.4813128255573	15337.901469753298	7267.504459045935
266.50473750421395	15300.347311371544	7768.77091685405
586.0246508837823	19442.303755975867	6232.29230344303
1034.885797372661	13699.759065582628	7565.633580361844
737.0996464064935	15544.14574671083	7330.370470337561
1746.893858831161	17039.860395348976	6430.809043552331
-43.44303709954215	14850.396653551064	7503.636276805469
10499.426672769596	2407.9785216854743	5467.91142533381
1791.5342277775276	16637.762816249462	7229.184864689121
9864.63362860522	4457.383098021076	5144.335692013732
1330.4715719885796	17293.24912064067	7036.804592934665
1305.0452044174092	15987.213305778918	7387.978808791475
10338.64572045349	5942.426953960411	5401.291848122316
1280.6225471240725	15703.871608658264	6715.012298777198
10270.281479084379	5160.560038188331	5178.858987086017
1376.2371447546852	15765.72243925228	7460.673460916934
1654.2488700610218	14363.313669956276	8346.318037629313
1299.966141909512	14410.198888041366	7310.026946558634
1605.6390817630684	16543.926637779838	7062.731036556472
1172.7452756266316	16241.251938389993	7404.420837354885
1779.3171105645783	15125.464816903575	8093.197308484163
2344.0868130644067	13735.788375853908	7196.5895993350005
977.6160474468127	15802.968597831376	7634.096004564502
2047.6752661435994	16416.55250437929	7281.684639571646
438.0329111027379	15091.556398930865	7399.473016267082
1829.4376963296486	14205.339672648282	7592.106683228083
353.9978702996373	14899.216279628003	7978.155440454678
10803.15188138862	4232.314432670845	4499.880375736682
1546.9094826730056	14943.036233094454	6810.674400933284
1917.5035445778806	15839.874957167603	7085.1090570304805
795.8544047508592	16248.963634566197	7559.337980239009
2000.8548479357455	16427.40601154026	6801.747967798757
1602.2678174584503	18431.906901756167	7260.622333872289
8583.391343978361	5446.124804420774	5297.381457299423
2606.966986038339	15858.653181147802	7574.685601030168
633.8557972077712	15138.093271829526	7322.925706996843
12345.47162753475	3095.6771983390468	5596.1519598490895
904.6683819705725	13839.381115394053	7268.122362670058
1673.2383032340306	14966.18458855895	7948.999209685428
720.719429307074	14998.97840208078	7773.428191319926
853.296280508077	17735.640978031293	7647.063543270062
2073.5944446518693	15119.58196942572	7644.382895078398
365.8329664062504	15792.749059498456	7390.718649067511
10043.293571488002	4827.652131228851	4937.915870536318
1603.1092837400734	14649.526227718074	7480.178211958276
1344.896351735709	16399.538187941595	6869.043630829223
688.8745264214151	14705.746363616729	7428.2374401928855
1288.252639662371	14764.772830219916	6806.459193658064
2369.8715518396475	15406.633944612655	7261.316101624726
1035.728685877018	15090.83385502409	7484.8223275163145
1350.6975077581337	14801.189920989458	7521.20773684738
719.940067970156	14876.81945359649	6862.39241236695
1554.6291312945857	15469.340246509279	7175.960079160027
9867.863925437752	2664.594446607645	5016.069385158977
1670.6519350204935	15277.945031239167	8078.127354992965
719.1571799647293	15852.859988891758	8041.797763838103
1064.247584499565	14918.43479803968	7291.461207360663
1358.77704810142	16750.927649108417	6319.621149984556
919.4725241763246	15442.168916273851	7405.6586800184
2080.531243260299	14107.776657219221	8341.054503318035
8964.8086412866	4160.935940518365	5402.600045725077
571.6742775957567	13987.240035345383	7909.604460929515
11181.027549947637	3775.859495081864	5345.497657744548
2384.8607555050985	13836.651854294574	8334.029987169002
1330.083953188911	15330.956075494916	7754.914735550765
1829.1691282530003	15124.446565427586	6981.167670906799
981.0816042481066	14686.22337629009	7638.769771385585
2144.9932155176634	15590.450316744145	7380.031134861049
1061.1586027823284	15676.495631545215	7136.725523313846
1411.734346581119	14934.157004828896	7449.85458507246
1944.845175204888	16047.43175281093	6895.971981231902
1524.402422186674	15555.396375578228	7607.555983329456
1770.4252226841736	15634.243559923265	7475.8352887505725
403.788397076976	15168.06564437031	7193.441647802401
1717.0062297713625	15251.191439713819	7881.421341399251
895.569432258081	16271.588530239409	7227.935071535705
1330.9767923339411	16218.996599017597	7641.14151602101
10800.532735071229	2411.875086221012	5412.308914144988
1362.297240059376	13408.74640300368	7827.359675888295
11473.788870253757	1607.6383558159205	4983.611895858858
1586.365706579954	14178.627046403568	7633.718191065692
1231.7242777305098	14292.664941776815	7270.848350947919
11698.071826147489	3987.912711950293	5784.878612104912
748.7789659534334	14756.963704345353	7466.443902401384
1005.8989845619906	14843.082709925546	7383.517207937906
10647.929115796504	2886.584936756852	5002.575579489784
9826.595212272357	4193.9906561161915	4967.637463218458
1347.879152164954	13353.950474386991	7730.127582682074
2152.383661649682	15961.300524267725	8417.930944946122
2041.1653030613486	15702.064060395876	7275.150682206801
-432.5799347074337	14659.65515826311	7251.719374137103
1193.8418305524517	15029.761943383606	7467.445833211022
1518.0178658497214	15788.497720815789	7258.981784712162
2355.797576463755	16596.34338354131	7552.2702421635395
1594.6264047389473	14632.817548183333	6917.543852153391
1768.086419760428	14575.053887760823	7151.527880370329
2148.8768734266823	16503.18523305052	6947.197813089422
2560.521449281142	13604.8228094996	7992.6274651562835
1311.3913593902319	15038.755485122601	7441.733684239326
260.25947702679616	18927.45863688173	5956.691639286919
1480.088816632735	15895.609853506641	6943.270846300847
1428.142653030802	15328.190103389985	8106.2395574528655
1521.0660809016183	13855.803998751797	7517.808475395992
1241.046507297017	16053.696303512012	7495.306530891716
603.5581218692145	17066.14561693538	6464.171938352481
749.561470914887	15195.933508588181	7037.825691850054
1640.8430265119857	13007.787424353353	8013.350307651445
904.1065104720309	15667.676279202155	7524.797534078244
1162.7843581064085	17338.033756857574	6726.215174791588
320.0186318650212	16252.12652266933	7639.43303979313
1970.511188955431	17393.309867068965	7856.025909149552
1686.6480362856585	16107.52526786284	6765.968920522168
9571.146146436779	4417.981793259059	5043.810059944639
984.5485243668012	14177.537495288114	7676.635729257844
1281.1589882581097	13502.172479269531	7584.910384716497
2453.8677452661973	15447.177934208079	7526.784342125165
1318.8881230090008	14108.777389858582	7715.710893677269
1434.9879764438165	15609.520328935392	7040.513159117483
1819.5500052128589	14034.7910498589	8067.417793504652
10301.73062105396	5445.742796618015	4830.464569713374
2324.8871586040605	16684.17948332196	6707.793563648769
9007.797164313835	4993.892808889149	5515.280048656831
3133.3401632461837	14677.045184512554	7419.814222983042
1307.086516116006	14983.550666691164	7980.926263154035
1258.1700802803334	16714.242140555652	7980.355800226808
2368.431017559115	16239.650261651883	7506.256695641414
1492.5670847328245	13726.03578343173	8016.830623960727
1520.5784389797757	15279.53648103345	7396.203927170897
2155.8654589480093	14748.901345946513	7325.790791660044
1025.144225251841	15168.290300832974	7671.786221055423
2515.520657231309	14481.757734783001	7381.238339490489
461.86993100171486	15589.024986795186	7646.160920930449
410.6752738217547	15381.134931389255	7239.478293732125
1069.1245165318644	14519.471375022513	7658.261514046751
2861.9858219576176	15684.242762833563	7346.279549881286
519.1051439096815	16013.041449307415	7509.4493343467975
1382.6236450314943	17237.345887234373	7254.075644533173
1769.5870541895588	14171.478465803553	7925.402562027926
10149.973380519219	4869.007419210139	5300.00812367709
2180.0318394316887	13965.839475024824	7975.979686485478
2839.1987133228768	14760.291201100534	7406.010195699975
785.2326753343863	17687.307881283046	7556.288559826116
2682.482548540453	12813.848514848281	7529.3256774657375
1661.1166701428087	15584.039773783945	7628.20193209893
2038.8798717233128	14265.439707518366	7151.610480629965
1190.131845854216	15248.91415031386	7562.897284619232
745.0131332448397	18421.06433040025	6533.134391559923
509.49827312108306	14520.801351812383	7470.364245584442
973.4143889488411	14788.624860489734	7335.272966647048
1943.300284923299	15338.476230341706	7312.198530194418
792.2014654535553	14941.28720547056	7754.192296864483
1664.2659139901164	14648.17778325561	7456.451280585151
1477.728818659299	13366.228935700412	7331.195914957947
1590.881756350987	20815.21513555714	6189.597078948792
694.2821512168161	14648.094085153436	7232.521357607269
2246.8762895731306	16959.044609099794	6785.791257475938
2619.6023681908573	15073.41745182769	7377.258852957833
1104.241205465461	14293.232131546505	7448.600359644795
1954.847057498103	15058.603593436297	7370.493578382229
682.4988101322233	14877.272682191075	7583.2443918593235
1026.172115311252	16018.108867151634	7006.940045977966
1463.4606385659993	16249.216015772921	7011.65336964815
721.9784765988849	18459.933862643655	6953.689468109057
2598.918649854631	15418.386890816759	7564.364496050008
1544.1872871874052	18602.929725522124	6626.801237932616
1498.5947236782408	17033.52632704339	7654.210020099994
1547.8084307064776	14613.213023414812	7388.159556288183
863.9476592532052	19547.12273408688	5689.920881377683
10245.65574656235	4943.344635447058	5122.8520987132015
1754.2193980258196	15715.41576512683	6988.625231081419
2055.8421722038033	15102.037800522181	7803.809413364054
1757.3352930122082	15453.315464672478	7667.653517698671
2470.1813020695517	14364.43865337245	5520.763937814095
2000.32826874272	18028.53302372057	7034.9484830858655
3220.2088451004875	16725.207109077146	7060.581212587802
3542.39539905569	15472.800365888124	7424.953195704754
141.25929021344382	15701.679913460119	6957.084900036396
993.0703473816278	17030.811577578956	7379.409265207559
1370.9607047846482	19872.449541930982	5813.228045363192
972.3589585659863	16856.324869673972	6891.735135828995
761.9168877978854	15317.365964812594	7143.585713308974
1711.0914648940127	18575.437610629244	7628.197518660346
346.2770381736407	16036.69066563989	7290.939426494686
1531.210196370999	15107.056572960833	7657.043683277413
1637.8691814257118	15126.05424651312	7392.112780852194
10363.594249782229	5343.751160291142	4803.596576416909
579.4958927870231	18634.9840209109	6132.461251597016
1471.0605907131808	17004.94970680548	7168.624878428992
1239.1222759053417	17298.38711271759	6878.458155099657
214.02702057402365	16822.362071347754	7194.421838925268
699.2093987835282	15358.363786758204	6925.811340091322
1730.6875068775232	15371.002337891096	7617.4464857148905
1951.3793143998091	11312.789399088426	7952.722162464784
2325.910024035839	14848.163226957064	6919.4249407597035
1937.4089477679288	15546.238607916022	6745.932224025664
1269.952868444417	17312.48180205485	7171.689413855923
63.30988346995602	19138.984645318276	6297.542034507508
662.800595252411	14666.65208953429	7152.55209269499
1726.7678860388078	12156.87134030037	8003.417278145783
2649.1342512500114	15358.263904295542	7347.891611210835
2497.2753501985467	14055.218975560043	6736.423878735725
11813.128273659284	2388.51020145216	5165.810973379008
459.16669386975906	17369.454193180885	7223.574700225835
758.8689919254289	14747.16448608068	7419.113547301453
1295.9836856035436	14256.588520766452	7575.118399417994
2092.1898112163126	13390.099269206408	7725.716158072983
843.572219819656	14488.415287966889	7524.363225457146
2527.965687884374	15248.029727682448	7735.726121334618
2794.0115748866106	13965.659767632365	7222.28813246205
1763.0236913601568	16078.112867983633	6912.427102291087
1109.3399484270415	15403.677456513326	7554.3379375504155
2260.0403943902807	14756.295056440045	7500.811687337956
180.5307062403698	15675.31512388935	7794.381240381811
877.422651012052	15230.063181157706	7779.5980510888985
1401.9268934793372	14689.440497591722	7111.599294947172
2160.3258367924614	15719.635074825921	7878.1207646170205
2224.6396435701427	14880.706569995424	7292.029097098284
2174.4984527604406	18268.24958077416	6153.483334602948
2267.5472073930187	14886.83273756176	7417.737625788632
1895.9496132164584	14831.646257864773	7181.1780390567355
178.99767879913477	14090.905167903484	7475.857573323244
2429.9786929837087	14188.702532162597	7231.2405323580815
1920.6120314944803	14492.196851674	7361.43513456458
2415.9098019368985	15387.7269728875	7550.615209151474
557.5087862487815	15450.350274421746	7284.259986018014
9210.377400085647	4561.725105491655	4837.021969545245
1159.4056201438862	14365.755610407134	7718.07696398001
194.59515556117782	14452.76226750167	7840.216872479392
817.6288380965337	16416.60777712881	7406.176822451568
370.6550601518727	14947.163574246952	7375.660261960627
9812.268653549205	4315.178785541172	5569.443637660301
1306.943635100664	15061.782327823956	7781.710923266759
1861.768123171164	15599.113085476374	7372.760275472216
1151.3014847572626	14973.275047301275	7329.276119874348
320.58061911067483	17096.14239122656	7881.215795793678
1835.7409839041215	17167.24236842294	7254.627872167574
72.15086375855012	17250.110504916305	6452.975780913527
2618.80877046978	14695.035167394037	7234.614290832099
10215.439085014586	4108.67361679025	4934.446824981737
143.7351333782141	16317.81994150692	7242.370211506922
2037.3699460483192	16390.345925241105	7732.182574300682
808.9443483903074	17226.19044396857	6444.866534933148
266.0649335503206	16491.229328856025	5369.437208190131
1787.501612116785	14789.012153336926	7739.586923454382
1157.1635830817127	15072.986074956054	7380.129532965481
8455.982549787677	5305.019411273838	5332.4760559737915
1368.8439917472201	17841.92351759402	6396.660868144905
1723.7768236774634	14093.26513281432	7358.525893880976
2538.4458532873305	14601.648909018895	7596.706821586758
2142.907945399457	19242.378171839842	5867.03594303196
1276.7068896306191	14892.245454134065	6850.5291867131655
1868.0379858314843	17258.46872698283	7280.57663162237
578.2767143025044	15722.68787353742	7445.31579766302
932.002217457419	15696.718073242746	7633.542244003126
902.2138237931714	14947.531260676084	7676.3042300367715
1476.489975681504	17295.57486024502	7971.183222376001
9962.918544888636	3397.195205578107	5658.37582303307
1519.2270534752886	14114.70333321696	7454.740694632369
1051.4596404677957	16459.75946792591	7236.962375218254
1655.339794936662	15622.415663437198	7093.825005370465
1513.8503874230837	17130.893695236336	7057.081621265617
2213.9220442127394	14081.977898917748	7012.5829318500855
1956.7391895484363	15854.180186360185	7929.63748807204
1385.355745644156	12942.301259554586	7540.451966114
908.6152559068541	15813.929955541367	7289.002830601577
2194.7220293102987	15562.732717287954	6288.6511028981295
1929.160353998032	16979.111098292447	7755.0857465719655
506.41276838355907	17778.872479865575	6806.382364333137
4836.033786499143	10678.396138453832	5614.305903074022
1890.6651526274854	14690.113770351725	7570.160367021025
1937.33892549577	14566.754269738803	7491.43702291786
11486.735834586292	2618.0317888731824	5416.208078981153
1789.7738633868858	13992.327628363117	7805.82472285391
2606.2196271085595	15599.866878025425	7205.274253325782
698.2687394129578	15097.77646525315	7721.830722788975
721.3974445968034	15298.058753464946	7803.367082168839
-786.4405606279801	17555.378729370677	7427.874017418286
864.9578603473942	16248.139115719387	7772.413484391277
282.31459239987277	16036.033717837317	7775.254376106685
197.97676815913786	16498.79089158393	7848.2914498843
1516.7461067605786	14023.067364245293	7525.586960324114
1803.3980099012165	17797.09278982559	6331.093198288295
2068.143700327203	14898.647653200624	7987.835272677856
2882.7425532032025	14966.374386143103	7647.927413237124
925.7131333164532	15176.752026389466	7916.74414281778
7720.847335004551	5450.264234846046	5406.59351878484
553.834738936655	14878.870974389338	7194.857188462606
1702.2586219436441	16993.822723224665	6999.010776018097
1704.1583259108409	14963.26123558009	7138.31401869428
2306.756291434734	15395.655094050438	7263.554295602315
1262.7601530446434	15141.252060293575	7447.674552446442
1321.0373706391083	13787.758585961314	6837.337482682875
2249.393548022153	16590.623804593837	7479.636448955348
10943.002859269565	2817.2928962404635	5296.216173152022
11147.38588724002	3758.30717763695	5747.545464026638
1609.1612728223838	14205.369541241736	7851.102687667252
491.69649037630734	15969.554848199235	7535.32002896345
1837.6000523559987	16274.990860598366	7518.155239452531
2653.496035324416	15281.84392813326	7647.826813489615
1150.3330339801753	16913.814145451586	7696.9473480324
242.42048517360774	15775.35562076884	7088.3493299929805
78.5905074724172	13920.938447363886	7578.8475245442805
10643.809281527567	2949.2156533106395	4870.364631593173
1975.2079860281187	15043.341523897563	7412.765575054753
1546.6552236483985	17071.670754677314	7811.319289051045
2591.6250016956687	15429.849899867499	6992.408296707518
2528.570907941891	14768.430584684484	7903.378130492049
410.2015989159887	16497.056962707815	7289.060966141204
1201.3532426412826	15130.583798653663	7521.733138791443
937.7564995025872	16375.581681739885	6789.436650457628
10817.687107393327	3506.817584448476	5199.820519402019
1065.6334112168965	16527.884943975765	7026.983883082954
1567.752371063081	17267.58253827389	7342.512697187617
1477.1101404422363	16714.826025198392	6545.0870933402575
1970.6371319828343	14717.226463142544	7234.411418445242
9095.840150708293	5690.567098007057	5659.1546683671795
1465.994440951337	13353.552359019666	7761.0374958891525
1608.9811256490564	14213.76062226973	7766.76851921072
2475.5252050430718	15072.604363014761	7407.149083371058
2599.282092377013	14580.688369935408	7478.689217931746
1396.2681758786216	16081.750189762071	7615.668871430843
1193.397907795445	13649.010087178865	7766.37147200055
953.9709743663227	16370.398727430662	7787.877462150231
824.2618007399402	14699.648789457595	7545.89627519476
1404.7703377148798	13348.553414967982	7684.895266677001
828.0694117662703	15517.204245450897	7799.275486722318
2166.761539515581	16640.130816905894	7408.541632751919
1569.5185862689902	16926.176612455627	6384.679313649527
8195.625838520025	4839.421929750756	5714.823585267449
2336.148504603024	12225.226928205691	7606.925206217795
1339.52258971601	16202.005236911487	7549.439815064002
2086.263334244983	14730.164328267601	7674.29822755166
2045.930961941478	15410.22581545516	6798.1861329593075
2122.4646665049636	15895.961319538908	7685.500807343511
1972.9767818127814	15765.406401532902	7025.159437015698
1400.7512654771851	13534.120230028968	7435.941042571044
698.6802161453599	18289.818945388364	5962.94117189727
531.3908002900629	15740.204018592336	7555.005735518897
2110.4707944445936	15692.466648713098	7388.274589788333
1894.1867427802686	15901.37526100507	7306.27585969072
9111.900239081011	4603.186532059491	5525.04593809063
625.924665288241	17577.66518009031	7835.099693698463
575.9260380207419	16590.789621171927	7331.597491128551
1782.1908613808496	15734.913011003055	7047.523045278435
2384.0790377479902	13235.674323300133	5256.00023054939
-205.68193007088908	16722.12728237707	5962.846906524811
2192.598270875757	14537.16859733864	7357.30511876407
9552.972990203945	5947.021813938415	5726.019395583989
1201.125173266348	13686.685937997232	7504.825408271292
1627.658903182312	14067.098997520217	7347.588725987694
1981.2096938460534	15520.954445518439	7324.083295155831
2069.144834018345	16813.17608645089	6981.163003331503
1530.6317793069945	15510.429007850173	7563.439880834623
1910.3122143195492	15187.738932717903	7306.091519287266
1713.303052068941	14776.323536720149	7172.3665702927465
700.6058746629277	15597.58355977851	7500.081456966271
2000.1042209514155	20767.578253301792	5368.089653359366
1832.8052156548906	14087.990564746508	7398.319110578989
8230.870771245854	6872.780745266005	5479.183433168426
1038.6463523439395	13283.014227174957	7450.368382949797
1516.4731544853594	16698.82877419914	7414.194683214448
1931.0200487622453	15460.224668197647	7433.769183480378
10205.190101047641	2861.848223812372	5023.819716968444
1894.4463699895118	16364.42763435535	7353.268782442663
9173.007535095225	5264.672228162674	5638.784128778706
9583.411501422508	5202.028173750896	5341.8018722816805
909.9451544798462	16350.411465630697	7521.06105049419
3119.2236625706114	12710.368130617855	7768.379991661943
11845.117679426914	3662.967719539034	5025.792750927784
230.0340051360812	14716.055028918945	7669.045137965454
10902.607186013083	2302.6882584349464	5186.503591395182
1422.2401860500465	15216.465813267996	6785.516662010664
1347.641571043327	17544.372591864467	7236.226967682736
2061.362528396543	13427.252672069231	7209.076062549017
1284.8427483746184	16593.177179733575	7375.024114050131
2404.2520891988624	14602.566123016455	6807.500177277301
928.3068137827661	17251.332190084617	6456.6328212294575
552.7499508932414	15852.39492511303	8052.368693099539
8848.364502166363	5111.080038030586	5202.270293001045
939.2183796573047	15800.926887989632	7891.74688025594
497.21004211176927	16854.621905620752	6953.95065720454
1798.9690823817555	14579.045877647231	7058.761674337525
1354.7224024589118	15361.695174991919	7227.096365219619
1185.1067454998729	13851.592593506713	7740.50644514406
2088.709479228227	21146.713603647822	5676.335506866378
2598.024088647297	16260.9646859299	6793.661680685555
1802.3695934507953	14731.463598244729	7176.361381482521
799.3824228089799	16312.059221412088	7363.116591418986
1878.8250311942995	14661.6965900948	7694.329103778774
948.290543226498	15704.664310395718	7210.031724550575
1449.0105422150505	16104.957106111147	6339.1214629682245
4245.767055231057	11552.936309260496	5800.514208233521
1146.212999934329	16289.178026827203	7631.023516248772
1588.458949994899	14967.940653860223	7121.260598326097
1066.9586448540497	15266.87291350177	7701.282447865301
1632.4343290588158	17188.652288575424	6890.655668623129
1109.6284915013691	15253.428124536895	7874.031407440348
2086.994190801821	16022.697232959536	7443.160299922725
2084.896097188535	13488.519918183829	8138.387616850461
895.5215163896235	14817.065970290976	7465.7424678809975
420.3596070253096	13512.055392352439	7469.811723643251
1837.9834945762748	14793.021540485988	7388.353954160617
561.7527570504686	17242.842367520294	7052.247825431137
1616.8668083192067	15457.923943627984	7143.233200077081
876.8070037361631	15438.27606632467	7430.352924273663
10533.51938818407	4636.320903899733	4949.050474174992
8174.030531119192	4954.151783498936	5150.513439010655
1409.3239112165365	15177.178296192316	7475.423660930774
2154.5781960819963	16626.710529231037	7030.9329597335945
1888.4683675520407	16160.271499225993	6637.394242435732
3185.6420612174447	13994.877293491993	7787.073002272422
1040.21863005024	16382.003864552218	7167.2526934355
1893.3555434733526	16382.68453990804	7897.171152493506
1912.3259975602236	16037.992320003841	7436.560603329616
1958.141854685149	17878.494071007335	6162.719742029418
675.6431652123277	15659.65908122629	7653.824531933649
1277.0623638881416	14060.254158926671	7391.915395625224
561.2442283666485	14776.561759892325	7447.396176814653
1360.8508651765487	15669.307370524108	7238.184059066377
1990.7919662342074	15004.013523321897	7549.022474194547
1810.6687287965397	16009.547377014096	6837.2252894044295
760.5649161116384	15734.561557533092	7519.690471618421
1049.9073569016311	16769.761384970647	7840.060055121253
9590.64163457025	3984.428668265253	5299.203929053321
815.5243780091753	14893.342424787947	7490.7545039941715
783.9412046454898	15646.815242283375	8004.861289968658
3502.1680897261326	12513.237865560179	7715.916555843723
1866.5835362539356	15496.387408939348	7214.474666297461
876.5193693387341	17331.32248370894	7740.793658037482
1523.2027458699672	14558.13578367516	7669.952367481154
334.07937140545204	16514.015522561225	7161.162031399102
949.1862173949248	14997.505947987613	7690.541099680582
2288.6560920301526	13982.763298049664	7679.282110940529
353.43699329790564	16738.73860369162	7043.510032027365
687.3015286485282	15404.0508102714	7123.251917123145
1230.0651490887483	15426.064201116673	6814.762485429545
842.626989373841	15369.150967400617	7406.225564170039
2923.6176206325545	15241.28512444185	5428.161129105619
1220.524059118534	15523.783369509887	7617.0943748243
1574.1642636796998	15187.368388344981	6976.489371407069
2001.219761879957	13792.505937785503	7696.648699175373
957.1311507268261	15920.82039523437	7317.904715028773
2393.7261737025096	13945.862111622953	7578.726766314511
833.0406713457085	14968.496956180823	6972.787997074306
1595.6754684349476	13203.100867666511	8197.779708148535
1341.4888561572263	14765.860462245317	7984.746360894496
1369.0532283464338	15244.304667257287	7350.374461734298
2106.162115255425	13668.414434820215	7138.42058983072
1616.205052677452	15055.006114129194	7719.098255633174
3090.569125767086	12459.346813884335	7164.004383759079
34.84347659186539	16199.73940598847	6871.260152398667
1065.0405621456307	16095.43694926537	7335.7679505005435
1436.1360144454586	17123.35397317686	7424.651153124188
2157.299837505695	15286.716908797714	7663.597016714258
269.9843588106914	19710.399151143378	5564.263584359844
783.0494394717939	15350.76778547606	7378.790611789627
1379.1916606119078	13429.206342288511	7398.2363314096
1417.2620205497115	16279.843363331664	8033.734593231039
1295.8185908476346	15398.050926694468	7822.447994078254
1683.2159980115719	15450.596103895215	7395.391595580784
2044.3940771445946	14872.544039053924	7887.708117207867
2656.2713177918217	17235.49325680421	6463.454606455177
739.3878879745621	15866.341532734506	7348.622540422227
1541.5625263651887	15482.595024478042	7340.275232741018
1638.6559753270274	17885.631151697886	6967.205690419028
2190.984005710964	12585.206039763047	7307.47987760191
10438.293951285561	4582.501640918357	4986.93722956128
1818.3274111168596	17156.369722006617	7881.746536095984
909.9446854814903	15450.281185517682	7708.766405644381
1551.471874880686	15529.707140594031	6873.362602110022
8197.87420526458	4547.823771997602	5143.503601163667
475.21008838745024	17309.41721804447	6981.290801947174
1780.4180018410357	15791.607104798726	7252.432925447135
2095.43974470885	15658.747823844888	8399.884484152937
2220.411290372586	16518.054696431165	7493.963961627473
2615.8103173468658	12494.143206607416	7437.730590759182
-24.16768254530723	14959.691913767265	7380.881442946531
1674.6819515382244	16643.884850543694	7443.389256938871
195.22749656103943	14695.167395333385	7293.021161713055
1534.4455719350144	14901.010571753957	7605.066159786112
1901.397127216744	15363.596843010751	7670.254387550038
9539.698586090717	4646.583806370127	6030.128614529853
11548.707086781329	3574.601891139662	4878.079875248675
2087.380560489966	13860.79442004017	7322.9744219794775
1857.0233698234988	14360.382960380663	7129.153662343934
1491.7376924414111	18469.27704350828	7109.998889830859
1250.7145413162777	14895.794832017411	7741.266262335407
10473.841117961249	3749.664749309722	5635.741643654133
5112.186048985966	10275.361753688556	5154.444007125418
1967.3254022824483	16516.607702527184	7293.438224917167
3355.014149821472	14072.772821908758	7512.285571408673
1190.1700166701849	14921.342089022224	7381.0372030859835
1921.3354490068875	15015.25001054068	7441.947404053895
9674.298110304877	2215.0614438556418	5254.185230982603
1502.3091924283967	12406.53902415516	8008.050201118393
1403.0479875792869	15599.534255826651	7686.494180459497
1257.0910403529874	16173.126196620611	7535.718125510933
2113.0968706861204	16997.084737833142	7720.5719259121815
1148.8578615416282	15914.968472117811	7429.136536335418
1845.4999844144907	14105.011694852026	7812.39013065839
2104.187896105054	15619.173045685588	7909.431077314302
10842.159438876311	4720.467926430938	4694.003481650824
2150.159563927009	15352.656368384194	7264.161055019295
2015.9580673878909	15658.997995732238	7078.647185325107
523.5123614466972	15581.39260305926	7142.768280857509
11292.799712789289	4321.888165009454	4716.689376401462
-492.2003876704444	15547.344367339792	7468.1713035567545
1403.1251582324319	17700.7678532018	6256.971672540975
1532.8113110362644	16345.551313646707	6509.705578770755
2114.3632772037085	15111.344322146304	7601.4946800267635
1033.0223299369588	14201.682018038136	7543.813315028953
2632.5344947272947	15229.036165664296	7861.8529677013175
402.701018715521	14216.947636458159	7469.586801691384
3043.352878380047	13290.306345917103	7472.417112747945
776.7071547034958	17801.069138361494	6599.809698205812
2540.945154247324	12869.853286201265	7676.043141944678
1325.6855441594287	14998.095147921838	7014.571293021635
1190.2475206308764	17833.887127696908	7226.650026102964
3353.374225175811	15255.956760510195	7971.033335387592
8424.859190793322	5694.629973494958	5133.236816126959
1539.4504175130346	16029.174635271549	7408.349189507315
465.49447927580616	15089.855309421631	7404.534727809521
1019.7322191762283	16371.202353214898	7715.681306309722
369.8108316508937	21670.064310857204	4984.330610452675
1650.5425199864403	14341.536947528084	7968.999642208212
10242.314396529402	3048.3475344023295	5643.9966721378205
1863.700253340295	14162.406855020998	7373.925636333461
9216.967318850831	3576.8640233068136	4649.2521155821305
1456.6489268155003	13924.44278776762	7519.954554672387
2019.0660570826315	15992.318457204305	6993.890510826006
10363.065861202596	3858.9595726380517	5272.145836159804
2673.291739103335	15770.842043525881	6916.314572135278
2604.5930595917102	13578.927010520676	7721.564849535762
7659.231711096179	5191.434079441153	5522.924430356647
1881.434039574994	13941.263393695182	7622.978648228084
982.3489224236399	16617.588123086014	7800.192201628066
1175.9308624046046	14851.798379545464	6944.920817625829
11229.265374595005	3161.7252000033677	4843.416109746703
616.7920426598419	16102.081220636748	7681.854845886145
10986.83072105782	4587.313411184088	5328.46049430362
2288.8402623942097	14002.753691370814	7141.169110611433
898.6180201560338	14335.115727157903	7333.335164537843
1520.0984004781267	17625.508629035136	7365.866371611562
1163.703665751356	15232.260642068224	7002.365276464847
9949.581908694317	2458.780585432029	4463.188946151064
932.0012995778874	14557.884414704351	7764.9914219889
1546.7986958569084	15640.261847820684	7220.409079008633
678.4261669519426	15521.692825155505	6926.301856974608
1575.3314060034334	14506.975432535075	7715.4626805606495
8109.922767835448	6381.123825183465	5512.154423095726
2385.6314876055408	13113.007477428673	7824.124598623904
1668.0643751224288	14620.464622001089	7106.445111682133
1766.4561131020546	16154.243710059198	7705.9954356707885
1312.9041416431355	16138.507871180189	6670.661466045789
3040.972804279233	15232.001544644985	7507.52889104336
1489.4170623339342	14709.06770488644	7411.428706448131
9440.389076243457	3135.710797566142	5268.281105488988
391.42375812974365	15617.479077941154	6255.010384069629
1884.3142982811928	15816.64358215779	6593.845399978741
1846.8116253079716	15711.391020875819	7270.230244479473
11120.063815219983	2524.7935067011854	5160.315816164385
2140.7114339921573	16044.117409299153	7344.3682374205055
2294.229301583439	15567.352717965381	7375.164770864692
1082.154964884965	13295.25040543015	7385.221701618795
642.5002231056803	15697.622135452131	7315.008391458379
7137.960198802378	5141.230463275471	5519.803037042309
570.1539173092563	17821.589831743197	6205.419574173076
367.1926314274489	13772.885163437568	8181.543046398189
2685.6678507179704	15229.624849107247	7105.83604307685
936.3723379817443	13919.123266210416	7772.482570455209
1660.9808350546	14429.64678448509	7228.69543510202
1247.304573253304	14471.791467980664	7835.010859545008
1950.2228368263036	16031.500096851572	7578.906451921873
2331.839512573995	15494.355889779998	7186.656571325791
1217.1188386836202	14513.855833350248	6314.9715518245075
4523.448759500233	10950.351923808697	5552.16380944676
-255.45415952043487	12391.626957731878	7483.170674869574
1532.014914225298	13629.371829883314	8035.5450257276725
2798.0707986116345	16868.458929212615	8055.9172053955635
1521.716863567972	15080.854193456775	8026.834646329443
9015.799344111487	4430.209478793536	5918.598297620654
10804.228080423647	4157.143146393011	5689.277378585161
1192.84436391416	15580.735692502141	6805.00202258908
10793.2486336909	2327.1320154047057	5714.309951318792
8362.276456671585	6220.315600100271	5231.022673087313
-295.3556205387324	15686.141532680971	7242.805620806702
1580.8584386504263	14864.956778948355	7014.423024127603
1575.2693402227724	16001.656502345133	7651.186646170431
2551.1939105581746	14898.669645685612	7829.720160452706
1898.8471096861085	17839.638348195298	7107.665703789045
980.4686173748946	15222.007993004418	7281.256676560261
1409.0051756704738	13809.792887376638	7088.187674638904
932.8822729141718	14741.667957847721	7873.88012260611
1108.1661979324426	14825.130010476038	7717.232482031518
405.73892383259454	14311.713827450536	7440.486088507115
880.0018187399456	15856.960763838923	7051.054521052756
1138.2950512145123	15896.266637049657	7878.575256115825
2187.620284765634	16219.288816025617	7149.417824672821
11687.646641914813	3088.361483171313	4813.988535141883
796.5269108149256	16729.055579694097	7683.094926509394
1860.5380221101818	16543.70614881303	6771.106460928387
821.674907574006	14848.975360947405	8022.462361765997
1342.0568343158916	13929.618260772748	6997.609500718334
10530.249374863914	3450.811681065791	5134.347007886106
2348.829850200311	14104.052050078164	7768.005246185097
10161.867025955731	4205.591594891684	5126.3398437351125
1052.8005740278427	16961.226061436715	6532.5851689901065
2632.8663406402798	16302.855625121256	7952.8191077122465
1805.7749489460216	16654.51114734366	7455.124816749631
2222.569130500693	15100.494991153948	7506.7124295164185
2867.377804787057	14626.233023177885	7778.507115734127
2991.662612354648	14950.789815393902	7636.702496886871
1900.0543048773618	15535.47958657266	6615.073822911801
1396.5564779581464	16298.577161693192	7096.793970231529
1809.0730706530928	15461.950766618691	7417.105174398712
2043.685623373668	14835.946060645298	7290.711548153909
1679.3319944425373	15997.484953767258	7705.678494063923
1359.7089187531947	16662.020982822985	5174.727935726051
2133.503709888229	15201.715202185167	7307.561318722943
2719.5127897008097	15596.659818019845	7803.985059607327
1447.2422990320686	13950.025451858752	7860.034763915535
10473.336587119406	4887.21587017593	5617.166287874106
1621.3293093048424	13992.470471082166	7352.344093894564
290.2686917036855	14457.972051466819	7503.3519473965625
1766.2077016110434	15452.912741558417	7137.230563595708
2387.6614726535636	15717.7782900499	7190.303159685076
1124.8580220762633	17252.486061112446	6463.267339428396
701.301982809987	17453.237416962806	6484.330106669333
2301.2820146241793	15507.216472922875	7462.666320855625
2698.468789593087	15843.204245175351	7422.804504499471
1803.807717107324	14820.643057292013	7528.520629456878
43.084572704349895	15830.597602714948	7497.20442943035
1496.634753822165	15492.678796864486	7579.772719195481
1944.2392326219374	13494.55211413952	7530.348778894805
1891.3256665159697	17201.12996422224	7709.670068457368
1428.463089533211	14430.235656469922	7527.475701212098
2211.6330030703643	16701.556012218884	7585.050645439592
2343.36272784665	16624.11098230905	7263.557281521209
2052.1166257295663	14612.685350479558	7698.833718084005
2780.196413952634	17613.896528761226	7282.055389971119
9666.970361024394	5311.384510037552	5393.392344135669
533.2642363179036	16531.867540513194	7470.17111565012
570.7495349575581	16088.181582393363	7767.393264072013
2338.1186852805927	13416.869363915886	7863.675345988387
1523.8980993120597	14873.536359402613	7197.370598805575
257.72654505857435	19838.00922038359	6992.680373576021
3215.453821350033	14582.534139886284	7882.193380669863
2436.1724293927846	13849.722609189912	7780.690592809333
1576.275071665284	15201.97355136214	7629.732411567082
1373.4829862955478	17222.116295243755	7108.051067431377
1502.5088304864646	15863.01250462413	7511.42665569769
788.3259434651665	15185.94071566664	7432.450743673865
2584.1356136855966	14415.286656540477	7631.3740855364385
549.3024582119648	15101.685919134643	6927.201953518969
1071.5719536066085	14613.345473128955	8065.890383446323
11075.51281668524	2619.1042684629456	4944.478869223391
96.00475993069539	18563.684727638713	5717.911953820951
1063.733671452452	15589.154218113745	7658.444770814778
475.81001978011784	16365.890708625024	7355.345566761515
9919.983437124085	5184.969363602176	4924.7911786144105
2545.3888854315383	14188.742595820615	7256.781924967671
1927.838080667192	16422.70141066836	7368.476442653418
1116.8101621578173	15680.223956452493	7271.0230019286355
965.9464783620101	16356.464582437065	7292.397113842039
1832.0395232850656	14692.189199920667	7495.051700785973
2409.0382574160994	15959.57541093375	7278.966559036698
1478.1039987171055	16324.432617552933	7275.0045675299725
701.9716256494665	14850.691576496813	7630.987911897376
729.9049500570211	13975.477478175624	7361.8675670717275
1425.0024265484378	15402.908633253728	7231.823359562426
610.0349327227592	17552.89801164383	5832.083207436206
2831.729403709916	14111.50863422363	7372.158410194009
1919.1101376115969	15288.175694750995	7168.860092989104
474.1208180902498	15795.117271829531	6814.838620601857
2263.8751307991797	15281.83407489161	7286.569745165527
9695.210463784511	2900.6843462522725	4830.62607003452
168.18237303048517	17355.402219050524	7243.35876601596
834.2235253015168	15707.10961661152	7081.484391777861
1988.438786603036	16625.340010082775	7198.057990175545
2754.171013982459	14389.21045262581	7500.388622818038
1336.1205300929205	16354.602495738904	6999.859627772185
1144.582490821203	16821.499324722143	7519.267922887156
2074.3241590860644	16245.871037309666	7492.612369696256
834.4177634091266	16554.658466769306	7208.3980532437
916.8811951066403	14054.971857533845	7242.369903633538
2182.219471531461	16223.581484093127	7300.484888556332
2586.940685351567	15899.942899601689	7160.992355193293
9387.572701332363	5922.007406730484	5046.519870917617
600.3985719031368	15057.452412796238	6763.878566109962
3021.408088760889	15112.157508787172	7463.334709602376
1796.4429577263577	16299.319976261964	6601.03193703591
1145.184070311725	14155.977066982998	7638.040863731341
1184.2125613411138	15445.692762780718	7692.123567546985
10280.751440929476	4905.188434146154	5486.694393562663
473.28174559440953	14322.799594841621	8159.336959945684
519.962623660186	16752.03566003682	7326.196794652956
1078.3670418954002	16893.240722433286	7486.070364155755
-322.2974829053295	16239.713679439255	7619.592357090914
2275.923671528172	14550.093569803039	7308.108427199571
756.373888890827	13827.006912150082	7285.016440648063
1581.5749584776497	14867.113203849001	7834.936511923995
1138.40351347933	17369.26014748716	6291.196210455364
934.3913372011291	15089.395555573086	7489.70600500583
1852.1553623545556	16377.600985626128	7824.064399658353
1308.2796268278048	16752.535798272907	7801.028032375691
900.7426241332408	15709.351303197687	7003.33658252906
396.1573965625739	16070.162793727726	6745.034334377731
567.3723193647742	16576.165410976813	7121.468117529558
1538.1503311661247	16173.83345538323	6896.1169837849675
932.1063824790975	17811.81490199668	5760.748329236327
2452.7268283031804	15362.97469568379	7022.649947065632
1359.1997475585486	14940.507961175877	7305.776833347499
1544.7977070858856	16784.265685437633	6940.0090954822335
1395.6238997580176	15479.141878622357	7832.150547287935
923.1920015454796	17533.63611038876	7066.388240214776
573.8333193083346	16279.279056780615	7746.953507538664
10674.250450801801	5082.776790179966	5238.557772071981
2128.758536229707	15427.30465446634	7422.514932806394
2129.828551639439	18331.20079311059	5821.48079825178
1647.4752593358714	15353.72250934387	5355.119316967924
2305.9047511692693	13847.91171690766	7485.796912184748
2443.2762297070203	14245.840649913962	7636.3885426813795
2362.167450058701	14747.069352385897	7999.043503482142
10494.358531381513	2678.6984941942333	5434.881035331939
9001.542195289017	4518.438355144274	4984.931936616263
952.9614468353018	15972.639211696804	7761.117286974891
9088.286189416902	5460.953441811811	5576.035488609803
12400.460380099257	2730.0141339749202	4566.228834389573
1528.4349749780747	14676.792245620447	7600.4196754683435
1677.6298742067559	15303.450804015818	7268.669039035653
1877.5950358222985	15538.423918817753	7550.788749320653
2346.978539837761	17044.802442260585	6985.815896788555
9399.938009773265	4631.263472883652	4995.5109744013635
427.3618499901272	15283.606018798264	7307.165782776205
738.12265898524	16423.72117956703	6978.422726178756
1544.1712306439124	14476.261046403486	7568.330397258639
1773.5107460212585	13665.546535389303	7326.042633814049
9024.219036417957	4955.343483867593	5748.3756133100915
1306.7711059307471	16120.3167449375	8084.369128783323
1971.5869222700412	16810.63325084169	6176.100741536629
1570.0808896203657	18164.511335841013	6806.6308179977095
1228.9587085459389	17776.94453966943	6554.781770517888
1206.3076435068945	15773.201267748374	5069.935358021261
1685.1503460967376	14672.319038250405	7614.350935620686
1028.760605240124	14854.791455061903	8008.885644876407
2739.976469360045	12377.020371554436	6963.094204566384
11107.45220267606	4098.170735386303	5509.183024047587
84.45066772711162	17004.802048955986	7413.069396204555
1449.2550068455707	15326.328425015223	7271.300997800822
1438.9862842218197	16284.11324865656	7632.743761490248
-145.17622786571422	19242.19202117678	6569.3781373891425
1799.5317100071838	17267.25551606172	7265.707807918497
3204.4422122264964	13524.825552903301	6901.331362000558
1491.8878298743043	16122.485022860288	6649.535846380738
2717.987112042555	12926.246506646396	7986.63797355955
1816.1112236514114	15740.565416021995	7893.640643117927
2461.962555924104	17901.738941319345	5457.1901513673565
2342.4825202553734	15543.634587183351	7665.426654301615
1748.2208068284183	15034.402421790894	7765.06264451427
1195.2671575993802	16819.418122986863	7577.274084802542
12446.133518144065	2625.6904042727524	5394.055875342452
1332.4543119284185	17150.155810734526	6912.247967449869
2106.6477838275373	15282.393988505788	7421.587421861707
1916.4636157343675	15351.997574537121	7078.6611924244
9103.057035006628	4313.202123498297	5332.103004986018
725.2972027325645	15499.318556979262	6149.607467491672
120.56704948745553	17336.906874059503	7376.205024768615
1013.7868891708264	14401.124517312961	7829.207431728191
1498.4373539417886	14627.310231471945	7877.850000143103
1475.0269873330321	13557.593010563896	7440.046885752644
767.8731645218373	16146.427329003383	6620.1244602419265
4835.101451200134	8387.390832395482	5862.344665511687
1679.2094172393524	16529.851792955415	7539.123300554037
1512.4689465914453	14155.552725440113	7463.45277426939
1252.7359857383938	14713.261530810472	7597.309205610985
2666.728993776823	14808.100174327536	7415.382019503436
3641.33421322767	13423.497846772882	7267.099605708469
9741.038368732345	2731.7902190622267	4800.149913771006
876.991135780814	16064.747083336395	7737.037037280964
1799.6329131821935	17975.472740278125	6356.2546210904875
1360.7950378945034	17451.640773816103	7382.252951377634
2900.3444362718506	14951.870704837502	7368.058015260619
1991.2034955907845	14902.000725031417	7169.744249812075
365.2557961972549	18770.08567389322	5984.398584564372
2094.60200742277	16074.728321966037	7504.058468040613
317.94797948771685	16010.790987235983	7432.456419043985
