11743.127173823177	1901.7068812481293	4651.5525977654615
11140.452773350296	3715.010847955026	4607.105865251986
12184.71741778316	2824.610944220608	5148.156575444847
10276.163963193923	5222.924013942985	5204.683143717503
9384.817985832917	5036.747809918873	5148.03564656837
10840.505351627387	2543.105631353852	4597.230006587724
11455.090596390237	3282.2236087033534	4833.016391799896
11973.96083117582	3170.0226329822544	5645.903420656425
10414.062338168178	4173.478876981514	5363.665118840303
7645.645582075172	4432.346243709578	5192.740935189053
10869.793443078914	2625.3374044657435	4480.98442911433
10832.496983135812	3581.6521369949537	5219.520585048566
11758.532291528283	1700.136123625115	5009.737420515464
11863.046398315651	1376.5698793128245	4694.835030385559
11699.763461357054	1160.7846904209812	5504.066577383734
12899.565730853605	2810.071702278091	5073.315323949848
11477.238615262271	2009.6562698620955	5442.778999372504
11560.876714187318	411.1126637471952	4881.458416307308
11374.702418434379	3371.587558192627	5318.956631154041
10814.908323365606	3434.0398506993893	5136.397885735472
11348.336638268704	1771.435980678924	5640.192690355235
10931.192301698185	2899.1418414882987	5092.255635115953
10185.282175426188	4517.419855531352	5029.481968118035
10647.734220710672	2911.126038954932	5170.863784650727
11802.707565413783	3158.2095727579554	5614.093792045554
10776.036624444736	2783.030648337475	5385.325569670681
11408.819660057294	1634.550191677148	5046.038995119685
10239.502679606252	4011.1963776985262	4969.536459654613
10979.904762323156	4187.02582466246	5464.5745138401835
10416.148574372843	3285.070003908148	5405.617460340127
10247.358074942676	4549.83047624757	5071.192237893872
12006.253912719443	3306.93845996436	4633.569742779469
10939.451553614765	1440.6191773973621	5125.146745022856
11569.619721837815	3418.678171036798	5260.633918794066
9391.023545178889	2338.616000107272	5473.41380731461
10225.042687656776	1436.8628998722031	5262.372516080756
10875.743607668022	789.104613096879	4969.226419806089
11544.264067864238	1632.9689514157717	5050.849900617711
11691.24914110438	1732.8817688722957	5252.3231432021885
9031.246733730122	3264.391053326359	5080.229027990603
10117.873891129178	3209.6477463663236	5734.922974659721
11574.446996544355	1729.7521921490295	4955.536326938194
10532.98810142834	1428.8937761253883	5120.711193947278
10860.673211409188	1955.0155403864837	4848.413219536908
12664.433428185439	1871.3706415290949	5047.908223605231
10982.13671000302	3220.8269203536033	5301.506960866382
11908.544388703813	3967.635221233534	4586.879523009081
11140.039966960096	2061.791559240264	5085.164707048742
9985.896019148358	3428.9828302055535	5535.785098918946
10419.37471521635	4668.833862821056	5599.613282225975
11266.106383050053	3983.150579049636	4282.650848530944
10246.471292383967	2688.177551826124	5097.742623721282
10467.543253433465	2300.0173503447313	5520.395612781372
10976.092474782015	2839.8913781870233	4878.486153781568
10331.468354630219	4843.46028571153	5162.817741024728
10265.568971207742	2461.6444029597037	5356.515745550627
10453.797754672172	2278.6252252577037	5687.128358472347
11661.391626505429	2267.869925253508	5767.627151679092
11032.63099263533	2329.911991054883	4991.717446029003
10082.429246285776	2898.3577172400323	4962.17868066613
11556.965448632907	3991.119212658932	5133.577698762203
10984.205798728368	4378.17863639631	5721.28114478673
11792.060367399905	4060.8861381133565	4889.678214411023
10163.013774057414	3271.7313836509734	5584.871452055019
11784.33527901085	3129.69335751005	5128.437937810854
10708.81264316082	3353.828478337354	5637.380516005654
11887.568065479007	2430.5257007888954	5391.409541021577
10675.097590870797	487.5950080877206	5018.892014770322
11771.337799145771	2254.0260118467827	5377.810491259479
11974.703859266821	2570.8985636061825	4507.391615599089
10774.113852221442	1149.7091727713323	5586.061175524013
12160.818006275878	1955.9757304078262	4721.434540673601
10528.181825189653	3348.168658409124	5579.8176827391935
12084.197264556733	1414.8461760221178	4827.235205343078
11644.499546643172	3114.7503270453226	4832.588456156699
10370.460661561207	3284.692674255656	4304.017239864619
11952.504368982576	3794.6325508508908	4433.137483763188
11026.327773615487	3488.7941908246753	4842.7379702886565
10517.623329935892	3913.373278858185	4625.563435569867
11756.850273389704	3685.7323205793396	4895.703793106945
9982.631147976703	3132.300952740831	4992.562363364882
11424.900693999782	2994.7948591367294	5046.175499220026
11090.355040002602	3464.947612225569	5838.380904832554
10311.436026493606	4911.379340805141	4872.915547741359
11995.482100616946	3009.672434559752	4850.748087081306
11186.113422893217	4192.055949908378	5215.008519576388
11759.888357448533	3256.7085777097886	4904.319673838555
7360.725510110257	6157.081598568048	5749.694055712082
11377.677744102135	3793.27650918205	4947.723341427967
10267.417870992926	3814.478088152795	5179.781576554737
10193.055646422132	4240.546397636143	5700.3443606334295
9740.207727519568	2196.9620186723405	5582.203044275473
10711.62147867981	2848.5073256111637	5020.238476096205
9294.04455716773	2119.081664464778	5223.978577227178
11858.76764215556	2385.218076765178	5002.577701695226
10572.854054270132	3161.335577603467	5598.639960061939
10569.54001821715	2205.6815433388983	5121.616191698316
12692.907635967345	2483.1107770499166	4328.4843413126355
11614.474735722602	4147.2929865899905	5331.699634764446
12655.567071746296	3165.166496570596	5229.473521267163
11960.21326185953	1511.3522991269967	5188.198790378361
11319.751175427557	3307.720180791315	5557.634594942608
11769.768147780615	4115.781306459782	4896.049516032201
10032.499051923978	5497.712908758565	5409.811092860822
10362.354667070256	2387.9942070809357	5773.022485116171
8854.888273038416	3997.7832567367664	5218.889724291178
10814.708739294707	3912.5840889719884	5214.154468542394
11112.986207640317	3813.056958175671	5103.804913474709
10318.096638032895	2163.8778092548937	5203.282511964552
11325.009234638514	4515.904117782513	4990.410044359977
11652.195601813692	3828.8304807234845	5007.44972929505
11397.868746938164	2429.038513151468	5228.68457266491
10594.489894260263	2643.947788400299	4799.651291519434
12049.814063012544	2649.303620553831	4850.253078434776
12028.086201008995	3213.3092340091575	4621.330768608204
11242.73754817402	3063.930206253981	4961.600193140164
11985.402217555216	1562.280706175668	4830.886299446752
9861.164326578093	2116.539474045186	5570.768286277186
8839.214413390504	3348.810279663066	5246.376863877779
11052.981175444536	3467.9293160315065	4836.6388653180575
11706.432961910665	1467.6812706634948	5027.386970320555
11423.459259103069	2480.2078718577095	4688.552611971456
11512.160455847683	2864.612965215202	5311.0882213033965
10748.084648695281	1028.1022013201582	5124.876671269059
11286.336668297563	2359.226734535714	4600.06842086863
4511.367566775673	8955.358206449382	4694.368316910601
11717.074289847244	2134.8816176483238	5119.672383014058
10019.328418508298	3044.7029586598546	5336.004046269242
9333.716883000667	3883.1356190281394	5376.556514660169
11703.067037587803	2032.7657994249262	4896.203679782943
10281.669502949642	1748.3174966053166	5818.854550118856
10561.137814799304	3639.0669934299867	5922.81230189611
9978.361806172572	3611.3777227477976	4751.0782914112715
10174.857713060954	2473.9793277498356	5411.518060257131
12446.735666986038	1680.0155669133878	5387.992218138693
10883.542791628019	1404.3698357864491	4826.32580144848
11996.405929449214	914.2014144758299	4888.819972814051
10536.568679976961	2708.221258956057	5643.582226151983
9924.846640397194	2624.633339748044	5675.294551735327
10766.892662488037	3223.54138442694	5572.628428487679
11561.822711393697	3013.840307155308	5191.95698586786
11281.346633669531	3302.15087401197	5546.561871588745
10747.891602473057	4529.658233118999	4934.1763959097525
10065.15476010058	4404.3486585091005	4298.254470435836
9056.243944458975	2201.2200915648996	5196.189469172264
11411.94503560879	1681.7359742760893	5268.28573736654
11162.824585493578	757.0910029822932	5253.726805319088
11110.734582576008	2561.665684939017	5226.870354329916
9857.321478757027	2151.8280334418714	5039.44044755497
11267.497791235399	-116.53500239991993	5310.9509654470485
11976.105053779409	2835.582535219233	5173.516779928815
10548.572258405025	3824.4912270379577	4774.75957916018
11835.289884478248	1634.0564991830836	5210.740804842228
11044.108008211853	1364.2728827992028	4775.008998706013
10856.970462710411	2858.3796785231793	4904.278180655555
9414.43895620749	1577.4946198506238	5335.964436012497
10371.379099619226	3758.675498451595	4547.010984678871
11187.363810700432	2714.736738548797	4864.089935103283
10959.027347770836	2641.662868713749	5873.25649636274
10150.118145373315	2919.005839342651	4888.869516644793
10161.441902079388	2327.9789688673127	4894.611988757106
10312.512849200793	4027.530813523177	4991.5691679330685
11313.506540127955	2673.8247323570813	5702.302222297885
9520.375115666326	5998.627781735469	4754.13995622652
12329.237107469551	1865.4659370514569	5154.960785142635
11970.617729607098	1531.2572303700954	5213.8901236889205
11053.32424588486	3026.6241898425205	5090.0399036026665
9681.204229736035	5208.0457401951135	5142.629965366065
11423.48661367918	1670.4755765888285	5263.816013191676
8980.708250605176	2703.772187368603	4997.283982572319
10530.0415639709	2762.8866592811723	5375.009722139281
11014.249226031672	3544.352879057225	5312.307520571272
10389.16785230632	2988.499027485016	4709.91308746104
11019.331454319552	2405.080594412465	5466.47807164756
12749.095042021008	1968.0787468829308	5161.650939751293
13105.554661136313	2152.328078852312	4468.987485810533
10726.085435494771	4127.279332654336	5101.046475251688
11638.072666672562	2484.5924195670163	5494.347449174597
10993.960344135621	2510.1510658513	5237.176691062021
12156.103193826528	2040.6272854051467	5450.7039122154565
10840.124213036333	2453.394479784226	4917.819879028585
11588.512646828936	3128.6111703886913	4934.0567028980695
10628.760658061237	1206.6970905805272	4726.189339961421
12114.957933669199	2021.4597438707801	5224.937102246467
11458.382201120045	3185.537361332351	4814.675004151351
11023.199420568042	2157.5356429801805	5746.04695615839
10470.244160712717	5079.178743599744	4844.161086873544
11562.245436114732	1520.8041127400816	4380.4673496173755
10298.65952852315	3899.8664208000414	5353.866706086259
11108.697518742987	2550.0822969001406	4696.005552137779
12817.985048843746	1628.8913854065383	5153.483512852224
11712.681756825388	788.657353435452	5097.882674580773
11338.658158668	2504.450956960582	4808.614984600371
10552.015011235682	3335.877125798208	5331.6360879645235
10120.185671028139	4267.829284011053	5816.640837734133
10320.010844745264	3019.6334658395153	5041.906706908184
10602.694513862562	3909.6447646033816	4540.580649050993
11277.315535793454	2436.2359132198376	5662.425738093693
9962.514839907102	3750.6584770037025	4957.27102505983
12303.772650511952	3523.421078409124	4539.300374555669
11210.540368848198	2971.8196515226227	5424.9608768674925
11337.840118231214	2960.525634326921	5460.807566296399
11010.157399535354	2054.9860021047093	5291.6318227595375
10611.14200629668	4244.637103965938	5301.768256198687
9899.634179200804	2892.7244515985744	4911.625358285162
11649.100918417644	2803.669465737965	4687.759493806415
11086.712381191881	2886.546829031947	5401.389160918542
11967.143599125686	2275.6981195285625	5069.974554002935
11072.966125468973	3562.5712484158294	4724.219844457174
10876.46046521525	2693.114961717398	5362.205077042307
11204.924039868001	3097.476483416581	5084.220108531175
11588.266149664649	3107.0607005207157	4990.102636645558
11071.45680931129	3569.8791121815248	5345.624294856795
11283.532608424215	2532.475177773487	5298.958704072176
9737.14421244735	4515.02144867829	5003.60076098176
9354.872213308641	4859.178545705587	5109.70211814296
12166.47490258192	1419.4468568480502	5912.758628096306
10010.00573115409	3690.245660111278	5101.465042450411
10883.08199875647	2477.6860849070404	4612.589112990909
10303.771698351467	4222.569067174695	5350.882779695898
11147.410471064693	2225.0402302233206	5270.789054699221
10283.991636697257	2692.9912663143555	4860.902261923048
10151.687034517987	3095.6040351755178	5037.827162198357
10635.606045999732	2234.544280687248	5444.962421835621
10193.469394185355	4510.790337080124	5406.51428885649
10240.712030046278	3707.3119594426266	5197.732559732533
9795.23811568113	2756.014045106654	5615.388547147591
10640.108772368927	-845.0348434915401	5070.684121844491
10414.050362617296	2929.9991755874757	5124.035535300984
11306.202992581122	3913.3776393618173	5060.666566858524
11461.861016136772	4269.832947316586	5119.372751809919
11406.140595786816	3988.600550463107	5715.187861701213
12127.088452919103	2423.4590754797296	4851.199196440553
10847.646837003338	2427.8479349796326	5697.671740271809
11451.186495717751	2989.0142811855094	4843.041597862435
11989.610936957275	3178.9512224418063	5114.919031757065
11840.861641581792	2300.738177446037	5503.6511980181895
11088.83203086302	3420.434282578219	5172.168318184939
11853.763674125274	1938.2172295149994	5137.621298363816
10204.299325768823	4859.495108747233	5126.472132917386
11971.530964515314	2699.7768478926355	5042.1823694963805
12084.288999819046	3037.031344904068	4975.999724469542
10291.582861116007	2489.969414407811	5696.993537779059
11992.689649575002	3592.9959346587166	5593.195746433022
10834.536683430812	4161.48765158748	4510.51254618589
11256.383228675515	3562.15369685148	4644.796115759941
11101.330540661855	3856.145001931147	4925.344149667891
11036.278095730757	2119.762273142426	5081.199003438239
10535.142770177832	2837.699756893324	5195.652692449701
8424.058110288086	4005.8288871573614	5395.401797954767
10526.470071873367	3985.3993539609273	5195.256793629309
10530.562519398998	3198.1494314415213	5176.763428710407
10310.06068053621	4198.779671182064	4715.211951728834
12829.835997083868	1771.8274776473977	4760.495504150328
10211.964337447545	2405.3757454020665	5104.548009897371
11134.81904963926	2421.034722885624	4522.215747267004
10715.631970301818	4396.804587906429	5423.418872098278
10199.609712053321	2484.439441682221	5312.929636183585
9132.967230946953	2483.935059901811	5589.28322482804
11697.135168817716	2185.5340217142425	5184.4096509951505
12345.188273089389	2188.6459741657363	5013.263185471877
11222.367603627108	3396.4136503048894	5081.466685389572
11394.663920816854	3230.0146383786846	4798.617034890427
11265.412902081267	2595.8967333905284	4836.586669136014
11236.68514682177	1622.7822972156132	5316.253207139377
8694.785875896463	4891.299299728005	5086.41310907838
10993.675073404425	2261.333962885134	5203.862295936617
10537.17762158025	2035.6965192977425	5301.487908726986
12094.282474473006	2787.105857116455	5182.406913803792
11023.940835708801	1960.9217138693834	5718.492878606508
10599.451545629616	5947.139037324994	4564.831354698785
11202.263427312942	3115.1573201891315	4567.026793708975
10122.796033823251	4451.55912568078	4886.6683541622115
10966.756511798036	1874.2571881657937	4758.00686535911
10692.23600962001	4132.0377738816605	4775.178378734211
10931.489990151487	1716.6129158599836	5648.060400309207
10167.014684020296	2417.408450240719	5270.484032507753
11081.514218578814	2087.774212403057	5851.916476069909
10478.70850965867	2839.393749315257	5018.47926195538
11085.593917368455	1970.2421336992318	5174.203677368811
9546.384448842009	2557.3534686378903	4715.085052005785
10408.044354172049	2906.5281037470727	5047.967183091156
7240.898179085741	5096.577823046625	4719.870440680203
11956.97148154782	1536.6532373543123	4793.242341204661
11509.587200385067	987.9804964031882	5125.2658140159865
11018.416822235824	3407.5728372287685	5342.36820609176
9984.423565812855	2850.538098126723	5669.479139201893
10597.790653460854	3401.6158156175825	4758.898186239325
9377.128516576073	3852.180494992036	5596.511602473631
11593.069156353184	3964.38764827489	4607.300817197989
10581.26189015708	2567.6137792262844	5185.010546589447
8384.100099993579	5078.491874953325	5063.819208997787
11862.896010480934	2023.9568856369117	5194.902787130609
10145.35408334395	1966.895308763874	5074.199585489456
11026.046396512764	2198.150967849522	4948.431190876023
11819.20448279377	3438.5179598812133	5495.48213273756
11199.928068117382	3643.946233134865	5222.176272936004
10389.326902212	3055.3713895565165	4365.033327222867
12169.384849779935	2307.792057677144	4958.07800118211
10320.583601903469	4222.491647557831	5431.25958140438
9815.89770703411	2985.4836199864594	5728.858529472909
11579.904664037047	2824.319641375685	4907.173778922978
11928.731809293566	1776.8679182213348	5185.4874350969285
10466.910321421816	4023.606896326068	5560.261342145826
11471.898819971599	2723.307167300339	5104.671908180286
9699.348056575545	1453.723360006336	5357.057187518674
10436.681641913518	2358.0359737283134	4907.064004004701
9503.149853610483	2345.271329640596	5309.431520594821
10395.299069457918	2408.0914493611012	4849.720868144581
11639.757105861363	2534.2757879751935	4871.227669725077
11895.618136662688	1158.2474959246836	5485.549596605904
11932.820897286552	3067.212964589083	4815.706740018577
10605.590468239645	2015.083134151245	4868.03554644792
11908.473922113686	2205.021199502476	4681.865498084051
11100.328651466	1832.8310830509006	5426.71041907768
10418.307878982832	1266.3717165745647	5287.430339989553
9856.240922435392	4735.240033091146	5090.023403742316
11007.115574749323	1831.1380794405904	5696.7194435000065
10175.332364783915	4915.155478968971	5168.819497038308
11011.325514340275	3238.686668798201	4464.562215348067
11169.721556978551	3184.042016652706	5490.247497348369
11964.648737608068	3845.97565757879	4714.825481709382
11339.903852745441	2840.3527627262524	5987.27885666672
10174.089225007687	3109.234736798476	5513.084520000549
11709.173552289969	2035.9896036555483	5945.424199937466
10123.887446774332	3242.624282813226	5315.410627701633
11333.117173832117	2627.8926177655435	5057.757072514668
11932.666337314075	833.4404412456611	5144.687926096823
8953.555252870598	3306.0800094697615	5370.239224051892
11590.944742705387	1956.6289805019746	5209.172023366564
10671.001453764276	3653.398291888097	5060.334719777851
9838.953860742336	2953.674215935592	4832.7769728211915
10920.171034845866	3391.5730187608697	4712.28342375439
10958.016708680896	4595.95148742986	5322.384566879629
10221.254329462288	3843.3316502802977	4882.348307501857
9266.743828332688	5377.874549563974	5067.06236765051
10520.642307256421	2818.4603804518065	5608.527958927274
9429.44345709462	5046.0185372698825	4570.134794141121
10830.218329304102	3370.190847584876	4448.794977455061
10675.565629761815	3763.864273130525	4968.746027161342
10727.898313398453	3889.9312294137	4871.000242963671
11654.677967800479	2267.7942439669296	4897.304901805432
11636.393461676742	2902.1183678779475	4886.630232452757
11480.23801321638	2899.982769639756	5347.49207371907
11349.599043557137	2721.5243342648528	5462.08736560034
10033.256130136757	4672.782246525371	5910.936872251824
11250.665057043421	3185.9419224890325	5432.624638765401
11082.25249712672	2837.1234452184317	5044.690065612176
10389.71170814452	2404.8310002237577	5062.535802322687
10512.824791285719	3312.194884327117	4737.752053924745
11446.95102962903	3952.8419097211236	4982.95514102829
11555.040584839218	2968.748386594117	5625.298369970837
11777.836322343215	2274.2259181774457	5996.04128988693
10149.464849981776	1818.0451003218739	5761.581182635404
11743.86095298134	2723.2819313402124	4288.228159747057
8307.591662178682	5118.777166418613	4846.544374591428
10598.600329039793	2141.535968082454	5346.662741015694
11924.02772921005	2214.4742207608238	5206.142349571853
11059.771823593523	1717.1718226449295	4935.820930710464
11141.848073808727	2675.3004314553086	5002.633565873419
10341.426139376745	2909.1632478984643	5141.63740808411
11279.538921999136	2900.6971891620233	4938.27845470811
10463.246188964587	4290.453055125412	5013.881348303651
9179.151565959288	2888.4965452246943	5543.207733301341
10649.385719217105	2498.997082553479	5048.844011002589
11787.659309593242	2943.2906094075533	4474.12465671506
11510.995776744487	2469.9960620882002	5549.535801071431
11700.191328066663	2453.9901412248196	5027.773265013868
11217.224006923969	3853.433321911127	4695.2135496609235
9808.102882266488	3898.7403777677328	4785.273877849623
10900.411880935413	3780.373634170067	4731.041132504772
11221.43900535901	1363.119407309283	5384.129165949689
10924.885050551822	2748.6105717824094	4850.058789038666
10671.918300640653	2536.731290525293	4202.99261034813
10359.17902065462	3878.3659115960904	5265.750076293066
10592.045837971622	2032.6809919592727	5098.028458549081
11498.305792762236	2643.954073477936	5429.815395648143
10470.167566593485	2532.0326808404625	5449.104250332462
11430.226108000095	2783.574759860159	5262.892264959806
10911.743256020369	727.8754557129936	5938.941905225834
11300.979316599443	3240.132040452553	4955.988443880293
10832.707389733541	1538.6714236419675	5325.463068699539
11166.613187453295	3458.9341517985004	4763.725462586493
10547.235448709684	3234.745836694938	5014.520568095076
10880.389551777993	2039.5368333520817	5558.112333412687
9888.329813464827	3766.8371647854924	4646.994125641995
11140.168582991344	1509.0472377647638	5312.799033976629
10801.232304330288	4994.175212453366	4612.840557453858
11601.239252821737	2943.5627044222024	4752.047770019852
11634.245006388568	2452.5548159347763	5130.966768602122
10119.26917318531	3269.8357505220856	5676.389379213491
11824.463808722396	2275.6360936797296	5355.381381651759
11553.75744080721	2021.7097139861708	5736.539848113868
11220.667381241194	2861.733088415792	5662.000831504926
10863.323472738175	2502.857463336547	5069.0120929153845
10361.918452006259	3780.78315850253	5282.7446614041955
9637.849103307546	2397.5894601455857	5217.146658368414
3676.86607001108	9392.453595086487	6417.712586874926
11050.179714690885	2644.1698524177677	5331.8960021433
10350.013807686475	1581.4117627682747	4615.493997466181
11502.472099832314	3131.7465999052274	5187.206231779616
9355.56504719625	4598.870934034283	4990.93967370569
8380.077430185162	3897.817649012663	5296.5434999035515
9340.974597612687	3114.175448427472	4926.046885528248
10094.389405040369	1679.8570115743082	4785.885605380909
9896.850486745225	5147.886705407515	4926.103025374937
11691.811821208701	3776.3786386261886	5315.81877873383
10413.551576802085	5458.423894508493	4975.346384369356
11688.535631629802	1510.962962416239	4812.323115309402
12299.379919412953	2033.0512140315902	4530.68282385224
9436.832901236348	3295.9892551424114	5366.420871427262
11161.593295523062	3767.0273777525463	5047.87289902746
9312.665564849594	4537.424249551055	5158.060287056388
10120.126177912518	3425.7761308289464	4957.996309312184
11826.820533720611	2210.4116666793416	4771.610884430743
11711.47610168765	2520.647716068413	5036.234788397543
11308.73089401924	3189.2391384017474	4833.006878903873
11274.683826248978	3765.4848560536834	5681.280778017541
10676.199541665397	2956.200733068903	5104.720299645194
9520.682271707763	1881.8338132072122	5091.21071992011
12750.959305434037	1932.6813272843358	5146.896013251593
9389.741108939896	3442.9761125381287	4995.925433441616
10103.199338917044	3661.920306307769	4967.129771773683
10937.073171786462	2913.948401191159	5185.98457676716
11248.478345615666	2990.5175458095746	5321.901974231599
11558.208690188354	2661.9403825369363	4882.046256179854
9988.158199654807	2724.2830312504284	4935.442081365275
11296.76439285824	2579.909313515113	5053.819560207289
10162.204063591334	3826.267807781528	5146.576048454245
11304.924989233788	2441.4527723371575	5121.531301108729
10950.778279239783	2984.451772139356	4640.878525467596
10883.243030804399	3118.0311257820545	5693.832626808608
12362.772127266604	2390.3156212258696	5465.439084572444
9715.262767020256	3100.072883113192	5259.008378891398
11493.58464926216	2460.3459230786602	4652.241437434408
10659.55298152952	3215.0761133948636	5719.961480039306
11354.82342573203	1977.6713422236862	5107.16885940316
10006.750006116821	4838.660881694344	4785.498442845231
10118.691566156429	3313.9568396855907	4958.384246436349
10192.320661781852	3290.2064962995223	5617.471424702461
9937.993519144857	2800.7173247642677	5456.06232267229
8986.291805684814	3166.8594334748004	5486.64996685011
13081.67969003524	3215.799695950474	5253.982587894405
10005.496860207217	2346.1796681149917	4809.008371545884
9215.143206987266	5644.103907834849	4863.225619186475
10934.352583821954	2293.1202685309086	4525.2396730663
11594.681271146545	3112.570668770766	5419.8770052125565
11368.917880632865	3055.789621205926	4817.571295248807
11116.992822885342	3600.5975152830197	5605.761812990786
10844.289398679202	1754.8372681885035	5517.550115640942
11370.396192554888	2646.0907065653337	4952.437342068401
11127.11647461886	3788.8760496818336	4645.511976879317
11039.26342887739	1669.0906986736127	4667.053235759171
10933.026851123934	2891.415781437041	5620.777612530332
10233.691816244836	2050.504890200664	4781.5038190529685
10911.710078152732	3828.1139060174737	4994.714370946734
12397.696444358824	3194.362800269524	5504.160486037643
10620.994279870816	2281.095994485503	5010.037268037564
12149.618341336369	3070.2309959292043	5087.1415257352255
9689.164978539	3301.880035464731	5056.352612247615
10144.219145469222	2571.248256150098	5583.830345061215
10137.306138996137	3881.2263760436535	5072.020446864681
11392.121428611328	3582.280893515369	5255.101672945271
10899.601017797479	2831.3656531826077	5128.1991489341435
11106.12644950606	2048.62592019428	4991.160465969399
10602.798067869013	3642.0552347795524	4746.976702643458
11251.427159601812	3997.5815722873626	5279.761099178197
9399.171600095931	1941.9796577102557	5294.478417366311
11351.684133122788	428.3218845858801	5650.236509975219
11509.370615617398	1835.484271494956	4868.52555005285
11403.369051338414	4215.764522668531	4681.968538805042
11433.529113829149	3225.6652601599694	5662.645737955397
10045.114428778124	2069.2652044237034	5035.05805296076
11399.205806822134	2222.629254971361	6129.55150273912
11631.651932906218	1168.7524878140512	4713.606313294107
11269.639609433661	3926.5759264890703	4877.410016927225
10250.634941645858	3642.904433051564	4637.103778521158
10438.659032072286	2205.4506829551833	5014.935468145449
11289.194604034785	1785.7537190808107	4513.200683606197
10496.260013750609	4107.291165571902	5502.1124335396
10261.335470729786	3558.0381868136783	4743.456605596214
11246.702074936633	1507.6015664835227	4877.466104294655
11045.26591174046	3039.321734930129	5450.941798078441
10182.796301957736	2683.735158397201	5107.1698444506455
8899.206141938928	5893.559870431309	5451.438542715012
11439.054748635357	4387.758294858327	5007.125156986559
10908.117791347438	2373.5524181107285	5027.31995053096
11014.889392141537	3607.374510667047	4581.142416292783
11262.391150672256	4234.211682165814	5036.703313664551
11241.11847714575	3024.765668198681	4969.778928189161
10384.86392205838	2481.9936025066813	5641.610591575996
10753.331055089468	1590.1903712955586	4674.02905770676
11475.858536395363	2336.405713122173	5136.8443194353395
11424.618523234267	1753.9488997265541	5011.383532953277
12476.272463719499	2540.8975042432176	5462.846022066069
9896.97621616694	2833.990408437651	4601.817594367847
10324.425713350327	1564.0703239646707	5434.97957680417
9467.586846354681	2170.07767944887	5501.786549150755
10217.293359726395	2812.408200227678	5329.460644869191
9326.065338291475	1504.167411403919	4743.472083267221
10094.975358278478	4078.244260576995	5255.136624849382
11818.671282527235	3261.2089325349607	5274.151735354239
9475.23355548317	4499.7255085046945	5808.959600974893
10312.022664777722	2463.826670549272	5140.128196401827
12273.073407302114	2545.6243565230257	5116.571373004662
11489.47412736611	2898.0683735326493	4949.299882053883
10580.850798788771	3753.4361163238946	4806.794411092751
11718.206585220036	1714.5013427843655	5242.016852252759
11138.237287931786	3254.6285259929273	5007.275924456742
8225.324014438322	5521.288406204378	5377.8505465966155
10140.572787208886	2687.6479246054782	5366.236646484402
12338.193068025572	3430.6849951680247	5530.81256350183
10722.905461585027	2318.7428616820325	5543.77826874774
10995.073395200248	2150.9471658277234	4578.316576484267
10591.486378265683	4201.067719877361	5071.1010437273835
11073.521668091798	3487.701175448895	5282.633370902477
11519.474092052958	3196.555139023295	5457.221620396501
11191.696031206759	1143.7396615180564	5489.395179054306
11922.48307100908	4145.729094437291	4880.71859877228
11117.439917875412	2686.1395061004773	4651.265774766219
10436.89486751217	1762.1949557736211	5134.6621325141205
10996.296509766567	2451.394485797047	4863.80555892165
10715.296381335926	3785.927795488125	4864.338403818939
10503.856466272253	3834.596296050136	4916.755556667648
10480.140172640788	3923.15682056898	5297.589798391045
10701.04741232893	3833.0992770172443	5259.384026440223
10209.850114439014	5393.233747762285	5076.180826252434
11334.643127972613	2938.9679951982507	5139.451432960822
10216.265596448007	3001.180265781579	4719.741213427812
11217.844800872695	3790.8905255029476	5623.619901886018
11257.528752141105	2719.185399570434	5510.298625972987
10107.774007707681	3477.9461839137703	5326.666005129135
12125.54162999343	3365.555154046896	4986.627102715046
10408.385131343563	2935.812287749828	5027.066156468587
10603.969554305757	2845.630542763796	5283.606100403393
10589.649844463333	2162.669475610187	4560.750180853457
11635.100759069588	2182.101052296585	5338.772311400364
11414.295130474415	1711.3223341165312	5079.805680275956
11118.828667838186	3923.978271884287	4798.61552485982
10498.565765229298	3694.952597492224	4462.773142374804
11760.176973713214	3296.6396196392943	5320.0383309259405
11984.403594521787	3439.672018299164	5035.491635975186
10698.688392717757	2191.676798802677	4594.917363281789
8967.33286571644	3698.0081319786445	5396.481828828149
10111.438637327	3528.593664580461	6086.253034083011
11110.574119698742	3404.346529261849	4740.961757562703
10368.35826213946	3321.469176928468	4991.424519277347
10865.42810270905	3055.275522990006	5666.471491604038
11776.058694442396	2654.206135763048	5458.021792746615
11412.906195920019	2572.4354437243464	4845.047272358895
10264.304447398968	4100.016441728501	4808.543202726233
10905.763335738005	1793.641948719094	4852.960060578613
10660.688652522731	4186.462186072302	5425.783864622262
10946.172888410238	3300.4552230995805	4651.791157143649
10828.951829581456	1609.9984008036292	5780.040591214145
9706.352122155391	1988.941796906206	5500.8867889865805
12014.437717135233	2453.0478391125744	5498.243387205286
12382.71036061993	3018.6112803426304	4706.363187426699
10769.827962828582	2702.7391347268854	5240.329924288039
11161.93762143715	4095.65057739844	5193.854618906306
11654.767647388131	2137.481514654495	5098.46732034807
10805.11106811521	4529.869449976391	4897.7362475269365
11994.304020196529	2370.2834455807742	5514.212178264658
12636.636580699145	3647.705716749555	4742.557364124881
11408.535972339514	3264.2942916006523	5155.232426768614
11292.124776400864	2807.6325503720186	5510.680102011142
9339.191287844893	4819.783592737564	5056.730537364837
10137.895827818735	4704.180394672857	5444.223663031936
11728.875445800273	3040.032358131345	5107.341444147148
10765.394185044843	355.31160103839125	5544.432128683338
9263.836961899118	4544.752786406838	5288.6772699256535
9900.608180235637	3975.0085186523997	4121.545078235689
10952.02483444919	3176.59945339515	5880.933980106944
10286.420631928271	2823.74285385726	5758.567626496782
10904.628774466893	4562.638193351526	4857.226656552885
9762.806537209723	3826.4368565639093	5016.848843547569
11678.004889876025	2037.0525152906303	4841.956885978919
9372.562152837294	3565.1817242999546	5153.640094903786
11043.308483968116	2529.159843596682	5803.208616748186
11137.618826748012	1964.1501697194578	5282.355662247814
11213.956906133202	2544.9600809890603	5188.770121002915
10563.574229243903	2580.047873896324	4831.163653945454
10864.246731203419	2770.9845621307954	5178.231884824142
12034.520370942908	2168.0935648465666	4810.836430718168
11036.331061871282	1069.313631368472	5342.347701041102
10279.426757227726	652.5717474406532	5189.967806041417
10600.436702698773	3451.4186285314995	4720.534951334618
10666.522958978218	900.4908465039591	4725.09449318091
10875.152891641746	3197.938710642462	5368.629058188059
10358.773208892784	3305.9020108098016	5356.915976678153
11533.260989836628	1912.310973534164	5298.776281100864
12160.201311622803	2386.021575637069	5099.952014424834
11628.380819654267	2561.5764402399514	5084.788429031321
9074.76420635028	4323.432284679913	4795.1047345602865
10842.84153526138	4118.305716343765	5063.532028853686
9255.5877965879	3513.873871036801	4874.901457039283
9527.490543289221	3665.389566265326	4847.306187643966
10779.314457386947	2519.349472717882	4402.614593790347
10237.634175663254	3165.996458134318	4961.81889375597
10938.684701957474	4344.963227650253	5683.067114602122
10626.65675499117	2564.8546894164965	5357.5214845993805
11264.364674625562	2796.55038935653	4787.487202903008
12465.645474898305	1906.8748181408307	5186.709751174452
10323.941347867365	2863.652306838536	5151.782832129353
9310.372009332788	3781.105374711012	5586.926422799695
9645.088622348107	2401.5641020368034	5534.787357661029
10205.722320119496	3303.0955626749364	5073.067019635218
11378.605382125374	2450.4161416755737	5299.096784460351
10251.809896556093	2200.3078353500523	5647.236994807026
10408.25864537286	3197.8260564154484	4945.542929291162
11914.981003238292	2405.157635678395	4860.951940064292
11522.090560016924	982.7651028082117	4825.005797779061
10658.677167116366	3571.6520817282917	5554.865505745084
11531.983365310176	2232.131099137758	5859.802673441069
11593.011868460622	2051.380411346058	5465.62032505155
10718.903350911558	3128.4396999740793	4506.7374429722895
12206.649692749545	3151.7230193060223	5176.391695678885
10026.823556053168	2586.1200811987837	5553.455296196285
9385.208694437017	4519.288328513481	5573.342222539878
9324.352592062014	5280.908192071996	5210.351928757815
10454.012390058564	3925.2953487813315	4674.991359939609
11663.923105090471	3060.770294338983	5857.908925970035
11430.571545105166	2619.6240346960835	5198.817680091133
12027.335796161991	2483.59674625608	5097.269221960007
10968.745590707456	2018.0656078437507	4954.669371743081
10100.939097609586	4348.637524835017	5190.459451010428
10394.4746226798	3606.9793000449013	5143.377687909185
10861.932355717976	2512.189189285111	5295.382831679525
11283.991182496842	3889.2455299064363	4739.698111663727
10023.193406533888	1791.4892594302694	5660.374825904218
10738.224669379877	2091.390142655848	4769.898904071535
10754.745877998597	2929.0299084724834	5398.055392398861
11187.741390967563	2276.2983101293053	5074.728352150711
9587.925499770721	5025.202775626565	5495.203323271157
10400.978289075576	3394.010639545062	5226.674166082239
11412.965676717437	2590.609236027352	4927.1387139525905
10070.205146520322	3672.4678091105857	4943.138590266836
11994.707704681616	3177.9453448920754	5189.946880837449
11202.750062784608	2953.8724969333707	5619.353080797654
12252.66862961909	2636.815306421398	4663.411853555627
11254.858768388554	1924.4611531833084	5011.351331911167
11117.348708237114	2913.064154121769	4953.721748377259
9348.584479504887	4109.230457747634	5364.286383779545
10640.173414679764	1649.5882113731939	5350.696141716861
11585.1139858739	2561.121937960516	5116.085862989718
11146.70831552331	2523.6064134868793	5121.9285367837665
11024.534900652692	2348.534291552354	5426.4645032269755
10911.46752536925	2416.514425859664	5648.805205176934
11389.037424224127	986.7678944673593	4587.881226189653
10260.259697218022	3007.093881837194	5941.085881175767
11721.642954079685	2974.0141283489406	4363.878900574256
11021.730893545657	836.6753791601523	5133.787429588395
11092.495643761835	1862.301587295149	5758.459975095549
10014.298128182521	3003.9332330028114	5377.9963776954755
12142.205974869086	2620.798134013587	4674.252125065051
9834.474636777522	2875.5347747364726	5493.92863006137
12434.60596920443	885.1955837385145	5565.31432844347
10520.595300025765	4283.224954179472	4975.741786005698
9771.550194687165	3322.295464358586	4975.532526158031
11743.687983211365	1477.4189322631598	4506.5295592344155
12386.51395661864	2554.032822800758	5010.4383850280865
9808.992646694089	2087.3527482150935	4827.202530849223
11657.42838250554	2021.2060396606237	5082.004887004137
11823.564963716986	3165.115066238697	4892.835991699029
9235.818499277513	2586.8993464356745	5066.63702084208
9682.00823921651	3764.3250296129345	5077.025956284295
9240.279979792514	2827.036745922922	5042.844072268669
7660.463352696561	5369.226974606221	5102.169013634549
9705.45345310563	4354.4517767678635	5378.680088655682
10828.384929143142	4034.7511421446998	4374.590827900385
11108.573673347415	3357.8357740625265	5216.303427791431
12011.240401108884	2011.715303406398	5488.692741519242
10901.973939694524	197.8319370724219	5039.310699641697
10800.371279377527	1532.19693855302	5579.911379312192
10227.859930155939	4087.0956988696507	5460.941920094012
10469.536593623758	1774.9793749248681	4609.179765069372
10650.857081957289	2704.8402443314667	5308.077301076822
11496.397703657354	2560.4446487940713	4510.431131638924
12165.958960392349	2562.964086276917	5006.114674396464
9614.784165395009	3349.153794016002	5878.039504288957
11790.265144964966	794.3240367320287	4904.162183818668
10934.613363802633	3062.000686124714	5097.147541293914
10560.300755793724	2454.6423155788784	5007.6673102807035
9931.387068214832	2482.1651436314487	4704.780845418618
10426.513525646493	4107.024348839724	6115.760923550905
10853.89555872662	2959.836639999038	5272.803658127214
11123.12056364098	2176.6074753740745	5045.636069922563
10369.097185632729	3254.242191173098	4847.860743555913
11676.355857505505	2003.3524161999349	5387.816305325611
11804.765868685805	2255.095488635106	5194.126342213403
11758.310264343425	2706.551795433074	5029.443134416369
10695.63811517046	3271.916749050833	5176.423125499942
10264.330723998777	2935.0015999427524	5084.870725470829
10753.684585515033	3963.1589001694656	4917.0588341969815
10591.41210609127	2297.7863417210165	5116.538263103776
10040.320536023506	4070.2592040472987	5139.806129369394
11225.971898890248	3412.789214413986	5531.549795618836
10090.132728334456	2704.2380977050457	5073.252617599661
11712.888591602366	3261.3352262444755	5497.29368546817
12297.29395950758	1191.9621996077594	4718.378489204628
11523.286171148262	3390.6276953634974	5005.50552057964
10626.378182795832	3559.017626932105	5331.390530659351
10756.544597630025	3626.5390889011037	5807.3429011033595
11677.06002333005	1931.303661405834	4592.719195753794
11527.286663463785	3196.2803538891567	5628.31389715139
10356.06595298216	4299.899653623933	5169.076553444907
11678.65751223342	2648.1668530213783	5230.738635683067
10157.708027257067	1941.4290583230606	5205.059428944124
12021.251359013839	2511.355833256913	5585.451635397454
11536.317195084657	3117.346388674744	5844.034377206501
10837.514283474116	3507.2897737073	5155.3417752014275
9736.293178612746	4830.1806529417945	4326.086455930462
10027.256761872632	1377.639946464924	5171.167523476773
2175.3675979449313	14251.1978008625	5753.297163601545
10912.686895707842	2004.7198884098161	4870.461726271222
12003.874552085761	4018.761575307385	4956.331253646018
9751.602298986852	5014.169943522039	4880.45499059859
11318.206497646306	2686.6993737129037	5331.260322903279
11066.651295243923	1816.7400868968878	5323.200850276571
11448.090354870608	-255.0488084766581	4668.039896861826
10215.41556055834	1847.5303920123747	5515.384160782784
10938.41046673313	3307.363339008175	5328.101837260223
10770.725129059192	3081.412293914033	5529.838508032108
10173.35130579359	3422.462382469822	5509.843445543548
10337.20654087859	3395.0770820465277	5084.042649316649
10684.519881848293	3252.354403200434	5469.759587196887
9481.569102826865	3016.850924284802	5290.510902581242
10309.556513962103	3033.9292793088102	5048.2634679921775
10772.18946913462	2576.036820546784	5483.216149354394
10514.582940163904	4561.01318038588	5448.01129101851
9881.243049680224	1864.994298516444	5450.891578055249
10958.713937440225	2571.675148780826	5521.540823607174
9978.350332817863	2798.9472812779927	5405.129485947364
10013.342006983	3162.766832117849	5149.837560931922
11802.505581360669	2124.6742229233837	5004.517640360568
10198.82405931668	4156.6512158988735	5231.459856804998
10296.076224580505	2503.917980652138	5156.66614918424
9578.234535010688	3649.0629336805714	5378.812758920519
11514.575656858568	1530.440618153369	5728.576925777538
12153.15915063906	1403.3114747535978	5242.741392249369
10655.305987564927	3827.8203699922806	5154.900010660972
10883.371690490805	3328.47430893594	5465.54092878183
9643.413464265586	3331.076149151682	4979.995816019099
11508.37784584122	2224.0965152018584	4991.182447863366
12346.552264252232	2417.639727024936	4803.384896202776
11528.630352280605	2301.070496357754	4613.932328532692
11142.64225905071	1575.2959715353259	5097.208500756032
11217.990707442354	3581.90967918642	5044.302766936866
10330.7744338493	3582.795774834821	5253.863879632498
10965.760675244226	2924.837575306689	5600.4715556754845
11882.914899395942	1729.2223800299907	5057.100425720252
10896.818226313417	2431.5975436494086	5147.4233600352345
10292.273223827526	3408.5563767601598	4902.880822795259
12146.519015140713	1252.9055418336227	5329.68079005663
10779.000093829483	1518.1954206274802	5207.57850979953
10955.881151101117	3013.403810091276	5548.959615235708
9010.093142388378	4563.663949660682	5109.473985709389
11661.31492369722	1405.4914514862699	5140.344101366425
11922.403914786486	2056.9212253395094	4815.337788147852
11275.507617615589	3002.250758398069	4513.705525422313
10730.775055136795	3399.555789760488	5071.353066127926
11392.066107566661	3044.7640804334906	4697.730749715179
10350.832294450636	3788.28118229601	5100.002388147942
11074.659624580914	3018.112541303866	4461.183448717413
12218.694945499643	504.5269921752199	5694.124475180699
10061.10020660591	3346.2687901139743	5075.030486454835
11620.49262073557	3812.829426442445	5352.359513914905
11058.887336460479	1486.521027656505	5018.59521209676
10198.889211642028	2844.5092234840663	5213.779007612132
7935.0086532438145	5059.413126667429	5686.58144407734
10824.96656287686	3233.2406326327755	5181.353120313205
10560.702601223531	3163.0460981986944	5335.815046110681
10767.825426463201	4696.591737659901	4923.224555436139
12229.786562661806	2396.0841218602363	4726.428613709666
11201.79483432329	4214.947845814545	5310.667061787973
13170.432224082582	2760.2311699523675	5563.722536439422
11224.613329046542	3076.5221081526975	4993.863754936541
11291.233377227638	2766.9666509171416	5318.799699508115
10531.440786306921	2078.6512797050946	4625.98227703123
11555.489919048103	1466.8635127951634	5351.356419177001
10527.685292820364	2698.48641999394	5042.608806507278
11121.64809514332	3465.1104315856624	5315.5472673987515
11753.721016844966	1404.4285760264895	4717.885781488816
12104.033918091329	2230.5100837230634	5236.546532105059
10869.37853783182	2181.5773123710014	4984.821380141122
11735.6107779405	1735.570955752788	5486.844530071211
11365.293142760294	1608.8388027958422	5506.536728172178
10522.970960200406	5386.977122799354	4832.822721898267
11374.917380462995	3748.0451828139066	5125.545410981323
9593.118467858634	3028.5310043138807	5229.011031144035
11576.715926711757	3627.7361761072693	5703.231953589577
11432.149063155832	2395.9236918620722	5296.241048979909
9750.588549648417	3358.166530841739	5508.506429751017
11381.995770821268	2994.1181425329255	5234.073225090507
11021.92643901711	3747.467778203862	4824.531589051011
10470.3647642891	2452.8775297128177	5635.213094704397
10911.759737060245	3069.9804904231723	4876.415578553732
10218.865736481119	4131.137536633342	5304.37906784205
10992.992831598987	793.4571281496405	5294.952996112677
11481.2583870873	2351.1546710231573	5404.3284509681425
10982.108300331682	4665.562895295333	5273.037874859327
11392.539817251665	2829.77780385721	5427.437960702929
10601.342493550132	1887.2911056687622	5040.66008991173
10465.84638882719	4342.365684754244	5065.196268771853
10890.297793078984	3936.968531472521	5036.123830896752
11945.422877502353	3254.106492222016	5238.444261050507
11672.882046572147	1048.1631181104724	4983.968828694346
10343.672240144551	2665.985852805516	5235.729012763449
12390.662565313412	2565.9110627556597	5134.743383902504
11537.685070696194	3418.06630045756	5052.02564201559
10273.07299051853	2778.4016321206495	5314.811771353141
10436.215150257307	3955.351568502495	5249.593554234719
11867.571127749487	3113.0581859517165	4839.895147478467
11116.984735916769	1168.1668174187164	5479.630534699582
11284.367820846017	2616.866033001422	5102.5627372822455
11503.616794518763	1477.3218472472006	5481.776200402375
11105.0654571199	2904.7397289363266	4533.076533543741
11110.463742084297	3160.126922647313	5678.259105824056
10831.37529127809	3322.0756764033363	5237.006682332966
12006.09096208492	1941.3657836833688	5633.8041145465895
10292.99939323297	4013.441123852043	4829.110027565134
10365.874633198737	3371.1041647330608	5252.563469476283
10385.09581034697	3276.0897174813113	5237.177202236665
11356.702790975693	2485.222473670602	5097.934671357433
10706.651533587568	3566.4930841885043	5129.603188688998
8365.650108379094	4622.890307432831	4788.496229302766
10040.946088485969	2559.163018461944	5499.474879078598
10513.127136948135	3615.3115716642083	5335.5238976957
12362.115969318396	1860.5648770660175	4861.013794708964
11070.207112785234	2996.7877255902913	5443.443435582049
11297.868358526583	1335.2902428182515	4509.3659303567065
12631.752216058707	2526.219088016898	5786.456426429319
10139.850816694563	3563.294427729886	4916.962254712255
11319.682980865342	2955.1053938981054	4867.474117139372
12712.082241027148	1789.8928876141076	5039.859470867507
10924.102590524233	1790.5124059756397	5713.63265852213
10928.59110316653	154.7010920787248	5037.8557766723125
9478.020020311991	4187.616061870022	4235.211830677483
10299.869676058708	3457.0218075536823	5365.328169135968
10285.290680226699	3210.7305361727963	5689.496553579813
9632.194220369378	3972.698964978083	5288.882406192329
10759.92971940799	2743.6549227090013	4993.038806253958
10356.462091939768	2308.1301779306564	5414.890818486475
11936.865964182627	3285.7549923786305	4486.872768267585
10656.724079669399	4258.377032186552	4399.546343205836
9243.059207799639	2195.8432805713496	5573.040503481638
11616.65384869204	3717.959093246636	4590.079729050081
10497.397597063948	2233.8159391289596	5215.803793675977
9678.69479862273	2030.1870697585016	5246.356094806979
10568.083830144104	1674.4912334546402	4919.73196437469
10948.659929799935	2719.8589989105453	5184.7667223884955
11005.015978320318	3740.603650069096	5440.093106647257
12222.596563982348	1533.7704994112732	5355.477042434497
11029.583819829195	2545.631214413048	5423.115284822806
11011.304607506678	3488.8530931746077	5479.649609219481
11918.208718240337	2232.768299365179	5011.867268101639
11263.856077977303	2343.496504308053	5331.656316874237
11468.29438381176	3985.8193980702445	4744.705468178856
11184.404147095629	3063.1446954329977	4823.473745060836
7999.191177025613	4657.600132345315	5610.517150263759
10360.701631080978	2923.1062529717237	4880.977017873409
10793.643810193591	967.502826316165	5234.409375303457
10641.514050086622	3231.92433584817	5123.376976891971
10512.385292370804	3340.57513168228	4859.495491818354
11322.36912180888	951.5775877958669	4747.48816297956
11120.593259970055	2352.811492243143	5266.176047645426
10348.876180587204	2803.7321773148046	4804.813595849988
11641.906525213793	3450.9247093597123	5336.333481198347
10808.725420856235	4545.276045669426	5341.192358775905
10680.016469983388	3435.981643564016	5179.337736994577
10815.36397991378	475.4756797247504	5608.076855585825
11218.877563386457	3853.8070290462488	5100.192896642202
10068.01428992931	1949.61027442824	5340.405614658176
10539.377159797397	4794.250972444127	5144.175749357293
10583.045954774065	2826.8308628451387	5577.7825930003655
11141.707135460825	3817.2395751016893	5044.493883046032
9477.558958426138	3733.4421978626347	4708.414772355166
10115.95120873557	5175.449665202739	4818.107211130934
10719.468552848322	2413.7457815424955	5117.5355217525885
10424.007580624004	3015.360821616489	5022.184045158378
10812.094201657459	3374.5822382858555	4885.926237750811
10752.885304043117	3249.776569091541	5156.237222843471
9804.025260161421	5248.48116017868	4509.22151707301
11024.077806763931	2801.9383365367885	5245.121833190732
10804.675826416926	2167.003230471675	4553.288796608982
11500.031923078062	2594.9099572358664	5295.476698950885
11438.567491194568	2080.145580268113	5068.506459971176
10287.944878371176	3513.519154981058	5186.453121608472
12055.107472981521	1685.714884249173	5234.466542832027
9222.647921790272	4144.581070052413	4975.824505595599
11865.334767821512	890.9155104576482	5498.579832991855
10559.789334130692	2645.804156638607	5122.7738676018125
10519.499994764701	2237.412196628568	5247.826081769485
10337.321269367709	1967.7424540198153	5553.75217073777
10757.186314462127	1805.3636534743232	5463.326503685506
11302.609746586153	2251.674485291785	5068.104134694869
10635.53412479764	4104.168914037159	4707.531824230962
12049.600500941351	1488.120044227465	5304.2062129816995
11599.262304517175	1412.1072920319973	5462.499817714734
11025.19492562521	2643.1435552226817	4745.785668225062
11386.383467773854	1457.800597038048	5576.93051692772
11721.327785152025	2739.02217068506	4895.907425016122
11286.164854102579	1477.5646251125697	4949.709796172187
9680.635683132221	3257.857881011892	5663.939361033966
10399.700800627017	4094.218403845212	5261.94667867712
10995.38720978196	1451.6263152283555	4854.048191857222
13210.747876771968	2738.4375996489666	4663.577015840686
9708.468033937988	5563.448949823965	5051.688322013823
11729.04840846136	2140.9672474328863	5234.800575060198
8961.349428711403	3765.1587635997867	5378.645323704541
10173.278861216644	3976.008121984765	4786.023285580053
10573.57527554877	3427.753655812961	3861.9713304664647
11094.227443743914	2423.576929787931	4971.684466121497
12412.397267445636	2674.0092490756424	4873.144158487015
11407.397073131346	2501.592463273656	6031.190192332877
11641.490741693964	1851.578466921497	5244.549061161131
11166.068913644753	4358.211757360094	5133.392831028645
9297.875711247207	3685.513809391002	5327.524754686759
9429.125256174862	3130.963274520239	4864.760962327211
11811.312284002935	3514.8202098602683	5263.912929279009
11212.787316498137	1928.284346973437	5608.372278133666
10499.640150036485	3596.5352410206597	4942.500236311841
10533.699640911185	4552.078895167755	5417.1145841226125
10580.751122760688	5154.43441078432	4952.626285647426
9879.605893128253	3737.002718799898	5334.859039337936
9013.541498691075	3992.4222373872667	4843.1764661255975
10907.397424973586	2214.2787355823034	5671.474344800109
10798.3029537009	2072.96629042414	5528.484203639485
10808.734894289511	3015.906581617663	4661.514920357537
10754.858361729086	3509.652758072732	5003.449818285766
10629.519870375092	3790.010176672753	5129.1370779378785
10299.113954729071	2952.1448868602906	6290.012702780581
11157.657156491177	3934.5749987459767	4472.239296477906
10208.381691913517	3368.497003620833	5014.183502292098
3228.8436371854636	9387.173634927607	6590.221745603385
11431.104105518501	1200.422438007307	4637.594446936705
11483.223471346995	2682.3793682824585	4324.577428726367
10445.135596103044	2965.772236395797	4978.361244393318
11184.796365676973	1387.0959143092641	5065.509942310431
11143.767875475836	2493.404186868654	4605.657423185397
11781.064294466534	2098.0263687493934	5219.269666027322
12548.05138697438	3620.6849192462246	5509.59781222938
11725.930576701045	1775.2458290997915	5127.727951194384
8755.841601813147	4147.135746563977	5080.310483448538
11782.93087236849	2147.8065191917954	4896.57626404961
9515.868653262263	6020.153350589725	4907.340292876494
12365.403324369052	2284.915945135887	4575.051584422412
11910.189126524565	2257.837731682692	4955.686041677153
10780.27646613921	4187.4874109119655	5088.426517705558
11143.382274490354	1543.4150640723706	5090.502394745088
11032.764497450313	3819.090078444124	5728.355085132038
9671.577322774136	2502.8118394883413	5320.937384275299
9040.826528179306	4180.952198609065	5869.050113593081
12641.370001744082	3835.7316721399557	5464.231432319169
11839.326709506491	2805.51138906044	5154.239189918434
8041.384002790863	2935.237480993232	5409.699476785348
12147.388723200544	1685.5480001148228	5933.885582134067
10304.804552897547	3487.377976170308	5661.771552933309
11691.647922657918	3427.1447623064587	4902.944688469499
10491.688692643584	2247.972303896859	4766.4191128478005
11760.139552427974	2195.3840773541006	4916.150857258123
11201.33142086362	4897.950265103824	4557.732390291942
10478.328247985337	4132.89431303419	5570.449100572801
12058.759864710972	1962.6618995462668	4911.698207874996
10926.732555633056	2516.117655576858	5842.691743378352
11613.61293213828	2835.042507184464	4950.4797245752425
10618.846993794185	3087.380317821133	4342.391095849155
10314.338977240708	3399.377958405145	4767.808724900002
9952.614206973114	4852.4807992141505	5033.394387325215
11067.4559499541	2149.581067643603	4586.983269590923
9790.093419869072	4179.738403543291	5309.784204120154
11010.357738379633	4078.179155745723	5051.736121372104
10386.80169221693	2992.8810837200194	4950.196179311088
11829.961204012478	2794.171434026328	5563.717524321269
11474.424868596889	2408.6845273735994	5132.998041541935
11621.556744485399	2469.6676301031303	5336.579704567063
11971.893937841143	2995.1302257574803	4771.045195769968
11240.199968403333	2658.560271032128	4795.545539922338
12486.082249335423	2417.7655377805936	5188.634131430047
11143.806395342026	2947.389414744258	5216.056751060726
9169.157109048947	914.5452781609049	5729.5893944895815
11015.615711963152	521.7868741067876	5578.973782263744
11403.039143985692	2894.7151619385086	4902.489604513954
10701.232782096544	1384.5426750905708	4697.853843114386
9296.793038505399	2945.609472202779	4955.781712818022
11496.73073020578	2966.8217690734523	5523.654427537828
11086.648031095056	3150.979893868102	5323.610241172824
10692.130404548243	1283.637654376184	5532.291084647708
10955.515144510304	3060.7781640418298	4966.789208671424
10400.998045131866	3594.5338080446136	4810.1425130891885
8968.399503622471	3946.683767101373	5795.308743850909
11800.608500291257	3112.1194368863	5296.176229870568
11502.530284063037	3373.4657751019463	4339.933175824396
10885.581429004722	3670.0245729438125	5548.6339966123305
9955.488103198762	3973.2839233325135	4749.77672546509
10290.750980479668	3582.4514416442876	5210.114938986074
13489.351129236691	2384.0146981217745	5254.001977312435
11510.188279309457	1095.9496326551373	5439.494999631455
886.485510882167	12819.764649477558	5722.819870068037
10700.287207565698	3159.3148061195116	4844.890436658381
11103.740996584236	2517.9623903544016	4886.149519291743
9793.670798825322	3337.0050481626076	4567.019198390197
9392.057148511194	3320.1023797280914	5067.69234090272
10768.698065234561	4843.283462897781	5018.847635410171
11484.415741737263	2586.612952658029	4849.608481056821
9571.231836521905	3425.8605742577297	4934.665731901703
10337.514355702551	2437.0306635800794	5733.8043021842905
9950.965274490625	3452.0655549274957	4780.192403248796
11908.434028794944	2964.3806439876685	5637.7906413914225
11102.186750751593	3209.9892828293905	5689.54715666963
13092.300031659215	1771.9746825770442	5165.514550769302
10185.95175694734	3499.125017188202	5907.769436556645
9767.802628760692	4426.374457548857	5178.014750672351
11396.413585721291	2092.20974277143	5545.677323241332
9784.674191152559	2364.355219989885	5364.730312225599
10475.846383438355	3364.638984708996	5323.238778478078
11087.764501856138	1924.1840021553958	5309.540436222487
10675.480006360476	4543.796464714397	4586.384931723863
12034.121216258973	3177.838938534045	5248.182257368258
10768.531136927442	3943.57481928569	5052.992967448121
11951.253854135777	576.5796675331271	5083.300598615315
10835.575400797012	2382.498415055047	5383.209873398154
9744.757892431593	3822.6323970420804	5215.284731538683
9296.11523643931	5096.637040252317	5393.706291572583
9344.68748837801	2531.02608584803	4761.1135840504485
11923.755073595059	3880.275705685889	4936.326882863908
12913.496209080315	4750.111195689426	4966.620191648215
10407.615154595682	3119.9487440291196	5948.39567320343
10453.704016114136	4810.794733561183	4512.175431303632
12043.631643595145	1332.1054055958411	5677.928660127281
11744.627718228043	1572.2908993548615	5313.895610431186
10572.928065843835	2826.641881587436	5449.300741920131
12238.221945993319	2178.8367555150226	5839.170218729677
9242.08629214899	3386.7984394827263	5683.574319501096
11610.331945339429	2232.0798538001977	4704.240371507744
10939.77172842116	3643.7206677055374	5323.625866057918
12173.511251912265	3229.9384593838618	4478.469357780354
11148.873017848338	2825.0468832077167	4799.236858877431
11332.340673767452	2568.001239120179	5429.275135056324
10344.068567882608	2862.912742853082	5449.2024884400935
10604.658022549636	4047.5445126615373	4849.885152000202
10691.137389596879	1551.0881205890973	5214.770386073021
10266.908542220626	4738.602437476568	4894.42791614861
11587.28493607478	3212.6039753127084	5085.918513342012
11090.304462913646	2371.5796849094163	5023.387933749247
12332.757203499365	334.8350916318864	5137.593495775486
11243.897502134789	2643.1757728774855	5115.9172735773645
10577.506835329277	2066.339904277257	5439.881259139801
11123.615805808564	2798.5820230812415	5000.837446297422
10847.017549512904	2555.026650064876	5486.853885745427
11305.723507114531	3527.909179399493	5254.050860376073
11977.681092612958	1892.8731926712562	4746.773831483307
11165.542948825912	2340.3430464507105	5105.551637146916
10422.26238696589	3716.111408490961	4956.87267053369
9388.612369451279	3984.482621103656	4793.67965183292
10531.80012920948	3031.3537609533205	5387.125448851835
11800.381805669458	3691.9949819082935	5056.888653589967
10684.032777386697	3958.2796743716444	5176.027766145112
10356.808252643954	3311.215284113579	4785.769751787871
9130.359962519511	1719.834585101807	5269.405943891317
10038.174533529975	2639.2869376084186	5479.408453308239
9940.355270236163	6759.213298052301	4905.552946957788
10664.88130556022	3456.5861374500073	5348.775549353463
9178.462557823563	3330.9390374396926	5725.198644532042
11422.463742372893	2850.724275409787	5241.781450851068
10761.549452914953	4678.640614697671	4736.850756563474
11886.75453239222	2613.637417176024	5250.9490463522125
9246.589203621012	4487.775209649265	5482.697902198931
12772.11786128347	908.189577797592	4998.178078075236
10329.941006876652	3405.6872820416343	6344.951492284389
11230.618480678335	2356.753118943435	5679.928903117295
10871.703659298133	3262.690774640212	5100.950029688627
10842.12315176827	4428.0704446638665	4793.980768097583
9908.288200148047	3326.059879608205	6010.999870699629
10697.115921990775	3504.9240115020784	4958.081110555354
11816.503305065205	1215.5280965606244	5194.004858120164
11410.783715229458	2991.1061452944555	5146.970834161103
11417.847629021717	2730.8525936944475	5187.5360535249165
11922.466972985323	3043.701150645462	5335.266036468248
11007.094019291893	1902.2485673261326	5048.504367027467
8936.795556082025	5342.253508837704	5198.196583842021
10621.19971916633	5245.878818887584	4571.395678008992
9706.532793822946	3563.427364925481	5025.307282265815
13240.435117896986	2648.5463901142757	5795.291204389793
10740.06006347218	4223.774244342582	5108.518083449664
11356.323196407726	2706.1478038332293	5074.240910114501
10464.45940138374	2384.667101197661	4994.970383335496
11041.08299694485	1743.5511275234605	5544.626337505927
11491.752323272549	3786.5890098945	4885.928955207446
10231.229969245753	4588.187984848216	4437.428195034722
11151.659041082085	2037.537559744598	5420.0521684929345
12243.910017341275	1272.7882031147444	4505.331543051257
8608.21749970258	3015.7736157654667	5263.3077533038195
11863.477401807357	3964.4833411699587	4914.408627294083
11434.409998629213	3050.601145301194	5129.369479596228
11251.275872173577	3236.198336127441	5268.67325819104
12118.55869652433	2457.785942754572	5159.743172399396
11307.483582269328	1496.3075452988783	5342.403117110273
11590.983717995587	2845.327796038729	4845.603534518274
9583.197730982685	4101.16771981802	5379.060635954735
12038.6779061226	832.9174826663891	5507.435938788417
11983.068117237033	2078.2255610302054	4878.839532415527
10211.670016658374	4879.508528964376	5169.140396397887
10596.397409516738	2763.085268873217	5709.520010474482
11209.600644707101	3480.0410451975513	4915.894937565693
10841.880564718638	3672.821407180665	5131.422741738954
9891.159044520175	3111.7725858506305	5251.284314766994
7852.336197668204	4906.438334889893	5576.5192895522805
12505.465930652606	2029.5696144814704	5115.7821655716
11437.406302026962	2628.8186026928865	4966.650425888696
10980.627047970962	1411.4231816657327	5028.113583707295
10905.552259691352	1541.0254739623952	5729.740426172587
11132.511709178898	2548.6509804265584	4939.285724545855
10540.853521264215	3428.4427394518457	4497.495542026033
10893.223346502671	3405.8587160453317	5103.966455405799
10309.442432614453	2359.500403556362	5069.300197895361
12231.798250408727	3991.165279300412	4633.632267643127
12540.38538551217	2313.8105623373654	4517.075643842397
9705.817952611376	1086.3629216241618	5142.674768929084
11566.478904792757	2490.324678107656	4790.1846322200945
11359.253329172758	609.215071651582	5177.906487416799
12114.490037372021	2486.088156976622	4869.922047700815
12423.062869117382	1411.555006097945	5289.32878697369
10541.396741346358	2645.1756359213464	5539.11878272437
10964.390519843731	1156.3424828188508	5813.796763879582
13340.292672093587	1012.0308965575077	5326.743525300322
10719.49438808632	3616.7916376170483	5488.424999127383
10282.899784810917	3378.947845759835	5458.8046947539915
11370.699863082813	3001.2120907543754	5927.256665402471
10453.90466525902	2002.043609103295	5698.59508379568
10630.835157543033	3222.573419239514	5170.265478614382
9955.440923503422	4696.0891547663905	4969.176268765361
11304.266322006168	1057.716943729538	4965.81523628603
11149.488151521547	4352.522071006292	5267.352347486699
10740.56870795401	1747.8008004899148	5657.961087310008
10469.79653871229	1398.895843254769	4914.56323438248
10608.893909778026	4267.477277394676	5705.693706324205
12156.878948487829	1957.2291665593516	4602.131754050544
11318.32123227006	3015.993227133744	4820.965750579197
11409.206052492646	1734.406922015307	4810.344963005334
9886.254039702042	2363.1543153418106	5133.299449645848
10336.4505717332	3555.2622168407574	5184.860110131514
11081.618407477454	1201.770320362071	5348.701557922587
11385.723698963222	2788.2520513662967	5003.066297771248
10605.29757742022	3152.5592181302422	5811.238746208054
11849.346022091326	1990.7044619209448	5178.654910800593
9943.42105478453	2443.330848955965	4714.504699845361
9717.900570416932	2709.7940961499157	6064.783402905367
11152.346800873856	3201.1723694910534	4937.120967102287
9613.213801388429	1778.2170563660893	4764.89702149784
11968.0402874081	1551.66977199953	5062.295048148198
11393.19925868892	2106.3159489841237	5812.8045631086625
10930.152622572286	2748.1117396789055	5421.8372645783575
10854.350642422536	1769.6640147082057	5358.124854059807
12599.956511413151	2067.640204473111	5674.812632415715
9312.057070430266	2945.3378130170704	5563.679485013983
11260.390924365838	1535.0237169249974	5452.891178318431
9236.344255366092	4267.310501002315	5296.321020965931
11047.990432272263	2480.016013363255	5042.152270092509
10670.868131658346	3296.799480118932	5452.349392825901
11081.110098483206	2764.4948479470368	5672.062217503204
11208.576382291778	2597.6818624099446	4688.79909505451
11200.395078070196	299.5436958875613	5145.826714536123
10531.95663090939	2345.2404139433893	4888.421806088449
11673.891295005593	1544.637005702467	5570.947848732975
8630.480415994387	3887.847077073682	5507.442016068022
11252.751725347549	5944.119985463982	4961.128836991109
10187.083923115648	3315.618870702663	5023.062714291838
9439.836264969565	3437.8770604717497	4951.375758700652
10383.854276383474	1485.8440723531512	5377.841135969879
10917.750709509559	3083.3742813523263	5673.478525735119
11858.606736337622	2174.6700429693806	5074.624129263823
10967.343993533104	1878.5472631913103	5494.799923380174
10988.252142853524	3608.2882975305783	5191.079062535213
10434.503600101638	3153.4071861156103	6060.068672732101
9663.946332407644	4714.964460556	4726.642146757504
10792.406154844652	3475.7071661273408	4979.406988188055
11164.284954949542	2970.7660208120988	5830.406290334643
10887.54688115955	4166.289043858167	5068.199299421835
10338.6528046685	4347.653130361943	4911.382994078305
9785.2964624196	2245.6213292045227	5105.213545918603
10965.215432588753	3027.7034157065996	4619.699028139997
12091.883999165475	2926.3643432831786	5050.075807389622
12431.352590893142	1368.8200118849916	5159.718478636424
11325.083084432106	2950.1763175132774	5748.829989223987
11037.252692211081	2619.322284680091	5413.875025340229
10164.999270548145	3999.8411342963896	5363.522729651564
10241.932325576257	4039.831768799724	4835.256526659049
12215.267705053358	4136.420724865313	4816.156711271307
10796.529953187266	3987.509541166054	5033.928916428602
10186.925933072142	4254.391506547181	4771.095002491568
10976.94648348222	2005.5992915179402	4894.113183414082
11566.201866462932	2818.8343353287696	4802.805902737243
11003.424203076751	4440.293687035185	5009.711330816538
10775.326066845357	3267.4181481224514	4859.379063635543
11158.278467975031	3923.4958986122324	4798.525568362904
10323.796466501026	4537.79575908417	5315.682743827289
11016.761494037677	1718.2599295867963	5356.9302297925515
10290.75758745858	1842.9990472106929	5563.307410587861
11338.99432254422	2520.651363544327	5025.522398799073
2951.20188817842	11410.532853852144	6295.219746656388
10723.031943007849	2511.5567729754584	4985.025374772669
10732.545895115056	2242.7975369012124	5548.06124478905
10820.784962938464	3559.16894252834	5550.1815767243625
11037.31413655118	3154.1981493996286	5378.923843372677
10337.00572548047	2690.4932572361054	5118.409600785283
11308.218911574997	1910.1342374746928	4789.158168405621
10781.553362179744	3333.1131565888386	5122.160320784719
10087.115514196468	4449.788304289378	4821.450868842883
8690.371024784625	2785.033502649356	5478.643300246892
9413.13264895316	2739.684141969406	5718.617779516791
11765.125813337409	2478.693698618282	5549.960362017777
11398.123037265492	3580.6888898308903	5290.586215835852
10661.117279295559	2132.1615169570896	5065.499865229727
10033.432297121732	3200.009225617813	5347.814001668443
9364.219486445369	2579.4941475212154	5200.144987618884
11274.553964619547	3293.7453150632614	4919.532553372907
12101.40480567239	873.0860837793471	4749.010051500651
12120.549824492677	2363.584084757134	4523.450825203392
11559.780771822865	3127.2530249850925	4908.6014782070015
10965.028165788492	3007.19240612784	5057.274945348905
12657.440281995443	2825.556877727953	5105.357386360611
11212.004662201805	2515.826224477364	5385.195702496723
10744.776060379569	3319.4211730130246	5237.053284445385
10855.640371695166	1584.277200178401	4846.42408349804
11438.23182304417	4790.04197107756	4911.727059107519
10357.857475522349	3535.5893237839327	4286.553044531186
11687.09563029262	3064.9120664324587	5069.931826331011
10973.97955810717	2886.9602623872224	5093.356637468653
12171.211905611479	2579.867096233511	5118.066287345689
10688.659976852405	3774.641881038617	4588.737263177341
10393.61719901948	4320.255445794131	5115.234393222575
11193.985939332475	3048.2340873989415	5245.064801802444
10282.1053278394	2289.767316232113	5168.939057892079
9440.556512035255	2350.5755804672217	5650.346007252431
10844.459619464815	2062.359028014813	5069.871902961022
10806.247931040181	4160.166558250308	4848.218403141845
10653.843305631659	2544.6768334559815	4749.711990208191
11900.707397488819	365.67253772449436	5462.780959401301
9045.714822735528	3661.9346181090486	5435.59136506093
11505.383174555562	1981.5625288563795	5445.873554019676
11644.820648029396	4684.337208169651	4954.605755774764
10663.614162858918	2983.5677085412412	5185.949904628148
10218.81105411807	3342.0070775390245	5342.850683609208
2571.2051402756492	11470.305124492992	6443.520227218193
9989.39559572944	3606.8941658412464	5273.040503818478
12119.2476303081	983.1716246327297	4757.169733803813
9327.91357106131	5423.873589067409	4588.976126696917
11194.748166664569	4091.9219687777195	5125.041116536013
11371.137582472515	1417.5688604970485	5069.5258142056355
11090.518353451364	1944.5455866803834	5600.573056820625
12368.326606578834	2860.3168930727497	4472.640705491115
9859.600039815867	4114.004091309482	4946.424803852236
10939.13710256196	4426.5997689160995	4654.923153814612
9660.110279906661	1546.8043169135647	4914.047362175251
9894.770400791242	3562.271456159768	5533.161575052754
10585.453067088998	3562.105838458329	4493.525766009086
11014.508524055685	1784.091462902538	5117.136427929234
10557.096062775978	2784.2851755146417	5278.207726340259
10816.086029138154	3177.4400621107825	4627.139036606737
12773.870631460773	1127.507815658033	4978.914201829515
9147.099004221029	4803.3435590904355	5670.458766555115
10631.916851408525	3847.475416940955	5739.396352043045
10419.204172656282	3305.8527248667365	5912.193528615556
9355.747292887556	3252.780251490534	5202.5483972376815
10925.80864108955	2928.0189917864072	4959.484430351677
11083.730741343286	2965.0019870523447	4880.549903690479
10736.142269652417	3609.340735778294	4769.455150470681
10006.655184484995	2912.740700821357	4466.002465890624
10557.503395664176	4389.735587740695	4377.551342445712
10428.140630215757	2898.8881457554344	5588.835937250447
11081.927516094745	3778.725131252988	4678.376369922447
11699.299856152333	2707.396448300167	5754.634834127791
10415.875942858343	5126.544829317364	4803.081873588103
11253.766775041127	3660.8032080309017	5442.00604423981
10357.773636205882	3965.4361374653085	4777.175094655819
11234.870460590335	4066.3755535831556	5169.544964022146
10318.701649679526	3286.914145127469	5878.764748862245
10929.058248266583	3118.445398652632	5034.018837225974
10661.208061438567	1221.0634059757308	5530.6076995551
12085.069306555972	1704.7641509518758	4853.630017914717
10268.646843164073	1722.9344483008483	5017.434498067281
11080.414986781898	2707.575243165359	5580.406603950336
10629.159461159816	3297.7193745502855	5279.1638397881625
8958.75206135438	3886.6466363437253	6176.362978017555
11202.334285868896	1007.2174890683308	5144.845596343536
9902.347098619479	4932.907960175489	5878.5376689687855
11750.909538469337	2405.2794012737995	5561.425169524109
11647.276699394439	3146.7761397956633	5485.663258741381
11994.864162013662	2958.077703117559	5542.204461651804
11656.969306114224	4179.314128468721	4730.626149404565
9686.840685185436	2227.320978672346	4905.960262209169
11639.029085231008	2973.5410009005464	4781.518862128063
11109.83672581011	3807.0054353647233	5279.886800698535
9573.230331622632	5546.075431492504	5030.1671848792475
11018.438015090771	1184.093489123574	5371.474394519058
9931.886995280862	3120.660195538235	5270.709778909155
12225.365819140286	617.865079476504	5040.115780801233
11539.327757142828	2870.9104619354102	4791.159956061699
11116.860879311289	2788.013866242749	4814.998257735695
9692.153978206117	4133.256796811413	4932.399510121867
10581.21376775437	4137.628243026548	5221.733867475099
12540.152549467717	2362.7701652257756	4783.305108288355
12037.709712128411	1615.1949399116465	4692.310716828486
11758.920598684086	2124.630323775186	5261.699396312916
11694.817064930876	2163.6540211535566	4950.02318959481
11076.89271905624	1381.28913229954	5055.55053504623
10718.706167368911	2836.120088951695	5562.215589092426
10674.543522183076	5185.020226619977	5346.282841510649
11838.714410898652	2376.4828616400937	4610.336051464345
9447.787158284644	3947.0203632183584	5283.365971236112
11272.326501781925	2824.9250950090664	4728.351298601158
12925.379364391452	3474.8080374833817	5394.133931429628
10979.784186891644	1806.5082464471895	5019.512347836298
11327.045204897333	1329.492354097684	5233.046825381032
11153.274524731405	3360.9986273636723	4972.493954717647
10283.579795603257	3104.1655188492846	4574.182616363678
11048.913023528208	3437.0685415997	5008.354747864315
11791.625596022719	684.1747848910458	5267.9631261774075
10778.205071904518	1635.7881182007175	4926.890725039635
10664.021783547727	3780.1178272176853	5435.204267359217
11569.006636191532	2171.9257828481504	4784.338920401704
11550.029975665966	3741.610448895912	5196.502387622192
10054.694803769069	4559.74692893787	5908.209717882761
10770.981966793974	2920.0913879589507	5418.471389852265
10384.876146576678	3990.9001916789875	5534.750221189186
10975.54170156332	2201.4714653008905	5326.7203510375975
10911.384347264515	2663.879002589471	5070.261038950681
11677.788573397402	4217.681038333803	4975.412273353546
11086.337222307793	2180.458185334035	5568.762092250376
12596.883675979765	2408.280564861316	5280.3590123927115
12096.361339765346	2313.364012048904	5550.003073877122
11141.187522011829	2491.3921069697885	5451.498608908453
11322.062871623551	1550.6573796418224	5170.955088651957
11189.698402773838	965.7184096095689	5283.912886331841
12174.147512144353	2219.96696861003	5224.804081212985
11809.458690583668	1740.6167190732149	5573.928981540665
10819.500188392283	3338.615407066583	4848.693073560915
11649.60907882158	3204.1148550971607	5091.841037138171
10511.049492255019	3708.8384701110517	4982.93966196323
11813.097034480052	1170.592848829	5104.279643767329
10671.50342634334	3243.311095124188	5516.941610314983
11017.015441000049	2222.2186113628613	5031.108042494936
10657.149147647393	2708.2338538336285	5671.290111846714
10264.270621737704	2144.47872102912	5350.801914578786
9751.33321223797	4917.458431064637	5704.871557659536
9777.36553852805	5091.598717901848	5431.880590705666
10256.966053554252	3550.718605213603	5163.249296536977
10606.854243849762	3093.111939102857	4991.507492958153
11003.678907576239	2968.621696663811	5129.8666033909285
13011.212028809668	2746.017794231832	4814.086714890339
12044.775767375118	3116.1872032549427	5206.755270788293
11996.806641624251	2527.5604634429706	4981.349651906129
10856.275903095839	4719.593723147415	5732.333650512671
11898.998499677513	3073.9519342413073	5627.639015303567
11470.136606342781	1885.406551542681	5001.66607087459
11334.395168503921	2853.896544306711	5548.748918132155
11407.51249876428	3059.1166590914545	4269.272613527869
9886.084042870787	2789.446226175874	5527.805745203956
10812.688530361585	3537.174779742063	5081.398542651412
12282.20527815651	1660.965772937137	5639.374770836342
10930.076890238153	2888.217757818529	4209.299342949722
10763.468179455233	2802.879180459593	5474.578515419596
12701.026631367753	2576.2856101986004	4543.531634134816
10552.770181410848	4042.044643956556	4718.514466044095
7810.558356792478	4585.196523495903	5643.885410546448
8760.696839038246	4280.3413691275255	5787.468826603649
9362.204470798915	4933.882386061665	5422.663411969258
10632.409975656494	4169.311689798453	4596.6170720887185
10432.38956091896	3757.326281942537	5306.784244207832
10618.229564021374	2421.745816156151	4953.822102713818
12614.18358749401	1960.0196585834942	5305.227128527426
11263.271358950831	3720.0334807796153	5606.711767829237
10023.68280377593	4931.941903953413	4700.237315442047
11606.19617176612	1513.0122659600017	5002.283005167455
10981.987474157528	4034.1176103395483	4808.624286461406
11022.300756845849	4487.434833007066	4979.7540799394965
10386.396959261398	2163.739732154135	5422.917998387656
11930.571524539457	1989.365095573976	5424.054282362616
11113.034562539557	3448.3283727610915	5672.940701769224
11992.892457470476	3770.0782501384997	4296.356226218391
9805.724580943974	5236.925878104765	5100.275911420399
11185.21401685248	3770.951620215882	5045.691913832496
9443.438254280485	4012.8150773258544	5067.8804766344665
10569.928851296507	3386.5169709549655	6143.994584069647
11793.859612913495	2030.7141365859784	5336.337119449761
11785.387552164832	3902.3357429738708	5451.922582357729
9647.586478954534	3409.209116046971	4901.5915539618245
9914.380750912977	3321.853006881964	5493.824886012568
10595.250566799112	4110.8207371979115	5218.860659020131
10395.19318986775	5032.193420360607	4914.7432480853095
11875.78439191116	2146.3137772894897	4710.305024115851
11048.764235840265	1787.2997862395268	5254.960299836679
12584.557332477949	1917.9179309699948	5185.600490326885
10875.086337334082	3703.0517012110477	5434.009593888523
10026.208648683429	2178.2221348718663	5022.075379354618
10236.350549472778	3783.178213403001	4819.759185734801
11961.295066660492	2263.9238771937294	5476.695462833419
11491.939286736006	2161.7817191599247	5559.495674461919
12059.055612525797	313.0743950046764	5249.057758932995
10848.381514571245	2175.6235804296634	5035.992063207746
9463.821639899379	3568.425713520787	5144.491512236001
12139.150772702173	2157.9695634126606	4578.518157585679
10299.06443109257	2441.197616947023	4618.178197414077
11338.793393476519	1716.8222619929961	5124.708773653805
11269.87007514687	2926.8364350926936	4665.3504712357335
11684.500745776752	3032.2019218386877	5472.8215092381515
11145.721318503192	2694.3776812380297	5198.52264750562
10592.675416753267	3495.480354647048	4630.936308558057
10487.792337297657	5025.301816105459	5550.000099509916
10619.720091811874	4413.670168310941	4728.657374179716
11050.637308880625	3766.4079253921045	5187.066975337718
11282.24305170763	3264.110339329966	5474.735253169725
12634.8886007795	2971.4820673227287	4633.762862581575
10271.885073199512	3273.347694673672	5196.722520867527
11078.673940211016	2276.86089159253	4849.771672274355
11227.62946269415	1614.3290304368322	5120.291929442184
11427.018148633386	2694.874598167735	4885.174616326332
10615.759449716998	2349.3737220243374	5640.1637465638705
12472.436578020035	847.9997039498182	4357.77356995803
10798.866979902528	2574.3090666521553	5111.240490512009
9572.841796303454	3267.664986751996	5494.941002958965
12420.186326168021	1683.2554474331735	5093.630961721292
11396.578967071478	4024.4790808788875	4814.070459222268
11187.591759148032	2093.3993591719704	5041.547430796642
10793.70552632035	1961.8129832957993	4882.523705751241
10902.452743882388	3914.3239060474316	5564.401211237293
11801.142432521588	3813.9893566370265	5449.033550809309
11216.86974923287	3210.793051772993	5572.607511690991
10142.162579224672	3897.9622974788563	5537.472499032067
10369.072415427303	783.7497975971895	5314.795411682353
11646.635009696762	1913.4153571102304	5503.603051680455
10206.754646847257	2454.1373671590964	4519.294641270048
10485.04370942579	2122.244249201973	4594.133702770878
11425.00563139713	3664.095308599746	4905.288754698778
8406.939970237567	4267.780505991196	4882.014100691132
11374.000693231546	2786.4034103192853	4793.466105492464
12006.05546869004	2514.9719279651986	4965.944417599521
12237.573711379837	1295.4595791239612	4785.573511910626
11432.932374212485	2810.5851465466585	5159.664201823705
10795.526977640218	3234.384718091241	5258.050777681313
11241.285979049158	3719.6972308428662	5842.807176410061
10030.504586984885	2539.2544926193677	5868.882440203452
10506.22771052813	1708.33803864695	5091.352362679491
10473.79103388753	2765.745190550351	5535.2826075549665
11840.861309627513	2793.0702945532203	5389.3578510234975
11529.989644904099	2146.2697165217755	5051.749313343129
9615.107899625802	3000.4830426088934	5568.105437417701
11617.918134707252	2069.7365270350165	5134.285478621347
11132.550304216917	3802.0794306775524	5607.952018111432
10288.482811803096	2654.812636247134	5426.41694207572
12320.893101663447	2311.9014189122645	5033.262928606337
9722.82758139892	3668.457923127326	5655.363529324067
12000.951795300556	2656.206388254146	5418.2241589331925
10406.362885248745	1321.215816724709	5178.833509876984
11069.620722752656	3468.04938504554	5413.138261422275
9866.030623361248	4131.961214125732	4788.55665727072
12109.176910678721	1267.0031339084414	5703.756093265334
11055.996824527541	1759.5810398097265	5555.894885411396
10545.211719089933	3145.2225175184453	5565.263669145032
11247.173594978414	3047.6065170141387	5178.040540506273
11179.932646655076	2909.1043285498954	4734.86523526945
11238.155284679577	3358.269311400406	4990.010268088059
8384.726048669883	4151.314391657307	4959.885306104093
10908.59258048201	3573.6720363435675	5040.988941900376
10880.510349435664	3186.9004875159253	5549.215673459526
10933.452101889596	1551.6733011442345	5191.937747030274
9939.205929288977	4578.737812879188	5079.119930204773
11505.631640918295	2551.058353197155	5485.850030802818
11766.710609441703	2821.2205359327118	4757.638416450741
10685.63511135791	4850.8951587396205	5344.648462803783
10220.010083586421	3365.6886761341425	5720.036108149099
11746.009652707779	4580.8264876702315	4709.436808517703
11481.292442489406	2972.176560477438	4574.45812047559
10073.910432138538	3910.9862617896774	5215.761182869329
10458.63721004142	3247.45094570453	5478.838198158819
12831.130968454827	2844.1042873584365	5128.846006970278
11369.729177988385	3246.815766177832	5205.208487949307
11570.790306874644	3893.1187607738966	5220.1000364961965
12434.787454615307	1062.341062094492	4696.037803225579
10054.285703724529	5277.507417863691	4919.26088349818
10084.357984941254	3506.3741705445723	5094.694295222396
11152.478929753333	3875.791184432694	5404.812777685917
9575.689315964806	3981.223170892129	4435.679216026144
9805.730865383466	3598.4873349541954	5414.147931535727
10768.236413653656	3088.767869217733	5036.741944128166
12270.291609435686	2403.1844429863736	5008.361205663886
10819.11566869326	3078.156929307766	5051.005440185208
10693.637870720622	3304.723307938575	4761.906773639808
11102.56881947098	996.432005824742	5536.077535421728
11105.98146322527	4456.4325669003565	4961.61930254559
10269.893950843752	3201.571823094485	4882.67747308337
10894.097486792743	3763.5542084640274	5490.885981446113
12287.28635887853	2842.7725657925002	4744.44672228655
9781.943533528867	3382.3236794920313	5416.069987512947
11140.681551220945	1517.0807836951187	5171.127242334742
11920.099257253753	2275.424727426926	5228.031142391657
10170.904785844752	2058.5871435465033	5331.18566839975
10848.144114339386	4286.568366165359	4889.381607082073
9716.87062782894	3079.014944839338	4282.214567594625
