1444.620512745352	15821.456349493124	6874.823414492937
1376.0055363773847	15861.393739494399	6660.324378335797
1020.0853402142656	16997.434305422383	8000.123622967709
1575.1251037325292	17454.93813018719	7691.021266067781
2766.8713798029676	15013.331129024376	7777.312016907849
2108.1185483162817	14680.108188754652	7506.747914634368
1370.550852300433	15089.06020975211	7506.754873386419
718.0095501312236	15711.124888325206	8136.943050199813
753.7671750344973	16208.601485068933	7778.486755059097
1460.8516175242335	17576.03078162488	8009.465976909141
1430.4161226883755	16951.36891469294	8175.6557311732895
1270.804389222965	16247.545525369373	7911.801388121048
1318.8988924162566	17212.066745749944	6863.1412174653915
52.09964636874214	15986.74133198424	7895.331745678918
2178.4693378110956	14067.005214123246	8018.120965441555
1138.8639893652046	14454.221475759205	8033.506865903798
9330.536319921366	5683.112666429527	4987.306558094656
-157.28687417949845	15705.375121645113	7839.079637712996
2181.5152084905626	15174.63064306739	7235.451201958599
1586.5009140784177	15390.19910441736	7662.163373591226
1993.5296022431364	15621.30002980512	7855.4791235896855
471.907006884054	15416.811589985347	7608.551503878216
2130.1736144266883	16480.733005078993	7837.508686854043
1612.003328173444	16392.875889677114	7907.048059578227
2580.0749873240734	14244.474363577538	7881.425084399691
1514.7925999940755	15555.751613196122	7258.089241938201
1621.5685433677943	17426.40590575607	7641.092435242187
2112.2433131757716	14556.256975157286	8062.4572910043935
1010.4297735831078	16414.99960041946	7839.11954264667
1968.5945362908715	15649.896982086777	8084.518873105084
2608.255852916981	15631.702234884428	8053.013001851003
1803.732489848047	14757.663637751117	8162.751989070795
657.3068371708812	15460.60192227285	7240.7811657792745
881.2760039987936	18277.763693391382	7271.267012362408
1735.0824883904309	15935.340248904942	8262.952857170072
1421.727891131967	16987.044494495534	7541.4810931602515
1303.2671132648034	17300.60547456926	7231.757440645157
518.75474240583	15811.156111881006	7154.963682783694
1554.5049187401567	14412.242755010568	8080.637810003944
1801.3859872628093	14788.990418751522	8078.620914427398
3078.677322892698	16353.147456313885	7341.014253003114
1325.1323512337563	15913.4884202492	7296.213556033523
1155.8712370116884	16217.467356565081	7669.6075147465535
788.8421341470796	14254.54385898752	7867.682185405785
900.7020608867447	16764.103925677104	8005.008136441751
2114.3812449956313	15111.046262678434	7429.427398949788
366.50609961141856	15399.090313852457	7070.7941490239655
873.7645329474798	14967.645298527988	7505.263395763376
486.9877909128793	18258.575933972475	7557.518129596044
2178.920363720294	16582.884645250284	7693.429684801532
1290.9807511987583	16075.688050988721	7888.727170738143
2925.42442957594	16440.002375599983	7376.220250291633
503.8159098342528	16431.983351931765	7424.282689732179
1533.3132230895767	17083.80106092086	7821.12984615007
983.0916298195917	14384.770090071974	8193.790075804167
876.4265563424291	17588.5639291566	8102.3511814171525
2179.3595773972356	15880.155663592313	7609.483270706747
761.7575796192541	16618.78717187845	7517.657875538493
2465.2069008133763	17171.27970109325	7331.917329994654
1922.641728074921	15479.143512903529	7406.909310755791
1227.2297877444223	16955.39162158806	8058.580522130729
1918.647709962362	15818.378947784424	7901.131064861703
2612.8813241552252	14307.26610822153	7666.887902904236
1641.1491925226126	15899.344956415369	7566.955543080514
597.4643970166909	16060.370650596851	7796.0521369706075
224.73005543867075	15485.395049562825	7860.332787365671
137.88131403218964	15453.885092783821	7527.8504673197685
2213.7789903460675	15171.996653769449	7231.9133072936565
1228.5195460660798	16248.535609319066	7702.677785472519
454.62537136481154	15066.837897747819	7326.295360016209
1416.1818443894153	14506.804662996774	7953.505887887929
9645.820328319156	3610.6759795033104	5952.041091038545
1878.2787880239202	14049.434359194373	7976.078796443392
1829.6204215818489	16495.370300865037	7746.59739595655
970.2765956294795	17537.65293706173	7512.538137694186
2006.2315791895558	16049.118995626459	7933.5930730252385
2706.064225094103	16464.04886364971	7470.481814679269
1374.9813743751004	16819.768867103812	7748.239973586393
517.4755357595295	15714.102075963207	8040.594878458145
-272.52968108494156	15641.161827164997	6764.479313197918
2775.6052289974623	17655.19735451403	7946.903996210832
1570.5134674207886	16046.93997265124	7936.662252356565
1080.358673457867	15048.170850968425	7512.122772328436
1340.872046088433	17364.985208415823	6991.837615340648
1759.6715098370237	16558.64353901394	7631.210894073537
580.7308095985326	16680.07845746112	7826.581306724487
1522.9863590393145	16154.917592432883	7762.911523026893
915.3861160782395	18351.08229086465	7529.031620584849
2188.77257969683	16757.78491568334	8107.610617893235
862.8771445510146	13462.070701592564	7599.93510826851
1097.9866534933467	14833.893472653139	7398.299687150555
899.5140291098729	17822.972825955905	7747.036877080481
507.4090089664371	16206.350177281483	7110.598032140854
1444.7009307282904	17081.26102525868	7220.851540571251
1320.2080256461516	14737.764279075738	7511.354833342989
1777.873715423751	14572.06056077842	7644.893317986323
878.5387074334927	16844.79536146544	6919.818209140924
3141.840996405498	14879.06824304188	8254.647762382127
1974.374189294595	15005.322561373803	7804.786512268374
1216.2426918155836	15433.736852794063	7847.342219075189
1606.333801653165	14430.993919281034	7880.398066457132
842.526830273904	17361.32535222404	7840.971661991946
1268.4346937202015	17673.253625680758	7535.089301187023
2156.304190223537	13316.023084268847	8024.4935465014005
1827.6680688205436	15506.982449946494	7922.205217863627
1537.1598925670044	16196.633977994925	7968.2543779442185
1280.9892850178676	15464.404366030523	7589.530311376876
-658.779240275861	14335.355796012065	7628.573198015105
1993.561753126087	14552.564893593864	7793.615507725863
32.21152347860664	17419.076282875365	7620.048324194646
1858.8568801743586	16262.895324913366	7787.283140859523
1457.8790686374175	15418.30031107452	7633.105302141068
2217.871294141739	16516.60069117499	7655.504318570485
322.9622408218639	16049.670542051877	7640.237276111369
1627.7711965031503	15429.209477061222	7697.277862523834
1526.011628395914	17390.776027312168	7812.902659174449
973.8020688624209	14454.200983885376	7423.430371501133
2397.272317068831	15933.197903273998	7901.786768207841
1179.531601443382	14551.272539516838	7789.330707435438
2391.5238872006375	16610.482405202285	7544.889426653494
2832.843007623047	15034.083159939864	7926.414445746992
392.35707772700584	16203.906761732425	7268.40092938119
1500.7072351059307	16246.666073761347	8213.732045222247
2012.9200171162117	14013.626380591533	7825.801455001777
3939.488513008558	14774.966949139793	7870.511434481008
-332.5651907228811	17942.550164913708	6102.513364607116
860.3933917229688	15727.300557849705	8029.385751183928
239.14820973947795	15751.140250723842	7310.5823669981555
1048.779314912562	17000.721398741753	7228.953006201261
1775.0245439563391	18406.125381851547	7269.82554903161
1388.7877756121231	15798.631166921303	7594.460109615744
1957.0844197615231	16504.47717371087	8325.484802294537
267.2023146102909	16636.804224739433	7690.532810457462
1515.387324198531	14114.184611558163	7582.9600623325205
1075.783490465459	14897.099302625247	7800.016391797151
1308.1438551812578	15604.3136769715	7813.97070547335
2333.5080229977957	15770.232138997448	7848.3257656090855
2626.41560133112	17048.467729591117	7606.057457959546
1599.320268909061	14882.782061670929	8023.773095957463
2318.8520970540926	15210.080545029816	7382.921203468302
1744.0856740506274	16655.93575107851	7253.174602953635
912.6703316940636	16476.321871212924	6760.836969286349
2818.7714553411847	20005.76852987664	5549.090921139053
894.1965974056105	14705.78935116615	7922.558059170283
840.4481112037746	16075.544689595088	7960.771796189862
610.4944851973855	16186.37745351491	7504.1089160459915
1836.5882862832957	13916.363419249763	7578.648756896852
1112.215618186925	15562.62579406516	7833.958132887163
2035.9754298502169	14466.311025501172	8261.75770109882
712.7956896702287	15487.527437509516	7983.805551655245
1275.2106881955096	15659.48155567406	7753.714063717843
-254.5844873810612	15925.02422479146	6922.030957233128
2858.337353768267	15508.511558671482	7600.333988038732
2874.394759157867	15648.832053392098	7975.783128801346
8365.177547300189	6263.92964032978	5397.523786500801
1533.9336938354556	15835.287368853149	6998.632242176174
1690.238820244466	15474.20116906132	8104.64455366866
3260.8358460969744	14561.313926223229	7845.83912626631
2699.4863344647933	14594.61277683078	8300.806618641473
1719.2007295026665	15753.814431762448	7273.5135760928515
76.82147197192926	17198.36679887368	8089.776768338595
1802.9319074881541	15754.178137327624	7756.210211856874
281.36784405034166	17447.34957588988	7396.432793967137
1472.2399358838745	15757.389064568139	8059.858345054027
2210.253455209384	17051.486887214465	7954.7131524094975
1699.4326692821494	14339.52097264846	7633.646537123625
2711.0681135913255	15287.19717003535	7380.060976568538
1201.9415687394094	16284.30443836183	7443.835004227215
1284.5606834319801	15732.963211963672	7383.838474595606
1172.0962415693486	16522.04962084127	7702.848452489061
2006.6653891055253	15563.660989531014	7722.7540398845995
2681.829362723859	16563.910064364725	7751.481358730667
364.9773695421887	16884.64938995003	6824.042957947269
1532.3982873121674	14599.639150161618	7925.743649336072
1896.636226273643	15169.546178367493	7715.97416342192
2484.687229837035	15438.059976803488	7481.348697438574
1448.316639511569	16731.643416100967	8038.369612004284
1416.8119257608982	15636.557785207071	7572.356429517482
10564.243562467427	3531.8849339227113	4989.633341454703
1752.7637973439366	16090.844226724994	7685.6825337956525
195.27189624581794	16035.92017165037	6444.393626654691
616.6235082775345	16190.704145192794	6995.671092992219
849.3771572375098	15103.224330597677	7714.671758651134
2301.7812676051976	15822.95105416024	8089.19529870419
1806.1252975850443	13815.028472961056	7319.559766562505
1066.2627978305475	17318.396164027294	8038.01958744977
1063.4113233753803	16917.80663276324	7426.1625950972975
1484.4345101744175	15612.218763236977	7681.316038569942
149.83950784571246	16734.792464395872	7529.852274168729
753.7129373129649	16356.191623186838	7284.638318218301
865.6215172133598	15286.987306239875	8051.615039510136
10122.265054192569	2983.7191302464926	5757.920139385382
3186.549209181986	14719.910234501702	7674.170470441621
2338.2943070394663	15275.3515940525	8216.87293283899
2044.5025565409035	15307.756194925492	7485.505504608419
9029.73746892498	4433.291723340335	5220.66382331205
1227.5072830552922	17661.356800155132	7996.032509350979
1469.4174775794083	15204.758174081666	7673.874789790385
2022.358381889992	15738.65374744448	7576.191460214502
900.1159651252143	16019.46825192014	7413.564841463823
78.96726311214195	15957.716860240518	8443.409703531375
3132.4156957302466	12343.259377868932	8157.555643805665
1798.3527279508728	16500.418801106112	7693.950338689046
1549.7828374751634	15772.783262879459	7514.169784498023
1668.3754282972718	15786.82213709303	8326.235868392712
1142.4998211493764	15545.882034278766	7229.474465379898
1276.2412065610233	14655.943575745492	8004.234039549366
2531.9377076280493	13460.197319467718	7677.672603500589
1200.954982291979	14499.877494513028	6960.090522663988
2499.4829262479825	17643.201906804352	7325.927105679351
1061.4370659755034	16711.36302404056	7246.401583667799
1575.3058147679806	15251.443416210019	7233.278468756377
1837.0561998738092	15350.997858053002	7706.450661552274
1856.749964653259	16169.008251958312	7771.002691487625
83.43098173399028	17008.344640798197	7872.390116862045
1011.9121988798906	16289.13857477825	7346.831992732447
1205.2290079447384	15202.293917882349	7457.703777554203
1281.4533175837726	15848.471449158744	7614.023420983196
1134.577021888139	15277.673606908256	7668.21071312905
1373.29101107381	17053.35839190594	8321.868888284547
1390.1291561527175	13651.686051288378	7226.204467699255
2896.4882491771796	16005.946499310221	7483.494027030757
1265.982906757873	15953.370239040327	7701.0510025528565
740.2961124352076	16079.438245601375	7158.194998896806
2252.350482068656	16222.238804899122	7734.937018712671
1069.4568242546525	16501.60461169012	7795.73682528245
1378.5478297245825	16320.427971935986	7236.091373440711
732.0964226995286	18691.88394987605	6371.020672113052
1575.8904112376426	15818.133603907083	7539.439659041391
892.8862714001738	18510.024110792827	7154.56329381077
1074.5150705550805	20104.5175052809	7669.506904785865
2115.116115985191	14107.85995515443	8144.39073522993
1812.0200687921665	14919.37966093301	7665.805012839435
1520.8413755963916	16407.367455222655	7639.264262024692
1763.1276076542922	17158.62992039763	7877.250515201044
1946.503522003593	13651.750300218606	7377.074502844115
1774.9018219373984	16089.334334261368	7434.861495913516
2048.7426516814985	16804.716832391732	7581.040420120651
1909.4580544083638	15120.269057920439	7645.16582429805
516.1259306481938	15765.309332935889	7932.1334895202635
1240.0572870851586	15908.526327837246	7244.941155153491
2627.878063607422	15967.530752434595	7900.09838549842
1754.924122872985	13456.5401134845	8028.655187168973
1463.258241026949	13356.728311791598	7908.214473051932
1006.0289084035528	19039.19478351004	7441.881267294914
2173.400760163663	16489.79226977757	7847.821054538228
1726.9968307503805	18990.429890749576	7602.746298452999
386.48246011789894	17386.985511040697	7557.310457313776
559.2451259471703	16592.08225621487	8015.16971711277
688.298912803976	15075.239259327846	7340.788509810331
3103.5780081386297	14196.693905320255	7745.803622099063
747.5212482564982	15710.985042752414	8059.7052744114735
1256.4080435962667	14878.816199003644	7724.887756315846
2277.569336560931	15413.684658088521	7811.753768290189
1677.3028586295586	15332.772345837939	7840.881936382411
2328.1668681293604	16982.502701883885	7863.3723422832145
1907.2108924936636	16375.027079566	8107.541862714498
1331.1241290296148	17097.928579845862	8156.81436364553
469.6899888730878	16310.998482697736	7304.604275976729
2286.5043904156023	16937.22278326814	7376.624272107366
1472.6575152629016	15780.759711167428	7751.314405361608
1900.2508090776412	14930.817246233175	7946.759191068297
363.39704848683675	15989.309927451794	7285.666306557241
775.0435541523553	16126.827896343848	7349.5856845976205
738.0662574269556	15153.726964809783	7554.5060555290165
2032.2776664867458	16726.186266290177	7517.581155307673
1706.6048090281847	17084.479882151998	6910.95857667145
2142.3126047932465	16103.249083752366	7138.733071136105
1489.243893854431	15165.085716945483	7883.213125879026
9060.695682223753	4166.88309856715	5520.531059727347
244.98808408037007	16254.317199246316	7804.293751570009
1431.9302067902618	14007.768940928074	8077.327265993109
9468.012153821888	5974.042641371602	4952.708056696258
1568.8347447059223	19161.524548430458	6892.694486099093
861.7172558221456	15517.614475138998	7987.376238596427
1097.135763349965	17148.387446772726	7776.912077149917
1086.8771891811903	14288.353491505139	7726.271125393037
1782.7287780777035	16168.083758657382	7896.895366126791
645.0568254191305	16700.908595246994	7684.299761229821
1144.5152292409502	14672.8271296144	7536.9233140837905
1117.3832237798229	17764.13838453728	7673.468153894726
10725.322398032193	3431.832151974129	5391.443832312767
1174.2399769534377	17742.595820423547	7508.538536482973
1166.4302314435051	15635.84339782053	7775.006291809355
2007.0949666227468	15751.666525984268	7782.96624022045
2273.3082475307033	13975.112795818923	7952.605771380709
1372.461097481016	16301.140260471482	7044.348374931661
1145.3688279923556	13682.467622359743	7829.143078212756
1796.3743572447281	13183.869877852067	8173.34476624852
1832.3434064894504	15628.95942303349	7923.4970973470345
278.5951251781019	16352.540210570452	7862.848423169154
2023.358069514435	16880.98431872225	6823.6468613645575
1313.4620466395197	16023.721095330435	7567.560078734031
1609.3697310219518	17856.246848962062	7914.223986158314
1601.970637073254	14772.345220215877	7626.662329410547
2538.954748612912	13919.887162517141	7788.044803449274
2806.6524107112764	14398.62449907238	8092.333761357346
1245.3136224119378	16794.831156167114	7401.624318943682
1330.158714852516	19357.770658135825	6615.247340627279
2128.5893733030443	15007.03867143393	7713.292258780191
2771.9593790837957	15181.934983791032	8172.535916793357
2439.619377028254	13765.986526596054	8302.405150818257
-175.21504749453416	17305.55785538161	7226.662268773729
2369.087478889524	17160.68424041041	7691.510204772539
1350.5113751616525	16025.877816187245	8022.714809861731
2455.87910648419	15488.37161246805	7955.369715752438
1020.1429454759809	14739.521830789925	7225.429191305283
1830.4196566808384	17610.308845569998	7424.558666438849
1258.6397206539416	18039.537089412268	7733.151455884558
994.5734573769031	16268.111604053602	7481.986798342172
1826.7174712390326	15477.050398183583	7878.726111100781
1013.7647203130116	17133.18058264956	7589.616577768463
1264.333422653198	14852.703145148447	7967.30291426076
3185.639607372104	17780.13306307139	6287.208739419072
1269.9731597549508	18146.401200448538	7802.071205716796
3168.7145415939826	14223.490323532558	7788.557283143537
1673.6378096006051	15314.406497324992	7553.641532168424
1447.3343017151099	16716.618695220768	7370.939447032135
2513.689906847925	16897.167627038132	7999.042210080047
1426.5810494635227	15410.232716405277	8096.7998806727255
1165.1886260992096	14099.592328914594	7829.950107150279
1561.3948189551186	16503.660725808782	7795.708894990243
510.6683829718357	18622.023923544384	7861.943840051633
2346.5566513042663	14992.225165351327	7887.773081297036
1110.5254057021377	14789.58071746076	7623.2840013822615
2882.3035218230793	14835.59846417408	7977.283015647683
2022.8552601565932	15610.306850013018	7567.268911496801
1244.996277176296	20506.22682601635	7525.852070710817
1687.5684343590647	17749.114451312234	8125.46269930013
1005.5998448360895	15261.657675354518	7265.03019152583
1097.1811615748372	16147.854150700054	7576.239296780828
2914.682441233745	15865.301491625572	7939.075516910692
944.8312860284743	15700.731346571443	7548.801364626625
1432.7462078262092	15767.014291444408	7932.988426768649
2316.6560920530733	15970.639468561476	7787.59347815727
4910.943485530894	9918.380242981773	5152.814694907823
2740.5086712427533	15813.381025552522	7666.894620008447
1077.6052831541926	14187.508551807487	8028.357606872674
1238.9913558865444	16899.924298310838	7498.217838154346
950.9003266238319	14037.50403666375	7917.343046350812
646.3429050882955	16143.06483956703	8080.184901265811
1070.7408967566919	14759.274004736497	7049.012311917218
1916.764352638562	17076.268328868824	7679.587547134006
413.50630217041476	17263.01051946255	7343.364143271154
1039.0481778123667	16667.481636637465	7652.635881655473
1853.929666138478	16803.667693484902	7871.0663077995905
1566.7128772103736	16599.136318270168	7432.42983400928
1673.0007128602995	17347.5157170245	8137.099252313019
558.9617537116941	16265.154181590702	8114.356195581003
1380.789952818676	15907.808031704259	7963.4792636867605
120.91457816548898	15929.018183682101	7673.292625302866
1746.6689214658813	15524.644028733994	8139.10853457189
1363.2131897007878	15880.231402086276	7740.750093517362
1153.4540316377895	16040.69015449191	8364.123348886016
2412.143585040242	15074.301233141234	8005.619682199596
893.5810848889504	17775.650643137305	7465.624392642651
1341.2634742899745	15734.156566993553	7903.12915362862
1099.8366569691648	15467.782417023142	8118.03514477855
1865.8758266499672	15628.3609803891	8057.899956829853
1901.056591742444	16109.65026517043	7071.5848588635545
692.1585138150948	14406.812848953476	7833.9272007103855
1167.8378062450647	17439.779096377497	7690.33799651414
1291.7910371116989	15877.085229473134	7744.648074700472
1407.596521645501	15164.200652209418	7918.277396010265
1254.6940842413549	15064.757212146169	8004.35901528301
1108.673110611972	13225.476557576443	8108.787998395227
1851.3041859588136	15107.775405762624	7708.884886284694
1339.9142006561608	14489.693341937542	7857.974125796704
1130.2060750161988	16563.292185904767	7629.139190546882
1086.4377660715907	16465.94157037003	7510.416806690333
2593.816436389977	15111.281699550773	8228.147888705891
1653.9159430867373	14361.691815449747	7628.612245484348
1958.411100738639	17167.428776340446	7078.3645282458665
3553.630396195151	15963.997441381141	7941.902754897195
1751.8389414650017	14579.131518019632	7794.543658337768
1798.6786940948177	17589.273726547526	7890.0831182722495
2310.2141138305515	13205.113514564817	7590.426588312544
1308.9115825668216	14989.850901815778	7489.964672399673
1664.4505162068567	15754.721610640103	7942.4221956039955
746.8096945987323	17504.19146659227	7545.3167581507505
2049.9935233457263	15940.912342504706	7689.448044262589
1594.8894823399612	14991.768586588556	7724.11623088648
1877.1116920915167	15272.991286287595	7539.8833779415545
892.6121256145974	16310.843493894727	7377.09706763336
1253.792299035199	17742.94919808657	7766.202781662899
706.1087767728472	16109.179009194528	7287.44009643445
1783.6405772022586	14257.99865990676	7789.086353922536
895.7208168855359	13956.762823436793	7711.798930692641
825.6683255548264	17970.027634700917	7462.1447996971965
2402.2736234506924	17042.539913722692	7304.256750008376
995.8376415830829	15664.864465661773	8074.144622348544
2764.470128270191	14680.555739515275	7278.495262567425
1518.2759379664758	14977.969535423947	7214.57877570884
2424.6202571141157	14242.726257166903	8455.86718426462
2271.8270609803753	15551.986198022076	7968.267920913639
1654.9659911032772	17377.18322180228	7655.393694756125
254.2102816301318	15126.340415801624	7733.850000944164
1432.117532452424	16008.614612600566	7501.507539006556
1599.3795848514587	19077.59211348878	7417.829293519865
1017.226990779076	16419.877921169078	7004.797383952565
1160.4817434541487	15803.14084484181	8173.840997883996
2582.985485856885	14923.72022221838	7511.035847859991
2377.0549634139	16083.937880610541	7862.891675715656
513.4457754026427	16310.525313879125	7730.334344271096
1387.6109531833351	18154.801327081364	7986.981418914002
1329.7003753966092	16595.64919839282	7826.657032970148
2089.8348740178703	14656.331129205877	7921.084804851872
-948.1035762514167	16504.36386667479	7421.7333326466205
1779.5695125349196	15967.127149713122	7784.62482134851
1620.9763678786828	16334.361448211059	8016.223003071189
1139.435028587452	16267.345546631017	7428.680069605533
322.98082098646626	15210.888548345469	7826.246996000148
2137.433285059338	16299.865522094842	7554.738111576629
1359.9420341874104	15633.366766784677	7381.191249063761
1383.5236590890638	14582.807324213869	8153.453971714782
1184.604776587412	16028.218565697964	7722.931130189729
3925.6275322881297	11756.406648006992	5961.432498659676
2393.372275691584	16177.942099486494	7933.133497983076
1337.637976050287	16027.636824081375	7564.855591178613
1223.6977366975962	17219.085031504423	7469.133060236366
817.4117764560052	15213.221140911248	7733.281332899354
405.3756793413387	17096.935416380387	8176.70983424529
1467.3171742418926	16551.646925084315	7549.317220579605
182.15677938197032	16706.320322897693	7610.933892666458
1719.6954379238732	14336.162811541428	7720.759884952883
207.55225444124883	16423.214834789862	7742.375326536154
1480.4800455463555	14884.859197479522	7919.729281483002
1606.4935907253027	14529.597882879749	7704.9640992683035
1063.6908310430501	17553.019575995717	7428.14434797114
1921.317222550763	16075.560700135735	7759.067154964216
2888.4813704120093	14853.438776615103	8041.310285618033
2551.683187203523	16186.258838002053	7834.474524163039
1003.0222339941182	16170.40349427352	7547.206709419232
1234.74919083912	15416.377733501628	7413.539503774111
1649.01241828278	14794.174321841769	8065.539504974747
2051.452640881774	17622.72279212034	7682.740855076345
1326.6452284821614	16741.950651445808	7729.707305178331
1548.061214590029	14957.364916877108	7851.420178844612
623.1391919635897	14228.944884648105	7426.778057041502
1538.1390362234242	14536.467127718051	7605.81536697299
2666.6689102937075	15626.002662790539	7746.778954423367
189.04264435552093	16085.042744435079	6984.775256970402
37.859627800371925	17205.126375980137	8309.740437804065
1494.7474024143573	16870.136269396495	8176.199620261864
1408.6318172583967	16939.018021580177	7769.594265155636
1585.3775634265921	17328.757092411717	7043.72535929424
1450.8319555758758	16982.91528132446	7373.238030767354
1166.9242192588447	15643.608869385314	7043.346744852552
1689.1760830533171	13867.455420992319	8563.967203358574
1116.6820045205304	15783.550358610011	7356.873343701827
1210.871426306976	15867.066977204373	7452.0368558421405
1599.3107603762487	15781.18714219267	7956.448589468498
75.30565192191338	16004.61508579608	7801.589628234073
928.2299661502085	17045.39330121378	8145.697682714175
752.3514593740636	15242.616560742987	8134.082709651051
752.2696941120421	18413.776910256034	6888.5757946742515
1795.6124477380777	16034.82968566423	8034.6999260940165
2163.4828268701904	15912.40909039123	8071.615545003117
2950.313506773127	14877.72964254412	4890.393015979989
1937.5690061801881	15049.227708160888	7324.452548367982
805.0001447088749	15367.513516955074	7534.076472319205
2090.0824460423055	14830.890615361119	7684.965733063093
10662.697026328136	3775.888259609884	5702.555390504942
164.50534551598713	16148.17134286819	8159.663845479702
1594.2719209538418	15155.418490599592	7779.477747213266
1570.2476048364424	16653.864278467674	7743.385680301163
999.187852802225	16354.216116108268	7772.069815734208
102.73883272684397	18796.01252771242	7507.607456126575
1751.379081720674	14230.566259083997	7689.22959426144
1914.1358902414686	15473.463944986866	7147.702620348698
8649.427501069049	6015.040611903253	5567.552689267471
362.95703165552646	15607.082630945606	7869.8121286549485
1236.3277201888293	15342.190521356624	7460.131191948562
1334.8053095937191	17063.637014255666	7464.666098184971
1383.5766163322376	16217.273322926076	7154.829691944297
2686.1183670296905	14247.093737984642	7366.157953501285
1675.010710603507	17138.450064949528	7779.944361381423
1312.9313909721445	17006.735198249688	7720.742775657219
2484.9305225112694	15940.721815858868	7918.612067233833
2644.6496553463453	16560.602182866467	7392.361207510879
378.57325733295374	15563.178678291157	7830.029779283723
1185.5788502591151	15308.472120282444	7382.6321013263505
447.1347964564721	15219.635459410358	7753.953587046811
1365.9277636494578	15566.677017112223	7723.108283038963
985.7557517460834	15936.772872382417	7695.200862079978
1950.0656065323597	16008.071983032474	7287.721620814503
-310.2687399224724	18266.02484509263	5880.059791920929
1459.8102411184739	15809.568764407262	7592.0100990422525
1287.009601561469	15334.727085546714	8140.485972692516
1769.3736707565954	15663.411066713526	7875.249166611265
2156.8062289848326	13283.756993203897	8379.798509072036
1845.1089327004793	15936.768547597414	7822.073466468606
1274.1480974201531	16051.06474118295	7871.824483798747
1440.2627767696733	13698.049341905098	7721.118412959735
1225.9123548242258	15085.85242050451	7987.325672726205
1884.5641747350817	15917.189415218154	7492.712508535065
1417.0860380958252	17244.83503249259	7420.298362181744
1888.707159528459	15219.27828702231	7259.9809476433975
2014.4569869097386	16889.197186087404	7948.597106696512
572.9818878908061	16569.177442615524	7626.386082027806
2402.682439968684	13907.221587241	8161.7482177467455
1624.5921757279905	16094.792179498954	8108.762226995186
976.9523283882954	14666.823374095551	7428.39202889509
790.7072701196753	17948.68676609121	7710.83376911901
929.310772228773	15662.004712110662	7687.425520817029
3892.942922432706	14567.340084450478	8033.921447862145
2119.1127401993713	15167.157835528866	7320.474973286634
2283.1814252829126	15785.273118995075	4961.8400538310625
2189.0926394138455	14755.343100242439	7704.4239397375095
1332.4343139884807	14811.004267430417	8035.582871327179
92.25927946248333	15594.892105972347	8150.024681714385
2081.815068365532	16401.64350092958	7704.683673670081
1227.8512812293357	15324.35525097558	7519.404871219867
1488.9567527207714	17895.568799036697	6994.620948179562
798.4032079178567	15713.877760129555	7148.585875295384
2661.054576327094	15650.048432123696	7716.68121598042
450.82580372559715	14593.044749398927	8073.745503490904
2292.8137858035643	14467.841357180594	8235.364704793305
1658.833391171424	14120.83660647365	7657.559026325233
1687.5251014113821	14906.070491776061	8029.690236857447
2458.4260563664607	16360.794079253743	7650.949648386762
1372.1465315203518	15245.809447479121	7774.665669559064
1311.0389915210176	16076.293961502275	7200.517727593921
2055.5245120053255	15031.646174708	7417.350473781281
707.5052883781514	15111.300890278459	7937.846582859083
2556.7656731651464	15467.07763213043	7627.872636270745
2033.5022828005895	15762.576366604579	7252.914928896132
1869.8743079708117	15481.652808241352	7578.8431207645
1979.2995312687158	16985.021300688815	7443.963380431319
1851.7842354321858	15710.092144448192	8253.547872613788
1046.380897080801	18230.4086566832	7547.628447204199
672.9715997969292	15738.895155547254	7706.008661256823
-523.1417095579723	19597.224383430847	7835.696777846625
923.9002012984661	14300.27215845741	8177.963680763388
1641.7961646320555	16880.36065107598	7503.428715067136
1725.7990345324865	14615.197065715829	7886.441964505049
2438.198582695571	16234.286892445967	7916.796443715455
3364.0149887067046	13658.123326236506	7621.947854280888
430.2236031378734	19106.38730639973	7269.749558430434
1855.3687272641162	15185.981904577988	7857.7477035201655
1245.3298130642854	17474.4944959844	7255.355770602725
1202.462837655487	14220.04929219164	7558.005976142837
574.8179050509995	16711.494303733114	7888.412750175463
903.2032789046524	15233.373959738592	7788.635819280385
2365.6995403927367	15600.379184416703	7503.293085741106
997.1462296779437	18730.986630778745	8075.058643534511
841.0252448916683	15531.97800596362	7875.681694939118
1224.933222498045	15650.529463746996	8148.769472254396
1253.3810702300223	16471.903542221684	7773.443256168718
1627.0884041864363	15237.492828105016	7652.4527563774545
-432.87004537095095	15658.539945233882	7517.894060565049
1550.9205121192742	18577.70853452617	6884.427546296426
1336.6605147562816	16532.383175201863	7419.327958946313
1146.627588323821	17327.588456554586	7789.668210538777
2502.7281842572174	17748.078062257217	8088.915161267067
1942.7769746431482	16207.233868662552	8020.0734696447735
731.4187976147267	16314.252282374271	7626.405923278371
1221.0543002878562	17911.59265975539	7606.972005878781
585.4276246238646	16276.549355972924	7609.432745110231
-130.36801390066321	16070.947353757174	7470.361674188615
545.3702123032333	15829.718336757594	8442.837660722182
581.2988514459503	16591.256714353953	7347.78800764312
1281.4244326371397	17137.141876320515	7939.047809910431
9572.2718489163	4169.396914252225	5631.193736999199
1039.3711002248688	17378.623064224426	7413.351525406456
2703.7111445139753	15161.320395691835	7808.235209349398
1086.479856819545	18184.78401053864	7451.801167292739
-181.03065470967377	16487.78429639621	7760.6527804808275
2099.039773989226	15689.171035108768	8399.504359678167
1006.240824410089	18220.303619353	7264.377182756067
1070.059539383595	16311.283862174345	7556.7782436871175
1406.3626541677806	13501.128819506734	7772.612704703187
1600.9897053604525	15144.193565222975	8207.308243075302
1979.247571359005	16119.897393543717	7855.48306028703
1304.4006478427445	14182.618337295098	7867.047469277147
1067.7038575088986	15491.273539112142	8147.358344157648
1392.412761269751	15471.819893463251	7461.117072545017
1300.1197818071116	14802.78831670111	7763.49967478008
1357.28481959263	13491.21738667812	7828.86184068957
613.9481140740769	16280.773659778162	7288.5183255966695
1013.947736971377	18505.51512352918	7656.077199613422
939.8156910843066	14454.135687262476	7738.126237989049
1250.6131521622558	18772.271431186673	6809.796003644035
1058.1480512654869	15836.626896052318	7685.457675014501
1273.394742124579	15974.12810068515	7794.89274501543
1491.3773454156694	16903.184214893903	7432.745851796135
478.11830365292593	16439.6583049255	7234.367399429679
494.725450786019	17251.572819832312	8187.0962441173415
34.199343567747654	16976.19556862951	5988.371886084212
2025.666017602458	14275.887839380774	8149.881213034933
315.1743386766331	17115.119560954074	7141.758535248707
2688.043618563211	15095.190782822812	7740.731023323678
914.8511695783567	13970.865597268445	7565.039276417629
2035.1405066444647	15691.286979055694	7819.953066630485
1096.8931141059725	15466.168708771727	7136.788576777407
1219.1815322289874	16343.789048176028	7360.029212779178
1966.5444413570767	17179.53944762645	7792.942941889723
3587.0372898912856	13843.399884906157	5170.116477479627
649.7307851258479	13542.971662265729	7831.582913289707
1778.28982463677	17099.931600086016	7833.9557837276625
1687.6617662335514	16802.10247482388	7725.408653416947
1798.8863787150551	14885.752965155632	7666.033458687566
2484.0336196643816	15994.344333372597	8065.789480887778
2696.8585082282084	15499.60594819861	7412.439712863981
1588.4062623149034	16707.180135079077	7728.641688525321
1441.0558009317015	16108.532036518433	7943.971429837283
1317.1758116952294	17293.833150221937	7640.072967668866
664.9063292590881	16065.549386249917	8051.576792824267
407.5861031696939	14874.2841490864	7283.424890350282
2029.1371022550613	14957.56586112962	7862.81710089718
1678.1484738213858	14586.755313193727	7723.616950509334
2481.190749991444	13132.95813188982	7646.318265755818
1579.9861478191217	16933.887695583777	7818.541998847058
1515.4757223192264	16280.016013030232	7398.587076997065
3188.537506968857	15965.387090962167	7720.3324053574415
802.3134200579879	20879.297461244663	5495.432124620785
1373.14078386025	16228.469387854115	7354.295242980964
698.0531835412224	15842.540340537818	7850.633597811158
430.70744711487276	18336.099012206894	7541.658671168688
2728.06257842457	14383.890459540202	7539.427883132354
2569.111547305959	16800.96170537532	7490.276513872545
1544.0965572044072	13086.671858955702	7883.685861033087
498.9333393882069	17437.903513092133	8248.216940460003
2419.506536238379	14398.604163243648	7292.522695491032
11601.785025971927	4957.05007095656	5162.848633618982
1724.350442625713	14975.084298873933	7968.049793844551
1134.5578311375637	17855.40489207797	8084.475534396007
502.83999539541134	16811.273953979395	7142.696479572024
2301.0918568298666	14923.2724284226	7776.251597139566
1624.4517259117379	17466.28120995723	6400.104036579189
1288.0182409715276	14628.857360691984	7966.262714236694
2184.611068496336	16773.681134061164	7252.171986309868
1009.575857327245	17194.00873952978	7714.876165810514
1215.732136087711	15628.655378582202	7897.137738920663
794.4326164875617	15693.977513994403	7514.183659966428
1626.8506945464126	15884.69777084793	7421.264959757553
1554.0909932933284	15194.271218252487	7850.819222010903
336.09440632171084	15902.042988189554	7698.006915242007
1120.214559752382	16772.091459387706	7659.079311830175
2062.3034748664368	14926.83352093127	7211.670311809801
1325.8604721773997	16634.21913165591	7634.451055875811
1857.713344410083	16884.98311602046	7483.8735118614395
1752.2458711892298	15932.929881821274	8498.195813167018
1396.7905289516668	17075.45172601891	7529.108617206493
2047.8159333204335	14437.562694542848	7247.049229461888
2428.2861525662174	16176.709460749507	7186.93191021614
1344.5556292933948	15583.335522575917	7590.083145569039
1657.7526306549985	16931.77861959602	7849.634932263208
3004.414309198863	16393.799569505158	7979.333189382597
1691.7362330982583	17630.33658524942	7093.040442265841
1267.6317509679754	14706.729903899872	7795.914924077491
1381.7773573700981	15631.7819477552	7590.680276634537
1403.5971939487156	17489.406666932755	8021.246243385618
757.7772487952506	13851.435176380495	7855.30156301549
9444.66792300463	6220.20069356332	5115.940503844202
1826.64518974193	14717.643691923704	8004.502982542385
661.3997188998763	16290.36166507558	8268.608956339429
2225.498357080663	15941.180097242957	7953.901379530304
2010.4290057323883	12784.052224956069	7873.770856435785
1963.4595335745885	15680.269470105542	7517.699112751792
1791.9317022885127	16912.055703835587	8067.415055532139
2145.8733587602233	15141.849879450725	7787.470144170389
1198.311093376966	15274.186069773325	7831.228146984684
1991.607359543293	16458.775062430126	8310.363363870609
534.7406296304819	15851.143526040561	7267.782205119745
2407.1279016802505	13279.996044578995	7231.058511201861
1425.2444694850883	15166.410286969618	7316.544885104261
1887.095692221322	15783.921912917049	7938.88847010302
2109.6385630007476	14808.715672329123	7697.31106209812
806.482996594658	15333.948077949142	7983.207770836639
1410.8808390731301	14770.820466844807	8030.852494489012
2096.645469551916	15504.179160204174	7288.334119978745
1851.0533011829064	16848.963800751884	7794.613887366931
2316.857216626947	14134.773990174666	7910.537049376192
1903.0668611601188	19977.782240390326	5875.595661997965
426.6275525904183	17405.842217587247	8260.777267913492
2557.697014747066	13008.913912401431	7304.227437312044
471.0206638209703	15487.47193596068	7690.832237539163
1514.2700013305011	15975.283219219165	7857.366718990657
1024.704180106724	16017.483543156684	8040.754768679092
1660.2915032242145	14446.142953795908	8340.774662993688
1605.5240841511597	17746.384491741068	7172.395223601121
1079.1911954581963	16877.057572837042	7920.734804103462
1765.4498205256357	15729.503316121092	7390.060982899689
1616.2665775123762	17061.101724971642	8067.441117657215
1232.8992701301224	17103.15110856486	7533.917076389002
604.959569110317	15472.166367122929	7748.851722390484
1611.1737665047447	13867.614477403706	7738.683644532112
2451.4006272771303	15895.345461528526	7387.0606734753965
1412.17546824096	14704.34040104019	7941.550924504611
1425.5377489736989	14718.297644856295	8444.744893144998
1272.798164068774	16265.787332344098	7975.972306847715
2065.865985019387	16217.498424013453	7544.0424087615775
1110.7613015850777	16911.82177415975	7660.195645788745
9423.844895649572	4090.484225991481	4819.00564763361
1169.4369517797172	13882.623911180464	7183.286839657137
1908.453051750577	16609.48496360242	7970.117618004903
1237.1958581140004	18306.57923104275	7156.340218529991
1122.0928941608868	19738.4674214559	6171.142143483274
1897.605897951288	13794.672387434375	7785.4958399391835
1318.0401580012067	17207.035636891567	7622.980827983519
1260.0035165497193	15596.462547803247	7474.683095816039
2047.5604530829887	17838.916664155815	8348.430202259651
485.45455606695344	15527.653140061911	7966.382305351991
1763.1326369259966	13354.571717399196	7573.046925664837
802.8659229593039	15183.539100957474	7650.867891609711
1867.873314036727	13877.513942399662	7902.082785809025
796.1790027609509	16868.318801454567	8448.326799113245
1363.8810090251907	15849.553196103001	7865.52718870107
1242.7785640803932	15709.971286468428	7854.851999099067
2201.814032726859	17055.893499442427	7689.276307790714
1487.802408608789	16877.799708263607	7589.806539003273
1790.344534389416	15835.394121627467	7462.334051758848
2030.854086568787	15397.928207146986	7989.449766631945
1621.781048839289	16836.87427894626	7742.235355963027
874.1524804416908	14662.19789342869	7670.0985002547095
1385.9504165126473	15650.715736951612	8120.043235649172
1731.5892247625495	14913.150270108094	7548.060980742646
978.4425994246334	15379.098670495794	8224.417033606169
567.4541695791472	15810.07363877998	7922.9203834097525
790.3914837767386	15335.118905687978	7486.658201590077
1820.238160547056	16235.795727315943	7992.55005682308
-727.4938591182712	17445.478905659256	7916.802693064186
2290.697200778072	14548.553221902455	7287.408546430031
2493.3007454193917	12890.73058302692	7426.609524131927
1253.8039292224173	15917.774635238517	7301.893428857595
1301.0212311442936	15031.425142254013	7319.774573778474
1357.6437163403134	15378.856485072272	7792.060464171321
2163.0823022925533	15256.577385418159	7809.443628499172
1141.2172574153383	15895.873304839743	8126.477188145245
119.9510215052586	15943.608154768204	7844.095800561826
1339.8956645902451	16532.9675226435	8110.273512634599
1324.7626586876215	15072.89840666198	7629.694358631442
1623.8342962489558	14282.56884431018	7747.156532686879
2048.0915886672046	16609.9395559967	7976.440838944315
877.0587951031822	19333.37081489036	7280.187465726061
1209.770706138162	16158.576438916241	7758.839660384015
899.0944577579932	17804.596505664336	7350.875431868716
1002.238410460338	16291.883505977486	7484.187918495211
1164.124146603436	15116.504847772927	7472.740815694927
1770.9989774368726	15418.881687473862	8154.803016007203
1419.9488377967566	18424.84406454444	7079.044034060091
1326.9249394443455	15858.392686264817	8275.621116274753
2124.3665234734553	12806.253897856224	8004.862056407726
1527.9622358429492	16688.72591832361	7739.182409559675
1814.2564302891983	16514.140246573195	8090.453188798016
1213.1526056836035	18095.87053397403	7458.738781252677
1565.7555789768494	15402.797221458197	7459.297277042278
1174.0901618167147	14601.931567419282	7560.104100924486
487.2775389105096	15843.447130885892	8285.493175817877
1419.2772791597079	16601.168079378687	7703.427482200185
675.938695817562	14929.468239634398	7945.590605887664
1864.324242686645	14129.054882195764	8085.024931416081
1312.9517469261816	18059.835335422587	7507.253640154904
1490.2972990946057	15668.229580080999	7953.13485838934
1183.857306048084	14703.094675852175	7908.385239334907
778.8498761640999	16183.094998639886	7298.899572935076
9152.173346713886	4350.560380618137	5483.259892117288
2130.4661992497035	16079.345132729975	7829.17889173477
1958.134257828845	16085.390771724144	7754.264237398928
300.43428736471685	17757.05579015954	7514.047366081784
134.10259668854087	18308.80939707412	7741.769520076472
1478.0676525718607	16602.4562685878	7341.881967599668
505.5960205309684	14358.549409701165	8113.106278728203
1781.9694947218047	15563.639919562569	7716.481197707132
1416.7263036271013	16807.08624800432	8130.928805526054
1027.782558981124	16205.836131833152	7881.927555894285
2721.138526365865	16194.086754736678	8477.393684761346
1292.8489317024435	14653.453155040008	7966.829341618057
1203.9610302570004	16041.759286114102	7472.501301688986
1458.9850725612894	14724.041114582331	7879.776320843808
1379.9734477559548	16402.46696941511	7253.507972297878
814.2208334962866	16115.340096336022	8001.461240403129
2264.1226782224217	15203.10824231798	7506.21595111101
1105.2572179685221	17902.667934542635	7691.513972998711
1695.9990445792728	16130.839714287682	7714.006411376735
1892.4012918504886	15282.163978465234	7771.580466346851
1909.4576465597358	16699.334230809352	7907.8381857188015
2257.774391697608	17039.11156576825	7544.025291217231
928.4457747539245	15012.762190611837	8110.665199582753
1078.7629289961048	16280.832514196947	7386.554126538708
86.87321015856223	15231.983595577567	7561.862463978046
1694.8985468055273	17951.18074923662	7605.2908864565825
1573.3525592499227	13926.142951807358	7867.4660178924905
2596.1672681650193	15149.149046444558	7596.591251414796
2118.751198547842	16484.803854220176	7645.022364529546
1182.9683609076908	15882.268606915542	7901.719287772432
2188.944286356876	16000.185340425705	7875.293325119442
1230.3329787087794	15604.365131269751	7791.05201270665
854.322709167255	19580.46529140485	7533.293038563164
826.621165709512	17225.072585582657	6938.530543712308
1966.455027645549	15273.131896407804	7071.391660266788
2264.600355172474	16073.120352119066	7610.4007817193215
1690.905316798475	15203.237347529897	7690.171912656501
1357.1036559137335	13551.166877885647	7615.833688971865
1996.923220110469	12680.624902537573	7569.443214126016
2098.92579071204	16507.212332328218	7354.899809506887
2260.38415494109	16081.363729701616	7621.974889329493
4.66575605106238	15331.97558777762	7404.272365519874
1436.2127299827796	14361.87351263269	8040.487673385486
1030.482989655442	15279.296680963063	8335.824076533163
370.36555083026184	16037.515654516445	8077.782037502225
1605.5095273800262	16364.131480151518	7183.586712801764
1633.4624465340953	15938.439882523624	7551.739720102137
3268.648508885175	14582.602667050818	7308.3733060815175
965.6818745866414	13775.756292512733	8139.532898077525
711.6151138383783	15771.380461644112	7470.239590098535
1538.1638362279775	16416.044629207354	8077.858442531553
2174.249197622207	15727.727162852461	7502.530408549467
476.1312176822445	16735.473183919912	7604.610696911708
862.0620460822014	14153.620919051093	7779.49351633083
1110.060050369702	17648.739539843275	7516.069052861277
1196.6383660125161	15653.402401746425	7719.535604218608
1350.4377851029024	14033.033599533599	8209.966217692954
692.880510682549	15916.182585045397	7594.579779113993
2074.586512530076	14477.523633239924	7404.7493627256345
1748.65248769024	14051.523489580968	8039.290585970554
1682.2121592838023	14809.250231676402	8327.752715333854
2280.3883793368877	16234.75598633479	7237.137164546078
1791.2297192219519	14855.705906133815	7406.138365294403
1593.2976027906266	16668.528335976876	7549.155804147944
789.9065825602057	15783.399282951848	7505.7738634402995
1858.5000772619746	17100.123380532896	8378.076610784989
1813.0962033832443	16583.12333456257	8101.942944203369
2291.070281987872	13875.26478925277	7525.05894465407
1699.3819140408254	15441.961995338852	7824.781339241973
2070.572258581058	15111.439170656284	7654.193221365012
1239.1718543469535	15968.318857594848	7977.629813828435
278.827041579448	16447.268871698936	7649.4305228823
1741.398179076529	16759.541167400388	7915.748353672129
1053.3924611398127	14701.9072121983	7738.528118449486
1373.3119659372628	15573.13711367556	7584.64164321237
1428.35999907437	16464.807415849078	7744.59565691583
1637.3876751079688	15590.908016024598	7899.19181904852
1829.3358113271088	15681.488066412974	7488.507823529491
1393.705275892353	14556.964482035792	8071.320775549196
2119.469759793658	14738.325703517497	7556.920859378392
1754.237169678962	15024.854176784107	7353.834488417255
1729.7206442289098	14642.169202290532	7569.739956367922
905.5058034950165	15989.11936787508	7447.01273924722
483.3114349235661	14363.78146576921	7947.98040667126
2703.4394539728005	15581.40818650786	7990.110083184073
737.9120356463834	15482.506879219385	7612.656443967152
1587.383819855686	15423.646834963934	7937.294400840309
1426.0119877805018	14238.816672777084	7488.367049005606
1263.8067992769427	17018.005332903238	7471.014134772874
2172.943889113705	17322.56083486401	7953.215283705762
1016.6408950518	16240.965972582295	7781.9294857640725
2324.60353456816	15502.700264137853	7905.242023751267
564.0203224994041	16315.558393792593	7707.133629615761
2029.9745562167404	14846.020016456065	7925.896268747501
1702.7205042537557	17412.376528568722	8337.624792669118
942.9503731490379	16319.74570174574	7681.746606379846
7486.878434000377	7631.349502802978	5018.228767522658
665.0465224037803	14193.416437443093	7192.555315837429
807.1752355160052	16565.059017592266	7503.668163204005
1970.3584798238219	17819.515043398613	7671.093492541421
1030.4705541544888	15685.305763241822	7982.206769560448
8339.08663585527	5674.502302709572	4963.799154726978
2084.879139358714	15325.160008635783	7817.139976461134
450.49228248380405	15955.858826448082	7627.281402249588
478.2970736795386	17605.588220240923	7813.100796284479
1279.3522315162772	18232.263047082182	7729.271779500854
1790.264716702459	16458.48978254405	8046.144151829377
1850.6442381971133	15703.035204671893	7619.794795223002
2519.022101436244	16583.373164434077	7752.389201054405
1698.858059526035	17354.375566780047	7385.709327045531
1717.2069351731334	15074.475376289283	7745.258320428132
922.7113334190872	16102.317186804496	7893.846394537948
2611.0343895472356	14642.810008898197	7755.301793418657
1227.9615069341862	13835.107687199406	7305.459018815328
1734.9966491270893	15060.382339170357	7425.491786387138
336.4912395848071	15991.25608314139	7758.793336604973
1675.0300640403866	15972.92181452425	7813.973615192439
1679.2372989156252	16213.9054686366	7767.524696911412
883.6386297638963	18276.946293276604	6213.12864267719
509.0058558827086	15912.024615563882	7520.109180445981
1101.717589998236	14715.73860932197	7897.341016119523
1556.1895172487696	16976.935111820705	7789.976605645348
436.1191553645309	16650.799697943417	7674.673185533339
608.9759104720405	17234.52126497968	7655.5299686877215
2237.037655617045	14707.29792388687	7844.703102045336
574.9354258713803	16049.374454620796	7575.452784575382
1218.3503332526768	15993.118975810936	7278.163001086782
2765.834863160393	14492.553389240842	7382.713432331874
2627.3424261734763	16063.671802880339	7468.469061430867
1872.9440062167	15101.076253784498	8117.68631528441
720.6543135745924	13886.011187426415	7481.3442967261135
1090.3666407610228	15115.804951637961	8099.283486560203
850.2757648369499	14048.108719597738	7407.581392845964
1994.6367088818206	15036.733868176445	7525.681353402519
2719.676013341454	15519.396928299286	7582.124821087998
508.20110313917615	15017.412888562509	8235.282706233003
932.0343084920729	14971.222511971442	8176.099897692304
1776.827923575527	16660.52257294465	7531.687037612767
799.4524248950897	16208.344904711163	7153.639608693811
2046.5590581766144	14532.534385675279	7834.035357128058
2089.278412752532	14678.44381625112	8050.896187761143
1565.9607744937596	15361.466146857916	7740.101152854057
627.3521038485164	15045.874220915694	7683.221288444348
1128.2500143176426	15649.212041163291	7481.721653129918
1934.390694301532	15393.089713348423	8412.797538139204
2206.7193836324564	16070.88108443649	7559.804100425776
1265.2156219250608	15493.430597255747	8051.18802347372
398.15803420244185	18241.388392341752	7289.764221243624
1717.2431417750627	15936.964726048293	5057.049660448916
378.8743708246186	16831.842000405268	7385.578078387839
1398.8728919062257	14078.27345336516	7726.995588046423
1677.8143981872495	16418.454662104035	8002.777817787947
1802.5315167300007	14402.72102622634	7656.218414876905
393.9452686108911	13870.847993893816	7934.579606802922
1339.5096259222478	15778.525451390742	7569.727639680177
634.0385701180192	18653.544391321626	6170.809513779192
1409.873384930546	15062.991163724688	7862.462119878839
1393.5727831174972	15334.466874267659	8155.586459598883
705.4025161621962	15703.697446931536	7600.560377156006
2102.309143535228	14668.489762398065	7033.923734820064
1550.5783197905662	15737.492139344173	7776.611026170082
1877.5456483086746	16323.049282695114	7431.119407995503
1424.105433247349	14433.184683903408	7639.894175522824
1144.0054057113637	13819.18921685892	7711.736686052729
1390.4276296528583	16350.66227974539	6897.531728693593
927.3852954489371	16758.050540143202	7528.564808527609
1693.5243928543941	14629.055712881136	7335.4227157379955
2206.671906454755	15176.735411572627	7890.978256613404
1343.7611885930016	15639.87861605057	7552.078309469782
1233.300977479137	16151.035335016726	7646.139123210339
1369.1269288214382	15941.719687038592	7796.667525345299
2533.5002869064215	13895.233633620848	7807.654410971196
2023.8726255743952	15322.093631436934	7476.45987720612
1583.101371861817	13943.675687699391	7778.454313490424
747.5959714853719	16527.96759904701	7568.018021602481
2044.4379745408694	16164.501428969543	7524.224500943412
1720.9779917190158	15517.51424597199	7932.067584444581
1625.2655495898025	14989.807267524538	8092.334185094676
332.3217491407739	17862.447363212537	7470.43799435332
2590.5798050844382	15943.713968416156	7177.164581513887
8459.498430975107	5412.498687739375	6221.81876041937
1621.9112361680984	15619.871078341972	7466.673641201179
1271.1703317463846	15588.42034576882	7148.7497939793775
1236.864478486116	16555.961494884097	7614.101710871303
1849.9179133859373	14620.327886713656	8113.33688603321
1438.6981304624453	15297.017913458187	7582.257486232859
1388.157815157067	16061.788093253817	8006.868358095591
746.1806222588565	16496.081403631717	7556.505869382513
805.3450064398309	15678.232298717321	7725.03554566538
1017.1423184894061	16077.823876467575	7642.239633618885
305.22745882321135	16026.633986697754	8253.34590780817
1939.5111282308546	16894.471280057038	8046.525876089857
2617.163260888706	15115.48075706358	7460.042246083466
2108.2828940845197	13637.146396149788	8039.330103307978
880.9984140271255	16950.796937683474	7409.484414192001
2820.862574309032	14577.652564153193	8122.199974538573
699.4839029493249	15883.840223706427	7328.234345489497
1012.0252165780596	15998.595516411295	7832.222071723602
1399.362443678025	14669.827263058454	7664.736951607656
1454.0468421512878	16091.834904200403	7330.6791019143175
2192.746954627891	17375.012704372857	7572.650703166862
2659.621387371595	16017.036163032364	7534.110351975166
1685.8075445239494	16889.620963356734	7518.171433501042
2365.998636494496	14797.80355709865	8243.233199435086
1732.024318608257	16800.533746460515	7764.1739290356745
1261.3576956710967	17619.54991281915	7527.040897117568
493.93926126749744	18067.882256748042	8032.874784406738
930.7848073592546	15909.746142801308	7617.609670622097
631.430908385696	16032.626731491206	6954.168332029159
1482.66389766488	17165.236802791464	7539.254231961147
2122.7036390429716	14401.66048819541	7912.838524505587
1156.5372634194089	16224.62882528488	7353.963793460797
643.4883333134741	17304.61983591401	7345.826815971166
1425.4516534667785	18181.721972114603	7411.526029039649
1346.8365212654362	16152.715613754783	8152.893424749603
2286.2219589932843	15707.52687168489	7387.892259534126
1838.0381674264224	17070.138589910028	7356.11871580949
2281.314822394483	17323.836078311168	7556.814003789391
2471.6753275778406	16977.491150587644	7398.3636027932935
2312.75515305286	18663.555970700738	6174.586701095271
2238.832158370672	14256.428417028334	7418.1545134189755
2774.6561809026884	15809.917500528594	7823.709540700552
960.3927915535213	13943.89994560302	8140.965051479096
1571.2267081749112	16240.394914627122	7639.9942242452025
2063.401871391015	17121.581262301745	7575.236879171302
1165.8985510185746	14518.158700553597	7744.672565908502
2260.224684398247	15202.339588667544	7480.539200543097
1408.6393845262526	15517.641717764944	7686.023381815846
1164.2764270877879	18201.197046682595	7233.820653843458
1739.7053235932335	14898.480521425074	7984.054711228881
10439.707164730235	3822.802975932105	5325.010445475326
458.08423982522356	16492.421592151488	7285.7630948509195
2163.6542216274624	16976.799167044963	7745.561166839402
936.2193533489782	16565.73638374839	7868.335136571803
343.4086604958849	16653.502353261956	7613.22020533125
1897.2700799990553	16707.12549011017	7337.6773602343
1492.431609406637	16349.858122917552	7719.124656950901
969.9194980078054	16874.01016859037	7729.990835491999
1205.3499422409939	16495.364904262635	7411.428897035135
1498.2916996899667	14810.215828413759	7999.585727867851
294.8970059066427	14907.180492203073	7613.30407879341
1685.5992693580754	16396.29126953375	7620.572059985427
902.237799244816	17813.751366630815	7284.0065529938865
1916.8213159372535	16428.557130775414	7323.299124614984
1670.398794375684	16701.567338744724	8347.139870938507
5050.945107454958	12157.630045901953	4299.342987614198
1118.823371920977	16830.793015107458	8269.222780482061
1479.3936258753597	16604.02160243585	7753.42514557786
1482.8623769093886	14832.980535066805	7713.537648881185
1365.4830009091943	17978.310735548945	7634.314032110592
1975.2886430335936	15590.639502167096	7855.719662945606
1349.8101584355495	15905.629584025177	8140.370301527968
2083.773291882949	15984.316946962219	7729.418805028269
909.9763390919718	16258.49004510576	7875.885372253832
7792.653799826365	5992.6260895247015	5759.574527704106
1959.6670582116917	15727.192716374224	7506.796599669461
1881.7271305624333	16080.978507244645	7867.7362718348995
1518.4140308876395	14456.158592949536	8252.110334242352
1158.5168849966194	17530.114631032186	8178.997350589715
2481.107558811765	14999.872323033449	7738.534057684299
2250.034664769483	15885.143864470063	7348.623387866407
1806.192650403333	16564.182830918442	8236.8565354196
11557.334002526235	3696.48645080713	5584.6813399140765
2682.770839319612	14149.612571245523	7814.642008421132
2191.996907989213	15668.904305096803	8275.293013580638
560.312386995165	16943.498083734543	8160.404197044037
1595.3730336664803	16077.242133992811	7933.3682683959005
1431.1382162150185	15047.245676579612	8120.38048500689
1736.7543847830143	16160.174723519372	7588.601591835632
1746.757490244681	14077.486025656464	7453.6287638377935
1490.250824008699	15886.743736093531	7336.542341076109
897.0093917057598	15738.883437715502	7950.1660310169245
1680.965643927712	16203.547887664246	8233.299035601234
950.2182539180633	14728.886071280273	7523.995566988553
3901.50925179268	13798.061653588595	7826.753739798268
162.82147555578095	15857.477439056958	8047.365218489075
2094.8403308143893	15000.963194164988	8065.731558263657
591.7044982043915	18006.099802556386	7750.260939988966
1465.96796055438	16503.42103603433	8023.068310740654
1048.0319964852372	14659.379136843396	7828.778484981691
263.83981603200544	15757.352417504064	8220.290334095274
1237.4476292919633	15179.52087562966	7589.055595033724
1197.2007105984176	15699.08504404503	7775.5516607952495
1144.0386820789176	15936.794845053655	8167.925737509849
1685.0628814826007	15135.265359886009	7855.503855588831
1210.3046264552775	15690.225382205046	7871.638882655607
2064.548540303863	15717.591591439163	8412.211106773773
1738.7024578694977	12575.702169905579	7686.157839555267
680.9872331157682	17229.80033220487	7572.06673534649
1848.8123518010013	19934.581608521436	6519.672561678107
9085.957535909289	6211.671923337124	5443.82526468666
1467.2252798491506	16229.89541819978	7725.0735408694745
1304.639329577667	16804.362156133793	7795.114329555027
974.831007160265	15943.53801980646	8117.043124387943
1846.3077165259162	15821.316615959955	7780.886488939313
993.1342231820919	16242.668464243674	7709.271636806936
714.6764037787628	15608.891031084926	8305.529597065117
1305.026947939777	16731.63420431295	7444.053352378127
1534.9045810332063	17900.838058715177	7293.167810767265
9058.47732029572	4058.700586257218	6175.495485410561
1709.7584703768973	14334.926016855974	7680.180591710232
1127.1593733130417	17822.065603336167	7120.146913286508
2047.4647021301157	15228.788985912071	7569.728022610029
2052.0261026098483	16808.436322136084	8032.065628044517
428.3241208251748	14667.602551851152	8317.579722897764
1781.8443049420723	16245.77571400582	7109.049720731186
1648.9482681891388	14721.50074646969	7796.578995754421
1846.4558406855915	15811.010221076933	7450.42905293787
2037.9900220961715	16438.136510104174	7914.813123318085
1124.214975243735	14472.627988719994	8096.72378396408
1386.7165396581347	14670.101176207609	7766.089227045918
1623.5985066019819	16195.116158931944	7981.603721702582
2183.91032147817	17952.515117374605	7412.566390668632
1936.262292464382	15920.001852485922	7955.226155281779
3032.482590115532	13809.960398906016	7496.316059848642
1813.9697908264218	15027.865198513799	8472.380561631271
943.6699969468697	15996.670197596944	7387.838971380229
2998.6692111756342	14988.83507538482	8397.971999858084
1054.7699099730478	16057.600063193142	6971.662302942438
1632.1599509420246	15558.684159854023	7319.12797704216
1850.1443273101265	14126.836684563483	7318.849987146145
1521.2258156324629	16686.300956272855	7814.598018658578
199.4355419985932	16545.03531484139	7801.635564033246
2028.3702637902134	15273.835718835682	7737.009074387931
1394.664153723681	16310.281331532842	7588.300440884239
2816.670424716142	17403.281392616034	7919.996713374608
629.2882936719075	15247.070278407324	8123.895791366389
2475.628757230839	15976.290019564847	7480.525764989832
1719.4963988637062	16785.293947549537	7750.949613391525
1256.9775287410678	16523.114876152882	7983.600377466776
2317.582674422052	13796.350017961302	7415.947356557492
1429.55032458411	14424.511696418942	8016.001150770942
-176.97551812761344	16740.882175717066	7521.900260116178
1857.4640859751719	16780.985458472307	7551.046278326497
2023.4401898185965	16276.356584990303	7477.279696427979
1053.001250220523	16971.707132367108	7593.6096830055085
420.8996470421191	14118.004075517876	7980.804120686592
1840.1372085541566	16156.251416022327	7656.086102989473
2706.141064038021	14669.359620941297	7531.057391319176
1532.8118902149008	18256.058370087154	8049.492541576297
2539.172251355234	14895.324291306584	7726.292887032596
1413.12397740099	18168.203030805398	8041.379142269705
297.9684949301306	15322.455756828134	8155.659433557642
-204.63952092437304	16348.213491773746	7465.722916407434
1729.9647120850855	16406.000579455205	8060.897454770552
404.35818607316133	16364.684456863299	8050.348685829471
639.144494731067	18319.040543190356	7310.240236405528
1805.225794865693	15780.254420897172	8197.065898719353
2343.9964540117207	16169.44624830051	7401.5220963932825
2180.9156521627524	16253.69109781193	7760.229819891556
2043.198208964161	15261.698574106766	7322.634281288114
1602.8437670791313	16746.36180977826	7734.867361161059
418.04811914541966	17379.89352874026	7833.409080092625
4107.414720042658	14084.930985814717	8336.24640022826
1627.8244056038914	16168.251171291156	7071.329808476015
939.7426205241343	18531.602190876052	7937.662690619598
3180.563028314835	14767.073816452084	7645.336047916508
904.172610350419	16419.417982873143	6698.0227469161555
1170.9488388847954	16738.608091762126	7094.511965052307
1848.1022404767357	16064.768197835721	7584.3268912401145
1003.7861755495752	13533.236080410292	7510.097573835309
1253.4953435635464	15699.414040087713	8251.471190822958
426.60535761577455	16516.854415318703	7770.071574381692
2510.153575775326	15317.029328111405	7724.145003703692
1999.7429861943103	16667.51169456744	7875.37951013043
1517.503966142962	13833.874852924717	7750.034510886688
1169.8823170016976	15703.567397733694	7758.701243155103
2265.606555553279	16454.111550178804	7685.73092832795
455.60818164467116	14967.804490799364	8251.245346555203
1379.4126271700115	19496.368261486183	6044.392537250388
912.6702868718013	16347.956645328793	8126.950813065014
1186.495875951927	15374.598463813136	7657.66773347568
1954.6743588422746	16118.25012310046	7401.468194596788
1996.7170789611644	15587.038250230022	7893.776765693485
2178.900030681008	14340.918687928277	7878.9981552110285
1029.7920136142359	17296.510296212513	7544.978569021423
1239.8717873917967	17107.188925753904	7097.487151564475
2249.930277304147	14157.508283361432	7940.483436252617
1202.70303769827	16401.01310549266	7296.176748815291
1983.6773361292617	17487.079103493234	7728.9424003957265
2139.8630390113403	17694.739832857478	7347.009222934748
1288.1153547308147	14699.280047757888	7127.676616356782
1709.8476682872235	17211.086353746152	8154.278614876238
1588.2607909809237	13868.571882394155	7766.310716805316
1704.746042304105	14308.636782146106	7847.728307147871
1695.4999346045424	15937.230500142261	8120.392529017945
1753.739854079444	15891.730553487138	7531.944096649843
1736.2104921330865	13848.37412580966	7562.345739782127
1983.2276950236846	16090.727688280824	7348.941739892634
252.53450300741147	14532.12127417404	7824.34973310052
1673.2147377084834	16469.523420574285	7543.0692974923895
2593.5361217098234	15749.326764625212	8353.344036435816
2322.405458483511	13444.554635939492	8114.964641621833
1259.4803547181677	15791.992381504193	7310.397189101832
3244.1040967179365	16567.35196977202	7863.305359794894
1144.9095823314215	16265.783241438943	8126.329659690209
2032.2236433284158	16619.177503019237	6767.631014140977
1842.1675079724803	16390.7505898043	7939.1596327945535
1906.6570565425716	16088.310434292782	7933.8639111876255
1998.2721603017162	15609.822417646385	7876.021308277503
676.1938226710804	16743.632747292722	7404.769177547558
2684.5743968941715	17792.586213315157	7556.686581996059
1024.689080633741	16018.341760873313	7501.591979036368
2071.3288431551646	14848.909806085916	7738.353163305508
1308.7391046948849	15677.421364917966	8087.101055690879
1923.6770261590257	14739.822344321963	7591.654918970784
1877.1840191982678	15928.545515818256	7716.6411018668905
1034.81219881259	16416.979622718594	7747.681244158401
1309.355848649389	15647.036978005159	7810.63538828316
1573.4907760267347	14662.335801987732	7795.145704684377
2055.9488182901955	15722.126618830156	7658.276106743034
1558.7141599417646	17769.33290475241	8001.878813483682
1995.6709280825585	15340.856219020152	7584.779314990298
1325.1795943025415	16947.40290937479	7543.355496625628
1294.2372520300548	16466.933376807043	7770.7735063237005
1272.1695803609953	17053.036057726622	7498.80250742349
1973.9542658184287	14722.341801023234	8143.999089648419
1422.084245925395	17002.44788919777	7677.699197555241
2924.4049501238287	15510.683323399411	7560.5936792842485
1119.75557450703	14916.543239678886	7947.126905115075
721.4277527957476	17248.11109738955	7549.7989177116515
810.5566849372993	13218.341765447396	8578.834803929169
-156.52389330861783	17235.350310398317	7091.319177347067
1975.6723524994486	14305.819521458925	7603.618350412262
1746.4098234751839	17688.400001762202	7348.115747865264
1657.3956110914253	16069.760934650794	7468.344394100124
2801.145433964739	15943.384508002928	7955.114069772976
1708.693414589416	15746.124324863964	7407.170122338887
1943.4755593359741	16739.940656258867	7335.301951402647
1929.060296461991	14935.678816827776	7843.990856664799
2404.4044905326905	18498.083324154595	7741.948184980805
-16.5079712395403	16701.182147366926	8451.004247522776
1736.7998904503725	14600.01553871308	8141.621195750681
2030.1794160507327	16349.345576809817	7800.811381095351
2763.723301273514	15810.388408173329	7737.323732049247
952.752129301112	16737.33693809306	7900.931206826337
1417.3170082252686	14561.205147240062	7598.761454165675
1294.5731160690527	18099.963092419137	7359.906560564499
2272.6876136376986	15708.147652345126	7982.224054972651
1634.021735987722	15521.17750879484	7345.92857412759
1208.574936707225	18220.986568966375	7583.017072997576
2496.5862766266887	16762.011127458107	7564.646160492114
1719.4349433180787	15713.581917312315	7613.791877969217
