10522.253915464446	3315.525897027899	5439.054255009229
12514.42599992947	3024.1869056314918	4952.858792292522
11279.492864857126	3991.344931398838	4746.5663043871
11309.997301375803	3526.9699783633196	5412.449927808411
12201.975633250026	3398.831801716328	4868.017881541132
10542.567058504443	3108.81037536264	5332.157843700674
9555.974074155858	4727.389689964071	5151.704478448129
10761.17970383221	3096.64677434485	5116.096273158006
10811.15046675416	2687.370489543272	4696.60475218518
9585.932964040849	3289.2236907282236	5713.479057417278
11570.133609098742	1852.347144012081	5285.504779150937
11877.239868883611	3662.0945581790834	4669.450897089317
12497.324125356681	2965.8393704976747	5069.718453299979
12212.452887650075	1770.8438689571358	5388.54396199995
11412.390002792437	2908.8342199743233	5813.0924461196855
8810.816059996103	4846.071965885799	5147.4550916924345
11401.524895902901	1862.4832526568105	5035.48421347407
737.4434425131608	12780.060039770278	6821.753164364956
11225.082326177313	2271.444586295673	5090.291124872146
9877.169980278219	3673.0290339537833	5161.277487924649
10363.926183647274	3553.333443337528	4394.8254035945865
10432.750120009352	1095.6777581459276	5382.075912510804
10818.839158920506	3680.0027109164885	5354.640390471849
11330.845073147306	2761.828930442402	5262.3622083691935
7173.8220886382305	7442.784763084895	5344.643360666016
11257.705106237838	3290.1162847431724	5194.105520236809
11720.253617188071	2321.493116079298	5346.313014276707
10431.945130670205	4618.392725155561	5673.661598695786
10047.188674700132	4839.819481122618	5370.399372547499
10976.546724304551	1511.4801774545272	5002.286199185688
12628.42764502994	2037.2536386583424	4843.665600519586
858.2032694279116	14291.417171208448	7127.398620401794
10560.956268253027	2752.861075113149	5719.927896292417
9734.446342291494	4316.506611533801	5428.364102759149
1448.6674218423188	13285.721324972956	6796.093558771866
11111.342603584546	2922.1375498934567	5038.650872760325
978.5842761731826	16997.563692812397	5661.614961499092
6820.620344945813	6601.668361833563	5021.873037756149
9098.47830387496	3322.049816825235	5603.589830708106
10351.829485093333	4192.779161161751	5781.565508514857
8971.611170889064	6256.189097515616	4791.334598598286
11257.295405192963	2485.328307686034	5409.400826796967
2869.542555434871	12141.49088380965	4910.308346925365
8062.385017143553	5957.9053269695505	5005.805733494655
9582.189077027266	4581.938960269758	5315.096854400936
12449.731820313475	3856.013909527228	4959.6004951209625
11831.324186766456	3832.4850634291397	5745.01530780646
10415.806699012657	2599.061458078371	4502.832339721148
10038.395548749038	2424.355224831256	5157.00342915109
10164.341337362295	2893.8329689996403	5780.2783347939885
11873.594940552524	4514.9841226489825	4986.678470490665
1839.188473642715	14833.83737436843	6722.211213865238
2285.015543306123	11595.929535742493	7677.564237136095
3314.4263179337486	12704.24844032549	7479.185627560398
9475.829855600427	4809.284670824587	5107.197584606423
11308.166302820715	3738.308914280579	5159.8734208894575
11547.356470018945	3187.1112171892005	4861.717327550831
10366.212533587917	3624.3903559231426	5559.125794818325
9333.494403588904	3559.21608104401	5949.966293526575
9933.4918629697	1870.071826632211	5824.077959070811
10466.371047137982	3369.47604036668	5234.312765126487
11541.996348007026	3100.8704969669566	6037.221900310579
10415.706037274176	3609.1291615257683	5508.265982572044
12636.661238691788	3327.6235983752363	4773.445343657184
12146.288395759038	2757.199443978292	4658.146434142365
9502.533294425528	4162.683517758683	4658.288739034034
11567.858007278921	3100.375205293343	5650.206606856347
10101.271788168639	2782.3149682618096	4788.03936206813
8063.96514091259	6234.572609555276	5301.965514872205
1216.3600844404784	17190.157020297214	5330.846271818852
3017.830249822503	12987.81659939549	6161.34472383829
11809.20717267554	2352.3136576309635	4174.984732703351
10968.35166266267	2647.706991122164	5358.871619781301
11458.670835975761	4501.621059893724	4985.930775606598
11208.669677865262	5045.570233641843	4849.097368069248
10951.195535989538	3183.447979789305	5367.884361514105
10698.059935717094	4889.080042809746	5046.040143508857
9250.853433094668	6208.068032520588	4455.049179289895
9668.46607579675	4127.038796133806	5185.516758927312
10827.228695598471	3384.9404389486344	5299.638746644197
10602.144799769418	5442.225068450829	5024.296201347126
11155.130986514512	3202.0531008462253	4912.065763012078
10875.634652442526	2988.0464952663947	5512.788383528608
10389.866766908752	4075.2662442864967	4742.7822257529415
11804.564791729968	2987.7759181391916	4969.1705089993775
9905.55705710567	5030.390367668724	5026.674808097838
2386.622481971607	11683.498447064436	6828.072271043762
11165.259924793712	3360.228509232745	4655.247057842251
10352.923500786046	4637.777212104953	4985.057763220116
920.6594583265753	13149.761802688647	5956.594723372273
10118.545583231144	3634.0945747577903	5163.916951940607
9191.374422156381	3466.250664846784	5363.503279119715
1484.5196396570484	13653.409560322465	7168.271811690758
9247.292387647962	4567.464225971134	4704.323360177033
10944.431901247033	4299.216775722107	4870.667074426981
5287.868138526236	9480.149771487919	4726.192575840634
4195.378708886414	10722.757599437195	4904.828515222914
9860.950182592214	4398.986348737245	5240.401347281341
1829.8363795829416	14148.906626753687	6770.2702105747085
10016.333346144726	3668.6088095331847	4965.387148237086
11519.474193018601	3403.897052214829	5387.651486152281
12201.510010705015	1992.6282496908664	5843.76440140309
11904.951651006208	2661.638750352514	4776.508034326668
11945.44285175673	4930.687833903925	4444.892607872673
9033.978972298473	5344.60479398591	5144.398436184434
9649.262905934522	4201.919463105628	4838.291516656989
9417.299724817469	5208.2627250803835	4984.8194318480355
9687.081492875463	5297.683858254658	5852.07746228679
11210.778460651964	2316.5640096934294	5397.807439167845
1478.6289616841625	13591.25496852915	6521.841844774944
2099.329321028764	11915.79420607061	6918.864036927104
11287.191415052395	2909.6074105188227	5002.98265254894
10910.127378976438	2173.989458247528	5201.7620221704055
1232.024512468794	12833.082663838773	6426.014027650028
10216.565071830859	2855.5244850633007	4994.991690273513
9162.406297799645	4235.289115493736	4731.311342632943
10042.84021408204	4260.058215391793	5079.898227835478
10078.750422037772	5000.195881688782	4492.08366899852
10786.273857272132	4246.7594533897	5353.41970973
8682.243286131208	4754.905979917963	5254.983883405792
11767.936170485656	1475.7733920841818	5062.792164865078
12418.181182930122	1459.4804331055	4928.468390098142
9389.080922041925	4628.222285327466	5053.417273580321
10664.846281671264	3168.3483195723234	5758.619563775402
9485.716289913451	4727.051402806761	4789.448315582815
10766.795494524213	3083.7881847752215	5625.424218117643
11623.43156471541	2996.1643081273232	5345.026622874568
2634.056718045919	11576.105169622537	7168.680539723949
10784.204562257286	3499.7128011682894	5022.610499472976
9520.715949152689	5444.823211887427	5139.710194377236
9841.605734201336	3590.9977696537994	5064.385039908749
1953.9658041205414	15672.91878164301	5324.006542929641
9488.322842637805	3662.1678766234313	5478.196249009575
10304.27072572069	3173.8839663140743	4647.048444207562
10446.435739043585	3195.4384754629377	5883.031838303975
769.1619494067306	12182.458241003997	6565.904961449116
11055.162384367792	3700.2950920984963	4415.320813884785
1595.379907339313	14052.466140017097	5721.520971022133
9908.33398561335	3015.271170073931	5427.164195575178
10622.430677265103	4230.983522267702	5564.537934771089
10335.19540899091	2838.682692388616	4811.19216878563
11519.019546694486	3357.0567080023307	5964.869236621835
11516.134988389593	1562.4750046988108	5446.8258739431985
11197.688662551654	1655.02690790888	5230.56785096222
10643.327520034665	3676.5639882923438	5435.554483010757
10274.367138669666	5682.027901650817	5127.3952201330585
9543.695983920474	3944.1793072145138	5298.721651845642
8982.285598312814	4199.044351543014	4841.14897613479
9869.608565890268	2971.109854322449	5547.448069154057
10635.216641273357	3333.238575062605	4964.379374834574
3620.9034260505646	11784.904361555811	7038.787042166683
11689.798574824803	3027.338281362693	5279.8194099949105
9883.440012309467	3829.79617595368	5383.529477165776
9131.876462515114	1684.4103362066264	5385.223721584852
11169.0810375079	3467.705055187475	4876.372014459925
12295.729708926028	180.10396754418525	5457.131563869192
12566.144338449416	1965.0114504478938	5690.807997022108
2546.426539851115	13564.28910888026	6363.958852263816
1517.9087565185666	12988.566311319562	6585.151262310623
9744.74827616607	3586.5645306743427	5892.11994415912
11126.574539286325	3361.204082334345	5441.774148580244
10629.61316267515	4176.4131163431875	4991.859931519671
10660.795713840482	2440.443591812447	5124.464257673827
10047.037302944818	1980.5057987018604	4859.223160309272
8533.628275609388	5991.733513997625	4694.492568516733
637.7804126746661	16020.994370607503	6185.283027699305
12528.510202076293	3388.665973605236	4999.128856643103
10899.038480880947	2874.5802276446393	5257.713475080446
10783.484103523577	3748.466444119438	4491.865522702461
1624.7303211922513	18364.34786010116	5276.716053257155
11896.02404224559	2459.223292985153	5622.888689004804
1218.0684549089042	14461.858741470149	6786.39055452562
2817.2733916724173	13002.433255506654	6904.672668816014
2894.8974610793016	11066.609858204236	7274.407284934271
10821.930561818592	3790.2550532571563	5453.698014301473
10986.962152127524	5467.434767766339	4527.45107156192
10998.503623660892	2555.2257103778784	5322.083717674732
11079.706446066939	2672.8673777808935	5220.573542404413
11495.554388194538	2146.6505701013325	5219.867274008876
12375.789472408667	1950.5596145856737	5488.641194379388
10683.218800748758	4285.242557829709	5724.663354442684
9606.266898750728	2673.1989264402373	5033.9183837832115
2510.799703094156	10822.418268854715	7167.4717647847865
9438.91503976129	3896.369381245006	5123.944017915514
12469.273316572862	1070.6307989525187	5880.750786201703
11560.25478300973	2416.8471969879242	4779.027069354536
10398.975382131925	4187.811739554536	4988.502185603851
11921.175292220165	3723.5454421090208	5017.279984559831
8930.846960305164	6383.9043045785975	4990.874751150991
9811.382501203325	4069.375171410103	5051.768401857914
9663.326275613334	3011.6453569503788	5375.261740816472
12506.37500252054	3283.958743858488	5486.40401088988
12704.321384685945	2740.299285803481	5093.948921463668
9757.444991492956	4561.445137084293	4333.264005998572
2463.9383572920055	15000.958873477122	6909.15248274619
3428.9558319434923	12070.895803227337	5466.523709345318
1274.628359898457	13384.069937761904	6084.127471785544
9687.93413699277	4877.62620390741	4868.041924426356
10046.585568401371	4796.204778677985	5428.149502727363
11679.183090666356	3117.002476962114	5189.851177814206
11367.21049098454	2983.8394398195223	5453.958020001594
9653.028298532345	3781.008597148013	5142.865570401734
2949.5721739489463	13173.498747931772	6076.513012699907
10365.667473737596	2931.38486186014	5127.06398016855
10044.780980517264	3371.543415726424	5554.98810302015
11701.826468277048	3472.7218717268092	4896.371171751964
8606.403553488397	4642.366942662665	4785.459638637861
10533.32273438711	1922.7149403667347	5263.8432040723355
9599.790385156615	4285.282685920564	5193.89342565941
8952.272422580003	4415.253154193076	5935.7023591835805
10080.670928612944	3634.832191121108	5360.169946218824
11993.368559841476	2534.058195165967	5230.75545688431
9511.16888987147	5763.84293264122	4765.160789276165
2615.4947235832697	12761.777195700912	6888.893256582875
11304.331758822653	3542.720331914534	5082.363895587085
10331.85424167153	3448.7307017220323	5409.678741490092
9459.459497616572	4353.862663590356	5321.866874046254
11152.515709714833	4093.3111053439225	5058.644445370271
1479.998723338028	14367.947540851703	6198.368429054665
6569.026837146229	8351.583548080034	4797.703011354047
8865.649173565951	4839.162499093095	5312.770669420125
10886.746288129852	5299.705407649352	4876.774639248958
11309.210360424657	3156.9233410832658	4985.241386139118
2025.3153011502507	14372.478299624143	6529.02741237254
11512.770371597266	5073.438618520364	5279.281791915429
1835.0681618669955	13042.359248438017	6512.5574154440565
9702.01178659114	4001.306655567628	4894.305376143542
11058.571529630979	2349.623877488392	5539.802832692167
8293.11800909524	5432.564646848794	5602.760104755917
10528.892177692589	3494.813064880773	4979.575829345538
10537.635163699497	2264.5742003902333	5993.2715058146905
8908.23690373647	3047.4736592984914	5206.05663056342
2119.1488568775244	15678.540040226064	5577.6517177130145
11072.301114937933	3192.734600942171	5116.593852034138
10893.23556321787	604.4012210010272	5261.9157950489425
9844.95572744187	6006.178109324821	4680.137107421149
2058.790594284218	12934.227971475872	6516.004441766089
9820.59259197094	2880.5825921665296	5718.216561708465
9659.49463768761	4604.4699846403955	5336.118048497272
9281.867543196602	5452.508579917605	5390.97869367612
11584.65096948178	2868.1499715651585	4674.5972093106175
8544.502863773936	3325.5017724277222	4677.757357457668
11329.255928039573	2765.8231664590035	4940.736978044434
11337.822737057348	3609.8994093232864	5069.735302382767
10368.63829019867	3289.4130849643125	5530.887414940864
8604.847274882806	5435.262873468681	5732.742079025795
9180.495665546174	5486.286799645446	5532.803903631195
2126.5673537992966	13291.533567538714	6396.30779975015
11293.288931861489	2472.327446166573	4757.131848744768
8751.266940815833	3435.101594616785	5916.684944385567
11286.077255898706	1846.1892263854065	5190.543185169013
9273.937513807894	3331.393633363076	5135.240567900638
11012.106807205546	2153.066056107345	4969.110008870373
7377.706894635678	5846.328356079528	4933.255881383831
11099.480754482169	4750.673557670238	5034.514961712244
10383.816659198344	2806.1831347887205	5429.737448836971
10032.099625062536	2905.9604763274288	5271.73320283899
10192.783240393153	2207.9111967508006	5836.340135738672
11155.20028695798	3828.540920548306	5298.03264601249
1891.3069658058791	15655.004118100273	5171.147239764928
10237.926628492958	3205.275202526098	5442.817886174209
8438.9361346255	3973.8457365310283	5326.737206005094
9641.68287873026	5821.947945297995	4849.267438148509
9749.429593938758	3602.3376098135295	5396.117398598947
10753.673328763742	2928.6053378083748	5034.1635672684915
10874.363861038	2818.196703553627	5097.829187536251
11436.257091380516	4544.236105712981	4945.727562873164
1334.4024511816344	12465.708899616204	6943.669126925744
976.9497194797983	14916.794418405529	6723.371108695631
11319.61506644668	4479.4768046559175	4771.786758894661
1448.6075515612058	14355.858451314603	6782.2362293671595
11356.34250023725	2694.2497461132543	5662.070760857239
12210.897783650227	2734.765608996508	5307.52380386095
10086.490637818531	4612.641544022324	5214.781800471143
11820.725316285263	2749.723607988934	5276.345134372709
1873.058927266087	13799.38300752074	6148.730702639143
10799.319452144557	3339.4249445747605	5453.662505750306
10158.71516744858	2960.6739489942456	5031.68557166873
9531.029091155922	3564.504140548257	5202.352402984503
10393.183117613717	4700.247592978283	5262.569674996971
8758.24878122015	6184.035988506726	5322.432252005583
11541.689471557633	2360.8836790308555	5070.127317427167
10179.413251801836	2034.9199350290157	5833.919168510565
1211.4414194666188	14698.280760942718	5961.0155612444505
9180.681792099385	2286.7022508179816	5390.820550083157
3150.9392655609195	12711.822419271713	7003.777130648229
10419.687365339227	2710.5128088286897	5454.465993093683
11897.105667110245	4812.322967208727	4694.5283668007205
2489.277179001108	13798.242722092082	6089.395934881859
9677.067627368546	5816.518779250827	5221.196859142412
11115.226296477109	2429.371483167547	5044.867158914527
755.2820130884901	13934.058906072285	6453.733097249394
11113.125534008048	4910.121103796368	4953.7893414712635
10603.121780457923	2932.9060705992083	5414.198692220645
10251.122567104887	4959.3123849385765	5216.261261073182
11954.907405475511	2689.332058716218	4936.669548088942
7553.847743269479	5708.590273915908	5183.242119984869
10496.410982655947	4037.1320116707498	5184.647794157999
10084.397451390882	3392.821105654263	4470.089234119736
9545.854372530197	3469.8279471709225	5177.293229502384
12471.639097623804	2637.9934264693425	5204.398417461806
9084.847473704536	6043.988757677637	5009.47232022482
9230.365004666339	3513.6667393647786	5550.629842104457
12503.551579257557	803.8439434780614	5252.913514319627
10783.681713747948	2361.2358301228637	5377.6378715261135
2584.207726694337	12165.30891382061	6699.68457687514
1851.8634233287094	15601.470922969782	5854.001932090505
11022.635180453322	3194.2720160827143	4863.4691770278405
11126.076289448456	1675.5536389879508	5200.9861260030375
12254.780938675733	3908.5749166602177	4805.884005197352
10126.554250597635	2889.178371345958	5290.903966364377
10480.949368314177	4354.256691656538	5353.042922914553
1855.5061560979932	12691.717558643617	6779.1831160642305
10926.393115516938	4558.7220420869735	5080.518193592859
10998.565736574137	3338.6672801931286	4897.174285135489
10569.623279013855	3349.4424723722	5299.456402712985
11500.652507429775	3937.3463061241027	4880.2423420671885
10465.361265374606	4569.55181010494	5494.991134904708
9732.788821419623	2867.950119885721	5821.014520337293
10413.127481914065	2086.813629741304	5804.39876382735
10442.215604559715	4786.670036342075	5123.83094489282
12428.481836210904	2877.3249555785346	4828.456886316256
12810.716099827117	2478.186076830293	5118.589225676818
10368.51663347617	3693.298080760475	5089.627662882603
10472.112448811411	3974.7062296711556	5363.687704874128
594.4864873409073	15581.937764448083	6086.486237296937
1102.0238917760487	14628.021456953742	6633.386107262102
10576.272877690979	3627.122353451094	5282.733074064989
9424.808062591595	3702.097956868545	4778.298782033416
9520.254722003496	3590.456093811051	4747.480292558795
2213.8010044121706	13715.087553913792	7128.233410183958
11122.87403019871	4072.958559945248	5307.867438306319
9777.789522299472	3857.909728645283	5043.9276137625175
10647.031863039649	4680.867303096395	5123.804268208878
11339.096152017191	4182.765771879424	5344.981638407723
9126.659767452678	4525.384330359952	5512.523226217514
10117.88024614955	3924.154558350627	5004.419499965938
11007.190176354865	2152.9575204988696	5425.236844411012
8925.019825608395	4732.49745286596	5297.92879449588
8111.028086443451	6947.3943968434005	5992.504660754039
10637.16080539601	2420.644438192989	5363.189799917016
8259.820955474162	6989.980729284258	4620.920254498558
9776.79891957417	4152.290740308953	4356.200410581085
10457.743238344006	1139.717697970191	5140.086487618799
11479.498455515211	3550.8205229991677	5224.994801743331
2850.8884571206822	12453.84702722975	6621.494468184587
11603.360287247826	2804.9101902087336	4617.278394063847
12044.523213677987	1696.3094221556623	5481.672273795813
9613.625962275124	4066.9250173521636	5124.529929600236
10454.813500614953	2622.260276920864	4901.189561358109
1288.374799804229	12522.382377562662	6618.329451465266
10724.321420293232	3019.179991950095	5197.919738475582
12862.305636127494	387.0346098194118	5380.129874057169
11164.09843316226	2812.3141739256184	5185.72451382645
10460.67899237199	3255.27022965068	5233.1915252619465
8977.668221143364	6140.500181884174	4625.207226465499
10636.882815144922	1986.3309070662	5427.174110159183
10508.893068574525	4072.4359353485793	5804.24321748335
10200.033316072233	3797.6331024554156	5055.239161603068
1686.6654470234378	13857.075779717226	5319.701367643246
9859.027679976098	4341.954421076334	5332.054963399787
10133.936584779536	5434.415482641663	5231.867827650754
11343.84178929	4768.58971413205	4600.880825035577
2130.1652456154907	12335.02198457056	6848.591560712967
9060.336527730431	2990.3475862232526	5308.542546797758
10830.0626481917	3264.5683868423985	5135.847970426346
9129.908236678497	4843.538213103361	5263.264024627358
10569.184479012727	2028.5472654147904	5286.928455862556
10889.487987680528	3000.3933367390073	4839.122067592057
10996.65524266034	4466.488122949212	4638.167518921791
1742.5666505695979	13143.827236005343	6950.243749699582
5446.161571218773	10163.948693666784	4947.90015432678
11074.702362910855	2904.756680806938	5398.07527861355
7800.734579238994	5658.140463176933	4913.635537814053
9452.791789132923	4575.082524370051	5894.50375352953
7453.837918831421	5710.223570750291	4267.785782594387
10939.330680993766	2623.2262481451594	5242.584467562366
1766.7789990239728	13309.85446978747	6671.365312124537
10524.69495118084	2575.8298670089634	4932.494672579109
2316.135312079535	12109.208858451075	6639.738844553578
2393.0785734861824	13713.957726154811	7226.917517998778
11504.21656194302	2840.863868645841	5436.037301443318
9027.53470963704	4928.09403091621	4593.893200447542
10170.94914175113	4440.616048462127	5343.362797963563
11871.322759138931	1514.1713024075195	4884.355059424853
1675.7066152957648	14517.359759147586	6193.019299338456
10339.848103128037	3048.4984735230505	5717.563594577522
10662.176337492101	1683.2832275325216	6047.024184070646
10880.795526393982	4027.932873344408	5018.054462394746
11617.94506617564	1207.347246930406	5281.709792161019
8711.232379039928	5165.212784225647	5603.99804379151
10598.962456073146	3295.823099627208	5735.328245451549
9865.446153896384	4223.382512178254	5420.940712455895
10777.134119319831	4201.817077310504	5767.812852148922
11496.261361445377	2861.451586340659	4731.536897260968
9660.946756936954	4040.235282245548	5335.567360819954
11504.953592302625	3578.0675318827075	5440.832751178423
11408.21930476267	3926.789023437123	5125.781828358501
10594.904047871592	2935.054733948692	5662.591835418556
12304.03908007804	2098.497554114566	4841.239891098232
9649.754965917913	5258.905760059155	4924.221933138773
10967.331809252313	3201.946725641896	5114.624718536791
9963.904800329032	3824.580427153779	5327.1174775393865
10264.828442269738	2827.6737351163865	5347.170520242061
10994.51812988646	3163.5031663323107	5320.439825058084
8878.438172712644	5612.007999887825	5097.719906387292
11375.015003704917	2417.217451078331	5537.394675099076
10089.160804857556	2301.7616884276263	5502.37302577797
9428.961216656231	3106.14065657104	5412.016255258946
10913.620856469348	3172.193377307675	5308.256272619906
9157.422237410055	4722.79094038248	4705.750162234424
5282.674112414564	8368.698920165418	5393.9959738417665
11651.022470572754	3235.927003860849	5145.527240936071
9699.611141165386	4705.878064283955	4750.465709052784
11254.089017641947	3731.203336045683	5085.263549915894
9448.824229304279	4170.358733182271	5191.14261236619
3003.038934753876	12075.517739512714	6740.593209262465
9160.870655857565	6243.521839601504	4473.260473666858
9732.199088376537	3639.3744131173135	5142.8996806681225
11127.948679472589	2881.4477029288983	5589.063091096338
817.9673130820305	14401.572686032288	6302.848156886296
9896.343174832662	4375.507192841888	5732.082967645849
9064.368513510126	3697.6529896088	5193.463889689826
2386.6836973727854	17288.16804261427	5330.3373833467085
10714.643258642172	5315.5366459116485	4916.059682519348
2331.77004320846	13729.575248184781	6194.959435935286
10631.712422111852	2348.3377436268784	5931.161024872287
11928.227002893487	1732.793750770977	5232.116728823136
11739.306519680693	2012.3206033060637	4628.1202655359
11285.577401626164	1648.662382878449	5290.893493417026
9061.864810428184	6141.074417254178	4615.78290397868
12300.481269061207	2822.964437217597	5009.7952452494765
9114.54248843956	5089.0486963770445	5394.711683046865
8388.650774117685	4509.61166981669	5499.224290423262
10801.305508201005	1990.2189323734171	5581.157596261622
10656.116921464463	2902.308608307941	5084.1290882349185
10622.918711136504	3753.3534069698194	4971.601410447624
9396.544226268588	3777.602570145454	5472.084773832444
10512.23075767715	5045.495433551134	5220.964747903627
10231.035035919507	5317.621201441932	5016.053294084892
11539.479712779948	1108.2341948221276	5159.2214729052175
9217.55730314252	4573.59620196223	5559.229096063884
10218.60300881677	4060.5768164283336	5157.352749293765
9821.414280367399	2942.91629711351	5181.5780507057425
11467.583930536595	1142.1976268429132	5594.1128375619965
8443.727424672683	5361.595626221615	5517.617238311952
9138.379237325433	4675.408650876386	5869.557802422042
370.1835508965543	17185.1190914872	6240.1948355061595
10028.40456205305	5422.949960369872	5437.696631297759
9749.88145911224	4356.711459139202	4828.505675943509
10746.799225158467	2479.9943220649466	5705.014987070282
8430.822929130392	3703.8377071847276	5032.100844422124
10263.812591661856	3896.808125539251	5264.1871991841435
11062.560456285692	2599.1288403769677	5127.538134566707
12514.477870876204	2788.8877907195283	4719.148723153474
9921.410171439791	3376.2835978711596	5518.057809099545
8547.976602733732	4841.075339304429	5278.533734690708
12187.39759958943	3916.734861825297	4931.182813218349
12643.790345863252	1792.0753408093003	4852.184032444891
10217.628837530725	2261.182976550041	5890.362286470524
9828.405250483442	4401.551821620221	4694.803960451884
10293.434161919626	3621.4001381951375	5478.218290706231
10101.292483216916	4560.97955306578	5708.601703967678
10796.107245771827	3718.5248580616935	4636.639878089385
11058.51453372433	4486.546656595766	4672.72579217727
11324.833255322177	4162.416875531268	5024.7715244758265
11732.404818416757	2167.612773452188	4659.953924275374
8758.067030488402	4783.764142122917	5465.695607273912
10135.399997615923	4172.553567624208	4822.592442008205
11672.155372875397	2476.258888156354	5062.623299194688
11491.790575323615	3155.1975321582336	4506.350815387065
8877.89883092523	3977.5460484731775	5679.321104225521
10818.414271471753	3120.830770807032	5379.271740078294
3269.698163500714	12593.491126561805	6150.143113684239
10424.91309546213	3153.293622752235	5656.68945682029
12772.169663131112	773.3532258426976	5072.534174299227
10643.192526322484	2978.1094812686224	5117.217651339908
10024.089243873043	3893.903604426902	5641.3605311617885
10777.108652330699	4143.8133817935695	4439.892378702371
9876.523730502906	5365.511287405722	5385.149855653185
10994.164820941243	2573.5242281660767	5055.981021098638
2617.8202476451756	12319.978954755687	6522.664268967554
11050.634888355755	4203.382613578991	4872.198298103592
11511.49004663366	4962.446959879998	5172.037155614302
10692.509421906057	1734.1722227997645	5188.642511058692
11407.05337298459	4158.174851699126	5646.371771731322
972.5846863840414	13551.58192727548	6364.924683475075
12098.900154310895	2662.3971085202365	4282.186078686286
10968.513715812522	3386.6454261752024	4790.559085377333
10809.615500927515	2861.524725828151	4854.619731084255
11039.000614245726	2784.675552332788	4945.65219945613
10886.238954723767	3806.559314163555	5118.078253728863
9102.737750716431	4669.592972957522	5106.457576507163
11445.855822865551	1761.6629899875227	5504.146305850764
2161.145203621879	14647.30481064751	6605.65103446901
10049.036806458746	5659.480451096633	5850.436055259536
1232.74182537612	14404.536961755757	6514.384462680243
1724.6445042615346	16046.917722061258	6288.475833236836
11026.201821376353	3310.2407672288386	5192.61806941459
11029.175064862535	3652.6012524009466	5202.385550178438
10097.870368380805	4504.731427923307	4903.207571246247
8381.441074731043	4138.190141370368	5470.781143350611
9606.85357062288	5329.629828549629	4949.491938060735
9964.703998650652	2277.8488531457765	5149.309782235531
10249.50850077767	2938.670178507191	5477.25259398277
11305.660145700544	2416.723775431848	4801.8523384295295
9664.537217395664	3952.6270345932126	4575.476951509319
11498.009459430577	3459.8884958008894	4995.071461129248
10147.02268132593	2733.142685852849	5347.5289006358935
11163.508972164052	2240.970277681947	5343.879734613821
10852.386962775561	3540.009180830877	4826.69117293281
2083.0692931370377	15062.268157653483	6548.612827545368
1827.1359527275627	13774.277893106779	6535.3280131353
8621.716440400223	6042.8840009228525	4995.433949980864
1641.4152875363718	14024.557358935694	6441.428899906841
9338.504497716647	2795.5427136789035	4973.844330834874
10823.65690196617	2954.5391734528075	5037.773458276334
10633.62100777156	3102.7624919195887	4914.8501093485565
10519.084483269908	2433.0590226250843	5068.4492043495775
9996.230987407487	5207.629396056257	5084.961499186144
9666.926006003736	2232.176951643627	5002.574031613268
10740.567157011197	3080.2015643102773	5249.3184511398995
11019.207649019643	2547.251454742852	5357.527591979498
1978.6951230441489	13940.49096603254	6607.024461730981
11528.47768224109	1840.2609647186798	5528.87537445893
2052.228470301855	13444.378936665289	7165.552111285397
8352.28969486355	4640.453310428533	4842.0597902394375
9664.247921076649	3630.190363254845	4807.587010518853
7301.037565822168	5213.896503361504	4733.674478422793
2043.2256797802013	14152.20460078648	6397.217555528736
8497.743237955081	5431.502062824374	5233.363365514072
8752.960451110286	6406.07307642257	5114.921407852375
9740.914453167245	4583.634052974755	5822.114934652655
10966.525897382275	2429.274422382483	4822.111903916114
9893.528580353657	4741.622317224175	4333.53031439219
9813.899308722528	3389.55401491096	5045.974066804219
10890.68760748109	4718.240544442261	5099.200659482684
12472.878373983947	3221.493259114153	4561.068477452454
12394.677148229091	4266.853163457513	4700.4641050410455
10222.768138103369	3985.1843507536405	5566.593239783627
11676.948076192113	2985.639169934473	4609.192465245195
10879.663847120997	3874.592968260155	5009.503755868477
11186.081772495034	2955.447957622696	6209.559318917442
11266.574057380703	2703.588524587519	5293.415244659152
8396.55229496135	4517.6078789570065	5615.359301967458
1100.4131379880673	14264.209664659898	5828.636840841889
10157.47597372183	3555.349909798123	5233.9756915177
9891.074169644147	2236.4448595319636	5048.084371765542
10185.60606586875	2675.546515330448	5734.407286308594
10694.080428869194	3087.134788228747	5492.363743044517
10427.794197567411	2273.3136295170875	5296.061243247381
9560.363116613988	3519.1835215476126	5720.249644594425
10218.779588215122	5534.491872945224	5268.741757110167
11572.72890236747	2575.3612016701877	5252.26392620334
10397.432685130234	4738.100459224503	5146.120575373933
9200.012564117591	4850.430324517339	5198.215179609817
10599.872683501595	2391.967199107393	5758.916201571676
10785.000941638278	3505.926785468823	5196.222158783843
10065.906669317781	3710.5099438827647	4769.189726820525
11049.03838318161	2910.978813598237	5810.870493684044
10732.442559966523	4486.014576768608	4306.501673955153
10358.14556897774	4375.95977806495	5468.701987699627
11348.409600603438	2763.240939708171	4911.65592988733
9513.189708102485	2731.433773743749	5536.083822020983
11180.858999625356	3129.5118705880227	4915.1656811195535
12452.547518277588	2912.8499563840646	4938.942141893399
9633.935648752882	4550.983618933023	5345.3725906903965
11281.665097758028	3605.739548143642	4593.137872544654
10845.187099523044	4209.457182668973	5091.8863116636485
10854.607714075413	1534.1665451261329	5149.813578972154
11328.025711123482	3565.8404325123397	5146.04215607887
10716.75321946061	2151.0669501391408	5158.730346050972
10212.27733220318	1751.0451450812395	5536.392944411884
10063.856766560739	2811.64297890233	4784.772500787649
9200.63951023336	3903.11530765018	4534.054053893332
10931.487590453538	4061.6448959741647	5279.689431081817
11615.030231375837	2877.360087023672	4706.895264895114
1248.9685267054556	14176.061413339317	6791.109204380702
2250.346292384346	14774.818732076381	6811.680918634198
9964.56704538652	2010.3006274761885	5264.812622196619
10651.720805326453	3313.063589555233	5387.315701027209
9810.805381972805	5116.613533182213	5153.899222263518
10625.195569483902	3632.983225388689	5126.277891602204
8457.469480944528	5169.248634540643	5620.004750410729
10937.014932185975	2836.3117426020904	5414.926885985425
11066.849375716602	2929.4595015013524	5516.854150809357
11480.30619700564	3590.9495728247653	5101.85409414545
10312.715679436385	2744.3868273190083	5178.042198749735
5932.0571731464215	6754.98816469721	5318.860615454636
11337.98809859564	4520.894859846783	4746.271493675743
9416.544197413321	5187.4871624732405	4967.94779318823
10431.707133454542	3739.037211261661	4965.983740060966
10392.091536800996	4061.185983615703	5315.245505114215
10851.375808163308	3809.9391835121046	5561.615052246354
6406.8483578790265	6833.8677039813365	5207.712356791351
11703.650387330397	3079.638093016612	4841.749231351921
10583.480372699642	1980.5892906629088	5420.506674114153
9646.464217398334	4159.092526825782	4968.719351234612
10138.883045245313	3788.974299506914	4662.96979276382
11948.927144566991	3132.0793351976745	5405.439667589919
11199.983253489345	2287.0009101432415	5043.046669062206
9681.69888451731	3368.7052539305796	4632.820678466339
11465.36726547042	4629.52766919715	4626.534420275047
10390.757816807316	4014.3455544331696	4899.518968082298
10973.368758242623	2709.9887564984724	4863.707829256618
1323.563232735226	13939.656888529256	6087.4732429003725
11195.37207780936	2994.8197795391907	5327.39100685865
10722.367388021841	2979.170900394795	5677.58472046277
11122.774031104515	2549.859774702664	5175.034461382812
12081.646860844887	2700.263879072982	5386.179225740858
3458.098297020696	12256.001057313697	6590.813702128051
8784.81882361334	3826.858852300695	5270.144654890177
11770.46309447215	1607.727486138492	4918.346947003334
11504.93660731517	3670.123773307278	5069.931920767424
1556.468851065268	13670.732442177788	6588.6038755185255
10339.026607304926	3400.9982918061473	4320.042889650396
11994.01557452322	2191.5393411081736	5630.885637104468
10619.07909812935	4475.933183269041	4656.90498256182
1882.6475923467906	14823.405881961438	6066.945485618586
10455.184213822291	2458.1318571093357	5601.162911522243
10239.112929911997	4652.037243864349	5269.743339581329
2036.3692669820825	15498.132854759644	6181.017256587502
11185.277386524076	2890.4739360517005	5500.398784149589
10677.275592325652	5338.728908301192	4979.8601651640965
9605.524644877572	4472.881063738434	4577.054166182029
10031.635621604277	2752.4008636155368	5752.906550632941
1130.5868265827824	15053.704955961144	6510.0503790319035
9900.898062274862	3740.8462994604197	5853.159614163757
10548.2688147292	3161.712723939767	5410.424924327911
9610.47613999543	3746.8767393384805	4687.954302342038
10411.111677638084	3936.5824951238524	5030.910722529923
10588.348725996575	2477.5905651374896	5436.244920161911
9298.196470512768	5279.063044843485	5079.563851507322
11306.502052802069	3214.059535611958	5281.404417059444
10490.075320981605	4306.840166075693	5753.291707752235
12303.246988192748	1641.0765039567796	5458.15316987322
11254.549917289578	1674.27521222998	5146.429520024042
10941.976360049672	3808.4340063796144	5762.4540901767405
10877.071542492276	1929.6369930348026	5212.7915853438235
9229.44147861822	4723.684305607133	4898.314809525452
1975.0733010120487	13410.252830372969	6736.530116607102
9384.901728156661	3752.022501358219	5474.651459595493
12270.651128458958	2022.2829317685746	5319.928933330348
11539.16329585069	4288.980615266414	5592.729116685547
10180.420693373133	3124.8177015133556	5043.608940234703
10692.690502471507	2567.2769678400578	5181.565470297426
8428.97466884959	4743.495816064156	5354.198692200646
11695.079976039286	5144.852892139961	5030.504974189269
9336.623821259032	5424.26101334573	5388.138700397065
9904.647077092377	3839.6211292121666	4741.869600565281
9911.53532864329	5658.422199725612	5555.410965009455
8766.474742523977	4754.935595286703	5286.954280397892
10287.107535637891	3795.5575995665768	4725.698693213043
10737.305318118692	3543.2392429034207	5518.974855021908
9722.035750080478	3878.7862349458337	5262.331161548339
10635.001757147913	3002.9313188556966	5475.484013760657
1551.1812929612452	13564.645147086061	6192.319241932876
10125.363336660374	2687.052485597353	4955.559781048905
8629.04679809738	5545.720293324688	5932.504838769291
4395.13411342064	10207.227754135143	5502.233703969577
3896.7010296445364	10551.632006769069	4965.401534864514
10883.070760445395	4716.3347254605105	4857.277338953607
9652.617407009051	5726.455227041933	5558.993034666862
9001.751771717896	2224.919497781682	5230.991633359568
12492.067690235264	3528.7253170755225	4588.930482675121
11385.670531227406	1750.8042193012445	5750.806528744996
10466.64182019818	943.9993230132419	4621.353176201138
10172.75870375829	5821.327878038564	4634.220352758968
10680.877850172505	3441.8072470709167	5744.309489849646
10662.048851574273	2665.267535340649	5626.433151690744
10755.972241588512	2395.5059828279823	5154.565589906961
10894.97003638599	4899.310800302513	4855.335105483103
10242.646917641236	1963.818461309529	5564.448856107029
9508.573735876915	3815.7962993862884	5307.950464647926
9840.815263334991	2589.986501937551	5421.597118218344
6396.041331757125	6536.800862354938	4965.954789397736
9393.21107590265	5967.983997888659	5161.276668533125
8882.053391640613	3936.747339574532	5269.551582620039
10489.559227533184	3938.5209624006893	5063.42930476583
11319.177167117148	3076.4863420485513	5025.822288223845
8306.390564969248	7359.907457874779	4361.852264843959
8665.864565037054	5939.969490421994	4962.438020922301
10498.1852639235	4929.005372389361	5733.919833208965
10365.04202805941	4053.5709012836887	5258.824728348948
10961.260736096072	4415.93622174414	4766.110448014328
8565.95161351735	6272.849877292019	5387.514094632818
12196.467951520015	3120.668304699371	5693.216249952316
11317.268442388484	2113.414600039872	5570.726675341995
1413.882205899486	15809.972557408646	6829.6591619429455
11542.691359264392	3433.022514439607	4782.322095426584
9481.40631447126	4567.544900421835	5446.291802650784
9378.00117934674	4094.7462594969675	4882.833681417224
10796.90738091719	3237.823504451836	4904.3313721340965
9603.76785420452	3199.6143830935703	4842.16002789063
10052.135726583967	4794.2021594634	4978.64504787365
11086.778183825378	2571.615568257313	5212.763932896601
2472.925514091828	11975.08956626722	6839.933657570451
12771.377945346021	2574.0033692475854	5317.588304346927
8553.844345014255	4557.380096098318	5252.9161495928365
2172.2371357691704	12006.24332230214	6940.01644803596
11451.975842327718	3847.179353968005	5111.627574070658
9761.147497298181	1583.2626168964318	5667.778820928436
9361.837874291801	4134.683976355341	4186.764173124422
2486.3596483112306	13949.184550571947	6784.651518256397
11647.237468154794	2464.2500049947894	4688.6316777142665
10497.74173871932	3126.5996908857724	5156.446028288627
9294.040033583036	5039.537008046601	4544.599120994745
2905.6222327621413	13904.35950934207	6563.384378208217
3059.3919730112157	12380.573832895128	6317.202229679247
8281.462353296718	6980.306703073686	5433.716884795289
9729.601467178749	3967.766946192547	5281.170574648091
10118.643199094746	3270.019748796115	5037.964255866487
12320.773611736457	3708.540187767799	5401.966287698961
2735.3926444037616	12804.211895334825	6415.478599922798
9276.834665447248	4976.515135942946	4646.244749834207
3595.5569297666552	12976.841317998755	6520.398434716181
2800.105365172863	11869.309546916396	7286.465016802178
1647.6222254153352	12133.815073314367	6819.205216942678
10012.013598070524	4298.376494225896	5399.403839381694
8915.285937548155	4265.678952257271	5017.579799999218
12802.086948399083	1923.4719114560464	5322.21036162004
10419.591795515229	2604.9587803871514	5263.4520647471445
2312.109282170221	13801.462629958265	6711.673995477426
1145.86948420705	14569.777907308136	6479.994636160297
8569.818717147129	4839.441547122376	4844.72201186253
9298.82233262142	6195.049423507653	5186.379131231662
8857.347028033497	3325.509735954472	4556.335790647065
9994.437467335405	3657.427767930709	5359.3105694031465
10627.79019868196	5251.8272265380265	5167.0573918154905
8924.37445878361	5221.188177097398	5479.859447078733
10674.073721617626	4302.9520347937505	5323.580577449489
3030.5053812863525	14328.546353088599	7287.953741384619
8322.300854655121	6076.537394200619	4992.32909625788
11098.91864180844	1903.1685980839466	5051.543142364425
10319.167808321377	4388.961998749333	5733.424883666308
9867.442778685088	4354.801735473441	5189.162273258575
1539.39312890073	14781.126326331929	6396.544249830446
9875.068586944279	4600.305419373373	5406.892011916036
10446.931304200747	3823.793246192228	4871.382382248077
10091.881043823145	3080.7143512299594	5095.998594974163
11657.69645427974	3179.5809725980066	4816.086832129846
10105.271185663263	3426.514455573033	4707.093588148295
2516.7202766476407	12740.330569914446	7016.470486130283
9679.507521126203	3798.5892167741285	5156.7607541009
1516.2019133021847	16172.58987020715	6678.044736863785
11665.914758805582	2662.126031918711	4634.6964338288535
10067.45683030686	4484.273864111446	5584.811209296088
10187.99057534578	4200.913016852199	5258.194514564316
10887.659738358932	3288.17775949207	6184.232165033878
2298.4951408237334	11898.877914274888	7132.684476388878
9400.756842298779	4593.254765692769	5134.582104218173
11162.678846092791	3589.15445774292	4819.581990371367
9735.128893469418	4426.6740019744775	5068.853478059914
10882.661059372724	3663.950009135373	5309.3873397135185
10298.238518748365	3391.0906789568867	4982.513628462288
10439.389784183199	4642.490595932533	4916.612061169855
10544.089003151796	1215.1005904760386	6015.2237926829075
627.8532502622704	13067.843239256543	6400.8128630470765
10430.549727538999	2402.1976877066772	5730.97872800831
1461.0607509631704	17011.306840532437	5806.512742938174
10404.803323943877	5102.095314634791	5064.748802904072
9383.020424699484	5760.922149486345	4706.587573487468
11781.369407403028	2716.9259643392543	5350.127723780009
-319.38675765824604	13436.420477633272	7495.968942614444
9330.426640112692	5479.422421886123	4971.602535682487
1641.7093963505956	13987.95987152515	6295.285121755183
9481.982377539658	3737.3035652288263	4893.4206916203075
10831.503876985347	1330.310314401982	4856.917137636044
11998.138325308291	1973.4446374234733	5337.663157860934
11356.712004118215	2354.5266931452334	4626.000475920653
10400.80745142268	3225.432817226734	4964.706267223986
10097.617115929901	3849.7413964228585	5438.5715346875395
12746.641266966997	2087.818120976411	4737.494801222635
11062.726137257308	3329.160289275104	5166.096550227731
9426.920140453498	4036.596018341192	5305.967971699304
10808.994615019477	2215.4476897610657	4689.821490965661
11597.31332163949	2961.9162800749464	5733.489080551319
12105.075819001631	2558.039518188138	5816.302155480652
11089.705090243868	3625.739680291537	5532.341743314582
9291.050493319692	2679.576234347122	5849.012600147046
11915.267137387076	1162.9455218923874	4846.953331230668
11239.84965611839	2975.440609887661	5253.528653100474
10066.28429616138	6359.556450321105	4899.096905595573
11178.443335406224	3899.4651046117697	5035.035635812273
8362.494018084557	4540.358373039681	4847.43870955887
1397.6393145461964	15391.430708731503	5885.788455660782
9126.701258911527	5079.42025110327	4750.133339529526
10887.850612298222	2436.9347866043972	5346.818110136012
10110.440474677378	4711.072962332294	5077.718823930821
11144.455967835318	2548.9040566888766	4941.915316415235
10612.559884321783	2862.7704469887503	4593.686342909431
9884.95440592386	1727.729924660615	5497.39404093117
9504.28283328373	5058.695518491321	4883.46785755165
11353.540153522688	3149.9637732254473	5383.308337557656
12235.280768312552	2774.995743306823	5088.688756615634
11876.082973612725	3383.479628365878	5262.393803855076
8630.686314835104	5441.132265987989	5301.520259287175
9566.493632539088	2611.826550179778	5664.721377324039
9597.317651759613	4026.7766215840584	5195.504313916625
10062.274150789572	5304.527311641559	4796.872262530729
2341.664897384199	15564.420346902441	5179.1410776416715
1725.2741898654265	13152.126472149579	6581.909809970246
2658.0714500701342	12479.71877510807	6738.436774200216
7343.448965350594	6195.502457850675	4757.681558399783
9214.780279132947	4985.372768982114	5891.467297588161
9336.071989999944	6387.675627519478	5140.368102311574
7635.159733679041	6238.551875328247	5066.989534975498
12410.393638069303	2296.0343625124297	5201.447703018857
11456.867633172693	2222.678018714526	5315.0188753338225
2184.805486303782	14300.691410348229	6373.767699910012
1224.9744593424282	15800.189203600637	5643.545256497555
10009.733172751834	2538.6841676487697	5825.120999277521
8510.466138277006	4048.4214536237105	5588.346416654679
11841.212332329578	3605.6681595693685	4619.819407021085
10264.65163779703	4335.338564366771	5334.1813191347
11231.14423853645	3152.9723099472203	4719.223930601241
8697.905444191345	6294.83315176107	5380.04025442843
11782.354652149277	1807.6323244049097	5640.236030803364
9772.882623271555	3374.14753004387	4783.755886978161
11266.897175304399	4632.192625852557	5488.735736365564
10802.332047534888	2563.654362880474	4703.724787630008
10064.345959389118	4704.813770966859	5502.640556833033
10823.058420718893	2494.365338908584	5468.582051162123
10607.918746619209	6323.07310487437	5076.967369969777
2142.957856724655	12407.480243997868	7128.567392138558
10605.333005100085	2681.763411077916	5691.44466898657
10550.043920832128	3272.3050416771543	5485.791337927122
1223.6399846004633	13289.427067009865	7377.050711245014
8572.781131636644	6311.294425195849	4938.969387917193
10341.718735984272	3844.1161464133397	4993.499038899242
10398.347501155817	3419.5947192934022	5350.428294164534
10229.331349480093	2241.0307498180805	5927.036418639771
11321.03888990684	2562.8323949730216	4915.9802971566305
7304.1773286153675	5910.6850360100925	5146.957279659493
9865.164288258411	3520.6970803874574	5225.747219578026
11889.132868644672	2166.3391910039363	5095.74618418825
10596.826915509722	2126.338040670656	4779.979791914617
9752.321781072535	5358.138240393147	5218.71817030611
10097.156490547273	5714.683311814605	5395.828572948939
2418.670894495961	13965.213411746743	6637.604884436021
10619.450854174844	4225.438195446833	4908.538381682761
3076.2384946259663	12160.89426714836	7249.641728710695
8956.186117879544	3284.0229058902464	5720.774330698689
1411.727840554992	15414.962320668632	6489.058404785337
8513.000242494327	5480.736711486579	5385.890268609204
12100.603257250215	2274.2134777661695	5633.970664892818
2429.3178264627268	13563.020742687064	6779.106136236258
2102.7312283889373	14271.12347560441	6138.850223758096
1230.726071983006	15351.543370878515	6738.322508422976
12010.736353773813	4185.551602392367	4653.310099813548
10310.211234536717	2716.479339621337	5290.748327885838
11317.73154067968	2044.2012859088516	5390.8809384270935
10027.140494904885	3802.4207966991394	5268.629909420453
10619.945815699273	3949.0762153949304	5146.573864030303
10179.248005433685	3132.020009175046	4862.28022562711
10337.276036982661	5611.1114161188025	5373.107501624679
1628.3541655711385	12715.997765791202	7465.198903485345
11865.501869537082	3312.5350147548033	4900.0647024780055
9715.220146244177	3428.212159512243	5286.145503373569
9727.590700735933	3624.187292278778	4594.117837494866
9671.18911892921	3580.3563204974193	5690.504538369163
1967.5456900949036	15595.238767652281	6421.133451353568
10418.24991457007	2994.1341580237577	4985.021809373799
10632.674950376015	2111.3302215161743	5711.056198765931
9774.455542028552	3306.4947364203294	5497.8076365657535
9359.323728944912	4442.70872248283	4410.70706473069
12114.420463719507	1773.9942197268513	4868.879821035864
10094.153968226026	5239.838552008973	4788.969537597554
12025.035655820786	3358.0332765762764	5108.258870951811
2523.152373892914	13438.845635851536	6319.9404779795095
2670.1051502811347	10508.132235219397	7433.290379737024
10360.59899884093	3052.8560405415137	5174.110168302078
9952.716325971012	4313.856445661856	5122.787015143053
12356.335808320498	3345.0657978277154	5067.493859700813
2816.223270761897	13661.140057395449	7030.665532746597
12307.522058378812	2885.903012871691	4817.466306852004
12309.502860202248	2861.972370696871	5712.851950417333
10924.299288765797	1551.775798343632	5078.668694500274
11133.08882251316	2496.892328250868	5529.901253997764
9413.51182585988	4114.761003168661	5474.542317274753
11099.671988550208	3907.8964232052795	5363.609174123936
11229.65141630006	3558.1070035611765	4964.889397112768
1527.8801139724844	14543.521207063888	5700.401900476596
12095.559826648787	2461.619967630675	5614.247203349076
10857.633338362062	3752.2578548089764	4807.291132335731
10873.199623427228	3214.3374074085314	5413.323545250258
9975.366569918624	4074.734599622343	5458.644219183832
10425.202934044664	3305.556357624402	5727.509140321997
10199.59228129472	4296.967663766969	5937.72999948768
10573.719210112336	3203.5997514473115	5100.5927061572
10099.29309994232	3197.6553967803634	4641.823392957651
9663.084492403555	4580.127386068098	4806.756650777606
10001.94336374924	4282.830230006813	4922.463227807258
9980.09070736651	2049.4086637673713	4637.467694181529
10059.042907899826	5720.746646254492	4790.976102408353
9571.50901966425	4095.258801900578	5241.282128992854
11571.571537298414	4616.198710619317	4757.2694195216945
1607.384509590578	14002.70831469049	6735.465579106273
11734.729808657261	1003.1579541027488	5116.488764000315
10180.66229854461	3548.264086794956	5001.700382063273
9349.243153681391	4032.3574265533284	5327.698730671361
2661.415193874011	13734.980786404705	7290.322770065692
11711.013595588904	4029.9695432829635	4951.222645428794
11680.594422671187	4211.755318069128	4760.114741712088
10310.876976455264	4613.110085057025	4724.749861238789
11564.992666031934	3121.16026445415	4765.263709810286
11455.73767765982	2960.034902336782	5357.153627667167
9776.814702755377	4039.990050001398	5286.873758228235
9271.829482177238	5474.199420701751	5135.380038002772
1752.8544286215663	14907.100896330023	6623.473798972746
9086.3872495513	3989.1221054259295	4910.993144832012
9921.100599660724	3511.212853751995	5617.433713986693
11721.146798069558	3000.5127979215226	4892.530615752644
11134.783470490172	3458.469788342496	5207.677380066731
9679.573802237664	2025.4338694693881	5311.825728408092
10247.427601625644	4360.223113679096	5228.393962652635
12753.740346905981	3059.8023760831675	4426.498389206815
10652.258673798846	3246.581931540194	5119.838377240956
10988.47284786201	5314.967406918829	5033.575351576871
10392.142680152056	4549.335064151254	5306.810747681311
7252.857842014262	6272.878930674184	4924.084300424494
1907.9143678258495	12256.672021791645	6340.081670036985
10758.186027811176	3549.453733570737	4463.712863729187
8272.992209512435	5452.5338201989125	4649.054324343836
10886.689660701484	4194.154825195985	5057.193529751438
11464.66648470636	3264.1866256411445	5271.371661930816
1362.6520032441979	15557.292003072258	5193.234941783721
12130.962835025568	3803.4867845279923	5094.006679988908
10794.591866231402	3231.362874632412	4790.882568452377
9476.855108252656	3059.4630071810902	5460.383015011283
11782.622623269346	1435.1694925104507	5600.2544788016485
11757.88383130245	2331.934129457174	4852.8967939221975
11053.470920115575	4686.252767196133	5468.953546371171
1289.776873852727	14091.206161136664	6633.757923852426
9757.64937091926	6345.497008329658	5209.456967977255
10222.927480311097	3796.9186243894983	4699.827106058012
8761.505247324174	4128.024311735407	6026.283275317093
9937.810477860037	4285.262528370077	5270.325257834243
9876.145764224271	3134.8892312465696	5012.37764029855
10226.101603677578	4931.598672209889	5321.389676999839
3986.0512294712066	13630.8172108656	4834.111965645458
10256.840307525796	5563.21446323844	4786.41492031703
10650.688504415477	2685.791423637024	4895.803108371768
9395.448440458587	5119.1143548233385	5230.433013671069
10853.534372586928	3255.1773615766683	5144.164575741977
9699.011204918892	4287.06578988815	5357.072763556481
11034.396869241431	2809.909647654898	4627.961211881306
827.7865698895274	15897.876363620526	5057.7600365152375
10757.573374012685	3075.3874905381863	5786.425373409047
10497.854814583534	2295.9456824538574	5416.468232550617
11399.934947270565	3467.7895803249576	5297.395058057254
11425.849524435947	1896.8981165256919	4985.368012064836
2523.370465525971	13310.63522235337	7314.263332205919
10625.09401446101	2608.83626575263	5842.727723258335
10269.273171405832	4520.052899061463	4669.12866414868
11823.587945987632	2219.802954299283	5031.836575886267
9404.603439448474	3657.3427872995712	5211.780406460907
1832.3005014950984	13239.757896466528	6984.177066186956
10936.749490154063	3401.593863360557	5175.23312920801
1908.5984032298882	13462.325502106156	6188.315884820018
2472.8944052448696	16283.879373516413	4971.729185983666
9873.678370277928	3268.9336673464327	5846.548931329118
2143.6731009312516	12539.237902745663	7239.172194690714
10600.632079295416	4358.993346656821	5013.2421231642375
9418.601899784899	4337.342346207584	5123.2229921238195
10324.517273928193	3392.7632978246093	5135.25676377121
10188.721864456451	4066.24724984846	5455.736276772558
6817.873407827983	5789.657208820857	5459.9670288484585
2054.124982891967	12693.803107658736	7107.063052759262
9197.2519789038	5612.4559169586855	5081.725424780614
11175.416968372037	2638.9895917512104	5576.387730251376
10451.731824910736	4186.6982507359035	5260.421969096557
10931.62486449137	4528.717250069912	4645.287599070761
10583.704209998696	2519.847016068606	4290.80959240221
9910.02436161703	4212.897528688682	5810.144555170048
9791.873253875432	5021.90942605644	4878.736376523118
10527.612301436639	4421.500929720236	5161.533281198017
10636.63737892759	3535.69730822445	4861.888616809238
11790.618552323052	815.0963633727916	5230.173217328949
9027.799294306677	3161.831040124242	5624.902804887085
10658.330541132544	2542.6593886191317	5116.057739043736
11066.987352009755	1234.8287879409231	5350.834564992967
8956.237443514141	4233.387114911918	5206.5363444499935
9126.544885794056	2575.001102890993	5632.377680163186
9166.195558506119	5867.301035912111	4550.865863064473
10982.639652385891	1941.3431189048968	5722.936218841133
8323.560777556751	5389.061066727151	4735.280416019033
9264.646232051338	3291.9834664097148	5328.651668599942
11957.719056346576	3533.727833250025	5805.408767759553
11385.369791342826	4620.946872917306	5363.2926317126985
11615.230586003268	2895.937595522661	4840.448285679573
10449.621496105445	1534.8615358780157	5353.678096121466
1867.0318535072436	14894.835011077084	6594.860845027856
11586.293650785958	3961.367555666711	4938.17530841308
11016.635829060015	3926.8940594760993	5202.152914502416
10744.191213760203	4321.534327567569	4624.672311565719
9490.267134972413	3410.3397741750546	5662.50239342162
11409.701646044146	2378.923753747437	6052.806206318974
11239.283408802956	3346.627597037437	4713.066926490767
10328.738762324441	3828.309362094723	4763.444351254203
10283.190127775704	4486.269852266305	4568.285263101483
11328.184124691867	2469.40609625501	5065.134372043828
11607.663271447831	1328.6799017878825	4929.585700186119
11733.27947465559	2922.5034390801256	5085.990017294317
10545.30146065581	2503.2474040620236	4598.2839810949545
1791.8227490991499	14008.398826695779	7492.446781288098
8952.236523929903	3214.1350236149337	5210.282014120133
10936.548560858273	3369.020196828565	4989.613418455339
9716.54502227545	6020.78786595181	4663.328720659118
10337.902946867422	4149.839802848728	5815.622341254272
9677.965120482195	4749.713322386963	4969.974144913464
12041.124469212105	3563.188834460752	4632.647231227506
9850.567337869415	2965.000428790185	5625.077981398119
10434.369724110908	3300.180090895088	5585.984150485858
10965.626091200624	2997.5680443644383	4895.7777870575
9296.30449446691	3440.648756704185	5044.185509701597
10327.78255752299	5018.6595967488465	5122.043900859282
10861.209350899104	4054.3320081828447	4760.359730798636
9155.011535851268	5242.658920080091	5019.5435420420845
9920.724082148261	4513.139410017839	4757.2272692477245
11381.412065632781	4436.384057357466	4902.292818254774
9545.914712756326	3757.3207186007007	4806.0469063228975
10779.930744549572	3578.254005884951	5113.540320984242
9690.198411250904	4329.543621867326	5477.453831793004
10205.913409842069	2078.056765448665	5306.65210048286
10715.910336437086	4219.562199753891	5170.137623936496
11556.737635377594	2616.7457180071233	5161.6784929229625
10976.844436763533	2707.1899355489586	5606.087083229436
11098.29227499081	4282.9153555971725	5140.427860239514
8849.508270939066	3653.3771989948864	5279.404583303419
10485.233673876879	2097.483112959972	5604.410523378622
11334.989571887889	4233.905309111931	4734.48628843127
11099.313445094933	4453.0784370275305	5104.140683392651
10371.14802121741	3892.4551257945777	5940.021860897082
2098.4450071042625	13208.963714461175	6892.135592982387
3879.261406493372	12489.01399252663	6557.7134027363
2946.044183296563	13115.984312816841	5290.5248446338455
10927.67609616377	3828.678306907312	4973.623660205419
10768.006779277028	5019.643034514386	4792.533327499329
11649.553231613614	2977.0404643150373	4450.872711914607
10839.323280976563	2484.1527192757458	4984.955397221962
10659.75771149293	3239.347549610729	4873.294488965636
10649.629235546916	4304.191169616252	4965.395395121855
9372.262826808024	4487.086041746714	5631.125938578373
1684.89798151523	11171.039409952074	6890.108536173746
2159.428609759415	13619.141442929425	6852.522625654923
1789.7634345400372	17244.79454940726	4974.521413168264
10758.029321712957	1698.2976885042017	4899.097608212863
10558.12863859426	-901.9828835495216	5399.483112546425
8688.505284250903	5398.095277204722	5589.35344986537
1079.1899443197556	12383.653171651757	7267.16811365377
10422.723638910289	3477.6284922060836	5216.886699036513
11907.916323684138	2122.025238394115	5053.62734846849
10063.507113592506	3583.820974254021	4734.840391667312
2890.2650096924417	15729.3370684234	6482.313262738781
2563.766775603428	13752.426170163728	6543.252777591544
10967.174400545258	4442.119861036801	5244.992529815305
12536.376874138288	3079.769926714827	4768.713321096288
10028.960741179913	1958.451327524038	5518.042554484289
10778.561318133636	3941.6011188173925	5165.748180407949
11562.757886312933	3142.7989787828215	4626.8892659149205
11234.923401526332	5272.863483246004	5186.232787692747
9659.794451619206	5039.590429766097	5501.719230925789
10904.683112404116	3792.7760317904454	5611.660581837767
1290.9186901614225	14789.691536350225	7034.522587314637
7620.048055115129	5911.329114622692	5177.209687030684
1715.5936100924378	13348.175928555687	5794.092276548411
11345.992177172451	956.4038600744096	5620.182014858089
10125.59856909411	3077.0450970924185	4780.7876659834865
9908.66288998405	4816.442130720287	5756.677791287041
9858.608486089817	2110.9673004856922	5971.233637908797
10147.508627828345	2038.0626088154625	5418.963460752596
8782.80037213181	6388.628050148315	4687.933549338581
9281.011091413448	3204.6120988271955	4780.408931853559
11863.60278342032	491.590784201647	5240.3179607617885
10233.22076691266	5201.996043276695	5132.557041948353
10915.012679515617	3280.739466437709	5429.706823037937
10395.466555680705	3765.4598996412647	5376.313330438398
10245.701905582258	3736.1497087012926	4621.355500217438
9246.387716198064	5650.864292366438	4949.206472440415
9354.62082650708	3225.9900686112046	5169.784831494463
10114.78474921358	4626.694984101985	4944.733129746616
2676.948367664935	11359.104339268148	7274.211720725519
9567.027390908754	3706.722967591472	5316.645809502239
10598.31871202502	2915.873161020715	5490.870083989111
11637.474419745637	2298.3257709848344	5427.747810033898
9648.678398678207	3373.9362926191097	4599.711191475165
10463.538706084842	3010.224266430555	5952.486417779092
1038.3023308385893	13865.92844422695	6513.387768101408
10850.976498762442	2931.049363080149	4454.479759711512
10530.351580431121	3537.860000556963	4825.973615564325
10004.324288442982	3631.4259615098854	5009.254814524598
9831.147220789437	5958.9751177285	4963.618740385394
10731.46281441715	3328.296168446383	5070.6412567087045
10032.630534315904	4757.140973788068	5224.493695067004
11808.42149373249	2094.415195185403	5042.125452150089
11434.857715684138	3256.0219628416803	5014.177135305887
10655.655176952996	3425.785830491302	5583.464972112306
11264.58627005954	1481.2968598252214	5198.183543423131
9805.600668449213	3241.107816593209	5321.307891693836
11608.255191846458	2573.9800647210586	5114.138484300815
11269.943470877408	2367.225286462484	5108.092688302976
4882.228654823844	8928.165458367268	4747.0309212840275
11621.070006897882	3024.4921198050365	5108.922997125376
3258.7200107081953	11432.378917120359	7534.705792529073
10293.93761294485	3769.7299677331935	5244.580422831353
11271.637440019489	2118.406274088936	5680.867156541998
12686.946745997519	2488.2630712736427	5231.695352393265
10205.813173816541	3840.710770807938	4517.11463096193
9414.574468756917	5975.8444270120835	5146.460137970347
10588.068738041175	5128.97791756022	4751.930672953868
10818.848609751607	3598.424150138937	4555.126403198963
1396.5950388778374	15976.95202357093	5797.79250651932
10237.416613413403	3403.931532834368	5456.459546114464
10732.910468151995	1949.2516828391197	5373.174948130432
9935.146452527095	3942.831056608029	5411.745622737703
9698.279509862321	3403.9205372137117	5583.859091596772
9881.275445323954	2863.9199108695743	4975.322452867322
11587.910505687218	1448.0468404198177	5037.453455611863
10955.534775033673	2972.0545419464	5600.110889650687
11367.340986092928	1533.6740952096927	5211.002005716883
10656.95190755733	3181.963147036795	4551.95439885388
9781.50823199017	5609.97882483919	4894.788055314112
12177.843934985682	3383.3928241154836	5117.643201402778
11532.218644730461	3537.514930979223	4801.597200799684
10806.398340082824	3059.8273524831193	5374.992326674313
9850.037630496	2749.8123795518536	5224.9388170365555
8929.341336114157	5522.973803055468	5609.41864701554
9224.410418185927	4726.735397891257	5068.608500323382
10218.006249861932	4079.24487809506	4926.3902343941545
2178.8285557550143	12773.050570740495	6700.739692448334
11002.73662346661	3752.2725565099217	4513.6262111274455
9317.421815454343	4713.765413663577	4249.452593903265
9086.516153717239	2132.5884833940563	5094.109049434925
10348.435492081304	5080.335908686765	4710.657615735573
11335.694543618974	3121.3533243130046	5709.68901477205
10339.509959294823	2821.652586960458	5589.122522035609
10795.823404055584	3381.78380028419	5577.894984296462
10883.306389086172	4533.186402996391	4832.422752240897
9444.39962536678	3465.9129912239277	5124.119202984792
1923.0792323525789	14529.792215181029	7065.258487036874
11467.923685046466	4242.408409927209	4725.60474748476
9796.858100557207	4171.168731622819	4985.130891416228
10570.398976460425	2681.843446072396	5525.393942266621
1917.652255524986	13285.326306035373	6391.56349716794
11098.582517989622	2953.0366006703193	4683.899838893901
11313.190112206079	3402.0191836229283	4847.13949876029
1469.791592308076	16477.74126166548	5964.8354517584685
10556.049535252541	3886.4554574905146	5319.19460597578
10318.987205097335	4180.427739867236	5102.78956412094
8013.488717814143	5506.582346880884	4200.129563561629
3959.1617521093017	9997.170796041299	7436.953340775913
10844.266154604416	3484.7649510136357	5823.594553012841
11440.948069795602	2878.8143837656867	5263.469617241757
10866.221671572435	3272.267515350541	5090.797654762993
11039.54385619026	4777.6402768255775	5277.872128243425
9415.201164858632	2886.9220308726094	5541.386222365187
11066.635844631928	2937.972976417978	5243.737299401271
9050.705652808492	4752.452442524333	5766.901272686039
11526.16134563206	2466.7950170913095	5031.503690966117
8915.261685568863	5971.316438049995	5465.474847259688
11536.209576429685	2779.274367114803	5044.455708499374
2232.3742708718078	14406.650686490826	6468.428033963566
2250.339588649029	11453.043808741562	5751.041019973282
9563.352393536756	3110.9463578051896	4979.792139941146
9908.734473291945	2965.330454771464	5092.018681864818
1874.4898526859604	12506.742224027777	6993.8320666611535
1906.2073099454417	11632.512308872814	7196.584878976344
9507.408800115289	4667.128454509701	5445.095939643357
3201.8908760965824	11864.095495391191	6979.737745119489
7841.864174007448	6267.720105605189	5604.182529674826
10239.75985337664	3706.7003542271214	5338.108279084462
11003.387204907085	2798.802731408777	4609.768023621535
1955.8147122808539	12705.842223715392	6309.519432189279
11038.389406298358	4306.5397291189065	5434.833487824949
2113.4683354505455	14662.415164793149	6171.201450801506
678.1429299845234	14459.636450327682	5724.8033800268895
10232.655320709846	4090.14530413514	4894.139553884626
10806.476712777992	3986.7435030704764	4792.190952452827
10125.895910391679	4346.164598348691	5068.492136534895
11260.897402910734	2395.583683058214	5059.380153049883
10177.864478119789	4877.512323901324	4553.9086542913465
9819.916242517349	4431.615121156855	5391.789105396064
11779.967533556186	2883.509561203419	4929.606217076237
12995.87459323255	2411.0661564559123	5011.361430802045
10784.702771443957	2788.5049434596963	5234.7554480929
9527.511579165284	3052.811317179488	5701.493602103377
1003.9208898847247	16262.755858595478	5665.852086062487
9330.37420068143	3752.128679035613	5199.740886131103
3599.763259202762	11907.779004312893	6281.293561487579
11209.428433447607	2920.91608293804	5351.035411733758
10170.416692028068	3956.9540859871604	5139.047425111212
10758.02683754262	4229.772383097312	4856.341100152015
661.5919971777921	13891.333356067827	6933.295871169786
11134.775362638062	3987.428780347605	5861.8379589036995
10094.742736914028	2871.882345443368	5233.888671607794
11574.984575110124	3262.617669283213	5470.5012384055735
11079.50479853086	4144.579495704451	4700.768550627306
10238.081237937116	5358.001612345574	4970.169433979122
11654.96476656123	3975.874061417355	5235.695590819931
