9029.746360512856	3542.637001115146	5225.784613230691
9240.806138580778	2841.8746594270206	5640.16571329278
11357.478247027026	2458.088371984602	4821.766969875619
10994.336210638356	2831.011308156078	5318.381616540761
11552.226899715042	3043.8487689327535	4941.793451068146
10754.750139547372	2816.7503186923095	4889.32746964597
11117.81324361418	4229.2380784133675	4796.161910644948
12494.779025888833	2605.182702058689	4874.45558669257
9400.048788436532	2697.7537262445926	5930.332553820582
10925.592128181952	1955.5275502563613	5072.815869160646
10339.993656412871	1458.6999280806274	5887.737983993106
11950.90452116932	4305.303905480643	5050.430693477647
11751.494523947486	2103.439847749007	5300.832294780055
11482.61605330364	974.5880678458813	5354.934989814708
10672.324724075635	2191.479111083782	5163.368764653173
12702.709727276271	3005.4101452969176	4895.331956587989
11125.126944086454	3341.9696998685868	4550.196878895055
11797.952250747145	2536.025191226807	4368.471878990477
10202.329744179442	2628.399149596748	5957.905599343769
11013.963833923113	2502.8052492534366	5724.824786660554
10963.430590079872	3261.7409727061467	5032.571358050863
10846.680051265452	2383.8800612298833	5236.698729116005
11846.214002842056	1789.6576203902	4589.160179812397
10377.241193124495	2330.530201089075	5102.035004811853
11133.896500387063	1300.4554422197364	5577.802127052917
10766.887985929721	3489.5103506754554	5872.570618499275
10337.753350314744	3099.3763719101325	4898.890310587267
13057.643353829377	1636.1614586270894	4790.09984904816
11422.872966024708	2605.142593344894	4899.4041237693955
11027.692198582143	3694.6562913467346	5057.74601914727
12557.781782351623	1662.6623935841415	5265.763151732937
11068.183154379481	2866.678646267212	5347.391422694131
11695.615449293584	3186.7278988044986	5583.514514313785
11450.095861052452	2124.7525938948934	5147.720665491786
11609.019482072676	2242.1101006811878	5183.387421750344
11118.21411581295	2456.0173955833716	5290.35315229713
12388.647399684512	2358.841849308577	5309.9358587755405
9456.18050808643	3082.4250395573	4753.5579889620685
10814.741416904346	2710.8636350340257	4874.736738200685
12272.146929163084	1308.9298676638882	4811.309862658203
11637.226284120079	1902.3737543461102	4670.495136560598
9371.463838929767	1913.6192152560438	4910.172781274584
11796.620809099226	3266.7012096746403	4455.050994367311
11299.465395961006	2712.534607311158	4524.396941666535
10743.047958139203	3154.4985228475116	4371.024447505328
10936.341304183572	2777.115316466614	5300.960292189571
11353.102044282097	2346.4334194675184	4780.4838324299435
9000.989544702548	2960.9671610308415	5431.477956442331
11335.111628453853	1991.4608221213048	5225.617466198963
11510.764110659356	2866.8208384358823	5759.132080384616
9147.356400503582	2661.8309167168345	5085.750220057112
12076.26095799828	1576.064082587219	4984.967556101881
11285.815636186438	1857.3722549100282	4894.101445995529
11869.08753451557	1236.14066804726	5410.64173704174
11156.330086010581	2673.897121300654	4955.3625141804305
10341.831805769116	833.7309315620236	4965.928986705286
11486.617215121913	2951.950200377049	5150.798070700749
11422.564689170942	2951.2924984726064	5128.811092599316
9326.066280706074	2673.8846053308243	5155.141855471192
11116.094060169187	3524.531509335798	4688.710725272326
11461.856072447505	548.3168121776009	5500.689620366146
12732.229510959498	2115.4813623273767	4776.125519204481
10902.489629135693	2999.7272385598744	5379.136445448923
10171.121895387438	2679.551760476102	4721.176065292344
11932.583516551465	1951.5017873345255	5092.879082389267
9442.729707616101	3827.160401938543	5830.796013643119
10939.305027167158	1691.6261188345698	4799.807158017861
11267.281903444828	1256.7012520275011	5047.742941480707
10550.786114549497	2629.5567587085015	5640.0983953111
9103.801161159914	1950.8521060210232	4802.869318270673
10976.572460120784	3173.5816086240875	5386.687412916172
11380.514223356568	2980.1811423378235	4972.213852659033
11091.90996706301	1979.4288645231354	5088.078344599493
10704.79990278543	2620.7301788094815	4843.2096279737625
11837.799010144572	2866.6678999929145	4811.515718904946
12060.55768489664	3479.943446217582	4441.090117195448
12002.840533205093	2128.102940048061	5044.081090567076
11519.729228594635	2544.386241909592	4737.645331262502
11541.415382010498	1659.602127341484	5227.835287701737
11464.773413779245	2858.336424646391	5220.75218132657
12168.977600170372	1706.457121948321	5186.747391478815
12081.658867144353	1850.1079179434937	5264.629967372774
10846.928539487488	1584.542009727642	5338.449124463028
12408.145587823654	2015.6930032780028	5170.973609062602
11585.614092381347	2749.494318851365	4919.766561145875
12068.788989061075	1801.847962867485	4392.139228618574
10502.30193174587	3816.5900404353947	5803.577850089914
12843.573887646653	4953.756396108135	4038.665523771477
12501.618616015594	1218.9542465308687	5450.926309644869
12029.597306724976	449.0594845921865	5182.121490485211
10851.462017250751	1799.2296484354417	5307.554781120508
10958.47417013968	2602.7805820405274	5550.321502800639
9753.952374945613	2451.642743313296	5245.441643468596
11300.11099296009	2261.4111579194537	5179.690932710813
11074.897497549871	2758.6580529868706	5156.504983196471
11246.516523266266	1554.6446835056681	5488.838961547488
11228.343198527587	2893.8716125237156	4635.50601557779
10855.930018723306	926.4096353316236	5056.083896214352
11044.975915158335	1985.3604624282468	5322.905643918542
11503.923829572876	3160.0639572204186	5206.6641117102645
11086.31995480766	3770.4386667347426	5255.458864006787
11303.17888703866	1932.5726302902917	4530.644949350504
10561.328653148434	3084.6975823114694	5004.227680102488
10102.933432033371	2749.588807466202	4936.248865693425
12430.762404353205	1525.0337129442264	4997.458907952216
11331.651980396331	2606.985485140087	5604.770210060789
11205.756254617718	895.1329703545401	5780.766538772166
10311.351084320044	2030.4759590228812	5074.804806172553
11355.398166268946	1952.5797323221784	5625.87821749109
11201.167269422038	3400.7841450351934	4410.457817213338
10561.873010630155	399.03969451571686	5377.894709658031
11841.449111980008	1165.5944046291272	4357.292645520909
10394.031337223261	2533.1554098136994	5482.074365979266
11625.922610815078	2012.1573183411942	5848.2966053067385
10352.05798535815	2632.3027693348727	5743.854837148358
10706.0175631694	2303.5705705823093	5017.53758059781
10913.808005240935	3687.096752176887	4958.208953965649
10639.84183673736	2848.923700573161	5207.311597640562
11007.14405786106	2024.81070260172	4890.214744833465
11365.468404676065	2287.469916155235	5213.212748560719
10237.276546554636	3010.9395562061186	5711.139557549068
11387.92331872222	3021.601824563864	5040.61779547497
11239.356634447806	2436.87156271841	5377.189569626436
11574.403508290818	306.4064391003418	4951.26445031434
11559.259903734302	2172.5660456824544	5363.583199646167
11979.987239874303	2072.010297994468	4817.551285782385
12270.987407241288	2837.687012303064	5497.091507342958
10915.447695303104	1026.5277312588862	5345.573774976296
12110.071818038476	3067.46442448048	4904.6662931795
11749.83819581968	4219.533859391835	5065.7966177176695
11051.20029656488	1938.3967178762057	5350.578433190318
12253.357420010696	2063.5485892960573	5197.411089232021
11182.753892148961	1944.6248633909101	5518.8792245236355
10162.811347216675	2278.75080895054	5307.707969139778
10907.50305021389	1066.3744728637937	4908.330867104621
10917.723377587088	3427.0398701875506	4993.884439143433
10239.311369946658	4123.148943135082	5146.242727050486
12558.58984827882	3129.0409723996722	5354.957855614661
11264.039989828701	991.0540050003458	5299.483482116836
11434.009260944527	3143.548498439427	5529.997354048354
11197.811698742968	4181.558300522697	5039.215742460172
11689.983892619412	1178.2205017993263	6253.388426327024
11159.442037214123	2789.4991701312147	4585.461800925211
11163.173794475919	2123.8336440027183	5413.361076329429
12550.413535877282	1370.3193441922947	5146.2913163128305
10580.244885562255	2417.4393133660465	5804.0032673791875
10525.55168757773	3058.672178825139	5455.505807575492
12661.6897425257	1261.0059964265236	4550.01475778911
11060.297499490895	1765.037584192249	5409.306977343303
11619.39638579819	2442.9365230750477	4900.754463275443
10383.569907761967	1921.651662507253	5204.624375455735
10364.043989981892	3262.0110701216927	4969.30063822865
11863.35383779001	2692.875099614567	4721.875326404604
10890.135221732175	3008.3216163528637	5081.88538504758
11476.062007363302	2164.932490084598	4554.751558336592
11544.88444291453	1732.0693263829846	5331.960420767702
8349.672147872494	3811.525704760353	5127.458404208647
10427.028700268478	4328.766676886942	4746.191705919347
11061.047797053056	1314.987979772858	5292.61618743942
11387.110707280963	1881.6233171322176	5413.363570126412
11070.413316511831	1410.3837447760766	5545.541713735773
9243.822827019261	4199.97374757899	5202.848975710186
11218.496247930783	2924.7955198953255	5004.876133932273
10705.125106288326	2134.811156384712	5068.013796890972
11755.503449375487	1024.621544180401	5166.109405255131
10824.899089516006	2289.6167056714758	4939.032492864375
12247.209472233473	2489.4178774735096	4109.916780000081
11799.274918219451	2429.541828667489	5323.634515860475
10654.289110243166	2884.729743234649	4968.527428681068
11430.660742989126	1927.3763209562726	5210.349110431995
10695.519725106502	3388.112499931474	5556.3888403119545
11015.78139149342	2128.743232736209	5044.15781354449
11345.385153788935	-150.98433536533375	5077.552738597624
11192.24860552417	1883.6651544085805	4784.955872883698
12689.01386660006	1618.1615150449188	5594.777666825587
10684.962083140326	2615.302306084659	5305.657616738627
11759.955528689343	2159.3162155063856	5565.719206281981
11226.428333076978	2115.147901275965	5114.446798071386
13289.863294455863	2027.0228752113344	4775.891296451506
11348.171135396271	1537.071124494181	5231.870344283456
10956.17179246047	3210.6809107895024	5365.771551340303
10228.895552622578	2156.2687118097783	5186.810255538533
11678.671516203389	2708.1697173374387	4898.054282969852
11396.204821677795	1728.6716945490803	4924.495070333368
8999.513674560942	3494.192567665996	5409.125643163981
11814.951315774337	1668.5759596015546	5562.737453295604
12441.25763955319	1361.3298181150858	4875.320529076945
9971.306747109078	3002.9269451325254	5469.375316371021
11331.775919643416	1432.3016265468025	5716.463414725224
9901.070434274845	2210.2845292976917	5603.652860511892
11059.858978457143	2214.0028210610594	5138.880070418835
12117.296968193776	2548.7397233079114	5251.83643742657
10181.648702832745	3216.823261381706	5610.1276932295
11576.554203994356	1269.5204021646557	4992.669047667005
11347.777720717964	2011.5976027944753	5436.120806801152
11098.990068110614	2022.0549843675428	5307.748030452475
11288.593238413143	2288.8312903077685	4735.921212655019
10890.704707729228	2473.463457743016	5368.218602889704
10981.576307335441	3776.105310324435	5222.89998307547
11326.099257508362	2028.1736170783236	5292.833121354045
13246.460366546527	2174.1945312093953	5078.752192698247
11029.687238371083	1529.4872066272515	4828.217491236596
10982.975254108453	894.6791572934212	5665.059099927991
11624.635151808492	1675.237554187205	4855.326865168778
11257.8346585778	4381.3707623736855	4335.2397230809165
10741.276739729394	3803.3305836157633	4932.565494889035
10557.765633893412	2664.5485810695664	5121.180422029352
11700.787868166777	3389.4765543012036	5198.344766338277
10947.154410300283	3458.929129075607	4938.057472991655
10612.410865936921	2301.2884295902013	4898.293096116814
10395.211317838328	3157.27491965305	4968.9036111765
10035.885504210704	2970.1779101662028	5979.146950910514
10893.954675189425	2973.3929477394377	4266.906067383509
11238.813711752668	2040.6862483356774	5995.758020308788
11140.663671435668	1379.7467213528175	5199.956689417138
10353.0759119485	3211.2471861538656	5207.6466222573235
12937.519808921352	414.76814128438224	5434.7767847370715
11652.666007813865	2473.926013609758	5086.186477083796
10403.286341276795	1238.041751741804	4815.069169852875
10785.637831479478	2913.7452933487657	5121.40088037392
10993.272372038198	1773.7023134054057	5152.063417260641
12139.83880782528	3434.0351353012215	5406.878733583323
11051.136548234954	2431.2467732460964	5394.813612327483
11813.1869720567	2526.9836661852387	5135.18590177229
10928.455516814693	1940.4160648987638	5556.6440629619365
10855.322805504495	2000.801307594123	5103.585794081095
12337.205067291932	2338.148630683728	5370.001726132609
9221.682911266616	4239.088878349172	5844.538154506228
9947.558069750874	2835.5841935812937	5104.647857997237
9806.08648496956	3342.727432799631	5159.075337523935
10787.2237676937	2001.6684268660517	4412.308742935719
9807.3376357941	1333.1464707172643	4855.711594049231
11391.14324401779	3635.873501655051	5379.3736624663015
11492.191078120692	1749.1091283703236	5163.77238705507
11010.542491986202	2081.3357671622243	5290.1179963301865
11506.960271569538	2847.862529518164	5115.285072693897
11082.36541803023	3392.076415219513	4848.3168290941985
10388.147736675961	2516.17551459602	5453.485560380979
11149.764525125158	3512.5086067337306	5569.751484203772
11922.689406494832	1388.3621446291029	5393.6526484309825
11310.136324487765	2309.806531622404	5201.292299115177
12098.967967096098	2227.0990701714773	5515.724909333024
10618.820314386146	3842.925369069159	4733.458382800033
10867.869546898539	3332.6721558312147	5112.329872363285
10645.65639409775	3610.0576188655036	5036.156426400853
12559.645396553327	1806.014425594633	4744.026411634361
11302.139929845825	1576.4370469980045	4812.006393542406
9236.097091290228	4236.239564992504	5123.659801064915
11157.946871400769	2585.7053487539524	5425.192992895126
9960.582432270845	1218.738761180372	5039.881205152237
11723.20097701844	1148.6685856901997	4854.732164611086
11622.490962244034	1875.9290955592676	5152.435189525352
10083.11123019937	2625.314448545973	4999.2233596271935
10301.027351135064	4283.179603079479	5483.897404486741
10809.48521527168	1318.3889336882478	4921.13856942633
11999.682932556445	2755.48658482334	4768.0651277702855
10838.284104832224	1436.0824212860553	5437.847472848718
11440.053802810575	2824.567708062251	5043.191546670638
12147.396681185339	1796.9985599719018	4731.5585054043
11382.260431746858	3332.991150405156	4593.017823469533
10439.523656949177	1802.718974029581	5066.337000552208
12969.856280242077	1893.4061117618414	5499.262370757
10815.482816862619	4064.0275652175706	5302.112466344373
10554.186506145776	2141.270690386465	5183.352944594776
11083.403909604398	2148.868549418375	4709.993792467225
10723.487509152345	1195.1125184507946	6124.828970774837
10978.424801225196	2194.565427449231	5247.529091543757
12336.86196153112	2373.3295488294643	4835.252691330683
10299.48504640373	3548.416372401163	5540.600073993503
9771.850663220694	3218.8450586984063	4991.156136082737
11884.07849346331	3738.9397791108822	4550.190998516493
10571.967835721869	1889.8267337726772	5099.118929182483
9958.18560930819	2478.3495266469326	5360.375627323235
11263.04352243449	3473.7754970820747	5279.7353285399695
9786.192023530122	2518.4715771983397	4672.675194988542
12191.084730782764	1904.9055766749225	5547.286814612444
9095.242815578988	3623.16568346798	5262.446142468605
10227.71959292609	3354.4958852657883	4958.916600816063
10471.538216582672	2386.606394121039	5605.460261360024
10932.579609657538	3168.176642165655	4952.483680365225
10825.272281579173	3208.0032007589625	5089.3192791197935
12021.675352616157	3275.6633776886765	5019.629070931499
9299.450193924598	3728.6419634260783	5002.7360684185305
11971.268801016742	2170.6646907221098	4702.435467437797
11002.487375966566	5416.642117122236	4263.657582188869
10633.108825815874	2919.7711312276856	5038.56231665757
11549.21370569318	793.4635168955806	5518.918779636334
10647.969931915288	3493.6335670315416	4641.5826388745745
10918.023247545047	2555.319690755469	4754.587519688145
11843.429004990052	1380.2986331840498	6013.124343697487
9980.436924363263	2390.004827021879	5232.711982504757
11250.213259375338	2904.1203855876893	4813.427923008234
11925.98102243091	3397.490796113864	5132.362827161274
11667.559169717964	2950.783791732544	5381.400175892618
10889.68284645161	1826.1871185404345	5004.762356609756
11687.756890782452	3246.2686397652797	5559.968822145451
10570.453075069046	2478.2712774681577	5366.673393089271
10129.230403097505	2239.0048191590727	5380.571465739169
10721.352967004712	1110.54532560763	4873.11323579272
11680.988327170915	2528.2127407288604	5910.93243363459
12088.227214400473	2687.1544283946037	4888.341270108173
12505.088203236293	721.3882567467283	4803.245624302467
11164.826092969162	2231.794634340046	5243.44920067246
10492.29552550238	1283.5277001077582	5582.126389213568
10093.832044760387	1407.9709430568967	5256.407643050573
9705.656002026057	2173.078159591891	5430.0365683560885
10903.763938039243	3406.1650632772976	5318.9561259624425
11468.843381901623	2552.643608528329	5952.276580510371
11537.82796038416	2686.20160928129	4749.757361474229
10480.912151076966	1575.010281813219	5824.667355775562
11577.438757231293	1047.7786098203476	5045.642777307101
11942.957081654766	2326.1944938875895	4718.360400903899
12311.489497591921	2456.01308190348	4500.237698035988
12671.717166599921	2751.158102232463	5139.224501789115
11136.067391660148	2307.536831717655	4904.875979473026
11378.557264177176	2104.724662427354	5116.275555900845
10783.868025569765	1295.302042534265	5204.010291863841
12894.057084758135	2502.501651178972	4709.397451168083
12484.26178319989	920.7845753215352	5158.7378850396435
12297.378815268203	1579.9418361007058	5197.270382191985
10977.534316688167	4416.080846858984	5084.424803104588
10355.374807971091	1956.6863967369466	5212.022108270632
11654.134082049026	3720.951937455096	4870.979009667443
10706.381560204634	4484.299417599498	5285.086713255167
11713.260618052798	2533.984521383747	4691.144718619073
11417.292487998406	2752.5457413301756	4774.452562901462
10624.718524079964	2598.181008770012	5032.25623705153
10957.475772228068	854.5447837285473	5152.631986074586
11314.093489592318	2485.8940199638496	5001.440180452158
12068.444511130288	1262.9288831086078	5814.45860469919
9987.531140443667	1731.7214491358627	5523.154513703602
11695.750609811663	2019.6806308086511	4950.478240824795
11202.793633999512	2843.897284337246	4862.706024584212
12156.672612357952	2470.9479246801006	4721.875434018013
11736.901552728812	1215.7573738737872	5456.64085820354
11379.432418997825	3494.823125716524	5109.293736915785
10107.301449018223	2759.440295255528	5234.843197789819
11412.349515014197	1864.5507954835298	5036.17504745683
10254.054595353533	4495.134607334368	5315.077447377798
9431.43478357116	2788.183828291997	5067.797265625472
10073.520301634064	1320.6447209724415	5267.530185163476
10690.11541268269	630.7511259370003	5511.231556054315
12031.070047369525	2291.0238234226185	4927.247756898041
10038.70406742899	2652.0948128158234	5390.025008105159
11418.702296553874	2659.215971029575	5166.792583956998
9980.72264794473	2775.018212823453	5349.028107998953
11441.38235615787	2431.5305031924486	5132.528782405247
9859.223284897867	1926.9961867300542	4664.1845156430845
11901.081871280121	3373.366061083041	5461.599316221627
10546.95969009272	2463.8908357581113	5380.513641589307
10477.174482755801	2622.1717151992298	5010.184196642931
11239.01059420511	4255.300978171726	5004.946232677792
9592.886255756146	2436.1034614138393	5021.603619413019
10469.869952382027	3843.8251900185246	5137.658790840576
11467.176067635874	3089.6822290726923	4828.948257660849
10724.499511267744	1163.7112621769984	5369.286066675407
10618.978894431766	3311.1278746891885	5458.370728040024
11003.809908624995	2407.7092369526854	5241.804710471457
11534.61656799037	2157.082955773969	5323.04764623308
10828.574186705962	3082.8269839836476	4696.547800533765
10138.967893391306	2726.62086137582	4978.524851767411
11087.838387604541	841.1419109589614	5556.641302082897
12689.984321782988	2822.056871841346	4791.29169053398
11515.785867072624	3128.3086589066647	5562.786057961534
10781.872639387038	1951.5886496990463	4613.577625137331
11671.09160237895	3495.083602170054	4788.976713829719
10939.5360805606	2376.3675147721015	5098.623549982933
9814.841892154653	1666.5760985977286	5174.740301583037
12539.053409166097	843.2050721858016	5011.416346151484
9788.35687850947	1932.2097761608088	6456.211391445697
11160.67462709165	886.4676378615172	4957.744852205119
9626.00503662103	3143.3158879032535	5540.170505941856
10766.713883895349	1137.0654700863076	5204.897970376541
11695.85957480612	2205.991477256339	5222.28279356751
10103.764157929145	2411.633390407766	5820.699674577459
9465.27585311291	3803.394749600565	5665.1065684277455
10594.07105796478	3059.562095220001	5507.363267644329
11105.640448464042	1676.9112453478972	5253.145952369744
11620.384049533868	3054.619317944385	4340.793348440505
10848.880127337703	2692.635913807598	5512.372652311266
10413.346174236367	3194.1448995310843	5276.732523183237
11131.918412514102	2702.1173496809774	5307.618378186144
9900.932125143958	2435.962595837402	4707.54234427996
11928.578203507239	3286.934134473371	4859.253265481454
12171.7565360746	1465.913339014064	4704.452642247428
10879.763926440108	3798.0463254661663	4450.517061069367
9749.761631268962	3635.7261845192684	5112.395991031525
11839.800489657273	3812.5320508962914	4123.659395785751
10936.600657434852	1029.5639389646612	5590.621370673485
10553.312974050436	1773.1286241009122	5066.448332530817
11781.384237261065	3083.7313535305466	5692.992359895632
11656.268279260805	2454.9113812829924	5198.280995360095
11197.568894162117	907.227332254463	5433.958869709368
10908.431483998167	2106.811863406341	5564.190069470448
8932.114358616767	4967.196133947336	5160.16934599169
11909.216092937779	2925.5565839196456	5291.4302615215765
11382.872649193472	4651.066462488935	4445.763452923438
12366.881922339706	746.8805652832983	5203.3937595218695
10510.985662444546	3330.663211681961	5408.774305063071
9355.937504837479	4532.240121192375	4827.132232318187
10987.253068521844	3575.30241003018	5100.990414977638
9672.160553001439	3025.5211523879757	4588.608621739513
10393.043856673485	2773.585210496068	5163.839638239239
10313.184970519247	2523.2018746067606	4862.752236255648
9064.730641680571	3781.4377032534994	5288.134460530423
10922.130859249957	2091.9576941860223	4756.420843644099
12099.613636213808	730.2914940818151	5503.32837974278
11315.376082782283	2828.769777139375	5623.004492765516
10559.42453971565	2861.1168927440162	5775.12327501534
10078.922859380946	291.36519271804474	5664.847738081779
11581.465770575447	1580.1463416769789	5422.1347122096595
10897.184069033616	2006.5305952741141	5654.609030837765
11289.581180043137	2785.704884264701	5249.426771442671
11241.757264779459	2712.1869191578876	4988.112004431434
10168.356475609078	1883.6926874468736	4944.749917170388
12462.42107463693	1743.3229235097028	5186.175903795221
11594.426102410433	761.1498897843948	4845.9656077145
11561.934007734566	1096.268189523711	4340.299388122625
10611.979714911082	1732.6154739836356	5452.790511436047
10230.493677669165	4199.175511991867	5514.192814655675
11249.425908901254	2337.0180196946717	6360.265029193891
10336.625967404856	4024.894493566576	4479.185772002457
12553.86923256306	1746.117887410979	4422.532071803891
10339.39229055953	4009.2997504894097	4876.038867017752
11744.335455081971	3553.5411523927132	5429.140550043644
11148.08064340775	2725.8446301642593	4728.878345345523
11805.009044642753	1840.0318147437788	5160.282405562377
12004.098169908422	1851.6239901563372	5022.3404257533075
10258.40588305845	3782.5858928534653	5210.096599307976
10879.404158233983	4291.8188116451065	5414.366964130364
10050.559925327227	2885.73357450285	4503.631686572086
10236.082199266288	3469.2126153228924	5067.325842565548
10961.593882370129	3419.468338119667	5330.473015886494
12197.09919826971	1486.1624442261034	5668.245254628821
9388.084346739239	1390.2684730134047	4948.999909753646
11331.222769522776	4017.039392078726	4600.863142298887
11754.642355226784	2786.2892297540125	5006.41393578393
11573.592360801247	1418.2653648336104	5622.585481034899
9781.29266921626	2962.1191436665795	5364.868086188984
11958.408350908358	2947.9702018931825	4823.190408170463
9960.330749505618	2755.0770642581547	4746.566260885453
11494.603051645485	3125.4521884975175	5096.470836840111
10449.861422051736	6.986887485554932	4804.133828078504
11425.491284089954	4407.506598171218	4819.125780864338
10220.890746713672	3198.741287155159	5491.179755565098
10110.510303312156	2359.7130283771407	4942.023125343435
11528.07218699429	2529.8972757777806	5523.8957707311765
11187.038384175623	1847.3611383079271	5365.826409952184
9982.843457602286	4055.5511640614677	5141.074141607854
10304.158340168635	2868.6081898540397	4939.426420471565
11692.41073928648	2680.7661649525676	5126.84042897178
12357.675863015122	1176.0477783882516	4870.022515036965
12115.430680402325	2426.1508254386945	4738.825964844081
9165.58847293237	1667.5901601695364	5539.633458337995
10916.69237316246	3929.6071755760768	4775.738779793505
10949.284463039985	2352.052765794906	5349.121472003692
8637.43413369513	4300.06608603341	5142.20089980453
9753.859781544566	3386.4185698188176	5517.502145834683
10204.169842821657	2796.4177727563515	5171.752461334934
10293.23931350099	3756.0274638449646	4689.419956704104
9362.40709197778	1901.1461972060536	5444.724112781901
10264.170066810944	2218.420367128157	5019.341185733417
11747.41118830257	2591.440713046794	4810.192057536722
10330.679975723231	3503.005578392642	5320.7610728678
9484.430207940177	1531.1963592082159	5119.786008430418
11978.992402925334	690.0707831907524	5702.353862341767
10645.257398575488	2141.025919087359	4936.979084780359
9747.49033593738	2513.0873025781925	5377.3102223036185
11356.790519766691	1727.6129945405833	5771.882997782221
11387.20998161561	2268.3256572648297	5437.1485669146605
10216.374358909987	3771.974512126512	5450.970891359085
10978.114771854081	2939.2128603096185	4919.999525637574
9763.411650908864	2987.874533590507	5971.973789528783
10395.359499122666	2067.113147391754	5019.438072669922
12066.420354404136	2401.7236082458126	5541.738844035607
10538.452829466001	3241.5040043449762	4831.873297376534
10705.724620355733	3526.255391237702	5676.27329511795
10411.011336511965	3214.9699220027474	5280.251087597565
9585.652023811275	3911.9634590296005	4665.58558944722
12572.470399577851	2859.489464054571	5454.034814726702
10277.670456409887	1745.1339819915813	5650.341128204486
10633.956570246899	806.5738880976957	5358.307506427849
10851.191903850227	3696.902105218485	5156.409914258305
11943.754483341088	2153.3323423207617	4621.517568530708
11508.063266859243	3065.658208888575	5969.991560736694
11111.239925187949	2050.4787208149783	5551.224962333043
9168.863602466341	3389.080321051211	5190.332757615003
9080.711615747472	3260.6317822416113	4637.560447336675
10608.251225612035	1239.0764260557892	5109.33976836318
10153.781704877021	3472.462050482335	5492.746026674861
10647.21807184846	1364.5558557500326	5573.193640538724
11082.05188327869	2124.0883397913412	5827.4454666659985
11053.023183908559	3317.114366856443	4937.095458017839
9765.98595104012	2276.1451089175143	5213.8939285497445
10207.947681743579	2700.3719474493455	4690.434750031735
10067.353378590773	1334.5205832846923	5432.1107157046945
10590.992254626497	2344.926777475654	5268.746673792206
11057.085415250132	3151.747169865178	4963.177820472457
10814.811602066924	479.8709090884622	5376.475144517025
8945.305446026194	4618.5306450349835	5280.036467298743
10048.343273439246	2737.4503659060997	4997.163220816057
10051.368583700438	4649.565649086879	4864.5414912984825
12039.25320710935	2443.951162496226	4809.938086204058
11682.22921399959	3673.95661292806	4733.3293365403315
10579.723455956158	3150.7978922484904	5122.829834090651
11786.43571288909	1579.698243373141	5239.4533019646615
10600.21235054552	2569.3799506128175	5126.804881314509
10124.257208369178	2412.910509207082	4594.54033415418
11080.390945072417	3715.676845683466	4629.204863256266
11362.136977195647	3318.1827449810507	5362.81125775064
10208.5110618186	2969.8220719554447	5276.482730082787
10080.510584302097	1811.6030996197721	5378.757879581443
10964.390053638112	2096.2387450498	4667.4616607922035
11328.703379939987	4060.435547008397	5119.505051371043
11115.248835832941	3510.015164513756	5230.856527043004
10459.792148071172	3295.7081676249513	5750.662059182567
11412.868929602388	3224.836434190836	4868.590501994563
11950.120514183947	2215.742907641563	4369.763334405587
11433.101658233927	2683.7208623466777	4813.558504021158
10684.956872141289	3110.3521141549268	5212.753669767686
11463.368895210762	1584.9636724939269	4587.029462497826
11560.752309050868	1218.452811481413	5912.017844678761
10391.139242176721	2802.3496961196743	5494.218848951057
11022.030515169348	1322.3071274305225	4705.673777176361
11097.733357419183	3956.0251474342917	4296.42651999146
9381.52278539609	4285.265722043002	5403.132624880204
11717.394949250373	2080.8781242731848	5444.642180308259
10437.488893593301	1615.7121064515084	5576.493469249732
10375.165311266086	3795.461091539507	5056.291197198647
11711.499345572682	260.63489950325203	5684.19503545231
11422.791727306389	1462.046631087541	5197.490246594973
10706.970903349458	832.0738135853526	5848.688342148294
10428.12358296183	1734.8715230788075	5279.99980042488
10471.688452090451	3172.780798664452	5270.512097452411
11688.575329573025	2735.92839921882	4976.046653359704
9814.52092574068	2689.120294388818	5474.282748003993
11698.540261532342	1785.5011073961473	5691.782820546719
10073.709644189998	3637.4725889778665	4900.016891204903
9810.781576803653	2439.3855292151356	5104.863426072597
9947.587965333443	2168.3464928146386	5157.698180740229
10832.498440862433	2665.9313905814374	5346.007954960326
11418.594997201551	2816.063724268856	5469.189209922068
9806.468566773583	3670.9149661512033	4652.517831916559
12344.028631727226	3244.0452919788027	5011.226948769648
10291.148326089224	1849.1961374357877	5749.129474540205
12243.260317189375	2131.7863186492254	4718.160121491898
11005.562352449482	2747.43388587069	4993.347402092449
12168.377306184317	2394.518200333918	5445.492607909285
10137.810402870995	1471.391567649637	5037.562757093814
12389.134916357963	2838.211057789743	4549.856060620096
10884.565928407948	1637.2440611211305	5155.597785041485
12485.6928033615	3384.735957300734	4561.7653215184
11360.245988034792	1032.455535310357	5326.436833572458
10304.029889294432	3364.3989062029486	5337.915082561469
11776.496337039523	2011.3521155151834	5739.476562536585
11997.34648528806	2933.6044796846218	5442.709663719881
12110.125218861882	1979.1195993964227	6041.3112090735995
10710.040557304956	1639.452928777698	5468.7496955291535
12835.64895750769	534.9005868670557	5366.861978447585
11065.904829607645	1438.178385791488	4685.754564014702
8623.705684409933	4388.586973246261	4858.335927767009
11370.280155602884	1860.2029446079118	5108.7258488372545
11189.390284371337	4139.89504460839	4771.83442225729
10392.495265923102	2208.98691926738	5657.205515692112
11354.330367215807	1401.5512893298774	5008.148181290731
8759.848396442418	4722.688212028608	5798.857646427545
12026.16442006823	1172.6572285291818	5308.325809596884
12198.710362856255	2151.572997560084	4865.924731051922
11483.0214202591	2745.449687630831	5234.767291946959
11629.233369967344	2820.494310582552	5296.890442333353
11580.905991758778	998.3687349974543	5323.473950563739
9554.731583123756	3420.002249214687	5091.787566104448
10385.037157341392	3298.755430174329	4802.616957347682
12197.072308907556	2972.6822479054695	4781.959077688397
11220.102827516122	2208.077458306165	5570.581174465586
9807.992233407751	4516.691582572922	4702.312052188543
10542.769861872392	3733.2984585577883	4909.676263863798
10425.919823681825	2706.9984517870403	5095.925363672907
10203.436479162814	4208.192857936949	5299.601103870371
11306.861900784987	3154.814152422697	5048.555755121579
10629.94053681335	1068.8455033446578	5227.370846515985
8512.228410367994	5198.199664516413	4806.265511122378
10414.154939192656	3608.907619542728	5014.580786263787
12472.135665430229	1188.9930202187813	4367.775016282654
12757.114808922393	815.8441908859028	5138.813419445377
10361.829888996075	1459.3395138841788	4566.976900929712
10277.186183090971	2383.426548156906	5019.880736508586
10192.24405285432	4415.443933227027	4913.04329963743
10919.865949124449	2778.803412964111	5354.067578111009
10807.480792302664	3005.66693382436	5405.627782980962
11613.614476701143	2704.5065931788686	4591.503485299315
9631.791148727589	4070.156804473074	5343.877310071809
11282.443680254371	2754.2419094673137	4222.863239075653
10174.623998064197	1053.4932094728865	4900.17762678352
12567.448124176703	1302.7907569571778	5388.044705203737
10552.564722949588	4203.810220335893	4696.738562076689
10047.868118809309	4839.3521348244485	5306.217926045453
11455.008387431799	2712.154979719117	5120.081740907994
10341.162682428694	2441.1848827559406	5112.045242479182
10071.47720181673	5191.861863462504	5219.71872577728
10852.048749667953	1483.784436098254	4942.919793032498
12076.113216254049	3461.7126095749622	5458.280472512375
11198.952807196747	1798.7057650364648	4844.658770255897
11217.273503596556	2213.783114936209	4909.149885622687
10267.04221891836	4007.795980252384	5292.20774883374
11668.533901834302	816.7311475552201	5138.626417883846
10906.015738454997	3196.9148150473875	5267.958533950175
11427.763955054985	2958.0657787046	5687.477161904428
10196.570537288047	859.3453132529187	5594.337412680984
11820.28350663016	1919.5057914350589	4765.072664372285
10326.833608332132	3303.4713329943957	5302.358796505575
10385.332764120307	1599.105125914941	5002.728485315584
11203.817277637696	4826.280623099263	4305.419122146579
10180.30717451508	3271.2605531555705	5428.03815370147
10844.496608082269	1954.3999185584667	4614.86769044481
10929.016019342613	3182.594561160212	5431.058025368858
11804.695353959221	1330.7634485041142	4665.55062222399
11194.75965863131	3627.93606152702	5154.988319906074
10621.176672440455	4009.5163525160974	5374.882659353797
10642.810355170961	3364.8012525252957	4928.032324637994
11027.033120589083	2158.2543651714213	4988.337982701327
9777.225497794196	2852.121247756124	5242.710065121722
12838.46333011032	3674.832116175925	5606.701812180616
11263.900438005992	1452.0467436906965	4009.216144816027
11553.271676479791	1682.7053894619141	5235.213621473584
11227.77196100278	1743.3871857055942	4952.2800327930045
11268.386094507163	436.6595487937601	5623.214870651753
11256.498445457533	4202.904263283729	4355.253602894108
11291.52581657227	4210.066358710659	5381.178799940054
9252.179388278002	4022.732138435478	4538.817511238847
11554.612969411863	2952.0823482770575	5069.509425395158
12134.042726217986	421.0745059007643	5157.12080123709
11937.759044281678	2802.3585875823433	5309.43928292123
9561.107523546045	2825.2823468437064	5152.628241297992
12105.528930457465	2302.4021757178048	4675.551183629665
11278.321660951498	1232.603254264972	6129.660352464255
10469.01244396916	2533.1037513226056	5258.193618480056
10966.149935213076	4103.748892182819	5033.003717341413
11255.156507672002	1254.9903851940223	5233.3765726467955
10752.75372968821	2663.5792090276173	5413.310626054618
11950.09667348346	1384.2301296955955	5081.956263120498
12410.21502265426	904.0331489058924	4799.656511293595
10790.045855785307	2269.867632731755	5137.064621885933
11507.51438722283	1420.342441428701	4777.144054942661
11487.460205826694	3018.132120012154	4666.10966713296
11495.673952408293	2141.6454266729074	5013.262140210706
12562.995514183585	2526.943131479429	5083.573089009817
11073.831194393531	3207.083701650833	5216.699608881088
11918.728490225983	1515.1908683901192	5094.108598014415
11457.607368596642	2509.5278068636485	5574.300600637698
10206.835420833431	3603.9954142044803	4641.803448411513
10316.227895775937	781.986499273868	5396.42238930308
8816.740216472404	3970.29592715954	4474.813893966445
11236.977819017451	3073.1936572543395	4606.521616285812
9832.832960656491	3814.580405711917	5268.952043211744
11251.093094469212	3935.951300527806	4812.403388101462
11919.510415568184	1298.589687426134	5438.162663340949
11071.316151318175	3767.149393588658	4639.5057983226025
10687.029230951666	2263.4634941857644	5321.359461275298
11807.803365699305	2739.426153814342	5336.457553354576
11263.377032624196	4246.54428391661	4866.1989117731255
9831.321854171229	2768.0356475249487	5299.399027077919
11577.48272215032	2427.1342913539333	5471.271070386151
10849.377681515705	4187.930434727411	5351.898218312388
12232.28088966917	2832.9237669021036	5110.243694588761
10520.266532891279	2568.667931901839	5577.010151875686
10509.443645360694	4366.21306591373	4984.099927873331
11463.824163167566	2245.1407350281274	5116.010107972702
9174.543149877314	3296.3563329697763	4802.726408321242
13237.4210727545	1873.7934120296577	4878.018452593101
11223.770166256312	2835.3445723070604	4879.688472719006
10652.456556517658	3387.533835232974	4868.811880755073
10859.558306720033	911.3771147441197	5309.840349702684
11231.028148993288	2460.4185116348326	5534.354752716174
12026.199446692179	2331.452448054154	4864.436179113669
9931.046937191308	3083.4344763721024	4844.34918057897
9077.509625332345	3124.2965115840257	5417.022685566216
9062.624159268507	2332.9423737324473	5183.290951507628
9532.161661284723	-464.7521689890963	5118.717452603291
12348.167223787217	2761.3805198630675	4547.622821832283
10390.65554917382	1045.062614612659	5182.788398595927
11513.353739844484	2520.2858086035976	4744.176723503267
11714.539326940425	1922.7561323331893	5479.586143477348
11877.818018826083	1924.6219304097203	5426.124619169781
11377.3209991345	3158.7856531082243	5440.359216881041
10340.938448465136	1511.5200020497084	5162.814164050038
11461.777436433767	2235.293672276924	5146.333958269888
10334.370901969056	5223.035718661942	5315.496185442097
10338.850314318584	2667.546924787807	5410.825363111626
11231.968199594106	3008.4290781908135	5158.5667009626495
12421.503593384588	3713.7441688785007	4765.773277346841
11999.006251321724	1407.9009285018042	5410.856706144236
11405.798001429637	2516.812714509436	4895.230591835136
9326.758201787618	3411.679575016565	5590.259326708473
11951.017852832583	863.4686065555688	4691.766906509655
11434.901145369084	3253.386849696487	4621.375180601617
12063.902617870957	1722.1075625810452	4788.162233239159
11174.982560909428	947.6402410535617	5074.564225812655
9338.465429569454	4819.678517648975	4525.063126550178
10018.103824690133	2294.5097545817507	5252.7174152125235
11207.40807195691	1977.6536045523364	5322.1255765558335
11371.691626946067	2255.1493034140935	5708.545859257959
10486.71905975303	3791.8118434438834	5212.088628757554
10555.818912242134	1958.7663820924477	5235.0343592265435
11378.497187042474	2246.4471693380074	4958.732269127163
11416.253955238637	3797.337779497285	4967.428831729791
9184.571051703277	3547.0163250917662	4944.083279153727
10245.189162904138	2376.8710265589534	5434.520782425819
10287.281211457514	2632.633395050996	5267.562145560329
11748.509247890006	1180.8985347281855	4845.8437739621495
11681.956931513358	1639.7727806041557	4718.886221419232
12058.12918994724	2558.1379235705367	5706.062448437379
10280.571961895346	3766.177205364282	5005.393790704318
11912.106419692576	2289.605538204204	4899.587921299817
10270.541876455127	2391.786443640443	5695.85201811178
9662.70241379975	3599.332484655671	4689.994488231999
11997.742367379211	1407.3574824708487	4561.833434227749
11364.938939056421	2016.2765956664932	5165.523793870576
10036.607605329958	4184.825906095715	5025.249619981733
11496.684081884418	4595.2911427400295	4961.2792631589255
11341.531015531069	1852.9795449594321	5318.000819201406
11806.119443833913	3849.5965254970283	5158.235051349579
11019.109039561303	3041.5663124154603	5742.653239538399
11368.20836419958	2333.08436702789	5307.556341489922
11887.06634063542	1878.01776566207	4886.031332443132
10261.831308324927	3900.5490507016048	5255.5399087687765
9800.148102286474	4733.586554277486	4908.502636592413
10833.482399130276	759.2461963747537	5655.535176113511
10702.11984236551	402.4846431228003	5909.097909264793
10829.872478036805	2049.2613609423106	4928.55652178784
10427.915985840636	2343.2926488120274	4892.787090837685
10014.245729383212	2263.5435849531254	5197.516662276592
12971.932942054205	2559.888478141019	4416.716287757286
11567.060932333026	2773.2690393393545	4637.960351057171
11259.071218677132	2539.7790039101205	5292.2529493116845
10375.7049246614	2617.6080121552327	5022.048658011072
10987.931027956407	3017.6809586042805	5458.208124945953
11280.478218210947	2065.470693172086	4684.829858810894
11094.421139488713	2167.367262087808	4720.463800503043
9314.0545090455	3760.356486322241	5119.515199113677
11509.09815424176	1691.1570874639567	4718.314655161823
9123.7905557901	3736.2888016788215	5102.453043694059
12220.14490934125	213.2890268597831	5414.867938509165
9133.210214390127	4337.819870810956	4567.064797700318
11000.332833425397	2023.2612390466668	5007.799247237268
10973.680385009191	4135.669618111804	5124.161893791358
11017.346259361662	2831.3979651678537	5422.751148126259
11127.066461069755	3403.8919228476975	4857.37069928579
10840.264373409818	1648.9548158717075	5564.999577843324
12494.894493603475	1570.6596222602402	5440.781996880521
11078.566066427784	1961.0426758030908	5357.917034810121
9499.206209541533	2965.2139165402123	4852.981512756442
11778.479894462369	1477.7289692856145	5408.260749053523
11215.60774380745	2246.6708825142423	5657.928800135108
10993.607787321458	-285.52232550806207	4960.362108283975
12036.115709171694	1531.6685638959432	5095.528846372216
9794.716750707206	4652.474177105943	5802.5389250787275
11143.622411342183	2459.906783446873	5090.152668753317
9635.776885384199	3497.918179126196	4860.912626828471
11511.96204201868	1938.3303387517476	5182.388061563869
11555.229705905407	2339.422273566028	4918.0011991613765
12379.658371297637	1546.9387514840382	5097.903769821328
10045.863381312536	4654.103956986541	5159.565321214354
11542.271021484175	1885.3485881108681	4672.565115508566
11540.94843106266	2414.08092185178	5448.121173291324
11604.726153616617	2455.1589751117776	4729.372057703955
10259.041640302801	2393.19818733254	5301.529201884246
9298.508556282673	3998.3880712045047	5015.444419304261
12879.556484415205	2208.0376518453654	4215.689122780377
10857.908869879571	2264.2968777207607	5027.944271922206
11758.490466986645	3178.325454234866	4358.728434120758
11069.313856637986	1369.5043350414755	5363.54991224554
12203.252639123035	1152.8258120993282	5169.771764366537
12475.34337827208	3063.884593013028	4416.509363113968
10559.554932455467	1565.7200500752506	4918.864545991885
11715.572331961568	1646.898504646394	4991.001867191726
9353.703072245471	4328.811621403434	5038.61600563318
11079.047868878575	2515.421528468325	5326.338429084584
10456.776747815979	1717.9467924436149	4974.451473245747
10649.425931544163	894.7978631083203	5728.732385185601
11559.210729135795	2213.9062875582813	5097.195366659194
11704.145371701743	4157.383282597756	4918.523411161576
10523.11762801219	3682.2830879883454	5011.689271961764
11156.745539240383	2522.497237904426	4612.46484530814
9487.206307760003	2018.5019764166877	5425.816599753983
10784.007602530095	2060.032063849816	5319.92382556179
10406.189551591431	1258.724845444084	5377.299691367235
11630.79977854183	3482.9676953211642	5168.354045134295
11679.358480455683	1917.074010227086	5791.742156643405
11120.098772694319	3093.714478668744	4726.632018475476
12046.280713202696	2771.669260987251	5264.350035023127
10646.88092237032	3924.558689118057	5014.58177485221
10486.854774778709	3506.106200289691	4851.429129784943
11784.137872234613	1479.7032069267732	5003.58492999822
10062.703392456162	2145.7630360709986	5451.564525727705
10025.812545794404	2974.1034408577752	5037.40641163579
9963.617740112395	2698.464230199839	5618.80003099485
11154.080228235542	3488.465781627685	5059.7600492549345
9139.661648625834	1162.2939229640608	5298.362339668646
12041.268094619401	1557.7581355455843	5036.658764599524
10739.573899862537	3754.9937159321553	4735.984501064497
10507.563516069866	3072.655154724834	5177.789034809607
11447.514370792906	2655.2452579658648	5397.685236417805
10959.376871012879	1329.2882726007035	5341.141960655716
11228.604406210483	4429.479105707655	5005.116996239884
11267.885282277522	1841.0460298620308	5759.117437123323
10657.882156004403	2029.8371702565273	5488.622284840536
11032.899419915018	3013.444941975158	4886.787090750665
11796.221961463158	2689.9575475001484	4892.875113122051
11205.983910992098	3567.1732524533227	5412.976043043082
11923.216863052547	1330.4805574982538	4901.4384754127905
9916.374152661067	2711.5309255740585	5163.973711249876
10186.847136519438	3862.832671749646	5045.72310240532
12254.215384162106	999.6392258632177	5326.444579883266
12048.68968943872	2635.4990058668436	5322.523135545945
9324.912181914397	2714.3887320857507	5155.228072251497
12471.90471955592	2784.357164054817	5341.837490208018
10435.821420764485	1764.750799868397	5190.316675731994
11424.334887988492	4231.118101463924	5089.760096117827
11489.719998323015	2902.811760715548	4350.809630906059
11645.244499780154	1614.7908965241713	5103.6095727213515
10976.142072559787	3532.246623678012	5286.988551003251
10426.867337185682	3342.0411505460106	5297.648514922112
11740.394317753093	2932.677138896995	4689.236095558617
10849.648165658655	3175.919340251427	4946.908085966536
10370.34167106517	1159.1325785860204	4967.675614801102
10003.963662757566	4401.392051782782	5419.470831708909
10044.19728273231	3516.531736347455	5072.295296930289
11633.132222004051	1293.2543328382014	4983.952875926187
12064.723361987899	908.7456396717241	5046.1359216847
11835.405989974406	1830.5214210910447	4825.251051683298
11003.058295088296	1589.3209969480804	5348.098373998774
11539.493518879202	1209.596262505183	5605.561733323056
11057.853377444606	3110.5681702676557	5158.657825602808
12412.775142253713	3719.1945732851536	4977.766117848981
10221.067601510553	2883.600385045845	5074.4283864282
11030.976588026897	2507.214257195839	4939.3696146417515
10894.140211277085	2814.457374921884	4463.905369390528
10843.971172647023	775.8250437411036	5822.435812059082
11261.274639083786	474.55968468176485	5739.665343044794
10854.263472091892	3231.750996815042	5196.171635247568
10465.251633123797	2926.8806166266895	5705.255092228252
10379.01758320277	2005.70495019833	5356.177364785588
11307.382238577451	3037.7230623974333	4938.482533092158
10617.506653863458	2520.2678610162916	6016.820946444578
11111.64239776598	2016.6341072184764	5254.519067134849
10147.85629811403	1833.9408898536938	5275.25749711239
10066.178514994444	3418.877072283554	5215.208839526922
9380.013297156227	4334.266718331112	5252.278889843163
10312.409134092015	3022.6718675947936	5122.386460107355
11505.397100748003	3131.3332139065733	5842.340716486996
11472.831300772064	2758.5081503750116	4832.1354911003045
10605.797974300653	2380.244515785702	5610.678008270252
12668.959863701448	2301.00738364886	5690.027393727034
11252.474406350808	3524.5547216225714	4718.805982851261
9573.591338298107	2126.186240268815	5392.365644563379
10229.58636389181	2929.719621832776	5134.609154998347
11052.613330726757	1079.0411143962745	5472.091883710256
9718.709393537323	3438.376566849225	5355.566984723509
10657.844750809692	4101.309100826476	5105.7323715141965
11577.722708512201	1824.9469350815943	5272.818866936078
11970.207518887868	2171.0212540792004	4593.439254039543
10355.914452088211	1351.8292985676003	5894.533888636769
10107.783529843196	1367.267431738554	5151.517342570975
11891.189459842884	4041.318538609736	4596.00786067943
11183.526391286065	3708.657790560844	4952.36787387431
11734.22623015687	1683.9935065215527	5180.82012281073
10379.113558704843	2708.6886805626746	5178.111968634896
10353.637060049821	302.23641270647727	5262.667047310896
11394.933866512676	3458.732268055689	4952.51521580305
11193.004029373296	1485.8145092176005	5341.397749158998
10659.65744588525	1691.430073905285	5513.414640598692
11731.638804949955	3108.1244079078688	5169.146954235811
10104.082413438848	2124.4185857123343	5616.238690892094
11175.001523294392	3577.9120454660233	5186.937387562153
13202.94898654635	1659.7628597395105	4494.171586904369
12423.150092952514	2808.6924300575847	4579.1171863799
11412.709886288281	2793.4237580466083	5561.280226932745
10504.600413773256	2139.2393329382257	5372.034041575955
9820.33948767278	2126.3288141544967	5399.38571378708
12113.732112849713	2972.4342403337832	5488.412545239194
10813.94877572453	1719.7173941623953	5284.556919995938
10572.460309647036	3205.5607895741036	5100.52816932685
11880.751226261802	1892.450067505785	5596.63024182748
11281.063572116202	3555.093922369659	5701.444090542491
10804.141466596537	3063.047393863762	6232.690846573366
10522.24147213306	2806.9497323671276	5331.91679280872
10850.04423054895	3261.434641353501	5545.650391369135
10765.901301554439	4302.585408850466	5428.958768482105
10179.87808534573	4560.784855959781	5268.739101332468
11292.544486782963	2968.7259677840816	5146.094999340207
9920.588056986659	4466.968003105955	4702.049757116017
11213.338229970062	2657.455690145307	5630.754572773939
11203.826067540724	1697.6765066893247	5245.006101614148
10556.287357437077	1731.0439037725105	5458.91733209032
12146.277168518689	2135.5853729928517	5095.060621760172
11799.148676012312	4914.10903644529	4295.9985347666725
11416.970057145563	1701.6649453671848	5416.17498723633
11291.57753038005	2275.9761214627038	5670.267259516169
10274.734961175767	806.2045379681601	5766.104364082589
10069.916294272643	2096.357357941765	4817.012438391942
10392.959912142456	4532.133365968192	5550.380993192798
9675.396811925253	3325.3079123582515	5101.24249230956
11132.52659854869	2489.2416894066714	5318.575114167945
12693.74173808393	2165.631590562546	4340.197327675827
10536.065620722075	2225.152371231148	4971.450473094425
11799.319945200652	2176.3322411663944	4938.328876072679
9102.011152723946	4034.7451066892827	4572.706659650504
9797.622806146106	2892.488239029345	5261.665127019198
10997.803401729037	2172.887311256175	5603.448250044362
10893.429261920057	2073.170381655072	5408.079314508849
10650.881182271583	2874.57277581359	4500.464738931701
8483.121395535996	4522.788133779213	5346.760317128601
9382.338933404846	3651.7891001323774	5332.707337680296
11235.893149334646	2750.763569009984	5272.7827624853235
11603.586761168768	1995.4876401853332	5763.56876057459
11219.183419897652	2859.2770252391942	5483.401740298496
9975.882823745342	2482.029367111589	5064.130629213806
10718.955691354045	2607.945163518056	5337.820240183429
11047.26719488694	3542.3147739023534	5516.713026382947
11784.065815352735	2768.1127450019385	4772.536173503611
10863.897388483701	2132.1239890988245	4514.170825567003
10953.244343394412	1870.3450230976327	4848.43082575214
10322.388353860446	3723.9793790844187	4304.817156089217
11156.108716258486	3010.826025379737	5403.552300574645
10862.246468993733	2520.8559513722576	4796.052654387417
10422.563085877428	-20.20524273004277	4871.114405851639
10432.858029556215	4066.8577700177734	5075.879971714195
11222.706577077008	2650.2600957007885	5135.063059571249
11185.15074267189	2483.100312644834	4946.6471816446565
11005.432810823955	1987.6196403488202	5440.802041774342
12121.817798581314	603.9724389259659	4992.361935756365
11085.12586881527	1672.1708674141823	5077.982889021167
11842.858596129367	1732.0467632578109	4744.289030326027
11032.465040713538	2268.496969563521	5170.480645414397
10298.110070820172	933.8459036397928	5422.91428385342
12633.325539264462	622.8401063199586	4887.686815665985
10242.05777493682	2977.015491360537	5218.011349699582
11745.051578441115	2699.0649641445893	4603.941954739007
10928.366920583241	1812.6454830431862	5334.069390874438
10863.245172246448	3427.7986466826965	5003.5268393899805
11612.881941864516	2272.558911103362	5161.157093909773
10897.973519484094	3327.2938591443826	5888.87850548387
11319.122642933953	3214.164259001251	4920.8430747102
11849.635022871917	1819.6043379608147	5042.19993862221
11149.710816022876	1831.7176078941088	5081.663161710296
10726.508811051233	3373.4045515732946	4986.427713778641
10777.98943762587	4295.610714977033	4338.595423411581
10111.763571064319	1469.6968565032264	5013.103573484184
12016.274409753827	2683.887067147648	5541.139529184989
10813.890940603169	4866.331202614246	5372.683283815403
10617.149911344497	1693.0120423972407	4978.4244519073045
11380.795277180056	2217.431403905216	5149.009410806751
10399.606578946365	1137.013891627619	5406.686240383429
11846.13731472078	1163.922940897212	5162.7678668905755
11083.081559735245	1903.8699933779408	5445.237314902413
11515.073250540298	3581.373663124488	5227.407597656422
10565.397900593945	2991.6124682633963	4787.151551884536
11009.78751774676	952.6095108597818	5303.101926070231
11502.312070621147	1083.4051978674304	5153.383496250108
9490.511029452084	1906.7806726029762	5843.359526663523
11761.840466152835	2524.686213766223	5290.11681255432
11770.645992863248	680.6888753033807	4686.938944641721
12297.194331963612	621.1820627717038	5167.843236793403
10858.514827688754	3038.2333704362377	5483.749163228712
11660.018781363538	3319.960510809019	6173.329422006225
10996.106879597466	2364.296612222563	5035.809583525349
11458.944568759283	3522.4226699780734	4872.150466590477
9827.857773625074	3823.1822948074146	4886.655103389154
10813.80946828694	4019.6703471639335	4834.587898032364
11707.371110713202	132.73373597723236	5515.534647131097
11303.654171710563	1016.0539570653249	5823.862828162412
9530.032516268726	4370.8007542041505	5270.027609884837
12302.70408053636	2114.5332841989907	4947.064420851521
11475.930917433247	3222.9976048129856	5268.31901378202
10323.338902295256	2797.9907189160167	5319.970179183451
10561.470221349802	2665.988667768873	5306.534895452698
10597.15458761785	3170.40285210755	5687.7499134783375
10547.04551133849	2849.7243021168324	5551.019676128102
11759.685967984817	1673.9878937317637	4700.362188907291
11558.68953815963	2103.9091758771924	5123.551526277976
11074.6063105849	1620.9346596510393	5112.54097688148
8951.416171575376	5633.858681330573	5270.160776661502
10296.69920835741	915.6782257240375	5457.248670772165
8392.462863376482	3638.6488944899284	5459.352102527428
12062.283262673203	5543.919677249237	5111.958678638884
11582.471462859536	2296.1917765939793	4866.707668676191
10928.478923837756	1947.7715511826227	4813.743165894101
11828.77900446875	463.65984301705635	4670.831834207701
12518.686939453515	3054.5242130135225	4455.2016275702335
13861.734227003122	1912.3832812722958	4926.771062413764
9798.454982584291	4414.700977755858	5599.634351498146
10675.90825603481	1309.108908936911	5043.147205492153
11599.291361755188	1710.112849808668	5335.8369694474995
12250.684527605063	2115.207016423383	5405.454121479377
12446.987758442607	2097.51005666496	5480.508558887984
10906.308190501226	2810.7240944478904	5554.689989432441
10488.391088207882	3128.3809993396158	4592.381046734325
11590.169595144936	3150.7910524870217	5168.306741868592
11094.719295191679	4189.888614028954	5788.041578631022
9678.810314389812	3125.4215713884555	4854.677481080144
11317.318387098714	2702.7791481745357	4547.599285705115
9759.871916996903	2625.5117863078367	5209.668709948777
10559.626810252284	2823.991414305876	4730.010355919141
11369.835610097665	2991.0997581932324	5550.461500377682
10480.966093999938	1262.1342982346546	5161.261960374204
10651.784109256338	3791.1966592515973	4859.682573792106
10413.739338376332	2494.2462508441245	5402.240438810899
10507.959256509599	1261.7475354486064	5273.536402412151
11369.82507752638	2343.779850899208	4796.798835178009
10382.286785197988	2196.174014330759	5187.971153790137
10826.613531685727	3109.747185247965	5012.314515409195
11344.71758434339	2935.7342827941225	4345.559559804245
12102.346978802427	2308.1856248563067	5759.678125269757
10808.24007110683	1561.6755900122087	4911.66956086691
11575.57889675836	2302.5975723250144	4870.767099648527
10869.332039105217	2806.456470813214	5383.4186490452175
10621.271337298485	2452.6928520637503	4954.893793899981
10968.224283734591	1221.8190088766764	5726.509699523175
10203.202148540902	2238.4554527201485	5241.25105364697
10412.845565679869	3893.5484711366466	5417.162427194359
12349.640640790361	2385.306351957933	5892.75275226303
11592.901383214155	2937.0682616031104	5193.388092758043
9689.17041670308	3839.5677161057715	5140.352504933687
11174.307063263572	2626.801463855377	5085.868800716495
10352.248778138797	1228.4887104730694	5385.839840074329
11465.736354369941	2800.8974462215024	4837.680094198515
10471.992705104707	246.1467759231411	5724.999402099517
10997.714103604922	1640.5105263414655	5195.388685998057
10356.937702783756	2207.4464289883294	5170.510005961571
11065.015092611342	2659.6685663851335	5245.044848264952
11264.807299506923	638.3743310105785	4894.8821880298765
11260.884780655255	2363.517539097793	4901.633702986165
10574.06404078967	2650.2126837585824	4746.1448232999755
11710.94679660777	3848.6848492313247	5387.369347010838
11266.04227693151	721.5353683778935	5598.218876299644
10435.542510474443	3973.0353640727626	5525.168765038553
11248.015564953983	3275.5657535078035	4640.1594359749415
10315.0353336169	3656.6531557036687	5312.756190745563
10059.195927161703	3120.0085955566105	5230.353957278102
10492.543084912333	4410.17438692884	5356.216605310547
9446.038638796777	3611.9468210019145	5136.566840738087
11936.209553601651	3166.7694470276715	5129.903536752668
10658.076576839268	2650.454314930538	5782.705830260135
10410.386405307005	2054.4217620948107	5162.558515124287
11626.976342052785	2833.599132746024	4839.458067119593
11125.148131062593	3084.292019812236	5050.991492189063
12903.312196344663	1504.5393511749437	4897.384242137767
11818.326896071347	2266.1833426484386	5754.909119711047
10053.52307973347	4777.692606803357	4370.674165085138
11431.627155905086	1394.755616101438	5257.894587416491
11164.80567959338	821.3912579455591	5080.555701409154
9763.210859052471	1491.1659894013783	5658.674987710645
10446.844892037137	4241.583748747946	5202.304205742051
10236.466085080721	4937.204822717773	5161.989192703882
11903.190250648859	1061.1084880970939	5398.277440282711
11805.510576003502	653.1811437812561	5787.723706833031
10635.204168073034	2354.529694014379	5511.211933331816
11157.131947746404	3324.9239774961284	5653.1643572286985
10302.676541007457	3464.2289926053	5614.509615960728
12243.717924678942	2044.4544113871639	5000.416078351066
10515.296704212742	709.463640092651	4893.671603763468
10721.719952577343	2613.0816266981446	4979.81498648803
12111.365615965202	399.47803943958513	5187.240963441815
9260.286132178142	3096.6321394921906	5188.286434438889
11959.20517044046	-836.2628306874523	5209.541222551984
11105.757657787852	2502.227183117238	5763.500606852934
11461.658888525853	563.109771638806	4480.414203320107
12248.294786953895	2905.210199603463	4394.547407268862
9935.66996868543	3406.635023871784	5410.600331999693
10593.611310524384	2535.4074929389217	5396.144927150289
10492.117816777287	1255.3169605430735	5622.101430914723
10852.544324381977	-259.29539237685015	5794.9910298124205
11278.739382823862	2779.195051347369	5329.5115080200485
11204.439336127462	2120.8023959230254	4805.539654018151
10069.090276697294	3862.688817662828	5360.33676038953
10551.540182368364	2214.4686016732353	5262.99731282496
11197.737468836352	2568.0050932701	5409.96039342625
10107.333302400784	2985.958324187085	4959.410321644879
9582.619561874217	3863.9815881987665	4534.518588038599
11334.484321854661	2137.417295569073	4957.705107700976
9775.097990122651	3854.644506732095	5061.28953107891
11011.073603085408	3999.8333151825814	5023.570054012368
11361.212423496296	-313.78176472373855	5317.86812723158
10915.418938258319	2682.5345459422315	5615.280929677848
9611.818444548973	2766.958576057446	5256.883576532929
9921.160435470336	2311.7395399301968	5459.724946027631
10695.791613877489	2791.661907597277	4759.235357374948
10969.136803195383	1954.6838786086114	4644.809030917874
10991.750742797056	3453.8827693546177	5334.0772136323485
10954.628014084938	2142.501920577171	4886.775056633908
10885.972730530662	3647.6531276249834	5196.722290133663
11015.895997132433	2599.424449569685	4899.949809741302
11501.287317214035	3484.8266278396127	4464.860267836137
10314.445283624791	953.922752515135	4599.268533140677
10119.33103859236	1767.427692895648	4795.012493515749
10399.839793992063	3150.354470443971	4749.098348561193
10309.17274699353	3839.5316781422594	5213.451305869995
10417.92390358505	2524.671073015436	5041.477624240864
11325.181156450144	3205.920025387199	4600.00533760192
9531.85006780171	4424.812624647838	5662.599837535107
9422.021763891142	3695.1837594393082	5232.880220037259
11641.061540016306	941.7923169079708	5886.506609888077
10784.760666444517	4504.829398047894	5584.672984924897
10303.036550801564	3079.9847755666683	5644.553199726049
12310.377269986784	1533.2817293552166	4802.883694380547
9504.792713751978	4362.981534474835	4354.849669006947
8987.097921550872	1908.8231138446808	5196.986638704874
10720.077574139232	2882.19240686776	5298.92733131414
10013.962307786082	3699.7892987659993	4707.8470877027985
10870.769418873168	2802.7184683946066	5160.969101986161
10887.522946172223	2511.852283247132	5148.682347972805
11606.830880217789	900.6742647751038	5740.334284391325
12539.28859006949	1597.4639172287427	5497.980146487452
9972.162266281759	3510.5075430729353	4578.870566555787
11924.330828434848	625.0679841375968	4479.995819886505
13312.43086595418	1844.3049934312655	5498.914195990938
11895.49376302133	2.7135859194596716	5396.879091613283
9958.958540906715	1954.287044825966	5513.3733923913705
11964.02935761893	1633.742103875522	5840.400950231776
10809.106381193082	2536.0061462692206	4435.21412726469
11412.71614399667	3857.923858687222	4904.3753732455625
10710.777430500128	2483.0865849319084	5357.215257889818
10164.263939348528	4823.098969537826	5678.855351657431
11380.625171260133	1729.2762693407592	5597.994157543089
10546.689685181149	4806.137864881243	5222.349985927189
10036.417169817583	3973.9577775159346	4988.861605785224
9790.308561534706	2687.05141220022	5163.431153459761
10442.98254098728	3415.259362848884	5393.590960760945
10459.732963195995	3125.7622703634024	4721.552463319815
10441.059849825115	2789.676310233285	5356.54988697201
12645.848999118536	1087.8402050263408	5475.838034822046
11880.09172170949	1191.1036891206677	5478.385109564351
11680.095988488987	2764.736695751297	5446.186011569143
9275.262914814452	2468.2718424722902	4541.7403499819
10151.664638850016	2554.6339444849777	5433.619927000035
10325.277306453507	2998.108603526157	5759.877219308325
9779.990988560607	1521.9589959496213	4393.916524309411
11697.632607702606	3012.498108433536	5039.482446445858
9869.957482705338	4904.817006982761	4955.7164908617
10012.39409673212	2194.194966419885	5017.022201854581
11164.310980473016	2824.2692898941277	5543.519154046047
11126.748417453484	2287.890646726039	5229.859858743715
9982.059693549483	2646.8530429653315	5280.936201850813
11216.032688308978	3178.302408356619	4608.269232021342
11375.685637882912	2815.8423272391647	4770.475531865837
10701.634226219767	2148.2899325345493	4855.7484064815035
12506.41117711096	1959.3934842557392	4845.109552338139
11772.772891882367	1968.4554062078605	4856.755236540573
10315.192294959292	2337.7783450743295	5543.24061147851
9953.941470863265	3867.7254310119542	4672.581881443736
11267.602206726435	2560.2580941188066	6087.329753128105
11686.562946046184	2477.0335967146198	5040.04634522916
10941.857623670361	3092.7036820849044	4712.19392896129
12056.796401278474	2573.856483199534	5411.873513443663
10310.402964302402	2364.0756970825346	4724.306073932003
10630.02480386224	2874.6057730826615	5205.7181529087065
10469.131223403858	2827.762221715691	5156.1159546187155
11668.415858398443	1639.7587622652688	5468.231263000465
10733.020495966472	2284.24350546992	4735.996733752532
11208.233469449198	1138.6291814123954	5648.054832887331
11511.58879754893	2318.8459528932135	5128.043866360325
11821.88431933174	2408.285111701515	4848.34031505506
11203.98565504654	2484.305351567371	5030.3607944906435
10835.768546208245	2869.4626711388564	5115.9334839784515
9739.630565424966	3530.5467475365976	4799.605025663909
12124.735799572483	1247.8957140857856	4607.536324014487
11120.079068489897	1560.0335147431686	4371.670654514376
10182.095152087997	4888.562268096159	5304.52150872421
11028.488302456264	2384.790178590883	5315.559899736943
11154.289397512819	2196.333700796314	4888.6554302341865
11599.561310993004	3451.0090805842065	4973.7077355235
12074.126699429964	1870.7068654148406	5325.844743716556
10032.507435064803	1194.0781449687772	5455.480393169875
10187.977664359241	3287.950908523357	5290.334994031887
11190.690837145525	1814.9439930620736	5550.911036753294
10242.68883752766	3903.171124207782	4674.267347828818
10729.669449531419	2448.3410696229657	5336.102265699306
11297.483221848108	3457.5001966615246	5462.512427617523
11468.390152845346	2459.620022897134	5233.475879433957
11396.782072138549	2635.1148977610846	5322.092728923516
9987.87823523527	2573.964769881751	5162.872334461364
10642.793861569267	2033.2996221377423	4896.904874047635
10542.592588284195	1511.8013376911529	5658.606277029075
9053.620017477448	4442.892609873353	4503.217757621019
9734.549926905196	3885.11851385854	5435.352802821709
11065.115869620111	2652.2008053953023	5154.310517074787
13154.390068860219	1464.5911423559635	5189.339725786177
10114.120008543563	3484.3021303372707	5416.3131040909375
11313.183454295047	1803.6743194005278	5474.777978237605
10780.068546123974	2135.0836606918688	5616.471499210074
11504.156582973397	2882.9838597369703	4597.318296898018
11277.034165383353	2793.383404511888	5001.635875585674
10543.245356999958	4190.924885875886	5500.9391476362625
11088.696579848549	2197.087433333282	5190.839095518619
9140.898987374323	1463.3582243355143	5361.927813551708
9353.215076639986	4327.717290648093	5190.6794810556585
9565.825202044185	874.9379576529873	4911.647315756876
10477.939296293363	2991.9201919453717	4476.194144901956
10247.130781176364	961.085139795455	5363.758319130783
