1738.4035162554524	15680.982433608133	8103.473972144439
1945.6703160591921	15804.040424332576	7889.928556912894
1015.9106097725589	17499.558319316922	7527.808448833447
3212.184110150727	16104.55691868112	7806.439234254491
2026.5442366954214	14949.704138722354	7708.702166864506
2615.615755067575	16169.52402879445	8167.037944751912
2602.945849210473	16631.560859688452	8403.354447765014
916.8169471614071	16251.638362462712	8543.639589840846
1430.612381727387	17516.167531260693	7894.96162689123
906.1114856210676	17075.060187278024	8363.998013778073
2577.247255476203	16686.124716377646	7573.073102770328
1642.1802661835943	16906.09031748245	7716.675781153459
2037.0642144915325	18300.758916971896	8147.2690849765795
1770.710878727597	17839.51977765682	7770.388534787881
2297.581174480868	15010.028899427663	8287.466034734569
2104.017342743673	18398.169807229722	7723.811924961302
1991.211350810871	16196.38840400682	8115.155899017019
1331.039625026051	17395.986147410447	8055.4872982399565
1753.357429302321	16872.89825391885	7779.612767147033
1676.5265028983915	16518.915315104405	8209.614563172663
2324.8635276944037	15688.421980599185	8100.799878099014
2183.4861376839535	17287.41055324138	7625.28409959442
1306.1007577960975	16903.968300586937	7507.2936509018455
2196.955978210781	14509.329981665534	8119.570354482269
397.0899170249312	17057.574117798264	7929.391592397958
2207.9002644628954	15107.617224270236	8326.369321871714
2423.3862360000726	16831.408099639713	7664.568082663912
391.3316080936297	15008.408817254609	7619.9576382149935
913.2299050425952	16134.35649447122	7442.632713550324
735.5732721617229	17818.27578360627	7927.198631817606
1456.194463946578	15859.01832029686	8297.783033710648
1355.6604489054914	16648.374339875998	7744.575646206551
1924.2471417119875	15188.238085189638	7979.700520030276
541.7439304961712	18909.406976181115	8003.025547299726
1577.1487280827287	15847.320368566698	7636.513105898007
2558.6935557759766	15444.8038851234	8148.612506092796
814.2966705986163	15080.537532869863	8047.06941659582
1258.0240057837138	16795.781029382506	7906.8091543619885
1022.511242406487	18170.625084511536	7929.615548539752
778.6253008545319	15455.04416234544	7535.552461749123
592.070062330953	16729.551676314724	7591.015474351481
-187.18835343037776	17047.802960212586	8026.102070671375
1540.3089249412606	16461.40250004138	7867.63427484225
1992.5658259831712	15223.369183554283	7610.909573892801
3060.4172269280643	14983.555970444488	7673.40502185793
1673.6812115610683	16068.25302385622	7822.893223964689
1197.8196105366276	14932.847937560724	7939.844669292188
1506.464501072095	16159.622797767792	8031.053291856205
-850.6372147468397	17890.711990731514	8037.367400875107
2232.5946326573453	17290.800680673034	8008.434532276641
1741.1962347187564	16441.747667363958	7904.381907486609
693.5875459841764	16429.971880982357	7541.452677764769
2211.886049744268	15997.278227467834	8133.486643613153
2200.6380593217978	16185.021398389446	8202.920139287622
1479.5362044152341	15576.985279965098	8144.996247358329
2567.857195733463	15385.048681003038	7660.9897368762595
1711.8317397178398	15474.162932607707	7962.219695771992
659.4890401653845	16207.852132677197	7605.840504279105
1371.2184165335498	17935.155805599257	7502.0543996104525
2089.5421300761373	14031.095138004302	7991.069721091349
1289.9975951367976	18667.698615319066	7702.941382458758
505.04263315370974	18395.497898934605	7463.315159826668
1497.1459669022538	14188.93007685262	7404.884380984584
350.8070737554565	17300.679021074397	7288.585831161964
400.5093595297691	16337.793724667612	7900.442104546751
1328.0634413072273	17083.895127532578	8568.172483211381
1606.834253530998	16170.054892041257	8015.605493543672
784.9318751884646	17444.00465588189	7988.310053028966
1957.9738407931836	17909.773286129148	7574.645023222827
1442.7503100529202	16955.10820478679	7367.089393886861
1660.7099173782738	16428.951544418855	7704.2411230445805
1218.6777628633513	17323.705870503414	7868.532233510836
1056.6663519814729	16049.19249832917	7416.072887416373
1235.08808042068	16312.658837688483	7984.896577778765
719.9160566695349	18121.344299438035	7921.897909018835
958.8121025966958	16715.700145693714	8183.06411790146
2530.057579926172	16328.166629430827	7710.985857161174
55.35069769510281	18037.60196775109	7592.561147820905
2345.6974206558107	16886.918675326033	8106.133917593083
858.9680620666215	16981.660680823185	7390.5143781252145
1945.967455575566	17922.057366632995	7847.090804027903
1577.8276647795512	16184.375627027546	7624.64908039698
1397.9927998740764	16938.267106721265	8240.709591587598
475.1398639304622	17244.525015563104	8034.778776149991
1493.3731011245052	15857.024435182031	8416.610609720994
1307.159343825456	16961.088546365052	7449.520592665788
1139.6778732127175	17922.63172490075	7643.029859397138
1233.1625809226784	18455.95151656562	7630.97870389182
1251.5328654445384	16122.485113199784	8127.419543411712
1436.6693978253968	17058.929786977762	7518.621280216907
2087.8458086521778	17387.979932363774	8394.794880840624
729.1383174881223	14509.179902490567	7952.749768848522
1311.3828949319445	15487.773136715909	8084.899328590269
1270.1749876248746	15772.650444823494	7808.123215072962
1898.7329318320647	15849.851820645554	8149.738757950622
381.9838006653589	14786.648492835822	8367.560457048387
902.5909675602377	16267.924687959212	7634.0530742158135
1366.0961551699545	18371.763081718298	7680.203624554217
501.1138483388437	17753.406957694348	7800.193905652979
954.044913268897	16019.064182279704	8080.216525718338
792.803579194712	16261.452468331903	7623.130598267144
3015.583684495366	15397.704034665852	7905.2657827923795
2119.8633156705064	17920.955891732352	8149.0521959983635
1070.2864843674097	16216.782226082903	8005.434843094042
1900.1232115213606	15863.045001455173	7986.42408999532
1247.3132468961144	15550.60761808137	8043.109536607639
1523.0490910195708	18637.316835771144	7441.515066532518
2572.717510748226	16520.546881476974	7989.883850847009
267.995308493668	16012.980240519437	7932.723767235155
8466.697765363582	4825.370064598998	5337.970399850306
1833.8359011646205	16061.927908304227	7578.978036182154
1237.700096700685	18230.021705832256	8058.779310996837
2284.102010022796	18477.016830615543	7435.144766260994
2007.1174494724487	18124.517256339055	7594.855103460311
2418.0035356819426	14226.417799425019	8611.869291830373
1183.2826829541345	17506.228299398696	7843.282121126183
1476.6552086522966	16577.002191008232	7947.79127527978
1449.962732048157	17048.546680948	7901.2929796918115
1379.9102154852335	16525.80881804402	8252.77216961358
-791.868137999058	19615.53698571407	6887.079534704722
1952.0103174750816	16220.17259137371	7445.299153409183
2133.6515640599705	19151.187847177123	8059.702662065464
1341.4914759910469	15615.868915731626	7818.961676719971
2337.749631039556	16489.22440906613	7256.037863304167
1258.5284709636933	16978.257918264575	7970.671044122626
1124.3859684141244	17764.02989555036	8228.306991031222
-155.1935358699483	16684.78361464308	7745.786635437209
1550.7104933333258	17837.717321191543	7742.33345650426
884.6261607620952	15536.23106502199	8441.07279731996
914.160146420545	16832.49456110545	8303.624614121041
1172.0568285717018	15714.94171711519	7615.34161247548
2396.566501072071	16102.496009470398	7345.775715730406
1716.208828715941	17973.77627560445	7511.131775734474
82.5122931756281	17661.248698572592	8128.147501709704
-38.422169507927215	16314.184237838985	7991.78005304016
1483.5388061850226	17427.10101470655	7283.944872603776
1937.9682192195974	16582.77549782123	8060.882399304136
1155.4316461043018	15663.076695309937	7686.020676417883
1723.3911328757501	16704.732127865405	7689.500706532002
1903.9770232910157	16252.87083949574	7950.038729644684
1273.6378361677484	15857.001133248186	7449.200653670069
1567.0943624650868	16471.339203522235	7844.381934164647
1235.14406512428	17013.594136939646	7947.332457114493
1287.527148136761	15400.285640563005	7629.839461508096
472.26824780127265	15884.993334952522	7742.296422690698
2305.437001906604	16164.225199160343	7752.08482312359
1492.6317511741904	17481.70149617124	8000.733995121816
990.4028460025766	19200.908336417513	7818.135402064958
1379.1438766713961	15795.688765517823	7520.91942995592
1639.2419294325357	17568.729064126735	8311.665975265378
3464.022876886398	13074.816616700373	7911.09729870073
1037.3477950442514	14970.463600218853	7956.065983498517
1091.4108660476888	18372.545892936432	7885.556906474038
532.013166835625	17549.95258810165	8192.595919805755
1001.1550871500123	14779.00148125725	7889.1876581945335
1088.8264636073254	18202.427964983042	7939.928889085829
2848.5490072497914	16518.66239757635	8645.684157559052
1497.9017023791216	16572.488975217897	8235.556481628946
1606.0364643320277	18947.59252321864	8198.532912878129
1274.3135004360818	17104.04865506285	7532.817275228272
813.488765717482	16121.423877333214	7159.01299154588
1985.793163330176	16393.623998942727	7763.859047809504
1575.0998568042983	15572.283937098253	8169.452848034262
-376.2619153758084	16162.947238463352	7519.1624969584
2073.062966445879	16501.251508851823	7899.562309993207
-124.549158810969	17112.91171797751	7436.160349229854
2075.9868974672327	15795.288365649381	8150.234955557328
1743.842189795198	16086.167972559166	7437.772978040296
614.8826521781788	15979.164683517454	8190.112077439441
1620.9927354623376	15333.255033493866	7845.585845842617
1198.7180841482084	16516.054111288144	7449.836958657282
1388.3171747189938	17244.532101539025	7579.250853673496
1533.9114020563977	16465.934991363094	7665.045391093033
1243.3259010191	17562.41608108725	7744.813877995297
2140.799026799202	16131.397726796991	8073.836027927492
-206.37654686370874	17795.470350782256	7836.076775144205
776.6390865900368	15216.51617189325	7643.610213936669
99.8035967386975	16235.225359682567	8029.253493503339
3143.9307533968927	17648.7999697925	5741.644928600639
962.6317675305694	18166.749413541897	7567.247890319152
821.6216355909606	14821.10004581422	7949.229050708825
780.8900198408364	17495.856087563505	7618.6123537412805
1743.616697449984	17831.086785670155	7902.323825568173
-72.25764372215693	18869.755235293003	7800.742185627928
833.7280510808451	17604.457597870944	7872.601159051763
1270.3594748712735	15151.042174006388	8043.135965118112
1661.0944444334568	16448.498470379305	7837.616504400657
2083.225141629057	14962.553256342078	8087.390222030453
118.67184930641065	16238.143311452382	7615.340458378229
493.2385518662994	14566.68996191851	7924.988016131977
2866.60715876395	15895.018698140606	7806.032212199403
365.20043845243424	17491.62367456187	7655.375414582748
2555.758943139384	15189.507462599053	7698.420660078717
1898.4336335592543	17761.961722930315	8068.1575093887395
1255.1358400665001	14935.963182018077	8126.585561858525
1337.1850572038486	16815.61334742825	7444.836468577607
1037.5582769213202	16672.163211964606	8326.544221465438
1177.6175064775523	16101.307341162987	7456.898733708695
2732.6541890399526	17915.658821258683	7925.171591269257
1902.4988096863192	16561.93624457014	7803.264872088456
3362.471340453759	15060.410145773927	8310.644266032268
1809.0859308458912	16925.383456353742	8095.38684493654
2334.909157215355	15717.831936738141	7762.844779152895
2313.265360200905	16707.81071953128	8555.309589071743
1822.641025290846	15778.690829238349	7879.198620805792
832.059085270326	16506.434822034542	7945.6188050800965
1436.9852139603634	16777.98138099952	7661.1647492286465
2081.585963071757	17842.691773783154	7728.8251774629225
808.7446608846969	16752.42834255946	7917.9458494608825
-311.1460120409564	18368.73582894469	7563.861708960925
744.148058950786	16800.776197220428	7790.498452922554
660.5951906271968	15344.518179712544	7852.461640500739
1512.076323319217	17653.866095571157	8404.222577520879
1738.092564195539	14770.223396645473	7691.315743225139
1182.9633177276232	17441.89003782436	8104.52785129517
1558.1862650703665	17122.23501617354	8057.478209885483
899.8103319625171	14097.030935374709	8044.430065696175
2119.203699190789	14825.735766315483	7787.846538185857
1137.0609248578764	18271.435546870358	7800.78326778363
1871.5028698964356	15641.031845362015	7989.987025914084
172.74782770330992	18320.75821849726	8143.176607666781
11073.066485370693	4110.503201529574	5332.93068238015
1075.2347357853396	17537.46436512745	7754.702831262484
1927.9850636909755	16717.703373397482	8064.849825967639
1697.7735220538073	16077.284201681863	7512.661725005722
2401.4062007350017	16801.874928599023	8222.435440257561
1287.1568630010252	17329.35612805735	7820.444417026696
1433.5779879534314	16901.976423987926	7748.638480043846
-34.877766390563984	17733.20613542178	7867.116955752111
617.9200133103323	16080.972453163495	7060.047054372638
2340.837571186912	16836.563968907263	8124.889533453941
1254.9202189402558	16492.29763516255	7906.220570257643
1787.3774490141677	16735.662835950225	7762.165839960697
1984.184120052005	16167.878297615933	7848.058579396214
1715.9951049442807	17325.15237523762	7983.715059662041
2681.536842880671	14863.296883902043	8062.181322685318
1430.2921625276297	14608.921146545981	7366.392545687507
2313.259354363127	15249.373846751356	7992.266346580195
457.0775993052015	16547.350931746445	8144.952081019714
1991.8488557514825	16594.06747482859	8072.009224795427
1476.158534307482	17015.910761179668	7639.87788144267
1386.499635957092	16689.7913269186	7730.104304685551
302.5183895629273	16817.44440958389	7626.26998150096
489.06815487786224	18022.114677765418	7855.388079065715
325.996477173053	15962.180282118492	8026.5992480927125
883.9159870371667	16552.342634766024	7753.790681624996
1341.8237006674733	17350.674312454044	7817.984691867377
1246.6624001034054	15158.350069369051	7996.328691524468
1387.8701164295383	16388.506385947923	7292.030520744664
1346.9388949460556	16540.0459817393	8318.410255061348
1104.2268683583109	17214.994037604894	8036.720749467886
1137.9171038910422	18128.968105029104	7676.236738693097
1013.2454782842916	16825.452480916236	7827.254125993545
2008.2897944455954	17285.599864322878	8092.410489900827
249.4832703748634	18830.784494973577	6975.678494740304
1488.8356031859803	15386.205094871819	7840.839518420042
1545.0805794326056	13769.731006102596	8018.302924022864
-112.22588013585636	18480.50094252562	7768.870380552368
1043.8512800257315	17837.84983310049	7847.493686959594
1667.3031195761266	16518.813597863078	8058.184497064072
230.36246074746603	17484.507515069068	7838.824657195878
548.8909917437907	18393.39453769733	8124.285569181697
1561.8168822726661	17566.732981537538	8378.905357079486
2348.0124961689553	14824.822561242065	7886.174911400455
1151.020705162809	16860.727648912216	7822.363613311312
1371.0139018844607	18181.858706132345	7750.076497518367
1141.708174721367	16086.76382865155	7799.992985823752
2957.5755738892103	17446.530288596394	8318.751855040608
1684.2295400577257	17496.299895527914	7858.032043309601
386.7116422254947	17747.536091009577	7725.214544357137
817.1146988758371	17380.637662683683	7649.926149647254
1647.3743682357856	15238.161391842954	8326.283664303852
939.1193748935281	16519.0389754313	7542.626981543351
-295.0942305707088	14922.03158708204	7485.746427981978
2301.786558205486	16183.930100877558	7557.838018470678
1063.3972838010907	18601.608355180135	8041.04151063695
2190.639690763345	16590.776736850912	8279.1790591866
682.1316362515417	16811.427842135265	7771.033189253571
2596.330363523171	15174.794913031361	8116.7963415162185
1468.2872104082899	16437.228077458858	8300.556430472474
2767.4369862317044	15193.90280271729	7995.058729845418
2067.530669406616	16194.665194553123	7787.827625329759
2772.2838936903536	15286.513014799346	7753.666502514444
2019.6449311600072	17867.004400775368	8193.41154582123
1332.9028475175382	15348.486825499529	8051.306087374382
2913.788398117837	16623.42642326047	7879.121557271818
1751.8313408465492	16324.257317420705	7905.07402301397
926.7387986913425	16519.503813074913	7764.100200277119
1332.1736894497049	15846.95015248033	7919.153360344329
444.0045880940607	16884.10982534743	7860.406224663625
1961.3649550882183	16020.374757634272	7900.445413355994
1000.8414050953894	16039.544311545533	8015.649733425656
509.919077999901	16112.1777045461	7810.394703223075
1492.318871154539	16316.428349345542	8106.058921175383
733.675807773051	16181.749419294414	7719.0444119132435
1415.2102856979623	15770.276006963093	7991.522380561553
537.6970805835927	15912.142660312576	7990.126067354153
1739.4484107630644	17228.091194156845	7996.652997720069
971.0719426282299	17199.45146682685	7541.818951023972
1487.2965902412323	16585.607485939767	7957.174411300914
168.2099057558809	16521.863101596282	8357.830360671203
1358.719587311036	15687.25186950371	8046.976619646796
1317.4155695885654	15880.611882759466	7665.680286497938
-44.31411489732167	15399.852623028686	8463.579468640775
1849.3526923055147	16816.44588418891	8240.801839061925
2214.4876214738806	15252.470412516319	7545.013267994807
1710.1016452884182	15713.966324949839	8105.833986504333
797.6659747018315	17301.73810376768	7754.609565427312
1110.3696733851973	17088.253701919548	7536.5315609196105
3.5805813223298286	16674.86530030422	7707.17336401941
-22.1846218962798	16436.254753066532	8307.475746769058
963.1007915726991	16857.84481881963	7899.665176169065
942.4776794869001	15866.184082876245	8280.724935942735
1772.3035637969074	16192.20524815076	7818.250056460332
117.72926459656294	15900.319242056587	7710.449745771776
1311.602054885702	16038.808126926917	8489.45072008722
1011.3062105260996	15715.736672194012	7908.424523479476
1429.730333753403	15828.497715809099	7657.889671787969
1757.6773669965432	16711.561418171514	7590.636697332639
2371.168517919365	14864.821169922501	8060.261457253726
1229.0405576258604	19086.60780006464	7931.2427052729545
1374.6395347521147	17481.673066243566	8071.990969120121
425.5893110725838	17798.347268083824	7761.680808519156
962.5855107315053	15795.193796146568	7752.256630045775
1286.087576807958	15052.891581233756	8388.554368934798
985.7710366837333	14274.949703706829	7836.523761110025
954.453591018758	16250.493812574945	7954.72302778494
1909.8978961937491	15096.202180231583	8566.688182795575
696.6629071264505	16814.308993820447	8424.993587370338
1384.3773231742753	16186.467409879377	7954.869434474789
2219.0637570744952	17615.750757622885	8071.317072548869
929.4531380514748	15896.262654544707	8244.025714749818
106.23297452625738	16655.80338373546	7906.742563345367
1013.9015489936188	16548.190577537942	7829.486380441472
597.657095385926	16610.296403299897	7214.776976509089
1217.8169127696508	16817.43092856961	7580.049582424545
2638.9061751200034	15217.172072156742	8000.015804239252
1485.002733179332	14753.87646762003	7652.710587734513
1398.4888166094106	16003.181895267178	8229.781592439682
1426.0276490119238	15775.34973003112	7720.32442975143
1572.8939026435264	17496.700885923965	7227.062489964703
1662.7264424309305	16940.091285133385	7242.454313889682
839.5369184810653	18439.233847551066	8102.001147003191
2255.6001188868136	16935.250205132066	7976.302655567431
497.16749478427687	18613.84077810937	8029.864489790433
1518.8853548940058	18016.49142873014	8251.958588900598
1754.469837609392	17054.996966774568	8141.563715538978
799.1597332020388	16222.151648129291	7947.107335355167
1486.2951557294439	16959.921655780247	7985.185963001679
1507.935838544629	14485.687135970124	8196.587498448303
874.7955859807034	17775.79351305663	7888.1555562308495
2189.081209986036	15741.282739166687	7994.506323375966
534.7778685216821	16192.34131677652	8168.602650391583
1833.1151374757737	18117.634383038276	7414.064643553508
1353.5441693422076	18662.906160141934	7769.016349805257
1356.5495134625291	16435.2729948639	7356.60189714414
2016.9830748573736	16668.78706682347	7825.733040868501
1300.025491905461	17351.70382150576	8062.044378068051
2565.4301862400475	16148.355874551158	8054.572581832419
2205.6740898763073	15314.855640947853	8088.954508236025
609.1354817262813	17263.671366978844	7841.963996168221
-422.6366203201081	16268.018604771889	8552.71043001126
1515.2847095670747	15804.853738215623	8528.997850324313
1103.318986811849	13576.381313365466	7896.117511628418
-1040.133787000925	15915.0965174801	8034.470076887173
-125.3389594589022	15359.809320284601	7762.761319288779
1716.0446930660573	15708.400410466573	7978.403671234157
311.92654861709235	16319.020912868971	7407.535589757316
1301.569732540101	15622.290256156488	8039.190841989208
1960.6910531867725	17424.64887998579	8329.156154254988
1910.7541960036758	15519.706727996574	7880.877459308438
1415.7628312179065	15097.817237093956	7867.694273383047
462.8304818790311	16548.94695236586	7774.30780832567
2528.0302555534404	17449.714944159176	7526.365135811761
186.29908886136494	15444.857189424501	8186.651181898806
2169.1018959700527	15578.918102990996	7937.32764620622
1499.6594710073534	15844.170403468426	8238.87014948357
1826.4860096218345	17867.32248813463	7552.00392536335
715.7120713297334	16997.70903591479	8200.64076455169
768.8963592622323	16715.91218961738	7854.301928190178
1147.325133420803	16778.62360782049	8147.337902250202
864.9817433671159	17053.478393162084	8075.826410013305
1372.744950146574	17090.40562704128	7986.8001222610455
1241.965332642961	17575.08335341239	8232.33034664915
1826.4945483750544	15204.613081433996	7544.208963214455
2133.530347219185	16177.70117833925	7532.075340601451
537.4304832345535	17025.00825906081	8708.108709907681
341.1732376821438	15198.856167458667	7152.486526275264
1482.804466091781	16629.11165776776	7803.907147588572
142.1485403334984	16559.082704221182	7786.75113246242
1083.8649283965706	17264.242532964767	7206.060549623941
2148.1542762956283	17378.053795065007	7710.84762843102
524.4842858495126	15284.563739823343	8144.34815628745
3092.473870346833	17232.63246612633	8083.382032909756
1706.4327799434343	15347.95745289906	8070.9514964140535
658.9248632549429	17992.89432865791	7362.301203103149
1481.598249172427	16589.423208767104	7865.510810209373
2303.273161656422	16847.63214143461	7978.600699898379
2138.1644619600097	15277.879179383213	8126.576453709637
2095.6700891909118	15267.510819041703	7969.116462221152
624.0132492634892	15284.59165501462	8184.304629128881
2121.291915507354	14572.441926985375	5189.012751537972
1174.288212627053	15157.828953309476	8342.453128439609
2137.823287073469	15452.90014364506	7809.6971552786945
-419.57537902174477	19297.243108335893	7535.997322160768
676.6744446307811	16379.254559363277	8419.360008260299
2230.502597346639	15441.177325683118	8069.902175889616
1655.4504245786604	15613.47418298207	7856.8082533849365
1507.9366712017325	15693.778505303042	8204.13451014533
1496.5073709075175	16827.04876313147	8354.969705841031
1362.3414178123226	16006.045874728032	7720.154387164776
-302.79339721951766	16468.235495857207	8599.385991911551
2654.104118195399	15224.84989824514	8172.229596562296
1840.4341482732423	18531.36977846371	8155.459330831903
2336.5649749680324	16402.993036406362	7354.151950186059
1167.3156648946522	15266.012419971647	8147.598975624369
1179.6804468631026	17086.495538736377	7626.461834515468
1899.0626186946054	15934.404117644282	7789.6411186430205
550.363122485204	17513.310357538456	7276.021675643287
2458.8854146883145	15680.131986789427	8221.653662360775
1619.4108683151878	15519.309383042259	7825.824528843591
1379.3468632867623	13068.753163229398	7800.747217331709
859.3215367488854	17398.53483796258	7748.327619790125
138.51338113382914	16129.790086556024	7640.589709679784
959.3871426259508	16028.490599192326	8171.454668784045
1562.3637119993182	15711.784609335307	7729.902823564192
1260.2750409901303	17986.60219525793	7503.467334274426
717.1755352525229	16750.194146994967	7524.251356441277
2364.7889353067576	15285.42168228494	7906.164365483761
1051.4449074379122	16976.52914424258	7540.672869608402
1761.493990949324	18200.411639754533	7611.816008430516
338.9513955255262	16738.206683370467	8325.719024506174
1475.6573219450709	18948.238741636254	7881.717728412735
1955.93427049339	18674.14560812482	7714.6280613635145
2636.807123901603	16318.752342380218	7887.110906609298
1950.5149032269533	14536.085793008317	8084.039320006367
1733.949639319088	15844.38821756555	8523.492965672693
-463.2282958158267	15879.222194736023	7981.352925734276
1724.2036234941836	18110.66352961474	7584.990611082167
1337.0889824135097	15595.438284364975	7468.800818919256
1416.7262578761552	16976.344348923554	7945.1702195670305
398.14672763513545	17795.649218894196	7808.595579782218
1330.1019301688525	14899.510257312104	7997.8680687525175
1143.1126578709873	15930.416189608428	8499.39661410622
1751.8822426719921	14570.929289365899	7529.539228010666
1030.8471167489174	16135.666324373724	7919.81577091319
1445.8490648763398	16272.482758301385	8197.749287661978
1285.9168176650503	16445.221905148774	7757.914617972526
2261.59039268369	17675.695801905145	7637.3379082766605
1748.1700055931972	17666.01312994206	7535.108516677033
1076.42684792227	16471.802415109916	8109.885369291171
395.4941480253055	17865.521344885565	7772.563151686138
1933.0266576445267	18110.43531326551	7880.621512878934
3183.1046293161653	16816.070747715232	7656.910397600362
1502.0021384667564	16503.202033991212	8383.661082291857
2004.3733301365244	13616.580384341323	8187.372710401718
2042.208892493548	14707.887237967634	7775.281362352172
701.7924146748353	17811.394716943567	8277.343971769364
1744.5495072913395	14586.997963597578	8313.492601598815
1832.7488018971121	17588.22677328823	7505.769569025048
1289.745742408001	16998.71041815832	8181.691903078106
2253.1969084227057	16682.470993274892	7750.112046571065
2041.4747966182445	15728.808278826196	8120.868918348228
813.8124781408363	16323.842837229118	7342.2296385471855
1116.1434851368783	15208.268116441117	8086.622173154623
1487.7484670119393	16021.16327244341	8121.602253670179
1862.4035622215413	14884.306841550186	8418.979830195665
755.0290536354812	17026.778085408314	7783.307642955001
2117.3297179659917	17861.864876542546	8216.1034586293
1299.3698909817153	17290.7433451821	8256.689646084125
644.7346837898068	15842.507109935705	7657.207781538991
1233.516289592716	16692.43546665009	8288.920301073877
1036.024343175262	17661.931038440736	7750.6241470882105
592.5227352518086	15181.972102605876	7689.293020954485
1059.0992837285676	17131.399416533648	7531.90446730776
919.9104403481728	15871.495851972008	7793.947068547248
1740.1860757058153	15104.087986797202	7921.5539378041185
1194.3987497780379	17572.095079759212	7938.989272155477
1051.7675778677608	16340.047319165295	8008.227602019254
2228.611196439699	14841.451895318025	8125.1382232066335
1988.7744332664147	15821.21119799011	8221.507713880397
1701.2222856498954	16123.646961890749	7816.961450510207
290.51113149530835	16940.659031281877	7917.2088766654515
1804.8351350016703	16349.73913827902	7893.307438137212
1642.8006682920898	15519.950527449157	8149.020519717097
147.6049289722351	17593.513520116325	8362.393022654887
1854.2179138789027	15869.22592186599	7448.891718952828
930.1311281527545	16846.020485472956	7465.993733856846
2271.9604396248437	13530.600447017398	7610.31520592392
638.4041028469196	16660.98176267594	7566.988515830687
1283.96590526148	18282.473004019877	8315.78370958761
515.3047184303093	18231.109491773375	7485.571591880325
1895.152531537011	18763.169114923716	7801.403207901754
1008.083805444109	13406.139352809007	8397.920387897433
1882.8066706879613	16192.50389589093	8188.946227479288
1192.359814805278	17083.650992030038	7736.21102721371
888.4203754298586	18134.876722772242	7777.72526394487
1379.7607814101616	17772.226367889038	7633.64629995059
1581.4745986541707	18907.994516991243	7525.768144545691
1978.9871368591714	16862.444363560822	8090.972925813742
180.58207892263587	17624.36404768124	7998.39890254407
1782.5214237096513	17477.963168218408	7584.110632171201
1505.6690290336978	17945.204158709468	8017.106407211437
1102.7497468487456	16051.571773233447	7696.3479472269155
1299.7727420074127	16391.342567783664	7901.2822324791005
1063.0266285489697	17632.46037714504	8013.397490224574
532.3079403671219	17105.44365285895	8195.975757646242
1746.9996767942532	15408.065747925077	7937.2094025700735
689.1059599007232	14753.207080136068	7752.054273045375
859.7127502516092	18193.79058031121	7558.583078658648
1305.8684490237074	17789.573917146223	7876.440632943252
1534.8025573953169	15709.361153862557	7762.553820010379
858.5343023440553	16956.1369754929	7745.83341991232
1179.3336514296257	17039.357752351123	8193.739169370345
111.38153940841231	17483.29706186484	8089.863630935355
1234.3810302163934	18328.133825409703	8327.782712209602
1591.6540321748334	16198.453483890813	7667.273103353748
1628.518473638696	16210.338069446718	7853.822642562771
628.1956951882026	16288.520831892281	8010.46645695974
605.7042317823502	17006.853313592437	7849.036717547095
842.5000953373459	16972.329223007822	7465.0311310159395
597.0691997483691	15650.110126318641	8052.856191120759
1262.2902985363555	16367.437068804413	7389.107359420631
1211.7457909043915	16484.233082677216	7480.404609981058
202.41765660011797	16161.83311423529	7883.835809979623
2536.7966485416623	16182.063737092616	8188.931024201441
1510.7365599266743	16310.784636090404	8049.646992884136
2390.617646050245	16180.983724698006	7973.030825435665
2044.066608861894	15884.817962379875	7649.254088621935
884.1908201143822	17548.34461770549	8110.209945157277
1048.446615157315	14805.875204178885	8650.041451346462
7500.365424717253	5592.827667674667	5960.224230125184
489.0445141123851	15389.169449174362	7788.1456160246735
1663.2842205848465	17787.642176068985	7768.550941736209
1128.9323196989071	17724.76839077135	7861.595735851307
2724.255033151872	18215.127253235223	7174.511979822555
1866.5191520524957	15516.59712035763	7633.867477547007
204.62192716606972	17284.696143372847	7784.30638894424
1584.0506687819714	15586.51293646104	7615.899854385235
1828.8102783428308	15019.396707863587	8211.88345611286
684.8351808917054	17269.95690147306	7643.907977166854
1066.6277761435817	17328.415038103307	8265.337622424975
2830.123351307666	14628.820361564462	7975.379417388138
728.3394164357337	16887.43344118091	8121.901202404628
941.1056218653438	15375.945283079913	7208.433490769266
1751.859581596833	16251.546802075543	8289.851183118271
1168.1170045936258	17721.278126852198	7827.706062626025
1239.1596885053077	16158.145827696697	7937.488111614434
1060.3635239924906	15975.600358468402	7646.044368661706
449.06353751237674	17318.90465506394	8231.1666847867
1882.8451265986948	17228.909554678838	7263.66500362566
1663.0766809205393	16095.920255106705	7890.186675491735
2040.8731448885558	19034.124836160925	7811.453926304588
1003.4875327553049	17448.53340464115	8001.373732110409
2158.4219647208483	16992.22046807126	7757.252534721886
479.51870098723725	17473.40942600108	8397.4703950772
2135.7669178481697	15433.173483271947	8017.214691668378
55.81268122892245	16339.424471598151	8042.271057373988
342.57458969687934	16064.888413881486	8083.430241951647
1626.7995657724352	14858.80161638426	7875.866059269715
832.2241187955092	17474.205634028298	8296.89668007335
1060.622517641088	16484.873106061896	7720.627767564558
1335.732140792261	16427.412462762997	7878.327820234259
-66.07068625526792	15522.255513880766	8033.478678075327
2776.587262402098	16961.468718007334	7575.1124932805515
876.6197216520787	16627.52510731063	7744.199823366631
1056.8692885400178	18599.047273658314	8158.465951285979
-1202.3174164284628	18798.795507204348	7607.729248156816
2572.4703658878875	15243.741604982784	7708.94432303072
1456.8625908765423	17256.922096383623	7953.419782713768
931.529938998166	16717.052028187485	7308.833402275984
884.3274553920263	14660.508258459251	7951.332089645927
324.8656631816567	17720.08727387368	7259.27757140149
227.77245613376778	15949.323838463264	8128.681419614062
1302.793406724484	17106.142535081486	7836.719331245466
1443.4625396979013	15835.935922895116	7946.436164724234
1618.2597841314068	15944.662311002267	8352.8185802199
2147.2119633869543	17566.120049731297	7745.8191643037135
1130.178368669901	14487.730979197768	8255.564299312999
611.9524245081486	17780.679734975227	7759.463065148915
2001.6770939724306	16692.139734589968	7680.016109416789
1348.7570174601135	16725.83100433194	8286.365114576212
1331.1337372600783	15667.601648281066	8229.018633027725
2247.6677250736616	17304.449726637573	8228.946361522116
56.78107066689819	17404.418220984906	8086.433021825164
1222.816963062532	14965.047403025614	7673.302868203498
1250.0583631722627	17344.417501185282	8014.102820999881
811.6341055661015	15304.010558708867	7858.235658286517
1175.9659584005399	16517.112369346363	7934.7852847205895
1345.3610080414808	18191.63602639079	8154.395467935353
-411.55739632378334	16048.942289655697	7782.496828532098
586.5974225759345	15027.009946152133	7995.344882691678
1947.6177503685462	16572.30885829862	7896.490999862251
1886.029550741472	15428.226050522264	7484.13210453038
1583.6540862092459	15933.199733034471	8022.422428717601
2081.6713130907974	15531.455975537292	7775.06150240017
619.2533252698823	17786.20065696529	7775.121884148861
940.9307275714706	17446.899614149308	8255.215468239616
2284.071129502379	16950.5232532833	7737.862816095192
1889.3857438487487	15217.93889983571	8514.962585443758
423.63713176367787	15477.523576300759	7784.974842558714
-104.67812400769022	16885.083047992215	7611.509578883047
757.2197572826582	17774.951874550334	7114.503063105554
2126.7575159957996	16042.9702486309	7833.9505590024655
1447.5280549206043	15554.153080574786	7960.112605560714
1198.889714862536	16141.568495419822	8187.750988184724
2112.429468241628	15792.880176831155	7753.906923008301
963.8421093839844	18484.030046706754	8055.366102575271
1453.2146029781766	16014.417613263586	7964.188438316913
1383.1989373727226	15893.760623070124	7627.763932039663
1117.9729074829825	17384.567201655726	8187.874332543899
2687.4274123760124	13398.269714628394	5336.553939565594
1166.846829471928	17423.7710365771	8175.38203458551
836.3307876622314	17124.13198587156	7697.755942940338
2082.8283545032555	15734.363926121467	8150.565271679623
1019.7402739637697	17788.36855047675	7702.373514633209
896.2335527678073	17458.726882687013	7660.060488121241
1416.0776471679833	17087.66230933328	7787.341084267534
1248.3555864270668	15525.28508793819	7663.136459164305
1038.1849087531064	17854.322665769185	8450.437222626822
868.252037522462	16291.650335789716	7667.628243612253
2227.122035643668	15968.619762757664	7709.621094344857
2278.4490610648127	15431.718406960086	8164.671568855549
828.6979047036159	17567.512089496468	7950.5542119883885
2468.2865315753934	16785.498655359184	7123.101685750882
1742.415564342539	17099.564785663893	7660.966747453774
2800.632456422665	15353.569027588781	7738.409849431055
237.67107209753186	17813.402295790514	7598.145839260452
2628.4364029082144	16268.065118835571	7945.619966066343
149.69311982542942	15949.473212200377	7893.476906426886
1438.3218660810671	15328.077217245225	7558.900717876542
1628.1165900633555	15771.908098810874	8400.763217861802
1557.0457701950043	16250.271059104734	7841.931367494723
995.5955102399344	15059.857276062992	7650.413145394937
537.1525746760066	15694.742811139353	7504.023052125214
1428.4392333263277	15387.275236175788	7659.018578688158
670.2710582908635	17246.483815992746	8279.494300621387
1090.3451289791794	16500.10588298062	7942.19696171729
1611.7796484674466	17427.11555923931	7411.135553400294
655.5594994401375	15780.097707628953	8082.61688268322
2857.349460044931	14811.523043301955	8158.464923855624
2414.0616150821875	17218.27237222772	8245.378045074123
1579.286870699682	15181.83771491058	7990.293085736906
1495.4637965575178	16891.860345278026	7747.809173525378
1720.464907031846	16814.529562100233	7678.733931746745
2135.6041529073427	14668.307324532012	8372.844839647423
1485.0349160227327	17173.971170528508	7825.42866557047
1184.9538092341236	14575.892749396546	8479.408470559616
1935.957302422578	16137.712897309028	8165.434582128362
2303.624298160897	17533.572775057673	7877.945305158035
1904.1764299610045	17133.915669043872	8122.151703693912
3148.6921785892396	16477.24231070593	7970.108823060352
1020.1461165385132	15083.058146829973	8183.031283728178
2670.2671686757653	16835.14906572368	7576.370212445774
835.2550295913012	15943.37136709616	7819.9853834502965
3879.0777410054243	17026.774872399405	7885.885686407679
733.5795713566328	15058.895381525368	8022.72215024131
1759.2936157767545	17948.747336447617	7099.928363011455
2141.7379479322703	15688.17575550272	7763.315877683587
1433.948823185945	16168.472605011313	7735.299924434136
873.462981642382	14926.22490346852	8224.99273227626
2083.3837866635026	15356.720559389994	7870.3478839134805
-422.3449666722404	16778.90105233126	7890.7937231853
1881.054940820371	14381.18686896823	7960.564052759779
1557.8118109293516	16849.1399763456	7311.756611886122
1182.89334505767	14422.71505595039	8183.759493885835
1064.6559139854005	18974.709175271397	6972.392133042036
813.8920376955205	16893.38113521527	7523.762648715115
2221.3200710761316	17604.567762286744	7453.074975425714
1809.3637160974265	16507.57867560277	7812.566817591124
1225.029768590185	16885.542902110305	7687.675705196001
1726.472500886951	14704.00157146471	7665.265355137664
1793.0132661880891	16185.697393828377	8203.93629370386
1674.5096016970713	15697.88162092275	7037.541739237367
463.98634235137547	16812.344491743723	8323.452480629701
1584.748432730587	17035.092195252033	8221.630355818557
200.52446694045983	17115.29082779651	7778.495089140849
1184.7048462400835	18242.02009839593	7487.048489112336
2138.7556810600568	16027.28216792042	7756.564989065716
2322.8308025627284	16114.132320345636	8132.89712857443
1791.685425244709	15957.59707231001	7423.171109239372
1185.4217475589292	15900.253406538759	7877.878080379639
2181.0131380449266	15144.025016764977	7531.649379788949
2216.070654444174	14153.525093133389	7735.6556832851575
1473.6661376157317	16676.479313298332	7674.526150740638
710.191903794702	19191.2791352072	8123.884456223051
2677.7804795768393	16224.759539010642	8045.523977905322
1991.6110393479787	16610.17779335087	7821.77462052173
948.6776105353662	16879.760701303632	7801.102569377244
999.2775121525391	17142.153949705928	7761.11550722663
1210.627573467299	15812.31060909809	7388.374337059079
1694.9390717936026	18117.55271355534	7598.098800668917
1918.2717213383667	16809.493432582927	7915.557927912925
2714.962952829015	15920.962334741054	7723.712980527008
2875.029720495749	17942.699186578673	8114.9285742992915
992.027349171682	14968.514464595293	7538.971349940461
1966.313215796667	16621.530015340624	7335.8572023495635
1478.7856242768771	16954.022063032833	8133.9839770501885
1670.937512491417	16161.263614942365	7729.867238287339
192.35034371468086	15323.411269827488	7994.1396413656785
1625.2005978950706	15739.329220046575	8343.0316864959
2087.309994178527	14860.865169131945	8051.615348613533
830.6043495242606	19064.408653180497	7863.366694550054
1.1195563613777173	16853.272221413925	7762.625118484742
1634.698484051411	17447.580900896388	7919.151786075903
1027.768364464976	17244.115579401754	8098.4986990355155
821.7449504695182	17925.352739984577	7556.495649670641
2542.084693612956	15484.07741841157	8331.023485012964
1817.5722741084421	18647.91901032455	7934.622772957186
2494.8975941044964	18789.275340798304	7777.955006642752
801.9499075077135	17447.161748030536	7708.626149938877
1544.2174106791115	16055.111047160051	7892.1830868179695
1980.6090214978553	15966.190397034345	7599.234316836016
610.7450694373404	18995.01723035504	8108.879015134012
2995.496012722342	15946.738951240612	7720.537283563135
716.5780726655889	13812.547409292141	7839.340157998578
272.59973144579675	15045.287740434913	7723.5414501819
2109.1788890046973	15097.651461789912	8045.556706418662
1675.27419882721	17061.713445799047	7666.258333369307
2068.1187060544667	17457.73124398579	7756.06552183012
2908.7426904592016	15183.159016668687	7975.068331670703
2390.5248239466287	14332.136213338996	8059.798011105828
2194.5285132352838	16270.546235097645	7656.0948628066635
3113.5398818323956	15678.460492554483	8099.616351203458
1258.14997774524	16417.251033567736	7909.066732890193
916.7268527040864	17269.886250594845	7723.133993521676
1760.0305008067783	15497.096357936594	7877.4781847319355
1597.5609413366797	18108.90284578578	7300.004210516013
1520.153485604152	15930.385957514482	7605.719354363025
-26.53336179019544	14980.180136761068	7586.963748677825
2248.598162623214	16960.612851722413	7971.651559020638
2961.6217042269873	17116.399874595834	7959.38266117099
879.9314403954057	15618.095705951593	7955.067072827132
1969.1990400270192	15894.606106434212	7912.978169214693
742.6164472493736	17723.87409140799	8046.7854386939935
743.1940444359105	17012.817111385833	7865.611552164494
965.8534474907847	16424.090000603854	7643.42581440064
1304.3130663699988	16436.228337902863	7763.828443208022
2340.3177304557776	16441.786944650146	7781.588663959358
265.2278992221615	17557.251377887027	7465.956475422889
2256.338262869365	14692.906961860144	8532.588982379348
1175.216113889447	16984.69815692924	7621.524790104805
2012.7867590665956	17197.79415439887	7536.764802762787
2123.660957986795	15946.676266891047	7915.303437203427
121.00129723969454	18163.27163423047	7547.024429826686
81.03394202319541	15937.280132948728	8175.773908377234
338.8513225635399	15974.767738902105	8174.524752831408
1776.654622363189	14730.640572734957	8487.402864155996
1618.6408369557537	14113.024002939565	8093.482261645486
2432.2562902029313	18222.601552270793	7902.118816986146
1113.8451227472533	15403.593104095293	7995.84817576998
765.8185158691626	17180.72902735554	7461.66604645853
2522.540562763333	14841.034208263001	8291.398447050033
1703.6362395735491	15617.436064881942	7795.3655582157535
998.2954893365905	15864.960927779472	7765.637230788801
852.0359222213566	18244.971029347354	7823.223743192763
800.6528565416563	16740.855221143243	8061.254032190972
2001.2116879529335	15762.96684140379	7685.363995775578
835.9377228434721	16541.31632259897	8013.562890480021
485.92763216209835	17835.50320142446	7837.158334271073
1567.2915328733773	16202.07301756044	7686.829326482085
1431.688403080189	16760.289875294107	7888.544534231724
713.0260686331144	17153.826624269812	8142.2372323734935
795.6629399484012	16098.496809934733	7638.812245788374
879.3785655263108	20576.903636686035	6819.944724189879
849.7597458294714	17567.970126992932	8061.4392024768895
229.01957944652645	15310.033001720261	8189.88281149569
436.26200920551	15176.679204130225	8387.129070999797
2090.743590897425	16501.6043791443	8156.556573606597
2194.0185860793345	16699.254175644393	7524.597945840404
1947.0113020341819	16812.185044762202	7572.971167150646
2653.119919643662	14782.881302672999	7971.039964013128
2610.919933696101	16793.88968429249	8057.45435173891
1872.5415977546722	17342.53002647438	7849.820969555559
499.458831568703	17093.448676053005	7936.752871265977
2309.669924927991	16637.62256811196	7641.338039264955
1012.1628795789325	16903.50450965113	7615.560833448074
2287.5130847354585	16182.47632567441	8139.291085666842
1494.7058692951432	16138.639013561778	7448.670566615862
509.4049581352887	16621.83391956246	8186.58277600498
1614.120477407663	17049.566316036795	8137.492460881071
1713.6598479500321	14635.654736888384	7982.218941458668
1154.9617171495188	18511.49772524759	7638.50964431876
1254.8214709704016	17299.333900328744	8119.311990879194
1266.6378877636496	15497.953471025803	7921.458434852304
1092.8637327220122	17877.911719846797	7811.241126615332
1143.5231416006066	15662.995879455311	8476.73768660333
2122.1128901306724	16746.959666026647	7781.383421649704
1903.3831976408194	18578.3266959088	8250.702726421385
1904.4936975208839	18291.734808915422	7753.640829817886
1729.8389733703182	17313.380230277246	7561.785466468344
578.6574227432575	17579.465581795615	7616.157112060765
1617.876461072231	16300.145611004707	7944.859303309913
-270.6792693547872	13179.224945137656	7761.19041722428
1007.7538947881961	16316.748542513935	7979.781651028106
1017.636194253113	17308.520911621486	7732.893167458955
2235.182334452932	16089.261401706373	8202.931093004085
1162.1309880424344	18101.603958089356	8005.393565275908
1786.9679840480364	18082.45332741412	7875.089893292867
1762.2958522055908	18480.993338392323	7184.034102920797
2179.8538155391425	15271.084624869949	8136.0162597428025
1584.3781229584047	15801.40257704221	8184.91926374067
1801.9704645311572	15797.56938960174	8268.485289056482
1319.6460820510652	17503.30256009488	7350.728303364222
951.8837765506543	17503.65924588573	7778.9556188524075
1178.6551822932431	17091.984760431096	7688.681567941913
-387.8863849435669	16546.760614772124	7583.65711332385
1999.6045465371762	14434.220147173313	7629.4920013632745
1578.4382099256309	16924.84724912236	7829.658479057734
1896.2871036069207	18063.646191038148	7590.65043223976
1820.1665292284051	13672.874540105448	7713.49806882991
685.9129744015609	15444.316308485852	7984.736516896278
1040.3647821397233	18565.273915867623	7861.286266327631
751.6889672172132	14250.515551706982	7675.943763385611
1598.0636573240351	16388.965665933618	7830.467454037966
1104.0625544239267	18048.80331737605	8241.748310812136
415.6892955594753	17398.103287341706	8080.378763289848
2173.371985753703	16569.82570549522	7576.246924511564
1895.72297232921	17052.90069562881	7910.080944768719
2074.126411089627	16209.205993608302	7823.221804886634
-414.53434872422025	18159.103953335984	7908.659448414918
2057.3991622730373	16001.663982124302	8178.5570310242965
549.0495095314291	17159.812327392538	7266.931986544753
2369.6315652478424	16178.506746302946	7792.080199297269
1982.0995878057163	18381.53150390701	7825.135784533895
1313.0310919163421	16656.99623741327	8362.296759212602
2394.6739665991095	15868.208580442033	7961.759010363711
182.74841383695207	14993.311184360286	7885.723611201605
1619.1368198836522	17755.72842643632	7759.241074816964
292.94832658146777	15406.35330116911	8636.89396417462
2078.2080130068425	15844.473826122832	7607.925308676854
885.4216453571294	16616.831439149828	7694.926180228009
919.9636382898921	16619.92657630833	7819.393011783322
1192.0664912076238	15927.116150464915	7822.476262382866
2038.4453640387237	16270.865986577726	7704.498300440921
1289.9051028866227	17586.300586542686	7719.11772751957
2772.6492996095108	15048.134247582831	7605.210769841025
853.2832838146969	18481.347345020262	8352.086120679474
1090.8684924020051	15399.625145286573	7861.559827286343
1118.5417701362844	15510.541702401782	8037.244164264384
-111.18944144388261	16945.092872760997	7687.057677610899
3542.420276057716	13305.240734897923	7880.278626883486
449.3609001847754	14305.786489623222	7955.403867140191
2037.0750314458533	16743.80677644997	7963.619965780094
2704.7206923943386	15452.755061148846	8171.741042222339
270.960578852142	14470.443639422434	7918.281664940155
1343.6055909007266	14568.007530449384	8018.67057960886
1990.760284258022	16613.395980973284	8557.82856938732
85.9323777923261	17892.496489486373	7814.098836337297
1248.055960433512	16871.214283899826	7627.479567027213
1101.6491396570773	16622.378467753453	7302.345272597294
1494.7664763078071	16317.930406031694	8037.08123599525
523.9558659780928	16883.29558216695	7609.829444935989
1077.9002390816427	17678.752200171526	7202.720918445399
826.7338073660358	18278.91552807895	7794.50753995055
-315.051945351087	16592.66444515182	8074.6634065664275
2086.2701606055093	15065.568297717713	7778.898916137075
413.02711373926815	16010.595613857891	8505.170703155249
798.2738065522324	16901.314998454138	8009.061179764406
2706.0607503504893	16399.632378294067	8058.0576867018735
976.8684749871333	19120.0395003693	7637.086272701083
2400.7177650774324	16311.342799138305	8179.383752680611
821.2594760146376	15732.402720396776	7918.880479334527
1390.552324995661	17385.507390355047	8196.950479404097
-360.78450564217576	15418.872512571817	8436.73672277968
3952.3966872968836	13863.30208251283	7742.0593997360165
1604.8461412236998	17148.703261433497	8221.535092388898
2918.6001696873755	14914.164707680893	8136.68387777878
1187.668349938745	16398.897143735237	8044.683967996984
1759.0537008376305	17296.565541878255	8619.136303093517
234.86715297211768	16575.13715075511	7755.000219352601
549.529089615298	17707.05097767761	7494.361629654423
3057.756959878368	15483.103318640957	8213.79886966851
3449.640394792786	14833.090936231998	7710.7313169167965
1461.4931837170557	18239.19190380117	7894.68236816348
1388.4425989216152	16979.43134523404	7871.863067259478
3736.2481155176897	15563.876336598167	8094.066216809469
991.7670132138646	17678.64087595632	8227.646001590527
1854.7853072752175	16002.358544008246	8134.189852120696
1779.6302999207514	15822.149594322473	7853.297935114899
1923.6018899386754	16473.36471242338	7736.415800606833
1561.4989764665063	17974.67560643719	7662.484857520655
1843.1333020440754	15959.201180267326	8055.850382719513
1748.5665614092038	15511.350569916094	7424.719098838255
995.4709771699623	17192.08719196604	7504.1174363034625
2114.395121769323	17267.01196880469	8218.45493456133
2748.6818864242146	16149.547653934353	8268.181640278728
1533.880635427342	16559.191241241348	7630.354851815333
1032.3680990145212	18020.68449317198	8527.243223601157
1592.3251037111775	16642.183182684294	7869.365912753998
1164.0921693310022	18027.402181810503	7779.205504095073
91.64230690589946	16921.059672268846	7973.5427405159035
1704.713724019661	17354.94283770199	8402.254668652824
1328.641339615764	16725.59736467969	7848.908049902493
2659.2100743819205	14831.417865455369	7808.413386938129
3627.1968905496506	14252.65355031128	7890.749206583753
443.2657335328693	18480.849943919562	7645.536229102564
1792.0533053561435	16484.251755009172	8227.897320671025
2096.800100841059	16999.10415856897	8078.1388020307395
1290.296725733886	16928.875526757907	7929.957914469646
1542.371143358254	14524.865131519271	8019.283712345566
590.9796574530789	17020.655230637305	8119.319188173599
1040.5046066931511	16974.198664721687	7903.684990527063
639.436132594195	16385.203896775944	7983.562122011612
595.7120709809534	16714.38320836662	8065.577796074835
970.8399730753841	18291.084064849423	7910.016498022709
872.4006432935691	16330.957644095028	7944.511366199649
2147.237455666447	16214.84941048778	7820.728695564511
2253.3518192237866	16576.97674646236	7846.146005226834
1939.4789655935406	18277.155216338375	6766.624723726154
726.5471530396248	18609.397436694348	7951.699256033093
1583.9631810516178	16683.966194637473	7723.524369297941
1219.2263068355758	17498.52689314288	7695.19332608155
1659.71337742931	16539.987949645416	7752.823860560502
1869.3440125757513	16549.230165440727	7789.710005577512
1848.8524261903524	19177.728135480178	7996.685928566384
1236.7006804946288	17668.702278764067	8061.275070130452
108.48677561927205	15982.95819856799	7961.254563193428
579.2082392558893	16563.081866078348	7920.321152363798
1020.0023439939291	14852.748790412548	7706.626512719144
493.8784991124967	17674.361867506108	7778.201030808986
1575.5023170729212	18430.211277986637	8199.735146272054
346.19089692775333	15408.12784028706	7365.927348883842
2133.316352023267	14799.15277958231	7663.130386610449
1020.483147195243	15228.857324735858	8002.8232884314775
1864.8808061851903	14195.13240489304	7845.772228294743
2388.3352006083664	15718.079856675367	8594.053783888527
1365.906618696536	16244.248495169382	8175.018263576541
1944.976648907841	16359.645216163783	8327.314153878853
1223.292704005543	15996.649131490021	8341.664736974248
2263.3853847120577	16285.676120429538	8039.334557205482
1226.7031151120873	17372.807414331714	8201.718027506964
1646.537095710744	16777.79564491099	7920.522676906365
2013.4641778122086	15389.866574756583	8207.216588141171
926.0230316662883	16545.378115056606	7898.235717322585
1902.557824455698	16960.77657997059	7587.469910439489
1209.628834157972	14962.52965928947	8266.56852740057
2730.9046431059624	15418.197297797013	7501.118377589664
2123.693016184444	18403.725735538006	8093.247913632701
530.5434707778966	18548.645407092143	7939.982454391648
2240.550929670242	17106.832982422333	7546.522785099112
1612.6157070862732	18592.854328323898	7555.66361402231
1937.2044497195698	16683.54931197261	8048.1565369870195
1104.5070884990357	15869.049700109865	8642.209340713316
1051.0736936685928	16102.092163555624	8339.587630926399
2465.7928022284555	15035.53488107517	7612.48303368554
1202.114382944618	17642.37465999515	7650.695030647706
856.0174878956917	18367.02740947116	8028.707833916784
372.64851939823563	16793.808936832316	7648.104534463621
153.32012677180927	17410.337908380967	7531.7097971485255
1650.5260137614132	14652.696798711544	8151.667397861926
1252.5041703179659	17656.054594923342	8092.202282173635
1444.4899156512383	17809.49220928387	7723.753266011729
302.4052729812985	18016.393070838	7907.923307519782
1293.3229508141405	15615.888258472132	8192.683063706432
-57.395546199171314	17208.601238234634	8336.658269414043
1053.3268129284697	16281.01040223109	7884.564140516472
1251.81187808318	16955.90748545542	7922.379126292206
688.3982552836767	16468.426610570106	7780.012845145803
3171.9722274583755	18129.298723943903	6790.624108445519
2019.9116503537334	16269.079564397187	7988.731281947423
1104.909517839334	17222.420836981895	8139.105000929863
1844.1912546795843	16359.33044608418	7521.859855334133
-160.8844000468967	15790.451854967361	7905.4323019996955
1136.6844547137698	17880.437319284312	7921.835322522076
1171.3407931047097	16120.810222019918	8302.180994986256
1380.1653902441694	17188.393527505577	8192.451943247423
477.39350017847204	16887.74396528581	8542.223442186076
1583.8553116943574	17159.305789486767	8326.093517242358
-869.3718823894706	17075.239469148743	7993.0009705310085
472.50373516802694	16204.58778178507	7979.359929647449
584.531355488875	17074.3362713025	7996.19094662596
1226.3599517187818	18244.368077138424	8166.068929055958
1894.199134288778	17634.570459354196	7778.927868127078
579.0067048148293	17148.09952592725	7602.838376874932
1678.0852787207675	15055.668812449743	7529.976172050728
945.4164576837866	16271.362694524467	8102.494716522641
723.3187934698964	15856.58000641017	8235.209495263374
-409.86282436289605	16660.933372889507	8067.63576952714
3162.5815014257187	13081.799394386646	7523.185878397915
2254.9856024400638	19242.174787677366	7211.216422274191
1437.2980872860894	16301.999393212796	7777.822396623128
1573.1483448546614	17583.577470812368	8528.357643766309
1210.050099483828	14324.523494276513	8252.461665571047
1461.2428632859933	16357.748062391753	7987.788875463887
1330.3330526516806	15999.719364620758	8011.028531200182
1927.36638376088	16425.0842780998	7666.994705517355
819.2708829228411	16919.41698801395	7734.558254564415
1505.0709306607023	17133.67561746526	7762.979976912555
1786.9249460013746	17681.95265150178	8038.085644711423
880.1381421511082	15033.48386219462	7801.6167082188695
1120.905906837865	16327.587678477064	8301.884131884379
1150.6126156853472	15783.3929835378	7970.470377499704
1519.0191680410767	17948.585522011606	6704.095632328015
838.1349471539422	15685.7030041596	7968.310405699742
1187.343066339206	18344.782673923448	8007.128894843687
945.1447171769554	15483.84947335947	7495.894775273073
1254.3653998858113	17623.995673502646	7122.485571149832
-436.9546306750975	16997.489499375384	7845.865794880177
948.3318361340966	17223.86044908861	7753.075151967853
2061.6902757276544	16963.19951292875	7989.308764110957
1586.2438179204044	16462.70461964688	7840.4238090885765
1617.835279233941	14579.692446035471	8387.985182130758
1701.6137771267934	17269.71898291186	7620.301736170674
778.6377608853506	16561.858218644247	7829.903654417602
1283.3828104413392	16440.566890374077	7396.157136853398
1012.9503110875869	15080.027195161132	8087.606549764304
1724.0418608638447	17102.361481384367	7597.535210243429
270.6493328694864	18152.863680431652	8034.8503336646845
2278.335805833413	18354.828282378112	6621.983423053243
1601.8665766850315	15647.41692974015	7842.580793799741
1144.1434477904804	14219.67084564536	8130.209207398278
1274.9763893195359	16415.18691493441	8416.427985235303
1587.6363833004914	16140.003877498788	7665.1874255834255
710.5994698952453	16104.64756728961	7923.3746384546575
1395.6339930700146	15472.57768453265	7975.924527062442
579.8120316072684	18358.252936382538	7738.723846531595
1670.3990980545516	16718.177260674274	7763.303478013409
1093.7094660808066	15155.886086453676	8300.901017905813
1511.7974671528898	15791.332736370563	7982.673965356128
1318.3582402037318	16785.559674510463	7719.6210768748615
2298.150020687364	13234.269506176546	7848.761132033268
819.6075408495161	15801.83870883426	7842.732994264422
1100.7662820280916	16676.33175048112	7556.807201505539
2136.376149759173	14768.395438438205	7623.80530042075
2783.207472227844	16484.695927149576	7787.306111017858
1502.9564463746383	14990.14278320001	8394.627910458541
-125.77552815048314	16321.776475388839	7869.815919749766
1043.8348554786567	16900.595116147422	7209.787536301289
804.4959784072038	17444.869294466753	7441.375870873292
1114.8452708457899	16949.88668145474	8294.142223532972
2775.6650987160824	16516.9853454084	7769.784612736683
1844.8742020881064	16011.381437529324	8482.482433695088
441.0040892652268	18747.768524157804	7679.439964135388
1148.0253392452603	16066.468474439222	7949.11554969956
1306.2517143011173	16983.88595717229	7582.986275431471
1354.0585752605723	15021.855064179887	8144.0010920983705
1671.1006897937357	16243.51828530368	8172.670419246323
139.3441972922135	16256.335056058748	8293.646993657385
2576.7116804284387	15054.078985682048	7611.917277527534
1986.9810093195256	15972.434776228654	8093.260745676813
2279.2838351213495	15307.125451029899	7626.505380354853
1314.2971494689532	16669.98394772735	8113.282731238054
1732.7976549429022	16434.871814042835	7805.868176787599
1212.246369412381	17194.48779571953	7813.061910572507
1194.9427245940926	17117.63644508905	8137.784943043922
2114.0553558646525	19906.02385459788	7732.03924919202
470.70211320517143	16962.799300572682	7842.405488187652
143.6378174621897	15987.315668483188	8332.557088975598
684.7835213943538	14929.862026181308	7740.26130823634
1957.1411215094895	18324.461137257767	7718.765860395263
1571.5200210426826	17007.10190976985	7949.977719011835
2644.3243797000086	16478.618634537037	7372.329039724993
1477.6570555391515	16521.546563411197	8047.790931297669
383.1181135685389	18775.441106717302	7716.3971801531325
1489.7914069398473	17985.682015755163	7246.193614587377
156.78517488921506	19121.134974430868	8043.534942900247
780.8883498504173	16879.470041902114	8291.303719157511
807.9238342624795	18133.368199876677	7823.895016583538
648.5609970881584	16411.642897824466	8525.009456065696
1608.4517001320048	18379.80682073521	7826.308109785745
1068.999814965925	16165.29868198061	7601.100035271676
777.0104164473906	18277.282657853586	8046.479450850398
1468.390895999527	16536.998957581607	7345.542608985669
380.3883423736341	16756.92937317456	8421.148481373333
1072.684272721321	16996.1394694057	7586.157636453597
783.5274396354448	15850.526087347898	7720.530174655322
2393.4055724398468	16508.053317197337	7743.265210896476
1479.9566008349702	18323.027184079012	8079.181901297297
938.4446897570148	16501.622945595638	7869.612838725573
1845.8377768476805	17340.255557451324	7878.42254929396
931.5289079631065	15733.012932379515	7932.057243320309
1680.9859360665582	17018.164364192766	7563.567606139304
1079.7399832401177	17021.19639176873	8024.012748512336
2031.2334814935257	18646.842539802943	8074.13983401734
1554.1300537500456	17762.01612295644	7778.88529110512
1019.4837045122824	16043.29266787324	7621.810386733382
1797.0976919735574	15891.082021795743	7611.980086163992
1412.7667238045717	16414.584664187987	8019.316223813015
1606.684574304696	18242.325680990365	7824.945093464558
1416.8883988623672	15673.464734264046	7606.731694925979
-175.69839162744864	15854.793238309932	7188.709741171861
1608.032278047502	17818.6293444715	7692.124549504927
642.613408094486	17765.890909525177	8037.847561792812
2597.2825775943597	15656.994618268152	8008.233713492325
1810.8807147083814	15415.475643936521	7982.418876549186
899.9052934086758	18095.33550107647	8374.221997082725
688.3263746952513	17364.488774413298	8076.717522893785
82.51249734102196	17412.52999461126	7490.961687868933
2129.413140806184	13952.437230394635	8336.797973420138
2310.1717543816526	16256.179820255713	7863.826020646593
395.005513630443	17505.078840668495	7422.012503775057
2012.5867784573168	15229.478006046553	7676.77000224526
1548.575794412638	16549.419004303254	8275.898564183028
-40.18076386474163	16795.414827007815	8211.688724560825
784.8057242805144	17773.63336863488	7202.054959775873
1683.3241678740765	16011.183359851068	7786.705107633826
1892.1222233349852	15584.075021900087	8262.64536754321
1291.268687308958	14370.356740958116	8496.207998419895
1772.9048134543914	17880.054622067415	8270.911351170898
1669.9013265831447	16362.399237908716	7586.591895796632
1939.9278853480082	17303.36342907789	7465.088135953956
476.7291202564233	17090.8384328592	7741.324649681891
1178.4727165217978	17695.28087572258	7893.1448200037785
2758.846984411168	17222.755907926123	7867.45717320183
552.2462674016591	14859.762084873275	8218.494741963525
2321.793057920759	18485.063184327497	8140.9583708308555
1482.9014967208857	18362.58157815747	7645.484925697609
2063.9614291857083	15559.662939688027	7897.362351993981
1711.3130713473329	16319.006185347878	7841.859981537513
-189.42185235187742	17426.36444686486	8573.397884795064
2869.4355318866883	16506.093507851154	8011.360055823903
646.976375212196	16305.49984844941	8032.467118628317
1581.7856794265815	16971.96501410657	7999.464834773725
1751.5164615041374	18014.03856670431	7546.719697862198
1381.6142875753494	18094.8789142855	7940.816555406725
1960.1015695794408	15542.587322508902	7810.33235278826
2653.634505800616	15126.171728468671	7634.676800235742
574.7589135135207	17119.52689110282	7935.9772478806135
1438.4522134372	17884.894332532538	7706.61066956469
2419.9612446209853	15731.691282872192	7717.854929321481
1463.349863375492	17749.736505958936	8090.661265294046
1719.3257316043096	18018.348537716254	7165.945226017212
1140.5680954913037	16268.990871172391	7516.143849094779
891.422464419934	14081.044310837538	8476.10009978519
1894.9777720502232	16920.157967211748	7745.061713955708
1109.3448233201993	17320.014712124765	7925.696280369833
2330.643569720486	14723.621619338175	8181.892190110758
944.6615253343247	17748.024976794182	7941.37986006947
274.5236042356829	15191.088339092761	8188.846735567197
1872.3256217138894	17228.399720478676	7171.623263924561
1296.5823805991665	17314.697970169655	7765.8323238017
863.134809126806	15504.062867808498	8050.895527609414
741.8969915825614	14490.869643832973	7700.288560158616
1693.3710696380774	14682.310821208355	7676.053521403084
1448.013106301019	15267.3661749603	7894.084642250852
1502.212297704474	14345.430985544232	7799.485949955252
2129.722112259014	16860.262342314356	7397.749595830024
1368.11109618848	14991.27219194104	8316.407254156304
1086.6697531652821	17079.91952134911	8111.898861220385
1116.9879128121813	16054.208646333396	7729.825155515968
543.82356235174	17144.19123899362	8301.255526699764
1190.529387301182	17691.882810316947	7870.525469638102
389.24862823029014	17144.87793858955	7633.767965582848
1338.3930551969377	15552.98899209147	7992.364358936224
1442.3940583054432	17962.592109587586	7646.3107490353905
1135.4561369296005	19560.344921856144	7420.013991586721
2521.166119559083	17248.369030518836	8050.8271368464675
-181.3366623453589	17679.69108396393	7823.515251641221
1833.777027076429	16960.40981428711	8125.466964126135
1037.674695071384	16864.855283826288	7746.19084169497
1674.9703505726156	16992.36802193905	8063.116054416852
1173.5904523139884	14816.639929309837	7588.157662646083
1939.0453141771532	15642.779440773762	7942.84843803239
1763.27682614083	16405.028475218234	8260.130456528497
589.8375796413857	15780.704745015222	7967.55248837376
765.5394095394163	17921.18058802486	7669.068786454081
3777.901839184184	16065.133469069073	7803.571625090015
1154.5243460162246	16725.707986847654	7322.427660881685
1775.76177666119	17328.0372646987	7437.0566080794915
1929.4745091860793	17925.343412164424	7738.09997234172
2057.334062128163	16510.590798499266	7166.2398482011085
641.5185463214107	17457.921062819318	8183.084986239891
1417.3661265755106	16910.15945527004	7506.687121281344
1223.3398481191136	16111.102955209866	7899.247371456155
2178.67726607248	18167.7577844214	7995.9579199796535
820.5497077767528	16735.637615110605	7641.809175241542
961.6382494523814	16915.032926206455	8183.051483820904
738.197474160366	15769.906262021526	7941.278463045917
631.7237135592349	14746.971253407648	8439.421408039376
1421.1083711605345	16681.60043310626	7652.345010961208
1660.340482439657	16622.031167587702	8015.898092580208
2684.932851105833	16691.21110412714	7946.691006522972
660.7413173442789	16926.38166460078	7609.296253175723
1263.4651567592507	15664.513837850114	8176.688805327533
1107.8649705937703	15472.71490361212	7879.0762516889135
1918.9529589780054	16610.402911413694	7061.857203582346
1842.3770005049626	17005.982385484473	7757.406327982324
521.8103774886303	15870.513855408999	8019.977402999708
1703.6182002906153	16186.67761733493	8200.817630290692
1494.8696230670962	16487.420013684725	7488.449295833767
1447.9200205489633	16025.508038994938	8107.175826897966
1040.3410479648944	16853.746763230294	7878.181542271289
1906.2006025015237	16566.265065622425	7913.677819799696
429.7970693253099	17155.47424149778	7839.850010858776
595.2792709939305	14227.446555970191	8137.2927975429975
1171.5713887002487	17310.83002362907	7566.301135359551
1605.4091757807214	17593.534340182086	7684.245842059183
1042.975816199103	16877.464696804505	8662.363781072212
980.2218614983208	18916.941354404247	7787.631103043523
1155.9133389486647	16383.111106884864	7806.139204822275
1130.321797916263	16007.543883614951	8018.26572297886
57.21067219244204	15749.752592951549	8319.420761781952
-87.67226335100062	17212.5386784867	8043.211991127651
1170.6272344796353	18288.90002982477	6897.56960276956
338.2320615933073	15636.305017779134	8084.1220692953475
1492.115681672612	15247.1371281079	8215.410640599173
1026.3860723895968	13678.584548941562	8519.265865564976
1714.7320734957757	16603.377260723322	7819.102840356501
1064.5702062007242	18745.642229310863	8129.994974152698
