11350.809025984016	2866.6139080742714	5048.505411685405
11091.43599047832	5329.281030232363	4781.251534911211
11763.966607759638	2751.1648384363702	5423.97968873533
2526.8438234208643	14447.551915524808	5466.739330850697
10611.46632843628	3877.7760318335486	5343.017976981161
9249.092488720215	4220.575209730034	5174.848624128712
4542.570592201314	10511.902332430278	5542.6741342261075
9178.252069599263	4574.098589862999	4658.101444474371
10372.885505872793	3522.9654580432584	6045.001217188396
2545.8535987851924	13593.767947341592	7219.000387672736
9325.346519273828	4742.271218800189	5064.82323361083
11634.747047706529	2715.4236199842294	5228.3325210981
7799.270339676443	4588.716227577244	6036.570750217303
1300.6419411513177	14153.240877366	6738.555019985444
9969.349932384881	2930.7935025872116	4906.06402780057
1360.9095993296255	16023.486592841939	6035.126718298901
2504.7276503658477	15297.69054417572	7314.368890793745
1446.7163177828809	15472.283555372172	7097.690219334863
2372.699593260539	11977.217614844893	7452.872145654639
10823.779865344579	3278.658012327636	4328.264787387294
2213.018016325426	12751.519823915003	7302.038815245304
1134.633560410342	10705.409739204599	7656.989166393018
1780.5340765757787	13459.946050353903	7115.887720083492
11231.512765616635	3165.123382667817	5383.212364866078
11252.657130653868	2120.80524232395	5491.477505055989
2209.7228035697076	14880.462094502318	6998.091187439369
9383.144590351561	4890.243483203736	5080.129086548624
10957.834015349112	1680.1084834990806	5641.637885692083
1583.6139940724397	14483.72395253344	7184.609392890265
10616.493713373127	3884.9807438067287	4912.06487956757
7507.758855322007	7834.501627459748	5221.432215656088
2525.8924234386013	12570.439543481427	7024.993612059732
2548.270939703332	10857.767782438164	7834.739013206521
9066.411909900751	4652.645595236907	5153.551043400531
10365.15847254433	4058.0117686893423	5050.808122245668
8909.187684009357	3577.302172165163	5511.515666751265
874.1016623323962	13323.776928805713	7277.29109443241
10669.029410172081	2972.0939190929403	5026.8825413956065
11833.039503599246	3880.6656091472305	4921.805400521904
9763.308797713526	4875.058019490014	5033.938504172521
10985.126198548001	3185.9099342406926	5290.900975956004
10463.481003491064	3439.0563930384037	5429.1720334467545
907.3083966631502	14980.10789026685	7563.450323062318
11979.387918463577	1997.796274925167	5048.54761568928
866.5990849286751	14047.252142116198	7493.063088383912
11426.324473057306	3026.1089710249385	4805.824860221493
11068.233583810794	4228.480296228849	5077.517382237419
11280.319175067616	3078.941373296278	5712.385732206441
9785.41192575173	4397.45753058076	5341.161586895953
11006.650080121535	2846.640123470616	5243.3769654179805
3343.7749742147644	12679.909196387169	6919.169959371713
10036.376067205234	4399.231048843206	5743.810453769573
2293.695132838038	14354.506387764466	6934.626295271892
9146.420730488928	3561.7260076068087	5556.801741501201
10650.51338684757	5331.3456321352205	5011.28362300262
8628.681303907948	4560.279325970105	4807.642110579817
1479.051027774945	12655.767299275769	7564.955406717475
9389.898802394457	4873.031333095964	5463.8612970482545
1912.1059464625175	14623.694618287125	7165.135150793202
1942.493984060982	12744.75060565061	6723.865949049615
11732.875904609211	1274.5186014061335	5354.421936976677
2182.9056558011152	11876.779473797676	7122.026167721961
10630.566584112765	3230.33629284302	5365.644503409402
1920.7361679451824	14869.514543969326	7037.029160245335
8728.69510360332	3832.3276261950077	5534.601792463018
11108.11543568686	2601.826530102998	4783.20280661918
9877.370716965284	4565.030459442593	5590.357286054934
9026.450718742055	4773.420178558065	5313.407377527652
2082.769554174516	12303.171360282815	7851.895536023017
11236.521630897883	1648.0819063727167	4913.317250353364
1702.9831043269473	13654.997416042072	7412.930107179955
11146.199417006066	1340.9698115342198	4985.827607358729
1851.8926785029612	14269.80472534815	7277.734631160053
11403.678430114078	516.1584369607763	5141.95632325587
2134.3278857243595	14889.911611968568	6551.5882858438545
12073.293009103689	1953.5626541999045	5458.570013029132
953.6391194811015	14605.43555223189	6569.7516874032835
8634.641681693744	5478.429460989184	5008.037141535241
10279.62065792072	3036.4284531921567	5318.470548340112
2169.90642921482	13080.552677432248	6712.701972053767
1546.4757529670903	13864.015930943471	6851.891383473007
9591.705666532467	3922.8685747325203	5009.80516691652
8904.70704855057	3480.2479209229923	5520.347532412373
1762.7442869984109	16498.093239992846	5779.243909921569
11154.078882211805	3349.6183187174056	5371.3016245625795
9937.691918628336	3837.825453867347	5215.893479196456
1768.9746324268178	12770.700495253473	6839.984439360546
9199.83388343671	4902.702695065023	5647.589918830725
10161.704594091061	2625.6419700330644	5410.305367847925
2728.788981861336	13622.887521654562	7080.787842204181
847.0035073290869	15656.281392825265	6932.043643402965
11450.914159765869	3570.28554479717	5722.959243614525
9795.236660352495	2458.8574247736046	5206.879817018902
1643.4545558440086	13364.642202269473	6891.2504922837625
7439.2420251888525	5922.404116446343	5505.297186474554
978.1719420606834	13066.481511628323	7587.329981666254
11067.211413981631	2173.88769641205	5377.8864295905305
13261.268506603361	1108.8598774118877	5158.523012691992
9546.129919308047	3950.0832728100204	5305.560367434363
9810.24394569532	6167.038699574585	5108.784827867519
6783.997127079639	7324.077540822612	4641.994312619691
2909.8840862658476	14215.534957023438	6694.205130561937
11154.726379474534	4074.1027940154327	5535.317175473889
2037.1062680251778	12461.96545377862	6877.589924285921
9839.232955927575	4109.694667702129	5117.993076666068
10554.443605420347	3598.7997032765834	5401.5680309517165
9547.734704761599	3827.7808948004026	4549.889068326778
11757.662971005144	2774.2043316539607	5899.606534766767
11068.593291547422	2489.676117305382	5061.508911944015
1967.1865794750372	12576.784049211781	6906.387941147475
1643.7537685877576	11677.789888958232	7394.20432420774
2798.4780072520884	13152.367072512629	7173.748706915745
1286.151242832247	13028.901352320276	7341.669127056799
10116.225908008553	4101.35319569582	5046.615231554646
1232.3925846301129	14975.297493475578	7295.54675791643
1834.1870550959052	13524.095827581332	7100.159876841047
881.4411820692817	14822.58777734212	7093.240382143252
9682.756646153295	4325.1631472460795	4965.880035537098
9044.191507538326	4059.943765953733	5170.2487324974245
1729.1175900767332	13091.001575014281	7435.933980366612
2604.954531578259	13596.737948031678	6879.610198314903
2471.767984133356	13496.11450685665	6891.671486271823
2775.892066833764	11876.24380608603	7140.111628822278
2255.916544818611	12013.190513027026	7123.643436376427
10296.535639730506	3693.836004242556	5099.864111881047
9484.383864678972	5086.956395486908	5432.058085705421
1841.6074346603061	13734.06034029355	7312.109823676707
8221.009887827877	6038.7445232774935	5843.495759877109
2511.9300442466224	13052.292874155035	7121.053814944393
1270.8099873157414	12035.120085732933	7734.361325687318
3452.3965495560924	13996.993409014543	5109.90312871787
10133.34165314168	3657.220792323339	5872.800937138155
2277.0840681966165	15857.154922285534	6979.80064362301
10948.177110579581	4517.425844058935	5129.491864435291
2217.389239823291	13711.154545794574	6868.170303951779
11374.391788852536	3466.657393943687	5584.9108581370265
11071.806574351964	1839.138058668477	5196.749831654089
10943.102998831404	1274.7447623679836	5505.373548111763
2561.3541125412817	11758.160224989915	7165.12622862737
10235.191781892498	4040.311931684642	5698.049549747128
1575.4487407750078	13134.427098863336	7865.4021057064
8496.432849898221	5374.6310818169595	5936.961715672276
9899.721937780252	4411.302216344333	4437.331688584626
1683.1127330259758	16822.619468686873	6436.9313661158185
10794.77362832786	2555.915369970383	5959.853963524532
10240.401584803667	4637.2962188682795	5551.246115677491
9457.777890245949	3809.3246193476593	5349.3248609299235
1602.4012547050077	12561.863108505493	6527.916893330426
2112.3430128358414	12574.315810955082	6742.271695989322
10238.997162286418	3599.5029019838776	5566.890666155496
1198.789250548768	13914.146996561223	7138.1859921384375
11708.293220853622	2529.4271507834437	5650.832683788235
10956.497905447688	2905.998867510902	5305.023868666846
10856.04879007017	3160.1376086926384	5133.230098097268
11192.907843854508	2123.8307308263843	5236.6562784734615
11256.287210089484	3372.5531738403715	5797.129384906207
10915.568486523283	2710.8314976317492	5238.7488280167545
11591.796612974857	1568.5550097271187	5039.913889431062
2478.5115090560075	13905.665119561496	7059.626612527628
9845.238648920082	5174.43733800346	5196.595116224854
10718.128249726104	3455.542743204925	5603.494638552131
10444.44407339449	3951.3676083473624	5459.9374286389275
11000.106350743705	4761.787928272412	5150.0411603905095
10798.602502952232	3796.735809392202	5362.922450283578
1347.2100596465766	14140.485832017588	6080.384358688884
11752.015147993827	2839.4401562564863	5393.511314398851
3711.3776554385636	11984.044682174444	7450.336443682171
9156.16151799663	5093.60425898866	5467.998868000646
9520.860046488804	5154.911562124492	5115.624708738004
2243.13987468747	12671.19556564235	7519.26188336642
578.5960593365268	14677.491732716966	6846.265961668643
11356.832575303784	2260.783066663762	6073.797377155776
1580.4008906911326	13920.911425930888	7138.21992457911
11469.89524025237	1401.3321555656767	5274.760504061702
6646.483758048381	6901.332282809593	4867.971371973356
1635.2941920083927	15655.824315204802	6143.092193626675
9795.650692832502	3567.465555164392	5813.944476823908
2786.610114146661	13212.787359468175	6942.796090810177
640.4782715720982	15120.241282348996	6432.940684735761
10714.647746755816	3875.045332797423	5353.605370343474
11579.500907045012	3642.3246371618743	5461.599399135311
7828.0378328741745	4505.576244761616	5492.207019542252
2389.040202077673	12886.561490740523	7222.506526339362
11837.018003901798	3051.978389472354	5268.082170036565
1431.6078160606326	11313.320323128877	7024.628215038845
3739.2868846157717	11439.929561855553	7808.10430347966
9871.361438757607	2271.8961549451365	5382.292824539279
9618.068678770082	1992.1668181192276	5466.278264231513
9685.909344061021	3063.0691746548882	5724.666290795039
11437.663896989226	3721.4443471022546	4662.817055998945
10446.704040156954	2644.7801066166458	5272.2712912486895
11346.476272777383	4029.227377331159	4815.599935280026
11511.471514191817	2772.63511132802	5376.647622438136
1459.11203645277	15577.53649616498	6676.819372962897
10832.745734209484	3737.5643348765543	4560.370804261789
2354.5498190289513	13776.45590221199	6891.469013325757
9403.581430843244	3480.5609652020908	5301.3411584309915
10149.10205121246	3709.751378301992	5400.3798008895155
2403.472624778939	12911.330452955079	7092.296118151282
8831.123284174388	4293.525846368389	5088.05154112969
1265.3058310005197	15484.502567970647	7577.037622182277
9381.443245765407	3410.771221002317	5018.759875259682
2095.570689044161	13088.977164147887	7670.535006019177
1326.9804841087762	13102.82807045699	6743.84757380746
8162.274357618241	6692.633077986346	4618.574213730697
11959.780730828696	2642.793404900553	4427.992930883445
10865.732864311016	3335.038504619786	4833.133283510706
8061.313521542599	5309.7155291749705	5396.812063170165
10810.396024798492	5386.25008454713	5295.3334676286695
11325.676618437645	3532.063592392589	5267.875221491192
5979.5904013975	8845.23904137328	5254.118787850276
2085.9275629922804	12646.320386858804	6632.08125830552
1788.8626873107949	14221.74525175758	5332.8511991531495
1945.5834119712433	13299.255752587753	7088.217635115441
2293.2967014856636	14409.972968001628	6863.801302502738
185.4396213727271	15840.058212602375	7078.437430556214
11577.12720220716	1908.911874316438	5353.392626383033
6888.374094839184	6796.384408555392	5467.076949781268
11019.727688266572	2199.655110746624	4564.201477835608
1300.694240112765	13485.030741416696	7504.686159620155
10664.175876637322	2614.1403967164524	5268.3740803745595
2328.853936504252	14025.58071624494	7316.448524088709
11008.749018808983	2484.0508568852083	5398.025573833919
9537.412238546094	4266.892037712062	5771.011467639388
10769.9868621617	2355.7725940300625	6198.59996689223
1412.548295054043	13401.320388017719	6734.7039115713515
2243.2529509496894	12802.754570505176	7482.923213312254
1330.887776079899	14363.84208103522	6812.150642242727
8411.515715270729	5190.062245864668	5837.758738769875
1733.3976241280857	13233.728695483613	7394.363088837765
1671.368047656377	13255.07754975836	7336.617623024677
12389.75330558045	4343.386371134316	4980.21594524552
2175.4893813832678	13012.608178006562	7515.010382817964
10436.124439261577	3946.0142846010317	5330.111881902019
9424.224261127862	6365.442851997311	5361.442588842174
1619.7567318897454	13564.685030659619	6907.371356842667
9999.315802654666	3521.1809851342095	5117.406174412765
1204.4251120878432	13933.828699547963	6584.839526690962
2758.7599997994475	13213.416346067672	7107.110285532403
2075.2286207943803	15094.002600092957	7442.332465983552
11346.56119586388	3170.0866573449202	5565.422838859405
9875.336600303244	3254.592686721792	5612.879431533578
10316.119826877975	3147.2496312921776	5104.533791789541
2149.047787325982	13924.83052502399	7178.259511730223
2397.6712013978763	12957.03830752272	7680.170661848098
9388.419901858777	3821.5999894126	5256.782901432492
10104.37048459885	4322.6257039384	4998.932780341904
9768.714905058163	5383.249533655187	4597.64885422526
9731.686956921663	6416.948178350101	4653.719537204222
2107.7228866620717	13033.963405998918	6912.338900746415
11668.358351390405	2737.798031458795	4787.1207254766305
10402.798826445594	3138.2150572308983	5176.948369805794
1719.1126747263336	12448.571785280004	7087.40938130748
8391.268589983985	6091.905768852342	5791.641092785046
10222.368432411446	3162.696209508746	5681.675158697043
11610.63280883131	3665.5430208822954	4595.996244264331
910.8071679769283	13455.153605057318	7114.851955366602
433.01907239495586	14073.258045324555	7025.119892833954
1967.1339517156534	13124.907672425008	6958.962099648247
11389.286375693377	2928.7764033476433	5838.136396066446
831.9562998598611	13923.97334557441	6512.92765165394
10360.171074861375	4506.23620973277	4913.268046755052
10632.25210162035	3222.100580811311	4630.785549727098
2677.7370909722376	12765.569989195099	6728.010443887847
10404.145625330804	4863.634690231654	5299.553537518568
1646.0658674074512	14736.009891503458	7640.327844506587
11408.761527008552	1771.2050319560708	4388.992448492391
2008.0205766570914	12834.169438648722	7296.485927188841
9417.71653561881	4402.536816633681	5621.68618198983
2881.5677736780744	12896.741048226797	7212.293805960658
10554.217086845143	3327.1791564772566	5123.075836535761
1310.4750083363303	14180.700633155915	6704.03148636903
1234.9428056994939	12483.817744961038	7478.758325506881
11096.032584493434	3363.183345298191	4918.509448313333
1607.1132936940646	13226.973388411701	7313.000043274595
1533.069414794903	12720.179323909499	6944.207789124657
1973.3088685181472	12163.456127492684	7456.624001679236
1857.3070901796164	13455.16238338606	7147.499085814911
10228.776535182058	4124.483725222203	5637.228650653846
10863.253457989287	2175.3249134414373	5387.892119200759
2403.7087268910827	12238.9288172108	6835.464035127682
511.23221114454435	15176.591353085003	6730.224556578688
9854.655213882746	1836.327004559293	6223.74084892889
12016.776064987345	3777.412100923281	6021.895560155792
1890.9558848341867	12901.766591088113	6892.454489261098
11554.285121725376	2651.620672987096	5224.928113391312
11501.272875727434	4140.3412011354885	4979.082543621926
10272.936956064692	3785.619628326985	5424.025367554026
9892.294414429376	3281.733048248256	5284.0828318838685
8762.295789439062	4235.2219279857345	5132.257427366334
10751.92909583224	2622.3466467162903	5379.069979578712
8638.722047078123	5176.939663001541	4755.869807170417
9983.48484938492	3338.466243426483	5056.7220405749795
9381.976284799315	4122.9372128218865	5580.694758046183
9401.463446583242	3486.799637127406	5503.050355617571
8755.337923776246	4671.355726705424	5248.000927228321
2186.9649878027612	13370.777476858213	7220.526318214178
11587.832073044154	2775.395283542314	4966.765873394715
10258.08344866642	4280.648502672349	4617.435281595802
10544.614593617287	3827.8689538788	5507.304907794015
1274.489897079532	14385.595073251949	7622.791602207103
9553.61021181683	3538.415670174068	5473.987372328484
8281.585030871145	6071.774583397769	5129.892099385975
10476.75393056717	3804.7936429279885	5350.622241566507
1422.6710693904618	14594.184148718623	7327.452032354171
10614.433537402481	3349.0982673929097	5162.992739899248
949.9154264716993	13468.269352992998	6742.976276498023
7345.505934506534	5176.931657010747	5089.605027347154
11512.736324851396	1185.5051441300895	5543.927587242234
1679.4597173285142	15458.320559217625	6388.507275591185
8221.554238324528	5598.511329388604	4844.281632812864
1923.0095485837155	14865.031708215667	6961.249013024029
10214.093786168653	4266.144346246832	4900.970594728502
9545.365943152063	5172.347661343316	4819.680812092903
1963.481428770307	12720.583767950457	6872.775418154733
1431.3150912915246	15352.1612343971	6585.595777164006
2970.5388670241773	11604.33109250751	7062.995033723665
10532.756648297442	3663.354440618981	5933.148466102832
11208.108748298706	2137.4254101074307	5417.4653352619625
9100.888382158066	3888.1210050188247	4726.450545052141
1395.6484150369724	14524.213062154573	7512.756330083584
3464.574010700286	12403.747349884003	7489.677780642348
9841.829979483484	4168.441590382673	5371.344787334851
3400.339383385941	14261.356736164433	6849.930816749028
2073.9247757851585	13640.046477415728	7302.647861761988
10608.68636270949	3542.2609922161173	5181.96996949273
8291.49866059704	4894.457143078655	4985.940692611539
9744.390856318896	4680.330803415033	5555.900528634056
3802.2425683400547	10890.606171591877	5557.816721662227
11069.921228710957	5081.3478676415025	5166.807362050379
646.1188272193104	14058.848094527788	7192.806067026139
94.37938395663642	13774.406331488193	6995.105191004381
10332.957395841664	3639.3542041366222	5077.244448698877
9971.595804901268	5457.934638723102	5416.288085677148
2214.0252640959	11732.496907527002	6772.442972506036
11310.662881871533	2605.0156119571393	4920.586854274328
1836.126355115894	13232.92467559698	6906.707294162164
8495.720639693245	4636.8849133235935	4998.265918820444
2434.3337464383962	12036.68520909689	7706.942401551901
127.34528135222763	14911.757617002258	6780.208739407945
9072.689852435024	4143.629415676216	5630.296766435272
8028.750230886724	5726.244049724755	5001.870632546231
2365.372038329828	11468.531693259178	6630.266969952422
1862.9095732904332	14101.534250298926	7172.733159956014
508.99405173435684	13806.22967049622	6443.372732218698
2517.212014238886	12872.9268876626	7001.225144032548
9511.651396595516	2547.0629680944116	6512.527706818478
11567.997131122309	2034.5928413709175	4867.223760419743
11945.104590781068	3891.1789704703697	5229.046430510109
551.7392150880289	15456.648113811032	6128.022314699452
2762.1729279157717	13015.222149373247	7215.215537276136
1537.999777644006	13310.613279697598	6455.514726864981
9709.236781914256	3421.821696482681	5515.331061090988
9601.694723368371	5509.67377187925	5348.796278454704
3805.3066108728262	11851.190516396671	6877.245006400761
1220.4040773285726	14588.905375757384	6028.169239281257
11523.510204808232	3302.960994679226	5908.332982281367
10950.351465530244	3640.2824526386403	5258.237075130993
188.40799051354227	12942.11597459906	7080.699879334281
9124.999002716126	4201.03391361811	4562.477142086939
11207.961586443778	3696.854590802281	5056.176890667654
8122.741107730778	5679.50075699697	5358.667683440173
10020.552800787002	2628.2180463587342	5201.032102500112
9495.73328781057	4298.147436848003	4829.106244252288
10313.568288705419	4309.140641831178	5045.2367740350555
2342.5535380170945	14785.180610520443	7158.7606273356605
7529.16831024702	5385.677334824595	5984.585501839622
1513.8614951680138	13205.157206727994	7569.5960523814365
2099.311054738591	14426.619109709909	6197.897814887085
9389.396427693218	3772.388487075808	5656.454984034301
1893.3106528080477	17937.532868798902	5886.9739393513155
2553.115686977554	15045.015637637087	7199.558800707917
3268.684310427178	13433.6931431153	7137.442491077365
10244.0170160596	3439.3426745674915	4853.9750156608725
800.6383115495196	13701.723453285455	7101.149078699063
2706.0193571482805	12117.857668243882	7461.219871015819
2106.3723751741327	14197.90485479503	6744.652162585644
1965.2750484121311	14470.436858358249	6797.765465166265
12034.206629902914	1953.5870992945866	5677.472698622919
8603.113162068843	4668.317226034832	5134.331734508436
549.3632200372879	15432.121921953809	7121.4545196722665
703.0597922976064	14626.097332075184	6139.278732150916
8690.216024294923	5592.111854230713	6048.4242763362445
2130.7745285353567	15347.153765656494	7312.715570145779
10007.929900255942	3381.32241327499	4969.923712342391
2864.290657247051	11120.835805814644	7693.070139428088
10359.086897278341	3166.9619747750326	4607.019760448384
10811.669419605494	3756.531686217642	5017.277618121339
691.0984845160274	17014.21903598286	7087.699581816491
9574.529484756373	3131.309441543666	4535.766402080598
9291.537793351321	4451.411202044365	5021.472544704617
8157.809199859935	6116.930430017463	4627.793057545857
1336.8574363834905	13734.663252680997	6778.726751931644
771.9800480889996	13778.924829323863	7328.582858887521
2056.3034608229914	14796.222197319781	6505.712247685567
2008.5008309154045	13276.349171312037	6495.156737883905
9216.335673128811	5632.003449078383	4923.418551843946
8904.879999505629	4154.140438070639	5075.450656207653
2384.757514684031	13367.260706585104	7328.374449549989
10846.476547847413	3241.3897729979067	5364.8671912946165
2230.111714152481	14657.848524555982	6596.863534917135
1664.0100366249549	16226.143126391726	6285.7069818971395
9531.358112011243	4329.509559615643	4984.166993025072
9986.334318544075	4980.41681587763	5248.187639782987
2133.8306528375556	13154.53223781287	6848.030553931035
11538.139910739987	2278.3850600139212	5439.571658018064
8499.00966590708	4729.048201854107	5289.26295446804
11368.467516393532	4634.371818522255	5267.5410330415125
2246.2720813678416	13385.218744078451	7279.856992705228
9908.384808892302	3711.345226888783	5773.819946776156
9863.083371317976	2725.8378498180355	5354.035709537131
11372.412282361262	2771.36538463256	4419.546405912164
8471.061171833047	6883.407102265974	4864.861073299765
10164.325223245713	3678.3859746145667	5705.231902186177
10630.973621405295	2008.1554240806886	5269.7090156385375
9799.401373920307	3655.6776739702577	4877.707109977883
11019.378627743408	3025.946410021865	5101.63859012391
1452.5971988825947	12031.368292597617	7215.937664046561
7969.697739748156	4868.091267837552	5393.7348461196825
262.6573058690187	12894.76160713848	7090.987966968044
12242.022085065619	2041.64811494397	5228.331213539866
2728.4503823094433	12261.096935377653	6765.536182088696
8626.528892186936	6262.537717029142	4827.009058049846
10778.177233456192	2742.3812497183667	4956.78201739562
11997.5671387751	3661.029288462086	5438.415731599747
1015.1511413517318	13484.26716028132	6832.053956510426
9623.384118151103	5893.700229818509	5851.740766611017
903.7206919920268	16210.4502826849	5745.087356330996
1716.0944212927368	13637.786164988283	7045.02788644714
5739.700091501329	8693.393436047108	5131.774147725553
515.5856168122216	14337.386631827649	7788.070311223459
1850.4491887478443	12488.679929679507	7273.960009147656
1358.9953230796827	15768.598736274656	6853.614918297445
1884.9050022814472	12868.823821626984	6772.6539096053
1669.1024856941453	14352.479154463499	7134.665612640707
10222.113368603923	3288.801517022157	5271.095110029246
9708.188356150764	4460.677113762753	5304.808459661186
11023.032535988596	4221.014806176064	5419.390070854787
12381.966480591422	2575.9624526076664	5121.36980203888
10470.006229253662	5885.813961528701	4952.46750573205
918.2482506674494	13327.077579318222	6969.393527308543
11977.45245723188	2945.4556210533638	5845.1458409839615
893.8043707661639	13179.758823465034	7071.362236476102
1698.3290658300564	13211.817408311246	7071.977937983328
2100.0562822909155	13475.475918894082	7266.504784904132
9555.208037958457	3783.8972787579683	5289.374409024979
1432.1317022982248	14184.318930127663	7109.595363483422
2773.2291172672653	11786.873717954619	6595.640346238712
2268.32846939502	13478.109699086775	7579.5653981907635
10322.82305941346	3724.4554090091497	5338.250168281649
869.3868505879233	13542.129984060446	7469.310443557261
1993.942463118436	13653.13029200121	7000.64200673472
1286.1795134629629	15592.36336201566	6771.651323763808
1889.8215402917701	14365.554377898032	6548.894692943681
10655.28042969682	3553.8668267465296	5019.320669764751
2880.6933854632825	12601.325777153923	6913.447562874082
2145.138779969268	10543.196828634189	7674.42549021244
2161.525685762379	14510.16652204977	7138.965526422097
10941.638745094926	2566.8266421340763	5099.053573179691
3062.3134280946565	13001.078677242593	7092.95620075542
2149.5909459528275	12923.74172450564	6487.792298811543
10527.633225331645	4199.704228858365	5294.03035545982
2132.2535680590563	14823.364812690963	5434.024692488335
1303.2786985760688	13900.377945338972	7288.26037534582
11080.020320305248	2209.862364475609	5752.096341040992
10024.855451915795	4115.001749491739	5472.561316991072
11986.678885077767	3098.616370303142	5618.171481850408
11293.491484743736	1839.0905900182895	5091.08623073852
10691.818504726794	3719.4303299133417	5197.777330577651
10123.289741667038	3896.9618114765226	4743.333605019687
11521.272843142891	2848.262816023629	5602.160209809317
11330.241097435357	1924.2791327878867	5678.567697404024
1530.5132418009475	13394.91157336326	6592.312274565855
11425.104476034712	2358.486217499863	5655.051144705096
1623.3727277763037	13847.791560391355	7197.373086607837
10493.955807787142	3765.8896438494494	5243.280835100605
1109.764240890354	14844.582704854707	7041.3668300619
12021.265112025749	3240.4160712727958	5587.680160744508
9777.874363710796	2017.1106599747122	5611.490161639002
10647.118939908947	3632.4481195914036	5212.750266112219
10697.893576183178	2734.245861175194	5103.913116038933
9898.317721745498	4002.1116540375756	5877.807215672104
2999.264291919013	13211.430548724798	6967.172020525516
1355.907706851193	14976.361777252774	7009.91300664872
11757.56157166864	2180.9724835362363	5617.208808700603
2982.2780228468773	12246.732569116895	7312.524544907036
9969.944482533014	3639.4619238065916	5522.643966845945
1943.99287869604	13676.871461531624	6467.265650271824
10982.58554596529	3108.415102193176	5361.802745987151
1395.470813810895	14966.00993433739	7894.1388035391665
2227.6605767702426	15159.827231558289	6707.419128036032
9930.279210592209	6289.852477961982	4838.877856269418
8494.622904325955	5168.140769890307	5121.248341485285
8249.459469776302	5360.313098287749	4977.719864529882
1810.1144757782502	12393.490586090378	7118.892452093328
11407.020440759732	505.9382790917765	5602.604855661343
2688.2405280680937	13388.005156326852	6990.347023651413
9364.686085078663	4328.46907424771	5709.157722032503
10090.712747754485	3449.3640016546933	5685.897193798132
11174.822608202741	3364.8881600778677	4810.358742383195
10849.823060507539	4165.510550697796	4946.582661756319
2852.4989180116063	13403.891661026277	7007.006661987343
825.7651629165757	12202.800467582494	7884.724316203101
846.0157965659773	14583.638064452047	6495.696070084362
8122.042426471319	5421.852153639535	5425.335844309204
2531.3809615203377	15016.778328365332	5974.224171680144
10065.763992267297	3539.6722442906544	5191.622636923504
10451.56809068718	4491.537297628636	5335.7215773115495
10490.62050032313	2788.8120916809085	5549.244710148209
9882.763071190926	2971.163888741899	5694.965818892597
1804.8168096108177	12954.993766745825	5126.344370742473
10645.400521174022	4624.0477378835	4885.80191960474
10720.666055208498	4466.842789542641	5153.270616026975
3500.7272813254594	13020.882679102735	6904.158413622329
1815.6324726328091	13737.939859300797	7091.420797408376
1597.6087771846069	16392.728926936416	5469.553318241132
1294.72362811435	13460.114875451425	6828.540691565901
11815.45206686034	1136.1655817102398	5765.122653457436
763.0240427019521	13100.672246391534	6505.129072688122
2264.498417852213	13530.771514443883	7357.130211408225
1533.0563310094687	15890.997155015719	5974.0256116666205
8707.02193530768	4833.352347242157	5412.755893260828
1828.356733040226	12769.170773719674	6988.404568498282
11706.439379060062	4291.297743652931	4782.657589772054
10890.60699123845	4185.391258878158	5591.632937113345
8615.555765739768	5828.813792468175	5158.373229993841
1174.2524048523637	13896.333160157674	7098.318085628559
11523.58080226401	2428.8084862894984	4983.993092405665
1627.525599989545	13222.397178702262	6921.247079078287
11326.127509334798	2861.319419278081	5371.625265444524
2278.9217850120062	15470.6524586437	6783.971379804926
9947.479103021635	3044.4814148736887	5191.45143250442
10986.664296113504	3109.326725679247	5191.388344135512
2453.4474827042322	12305.916623013705	7294.504070378969
12559.339754505272	5608.514476909753	5192.047743789401
2265.2728371789226	14373.636188958599	7252.658993932078
1083.7230289900076	15193.094403614494	6892.1741220671465
8950.804139950618	5142.319049506891	5156.7107968633445
2083.5705166606976	11777.364815146424	6948.57398672068
11418.747248418797	3552.8683830974214	5999.952182237419
1291.1571238832437	13836.551299556199	7189.914966988897
11772.797567781121	3513.71982095239	4951.328037170697
2820.4291159317045	13245.016216112863	7290.303553309037
1430.0929721489752	12904.98583691668	6664.562607346079
2559.607846395264	12190.567010654631	6183.098731287801
10552.204490542852	4535.448900870492	5242.009642483861
2402.422410193667	14606.998966964098	6778.432896570796
10617.343136529606	3613.0288105594045	5287.90574190151
3020.579255997996	12535.353183028577	7275.059684806594
2808.8860471271314	13640.659003450357	7067.089861344008
2805.039424896576	13251.0254858097	6641.540918214515
11440.213514400994	3010.0286357403697	5689.730869054333
10118.127574030626	3523.5214607710905	5354.579247401403
10771.585853331475	2801.8146492158035	5285.218564498213
9558.14858165986	3585.59901454142	5789.9677192726795
1045.8430910066572	14639.65841620271	7185.806192357149
3992.8668297138875	11852.426338736694	6677.325136605809
2730.320287256022	14767.03026384691	6435.294330472493
8704.778033220924	3691.7417855479407	5404.156873875236
9127.234513091289	3247.1757065844217	5358.461760969964
9301.612797988435	4823.872639996507	5436.093816911646
2565.907158402975	13441.471778973486	7284.724262391759
804.9221327052978	14342.338944752644	5810.065821940261
10051.744587148944	4974.633629566066	5314.143018490915
2559.985755005267	14719.545909576931	7038.068469960092
10227.8500219087	3710.1185898212684	5798.713968761526
1843.932466161639	14134.50459785962	7033.6696581281985
9236.118064668994	4728.336585837473	5038.547176598113
1343.8063693237639	13337.82690017745	7437.790355525054
1585.3396171000957	15139.976204089322	6970.34003437213
10903.458568321872	3064.4749884151947	5168.860054737159
11448.543463866929	2890.3546868148296	5251.571767556115
6885.884325207969	7378.919049322365	6043.181617040961
9631.668740623954	5108.45633282614	4983.5425516766245
2461.3185796379908	12759.496976037259	7290.6642797596505
666.158838825387	14073.850802341818	7361.202418172667
10813.05229249963	2959.1819915253745	5163.7790762725335
2881.454861054914	12213.830397683807	7614.71011390281
2032.6239449482568	13667.46829724584	6906.55739814141
12209.05292445346	1734.6122644105183	6080.917615631445
788.2290773170312	14857.877081736036	7004.272523858518
2364.0842011530285	14057.803376385342	6027.425785207903
2767.934578054868	12765.982679006978	7207.542701156975
9574.858440763772	4090.673134106953	5648.750499091673
9549.240823982671	4229.597362050724	5632.009310053769
1202.3053419724447	14202.432616305312	6446.629258916136
4088.7751262364545	12167.178102309992	4911.944605654587
3313.375791820106	12261.061275731094	7064.459794910752
10404.950747817385	3477.3329127955267	5055.33304692465
2484.395238391196	11344.59847808724	6886.485939843133
10669.614054906135	3876.003853676437	5039.130266398124
137.66448847462883	15781.5022021431	5707.827071289323
908.0734389566087	14383.415093166155	7342.053640471017
557.0082254267104	13346.238942035487	7158.364436624831
8704.158140001342	5002.530799558919	5252.08566747956
11159.702986793236	3385.6290687082933	5295.671519832023
1582.0335052399062	15414.316260173855	7289.167847449294
9766.224366996192	4244.877947431133	5703.563366634076
7976.9394278464715	5917.356504820415	5590.748913775755
11866.666251191997	5644.625840569216	5382.158078051188
10770.165698009057	1332.126299754776	5211.869697273602
12223.650717176379	3633.4101266162015	5300.836228482593
1854.0843268429003	16208.543167397751	5569.969649655797
11450.557983649811	3569.050487999313	5001.696784684584
10883.393074066169	2676.00697646616	5501.443414431078
10624.477391749346	4610.736381639156	4881.715459243141
2102.475687153364	15164.238956091085	6969.699529395966
2559.149070170116	15453.36520608305	6908.312382816909
1037.4343873352311	13636.266627145265	6856.844253704762
8881.211769541684	6021.38380261666	5244.536907116651
8672.974663561658	6040.4679512090015	5162.0001972189675
3245.9752061560953	12393.648359550623	7243.389439468237
8783.638620329324	4200.176778846914	6383.250273306291
3287.8540139001293	11613.258961993599	6926.124418972926
9466.898822053667	1514.203317957869	5052.376863317485
1575.2722344634744	15350.724723969653	6553.645631058139
2120.7919621392452	14478.778703412934	7426.013932600564
11347.966518140822	3463.9885754446673	4725.980622486633
9999.738922571036	4320.0763488955145	5298.466903752899
11731.5359515627	4455.351535034184	4174.014086811094
1825.0535690864767	12788.845898798403	6915.015536743852
2267.520213634809	14478.792949120912	7132.006790702212
2962.3856217624216	14667.390405416369	6272.04498840647
7467.592350705567	6982.448678031823	5256.644817495878
11712.744752995875	2631.1990057213134	5368.105038906612
10405.015046870622	4263.702440435196	5677.151989908276
1462.1158650757247	12665.462221998336	7441.649073590348
11139.340200606697	3477.444298571049	5001.337038853014
1111.5462970517276	14273.677108896103	7301.759536421006
7657.269158095318	7467.916341268023	6395.912733312024
10651.215355594568	1951.849897337844	5519.2416378157295
10069.52610779058	2776.5996682643326	5251.152903984545
3064.6625165480627	13922.453646321343	7189.723195722067
2142.8361954748307	15036.008712931362	7131.491577520103
2961.3788957805396	13606.666372923444	6736.348556492331
2153.5172564817267	12307.74767972882	6678.7538447515935
2197.102705721318	13671.51599294446	7551.851020775571
11085.79399015746	1143.6787131220365	6221.506017907628
825.3929188957752	15190.944545246035	7094.422904362438
11083.967885629036	5292.441564405143	5643.872336365708
2440.9672905363564	12054.920123676959	7079.817916037957
10564.997803260307	3694.7230909647005	5077.336016456658
2253.9552738797643	14412.19142383234	6509.820988675457
10224.191756512784	4154.199595554223	5488.0777550042085
11753.83801968493	3008.013355334745	5579.726099900699
9696.658807780854	3445.790389129528	4676.075084324242
7864.071525809129	5643.498045240977	4806.665285146906
1935.277171920211	12983.780977079126	6956.318356275256
325.1997848730014	13788.328648029696	7056.530999828902
11609.103655241828	1914.0624211002516	5671.027940028184
8593.255738160962	5096.769699176581	5664.357660280362
2430.8696212714	12658.041444645525	7083.223770199168
1548.6082308300363	14829.278421775603	7282.94904108099
1672.3084995501092	14422.356474739168	6221.177452468871
2404.6770869962147	13767.270868598198	7002.3433942339025
9233.856989306607	5101.299153248957	5803.687152326631
2320.7061958444656	13680.901421018676	7139.725420756815
12699.178639271002	3607.396689701575	4972.105078685864
9431.308061518075	5272.5033820876315	5462.548743729819
10012.501397186219	5141.410513676081	4866.678916543225
2664.450254685897	16703.169286615394	6331.479041737375
10747.712390142475	3231.663254472659	5180.850339793902
9408.809219571756	3215.5338466305093	5644.345404704191
10597.337052944147	4948.031294444252	4905.670197132244
1740.9273200597252	13473.476306262466	7218.352980350858
11249.836759299866	2570.7955942441936	5448.338122628093
8670.843655079145	4850.875548812835	5400.476961622499
2707.2777967536786	13535.959850744925	7102.558889929584
1456.4205930910111	12775.303991283998	7385.910510126141
1686.6980347210988	14156.70575445549	7484.382349320203
1080.264163875155	15470.823126568093	7165.732124104287
11179.639191059103	4598.733459410308	5694.167971645529
8192.112598689198	4364.465074571625	5133.398567542719
4009.480272890279	10483.153818418057	5556.189750733708
4052.7988969191833	11888.375537063268	4875.11009131458
1749.3345397882947	14533.605573569681	7604.673385512988
2802.961143318169	11005.98020404614	7095.1922164984535
2135.9808893967515	13249.75236970441	7041.192027549095
1580.4043936492722	15604.470314447239	6367.710395563426
10258.418138485322	5015.394413446458	5084.221666076435
2297.2450018936515	14718.400841563685	7290.104710162668
1243.3494205170084	12973.016425807937	7178.276777095055
1434.3445055437687	15032.920555344317	6761.535378399101
10862.810358998137	2765.765294405142	4792.8852619461895
3560.1807412229477	11905.811419536527	5114.75600633378
1381.5818820229454	14440.815614069295	6511.827534633359
2319.50253457888	14535.550235958199	7539.149009238754
11332.103975712778	2151.565548064351	5404.771665902247
1833.5957894029596	12301.542849576499	6907.472541131129
13089.986387042622	3302.830689655193	4769.980436389875
9469.956294849806	1927.6715835937507	5331.793055261702
1953.6677041020419	13490.731465658511	6748.7847331710955
4067.8967955815774	13384.205906472405	6766.222909347157
2424.8227369476217	13969.001628959562	7398.3833126517675
8567.683693662166	4025.401501670604	5668.348857956679
1611.427141237684	14361.115639531943	7361.814672636716
921.4473553742305	15642.79916837346	5895.4560820774
10119.759810763657	3522.3185092230783	4803.930062368778
2336.6018889495995	13969.303569938174	6869.527214441148
1572.0433054682273	16134.965127218518	6765.561983041425
11084.062923171503	3845.4594697936154	4942.890993918556
7739.725423844062	5023.765783732228	5697.280311612219
8859.311795149853	5073.98536614548	4780.603467048876
11044.5130114339	3201.6886976677642	4732.652954654968
2434.515220212465	15306.736500285893	6496.143517583191
11221.808963011585	2262.6516362084403	5485.069952491824
2661.167610519022	13739.479573981955	7086.461764750973
1822.8771748818353	13661.829575682243	7164.790476423771
2017.660625822866	13225.139486481612	7385.3777267885425
1697.9315128888124	13874.878905886668	6970.497394331048
9001.846417997667	5581.950093604968	5530.96620149508
868.8580935900895	14132.442935389092	7134.735737786327
11250.290170338249	3837.355582334748	5215.737640308672
9663.55278582452	5448.487442710078	4747.3140587907355
10174.708576058943	4291.8304466237	5361.3562460416415
11786.829620532593	3249.661418647477	5211.202252396046
2797.082532956691	12301.898155882607	6927.013946591532
9239.936139683032	5227.239539434361	5724.51253449102
2592.3034894985362	13777.267372524564	7291.401017157891
2602.227885868551	13284.384447118517	7143.395300140023
989.060018031712	13094.662561380788	7681.596753845949
2782.4420320869576	14753.739997865683	7151.232059982369
952.3760409302572	13623.134650880105	7085.583631708475
2113.3329021151694	14222.472637900924	6365.131707214509
851.766599863523	15595.780015301885	6716.649870872985
2251.394523477893	12606.444961262356	6732.877101821399
9036.065646527022	3427.0482289468937	4940.207295886288
1222.0887165680072	14237.800621439234	6887.917916816387
7753.90150369974	5793.813841953935	5790.388711367057
11210.549525471064	2760.6917090241595	5928.9265823686355
2631.489413756271	14995.404521517208	6634.505586215424
11055.198745623233	4253.820310241439	5794.8437059193075
525.675219688879	13862.418506161815	7006.692341916827
9057.77141252151	3207.1356341348833	5355.5399947650485
2114.1787516442387	12983.400859170708	7094.570567949937
9962.644601215257	4195.052525397245	5197.308015932137
9644.156223999316	5531.891159078573	5390.335717127413
10689.229259002557	4302.413255540892	4933.992777184096
10174.086214333412	4381.089276681752	4881.88021692377
2007.3218693228598	14263.287605427233	6695.905950544447
2110.983298334914	12300.31776778698	7372.572057339289
10023.234634693543	4569.632526060068	5914.371672008823
2656.616762554116	13923.066497740414	7139.965005260483
1700.7622013641078	14840.000287810562	7691.4235574762915
2445.3633425880967	14120.088519924837	6296.9906585067465
10851.866925570606	3159.9544783502297	5386.088422703699
10572.674238641312	3561.4471416938914	4939.575502509428
11870.512265221489	959.6096356631869	4989.001032140956
1840.7699553407265	14703.607666630183	6712.0045498249665
12583.346578033323	2526.095777747925	5480.843680236264
216.99036489043442	13615.785902340918	7071.934350573801
10544.162558501177	2955.3222245549887	5388.365688321641
10767.054565198676	1498.0404044258253	4962.413455466807
1836.4649844802502	12849.47799482459	7279.954112553699
9614.566754842968	3597.922396912799	5215.374862322065
9884.015229678605	2286.1116145963415	5111.330806806405
9642.505440261142	4586.088605957539	5121.7677560729435
10809.109499376056	2883.2547221003288	5275.29992309348
12586.103646249449	2848.539674895736	4931.478278333304
7271.980321661838	5639.2659695953525	5423.734716546484
11812.279874321455	2755.9111535225516	4992.089212857313
1683.9494287520106	12589.733893300114	7365.236510786811
1788.3120009322156	12829.67674976474	7691.511669157608
1277.0889816786873	12885.745969676467	7096.103948051736
1700.719769035083	13434.76278774721	7177.765222240722
1024.6072966956942	13907.603592409201	6771.339272017749
3045.9123423796323	14709.589662535811	7787.496888890781
10394.540399748656	3624.7486105579424	5793.524377531436
11671.103494671903	2918.5991997973633	4655.079590344196
2306.5772995332686	13233.38719782078	7204.487152692637
11223.740436411555	3691.717206042409	5311.547191989017
10022.598718173407	4143.863757768756	5544.262359574386
10084.033810288827	3445.7003189761936	4932.949954350625
3164.570089489876	11446.900842676703	7550.328678891187
9217.305988330882	5522.32332543135	5007.03735726155
1472.2996340629336	12361.75626897262	7057.099886110489
1445.2389275063338	12799.018445311514	6984.090036424098
2559.457750113114	16109.989714890828	6498.568085411152
10833.068787168022	2892.7293377939977	5696.11920067375
1418.6879518830185	13952.454148218132	6878.550419531624
1588.4524900622298	11648.019336158666	7267.172877940511
333.3331062934021	13315.64388150303	7047.084915281297
1656.8936932646914	13692.177508643601	6357.743667331491
558.6148380455294	14131.536803154004	7154.261959413259
1768.0622176512018	14532.329098585325	7308.764955153113
12016.908647516388	2706.543520007189	5580.150610428415
7780.2800008581535	5191.742734564284	5198.376458729422
1309.0735842786978	14049.333273836131	7241.720218191911
1535.443277181822	15925.40559027101	4526.533627214831
1651.3777331434776	15758.103647605538	7082.0637149139075
1163.7101483254899	16985.886953517023	5785.551897173014
9906.758687764466	3904.9780839883547	5515.914687447129
1041.1184923409164	16927.002020933454	6519.880778275109
11252.735280481267	4005.934431579504	4599.324207367898
3145.862151210735	14616.110374645232	6739.344906079416
1458.1476546129174	13683.141263345606	6797.741595140633
2813.5349435940234	13823.03614951571	7348.190265169338
11008.856181623816	3148.8005281815554	4873.657517411181
2014.6814323427816	13621.332477236276	6412.45913069072
9734.922942765683	3837.408599812375	5416.721978672739
10433.106145459164	4150.55978149544	5701.949482989269
11070.932904775502	2823.549589653467	5128.426549881847
2220.816014188001	13626.363529018678	7469.803176389346
2427.7716641098677	14345.655489310733	6124.939052218962
11356.440399152245	1832.2669376638498	5717.146714198669
657.8000275415358	13678.700894568332	7433.041231390329
9271.759424369393	4243.290687791887	5471.108419345389
9769.64460672792	3714.6453566026107	4970.026216193652
8072.915918259898	5142.329860135401	5527.898952165205
10617.291752852288	4425.946103433984	5454.308212397189
1403.5919058649783	13718.972470805222	6861.328070516696
1741.8133343534214	13574.574085055801	6936.3257879491985
9897.068878806742	5041.113223263595	4662.920926899067
9187.191536812426	4208.60825345772	5028.449275305383
10428.06398363992	3884.3084500588075	5554.453341740408
10663.207827152357	4535.282273394218	4840.074090979397
10461.508286705754	4296.305760869877	4894.442058882959
8041.702364514928	5464.214438486639	5200.6633600857895
11127.502225932541	4509.96527921438	5008.476416197454
1131.4985986237432	13426.101088628347	7365.981080800953
9836.98486849498	3945.8814801061603	5571.264700135732
10804.669440251697	3335.764462248171	5146.77448644346
1094.4367917970762	12364.673111894816	6860.141340070782
9412.752608427862	4228.573399659424	4893.662506819318
11331.688771494291	4974.3834961501325	6014.921062658556
11251.968237941226	3602.3592801083914	4619.299500768658
9476.274017385096	2523.17688983665	5210.3180015927755
8340.234197962694	4885.755243049853	5627.681976923863
110.72303446814495	13905.0882674591	7068.108705171734
11447.466482905937	3675.0762846317084	4955.962944596655
1935.1368511396156	14947.625477574324	6307.954532237197
1580.9673306810869	12791.525743855009	7435.0056101909395
1860.027699774488	16059.806333230206	6476.079400971211
11661.511502779942	2764.7985230978193	5349.173008056919
1681.8056820883926	13747.744215952122	7849.620334057242
9578.885915642402	5150.850810645795	5059.555566594946
1404.479538800912	12990.418803240707	7484.097686196097
8475.173022053033	4898.726626439061	5371.66493932798
8977.30219364098	4419.694693974743	5446.956984090523
3003.4800872071546	15097.570992576697	7103.288894873788
1464.3857456319836	16500.17379795299	5746.792835494336
3175.159963559079	13504.790297618036	6949.224201272646
9688.170796995812	4029.2219289397003	5473.629667502754
1403.6287816966078	12858.222410600634	7490.999078565507
2425.5046145144397	13361.286677516131	6290.211197925346
2348.1092446884886	13393.292339791045	7087.545542556015
11311.0296158298	3254.2312876856236	6022.215719779188
3199.9741655365124	12871.756727870368	6457.4448676434595
451.9358620073765	16608.150203736615	5082.499134565765
9917.799862079803	4197.246743610496	5538.329091822237
1508.8297186193013	13105.599745465173	7308.945974899592
2192.3673109309207	12984.536039716188	5241.348677447782
9895.09609470132	3429.5013029234115	5161.511747056301
8905.803751197982	4684.146282671745	4333.594422614821
901.6257118266176	12278.218639223518	7472.757829390515
10082.369180355296	2288.5245492720264	5410.90759485144
9367.546089484695	4916.3346562810275	4702.067440865414
10919.373087840711	4864.18773502353	5022.206737158277
2193.330340176266	14266.402795712505	7230.364806108281
1641.2562923929538	14478.669238836885	6842.163243192298
10285.314526036445	4262.204822239149	5346.95747274497
981.908674873053	15032.733704602379	7258.8023720818
8652.19259520699	5717.501739597331	4402.268665934601
1538.0597930547106	15446.329798026029	6247.440917502509
2144.128748301268	11722.504970265989	6830.177842856695
9786.708890769909	5006.942312980479	5098.748069270266
1122.8396301211653	13575.758119597138	7137.202937770431
10549.091273481652	3098.567126250068	5924.587227875263
11482.50980104335	3885.3239494767463	5123.027657558886
9389.7528632166	4221.247635279049	4856.410392030638
9398.227940441797	4070.5466655102896	5602.677110027815
435.9963380663132	16013.895553439956	6913.060426804858
3281.1922025789513	12573.574646152538	6405.718477252458
1877.0068088503012	15567.882215823103	5610.447378174304
2414.268468925215	13328.727777544176	7146.693421638394
1569.650539851028	13155.539469638614	7550.998026972297
10357.66610400151	3928.5021119695416	5553.678900648998
1291.8060945411974	13594.836199937421	6312.5907948374015
11508.181088243447	2225.363713156358	5934.612131103936
10354.265443573982	2602.439503111486	5728.902280204195
3526.6211640372344	10145.824654049038	4685.312089164435
11152.713580008374	2912.7138797542425	5878.834613919144
1163.885963760268	13490.47028135468	7120.920477052916
4050.6622656501495	12130.583887574994	6979.521516949592
2074.451535739401	14787.344217277912	5145.041620882412
10443.579336246574	3239.198522931436	5155.579922099009
9289.39023304879	4630.434250789061	5312.353739334943
10587.78005437944	3284.8954283178846	5622.924858527775
2208.0005304621063	14114.939837109332	6816.425883420114
-263.1319035737325	14115.286946124957	7917.709408722006
10515.693796815043	1870.3245155026405	5422.416958323572
2480.8107322263927	12937.439417132548	7500.269151230127
2417.3198892153523	12948.356044990913	7135.829353413125
11100.736522433344	3177.325842029469	4939.138472283758
8828.962460830735	4524.4238056821	5192.227031035306
10959.218697243792	2473.996344875296	5174.384789080184
11227.157879693039	4652.77971173389	5296.990159436118
9801.468721350402	5012.907565359844	4421.909851545585
1573.8290605483758	12019.841991723215	7464.780292022343
11655.015819734024	2788.8737839206747	5659.249120504331
1819.9732716090016	13719.276594137347	6968.010786301498
11481.492789985432	3906.9703298003183	4370.160985634932
1938.9280271203274	14018.02132590336	7029.970029775117
593.2268475831207	12348.940113365401	7281.376609016283
8880.058469944379	5061.949878518492	5116.633283685176
9122.757590229889	4908.703360880476	4790.351687786149
10358.789059850442	4403.322977523272	4497.504395427891
10861.644689190874	4405.136249480257	4666.27847721492
11186.042448428974	3139.9204217545334	6109.85039602703
1141.7393767583408	15575.493314026282	6703.957609553244
9602.055939120008	2355.191231125214	5088.9162401021995
2554.1500449498103	13041.571783949663	7702.082570521457
9820.40081554997	1509.629198619508	5672.087296374497
10898.6463287648	5506.312000252303	4895.724658996314
9899.637769610561	3762.32695532216	5493.018304952162
9362.928724191466	4299.32496116872	5671.216542670654
11129.05169547069	4234.080449182674	5873.11180892833
1830.7163754696799	13968.315874935226	6959.378538089595
10627.10195147507	2571.64247696935	5932.806388108254
10365.676991839005	3291.75322718139	4823.5879555820175
1124.0011890384599	13560.940269603694	7374.778892073313
3009.0191826176306	12135.217759385348	7233.651973806973
2228.308491352148	13141.24039664859	6568.12899744052
1999.129561034297	12575.327831744435	7157.358746954831
10121.423590962995	3319.0072433222012	5478.421375293647
10292.944614592687	2634.1269590303473	5760.134084347141
10856.411329748082	2183.4482014695145	5377.959368799904
10943.789318622357	4385.1782853629875	5033.257959223146
9750.951642053733	3495.781960983907	4872.622854754219
646.3271759668138	13005.74841594916	7306.127887601978
3015.105678280577	12104.418566354834	5337.404733899945
7372.259698457019	6864.150453020804	5651.915823064103
2198.9850488430343	13306.117875511085	7841.237252875891
10001.907924287127	4598.696431766118	5388.978903654018
1273.3627215681556	16229.426846238734	5710.15399309266
7991.366503643276	4962.740150725893	5373.41373521839
1343.8353128485621	17483.153902239384	6424.2434799373095
8870.030885282658	5047.05790324299	5680.491316527739
1872.6051849399944	12698.912290753562	7425.399251649095
1180.7557771274508	14131.691236186003	6534.890284521997
1404.1535987183768	18137.747675839713	5876.20195860236
9240.10659037222	5379.440672524243	5260.622292941905
10412.986804018052	4180.860528042637	5191.31347206157
2137.859928270218	13781.498621883584	7487.535693288029
7905.883743685729	5069.914807614805	5318.336906961159
1886.9812329534207	13700.046116975467	7402.820031744757
8757.35446221483	5065.525863950776	5736.099283953947
1589.3381910662367	12261.972209993763	7436.506589676968
1524.327678753818	12747.957544840356	7502.125655576615
2756.871247315384	14893.13160483311	7003.667165842886
8310.558434444734	5788.267568558825	5341.70526267407
10296.069268897874	3155.2046677997014	5294.522609514516
9321.868373015248	4927.974644305249	5570.814523339444
10566.900537402653	3497.129818054835	5443.55540099194
2227.152665781778	11631.065580292034	7289.048179054642
1514.6862559167196	12994.968284148088	6937.015640343974
1666.7373079670408	16394.692987135786	5222.965047560586
10126.977780522431	6056.716157227295	5349.826234934667
10327.71495178878	4925.2569818365755	4971.6305953709225
10278.847700340584	2014.2196998936117	5503.671527021656
10132.698343154258	3454.268514345506	5429.2141834023505
9823.772081478752	3482.200635804558	5158.02788856492
1567.4367721690708	12674.437323629507	7449.179227452579
10852.133977418329	2279.1960165751298	5493.931075987293
11009.730689733327	1860.4828893538584	5432.861018508125
2168.191772142749	14814.596589945319	6575.263523304283
1973.454428021344	15146.552864331363	7247.490161393512
10273.786156962587	2182.41756794073	5569.3092950918835
8931.760553365822	4522.18153619156	5503.398899433881
9958.93200724396	5110.902903959764	5293.018579431085
8849.135493014322	5601.631042408097	5607.615636133868
13060.658668657179	3402.9928771668374	5116.106020599901
11285.124216845294	3830.483386223733	4867.609840456009
8042.868634203265	7223.929912378833	4695.942920961964
200.85684056685528	16552.518300119566	6241.362627947282
9293.734370286844	4664.104327223267	5519.997095981116
10414.430528971414	3869.2516885319565	5078.126858016053
9857.754690930833	4825.679852663602	5397.689911304009
2130.9254936045013	12770.993865648958	6947.1898021946745
12117.672684305846	2703.216512037007	5338.208270796254
1558.829214657336	13413.614874267154	6811.162547216978
10654.148999416433	3387.9655880699797	5621.917627446921
8909.342731993449	5846.557029748039	5058.379150521653
2389.080192081225	13453.232494957516	7037.878649200898
10976.78499222229	4873.8420646577115	4919.714150270225
10932.136228262094	2421.1563612554633	5554.141167063008
2097.9182460338116	12245.359672274883	7390.03710359877
11609.287346897416	3471.9005308242763	5289.48664265971
1688.9395668772154	13540.032988899597	6543.18658133718
1696.0580493948498	12300.789328870254	6547.091535085697
1659.9387092940694	14955.759137004785	7341.375771878553
2139.932702158691	15556.15063754271	7197.71264032096
8019.998853774832	4488.151979614922	5141.5761848653865
3267.932062075982	13993.034629763306	7452.4345290574165
1131.9620282035057	15270.078136964503	6809.412444909941
937.0091734657726	15216.10771236793	7144.704803328567
2277.2837098300884	13724.373289067498	6379.32804345311
1390.5363307655591	14887.921913116108	7024.657258742371
1527.182655487352	13200.543708739253	7072.938048979015
1500.0342664414682	13785.215641726789	7059.9297520069495
2884.4460559469676	12061.827703664067	7041.016431686358
8879.267594981698	5265.471713684862	4806.492422531187
1941.9306927489947	14126.584938252361	7338.7162765469675
9653.931493008822	2925.9316345452817	5220.641816430198
8752.391305999527	6538.121320968555	5029.67372679397
9676.619584663857	1987.9425942640132	4746.933891584497
10588.130073712411	5261.2582195775585	5722.775895252205
11156.462052119381	2050.095075941661	4885.214121557576
2116.5254342064077	15743.097649549512	6122.969739765543
2368.921989027385	15735.97146356342	6736.073655818779
3567.901286621223	12505.527937596613	7103.101499193827
2418.359223482831	13287.984743710113	7257.944457977219
1935.365379652114	13510.45132540575	7077.768477538355
9921.02791397694	1451.758402033254	5260.1632030174305
1941.3897081861944	12560.605429205008	7196.790983054702
11136.781510549168	4646.433212698546	5506.62700296355
8858.86827122068	5789.599965505133	4936.912644523379
1208.7628164155494	14194.698953310286	7562.300934611927
1949.4726782834493	15485.627890029691	6162.931160837907
1903.3794281915332	14538.008510565878	6965.925579991229
3060.8597122655337	11993.685423269188	7554.282752578468
1695.413904960158	16304.07225188611	5372.34505945291
9612.802496163102	4609.622038751547	5559.979274300325
9535.44966606084	3995.028715560244	5220.523964596111
1515.565427778577	16875.996138494324	6083.241805055133
1809.394831634983	13804.994031522045	6786.586962559326
11320.989682021798	2730.112728498696	5239.199241783586
1940.1242813027459	14903.979204192021	6373.604714885481
2024.5286112201973	12136.816742344785	7210.749413482034
1943.2147588390008	14519.935181499339	6760.512215405924
10162.543618212836	4402.971345032948	5184.614513665434
1788.768371093548	14559.140492102604	7825.9876644995375
2414.807570163506	14837.840152261038	6241.383587418645
9858.379899968115	5178.9718931573425	5575.219592341303
7592.33683590607	6382.489264060987	5190.101932220647
10511.772377192961	3155.4288715260677	5140.685890258219
11550.467806421244	3476.1451627762563	4794.288289505913
7785.515790824584	4101.414309568321	6021.772995164811
2632.0001585208515	15080.18790176005	6687.9413003192885
3694.834954928126	15268.856613034848	7170.2709969704465
10136.348292622193	2777.5311403934766	5777.72802655555
2909.341849882472	15903.458449480953	7493.839360325111
9165.369676648292	3984.677736132699	5574.378450003769
1100.5425496366215	13394.28162558643	6698.579018828512
3049.0594174364724	12072.385389342457	7106.646801372772
10790.255361104977	2996.043018520934	4813.343418832102
10756.103356559397	2456.562516392116	5984.051815365154
10314.858765502415	3220.976486815819	4890.413475606195
11501.43319240359	2684.1818307903	5570.47072183324
10654.986485767775	4465.60355469786	5164.450217610111
2380.007754790286	13119.31294880893	7105.259660708668
10699.217445536786	3650.6961584954934	5232.47168404027
9896.252428289905	3782.373620718018	5084.026264323557
10231.893407604406	3061.806873277324	5725.378370584524
10308.647577852746	3772.072029669067	5742.654419893372
10886.619949653945	1828.183079749379	5352.409511003075
8622.660212018249	5009.9437968968205	5909.266516333597
1416.2693947028686	13571.201450427614	6522.96133154981
9447.945644243964	5318.1418101702375	5369.825455304074
7961.150111012256	5454.131240217285	5231.588899716965
7998.598080182992	6130.631830258582	5056.114919232889
10128.254863954373	4763.389717049127	5199.770636078196
9515.857434540058	4507.177428257295	5907.917921153955
1492.9856012934197	14047.909692092333	7285.854957644267
10739.315253815808	4366.197834522145	5425.979860234106
1207.9323842269287	14859.97126261717	6838.071603095838
1646.1810413602063	14437.601663270214	7037.326559948803
9536.245436664596	5372.227134543755	4883.489533466311
2247.2422869835427	14163.516874065446	7187.247413051857
11658.057752866614	3993.9396573047675	5051.697616435722
2180.319762080624	12183.499853184465	6937.938443739838
11023.424363804279	3197.690003641075	4999.479193700067
10456.975742212113	2466.7557370425357	5162.166537017892
10628.800002799591	2930.716088752081	5540.596795963029
7194.406329121234	5773.276674306844	4285.361650751898
1738.483825257081	14637.404680001975	7492.612752129104
10932.196853147634	2543.4637233750827	5486.397054187068
10174.625621269292	6661.053874252638	5437.636848376819
12093.872443854594	3130.9994023505965	5340.735975856024
9758.804477643907	5063.761049130052	5119.419264637803
10025.11072579854	2721.0535742035468	5590.691438951129
2286.6192935063887	14341.256374159264	6759.736565653079
1403.3144907823987	11850.220489611747	6883.189930570192
10400.41624765757	2677.350635295355	5719.434770016878
9621.433298580103	4975.966215882956	5244.813570938409
1924.9584420155848	14620.043204860554	6877.763280543118
11308.481523983128	2703.384079867813	5194.905452340792
-164.32944278058295	16217.47878438515	7002.118454566112
1460.8244594903551	12240.12756157645	7166.910054810714
7927.933079222467	6220.047492095247	4496.372911385844
2349.9101394375766	11909.362052910488	6981.559535764913
1835.8263792037717	14019.25444681371	6499.6654494275235
2188.7196941493607	14521.047302215416	6999.392370122402
7384.554769235073	6362.569628479935	5227.07365706724
1400.5362594758858	13695.040533885536	6849.189255307706
1600.3446663415593	16718.727181090995	5477.715239965266
112.21206293780274	14046.468153082249	7346.858290895937
1894.5701363915603	11456.22441585598	7916.844164638766
9764.190392436021	4173.664437820967	5132.1996189495385
7632.7401582913435	5077.762391603029	4813.733397092085
10485.85114137029	3516.746071567378	4807.039742484162
9728.96866170647	4470.755009798281	5145.279195650721
1892.6490572237824	13542.516010189744	6929.3647418546
9725.712838847756	3868.1718933019165	4959.585772313035
11162.08881811941	3707.2047419542464	5666.686488965935
11723.734788534333	4271.748055119971	4847.37537866362
10381.298801475636	3626.619189701264	5018.748318998293
2668.827399446055	13494.02490887756	7040.960667132699
2857.4595162562714	13262.205110473209	6982.681223086031
9906.892595248934	4424.657471795481	5574.384884076223
11087.638959584414	3004.278806468215	4954.0452029357775
10918.81757989909	2925.748340358902	5315.676926657318
2072.196063983809	12484.708114846033	7497.538575409959
1006.0475320005461	15627.083592941797	6919.250499622594
2623.9805862714747	11984.691589328491	7479.182441856829
10287.236715390289	2998.2344148433544	5049.577281646305
10967.76191178619	2129.758738750339	6058.802229047439
2161.5524849283324	13908.795126769417	6786.967859188651
2428.00392217971	14617.621621181557	6859.186702295984
9699.21774412159	3913.1948249287693	6029.729153152355
1275.3581743384007	14310.513414107134	7465.773277692677
9773.089775976636	4911.8637883859155	4938.636289226444
2248.501097488939	12612.02404759085	6909.444750880873
2852.7358152075813	14436.690515308082	6574.447769233493
9184.468356279174	1673.0267598017572	5281.351935576086
9096.184977427769	6002.25644808458	5117.7865579676645
1495.0269330476558	14246.562679886329	6996.568075213374
10904.498111812454	4136.356869711927	5519.91391431455
2190.442558032245	14329.545118166388	7068.702728676998
3303.677943829598	13782.439154244385	7233.71394733216
10637.882923010524	3408.234903916344	5461.42149777399
1418.1127559261424	14013.845722318298	7280.0920265008945
9695.934855516107	4081.748888308528	5314.44823588507
2897.480578458636	13297.443188060242	6932.578472069556
2666.0444525038065	16355.094381365805	7538.445529662264
10407.98182933764	2907.5004654788595	5183.418193576615
2295.127742124353	15314.214423508849	7002.39880092025
9406.746326709357	5881.681359839098	5457.903085932895
2921.4657621631136	12577.483091858361	7187.769900195461
10529.202431791842	2272.9255174496566	4797.918656287009
11333.485785287261	2812.7752504156056	5063.914511967825
2689.2180979702775	12913.58096739837	6858.535336887581
2214.285949375892	14287.677950446994	6860.55853271881
2022.5356089593256	13602.786353783315	6685.040806251
1810.6199727994228	13640.470075398754	6913.2827646165415
10878.353486931195	3956.3935051411804	5359.0835178968355
10040.896445366034	2393.8890645071688	4967.379240740836
1447.4127392266114	13036.289138951617	7213.475027643187
11692.845176059633	2189.594595881008	4990.026129161563
11202.702965328031	1899.9035564158073	5637.73137196663
2207.881991375532	15311.258262265328	7107.284215972861
8913.64378550029	4293.850066050088	5697.638176163765
1048.286877728547	12910.554051486006	7463.527606036967
8706.512659207106	6676.071788136451	4999.760132315774
11539.799545335221	4499.881404268865	5856.223851168968
11355.054390219488	4141.747860054065	5054.79615360031
1913.0234030301783	12488.683747075711	7408.816846288456
10490.71292118033	4817.408137316049	5628.145703076494
11216.642420223927	3514.9159651459454	5122.936414789188
10446.703468116018	5362.851861948226	5035.595211537083
765.8899934709981	14396.50471071548	6769.293535448117
690.3592302220334	17200.611036903163	6567.55747816164
1545.3302926663691	13887.816165714037	6975.149881211644
1189.7229953371072	13759.18345087121	7586.266039012573
2488.331653064273	13431.619031590159	4958.5290248093315
9924.849035719184	4778.400163550118	4779.513282826609
1346.4422432251613	13104.310722668117	6986.1488900741
2205.2993083744677	14721.150770581657	7318.963051381144
1832.6310335502644	11695.174545082682	7591.303869940168
9614.516913441345	4411.0953426034785	6006.759568481298
11401.121469053072	3041.3514763590183	5634.041975446949
715.3242709272449	14793.4409633919	7206.890927673257
10845.051431517495	3453.344129539386	5717.1052013462395
10832.427186455225	4053.1760130857315	4697.684809839239
9495.140811827478	3689.7606034884684	5369.643912041175
9830.171669485295	3005.3140299138176	5269.190797173193
11204.833964816904	2830.583414493581	4601.174398556926
2360.3387684000277	13591.034156415746	6553.649271750181
345.411340359535	15209.399037057728	7356.97537342981
1458.8201482466127	15192.957991813864	7287.183881994924
11335.659715651425	3990.271957924192	5424.664625533126
2297.2108270645576	14314.7962803099	6700.0054772621925
11501.333103578234	1588.3863305620278	5701.768678911769
773.7290683998156	14771.856401669302	5213.625167127313
1907.6041613083398	13841.099309349782	7253.74464626967
10698.513220484234	4968.560313335765	4539.857119911005
791.8076460136194	13443.210199848621	7149.861252975961
2625.9589988582625	12877.976290446763	7438.695492659825
2499.876755721929	14351.815756891994	6928.5376712717725
3315.3706936391563	13261.259233800087	5312.705153020235
10893.919974591176	2928.2570135475175	4936.455443419941
1841.8989172373279	14690.258147747692	7313.902985060098
9275.767358287825	3972.065089481577	5505.397818475441
1179.1621579725067	14250.075689655983	7090.592772870544
11530.894176049966	3858.055772142202	5025.378798740277
586.0194561194313	15590.412674796164	6558.07817526897
11451.27638276821	1996.559333408112	5712.479933202586
325.8364899165052	14126.301637492514	7650.38610447798
670.3041235971417	11924.545742495733	7236.071636201267
2408.653567894739	14981.941421134417	7891.79188220036
