1347.7603941303291	16281.1175193576	8025.032321308121
1454.9339844002916	19010.215669206074	7890.650305208161
1265.9331877691125	18129.156428801445	7894.036464373772
443.01712735039735	16079.642323791739	7638.491547051816
1682.398432534442	16562.69168077979	7657.431424199131
1857.590006199905	17527.501968503922	7400.250261056297
1287.496514542082	17850.045139210823	8273.108325389696
1940.2547968130943	14860.920403773442	8227.009576231507
2006.7659544992512	18563.832937681913	7140.553898859618
1114.7556298228967	15624.338102152169	7749.046211797559
3097.379653213097	17872.328068599134	7466.279466726392
1467.0758116687575	15767.80080968331	8067.333834166185
1639.1636385830616	16625.176488781766	8226.656509265535
1144.4760050336463	15178.018400732213	8179.839140133158
1483.2865574512748	15361.446394699034	8198.223622887337
985.6040927456944	17178.022417798915	8370.60412611794
1530.1161945208787	15846.756037661422	8302.809516091536
1192.8972264974793	17350.69017664384	7879.148447429992
1548.6068549754732	18108.7621703818	7388.39984094013
1404.3541610227592	19054.072803305957	7300.583168824573
1532.5747454077468	15945.245971592456	7987.462737389029
670.3598142151103	15167.731418580286	7934.232216131559
536.1407098331867	16624.359051324456	7993.752589866621
1839.9800970353135	17864.785893624783	7812.571480147867
1648.407566869696	16215.097606762527	8145.3496432595175
805.2751497262112	16888.620414584388	7976.193871003386
1149.5044291098238	17358.55811187205	8508.255954396001
1529.9406915797258	18601.36131282336	7723.230356392699
1659.7815483278391	16401.81615622299	7858.201595165103
2418.1570669711155	15469.516110154225	8085.873110340608
-726.8341459288392	16374.588837564741	7746.875351992085
366.00849263370503	17876.768890044706	7792.0453934165125
1280.1059947762726	18696.840211676263	7584.146985993368
2528.2515312693527	14886.537841247447	7555.561464900131
150.96372615313027	16508.8424263033	7924.0245880661105
1357.4601372568877	18400.552773970456	7399.105049221939
2076.6319376084366	17108.480850121614	7944.334394880608
731.1270315045534	18071.193543503196	7766.398982756735
435.0781185764807	18331.312454500152	7346.1482415955725
992.962613736955	16874.0981141386	7738.5133371710945
1942.1441194793604	15893.574963844398	8630.311997788875
468.4801807665608	17144.26216282125	7788.388737906472
1942.945669652825	16268.517522871658	8354.292092716889
98.17974366698748	16560.59630777331	7707.851659121705
464.1317584585764	16880.694042481715	8010.621478809904
1122.2876051281214	18713.431442466663	7518.815023992683
2468.4775964933724	16066.58390419088	7959.262744245254
2955.1460888312067	17667.342121049718	7855.8967929894825
2343.2188984889353	16428.48500451602	8115.956751671036
1463.2944136467095	17160.98478307277	8014.690060856943
1404.5373924217197	16219.274711052683	8004.135524261835
999.4249408970157	17690.678220382015	7870.037496115145
1408.0407734629698	17180.439840044826	7446.341269102042
824.6002007556928	17498.85204113576	7572.527407115892
530.5821686030522	17004.76390249156	7678.352920132061
-449.7610449706772	18416.73413641713	7899.090467869626
90.51198775144073	17333.16712562762	7409.489322094183
1935.4876789187408	14943.013715848034	8590.986782434271
176.09868540627423	17091.342705262807	7633.443040615792
1635.3213050066272	16446.785275814094	7660.427138766879
1845.0682611412315	15755.89474545558	7665.758494354198
1241.4501197967534	16590.566843953202	8004.500375618724
886.1950986095422	16130.949459029975	8190.171073833589
577.6293179379097	18454.56004577337	8018.95110895133
1465.3142323601496	16564.1557456738	7787.271016471915
1301.1644609527682	15949.62263392611	8064.74175707426
303.08132894081984	17714.85805860475	8029.172339060259
1738.1566529685022	17410.641861068827	8279.453360517278
2108.8704926868936	17107.325621698063	8036.059227456464
1998.5246959051194	15097.836659607716	8248.282958557114
2414.5801701179016	15412.206017502856	7761.897580492289
1313.065331651274	18970.638586570196	7452.788219934167
1698.6145378848514	16608.862612736102	8240.793593445389
389.6384533413974	16919.001230887072	8152.230041940353
-198.30561671834573	16722.966914402772	8290.674066524192
1999.323451715133	18510.427049990692	7415.365362097407
1812.9936144958237	15075.862775008418	7282.214222311562
3403.9851364278097	15962.775020403029	8222.129755293128
2363.582650089005	16131.486895705671	8206.02718026579
2020.8927414226066	17707.176575252844	7951.894015695493
2318.82584842143	16840.73908888836	8039.385098373936
456.55885856502607	18492.74384995545	8172.744121276747
2279.6610743155866	17844.49197678793	6881.417363368112
2003.8558257296793	17001.773658669223	8068.874307092112
1694.8731872153849	13882.293808430342	7950.4741942379405
830.2783044591152	15118.956083973973	7795.289959219679
1745.827245185015	16603.669286984918	8466.52924446437
1377.930402959965	17116.44489694664	7480.632247329618
103.79969717965798	16141.596416062786	8153.3673729407365
727.5181255123092	15004.018910811861	8067.187192011976
1301.2994601987655	16324.881933221513	7865.238366001676
682.5014589217024	16582.55189812051	7824.131148505213
1343.2975203513101	18615.21856093963	7443.4726837160315
1210.5690739504507	15524.498967710604	8147.4283106246985
731.005876889664	16325.498483564306	7257.56085983671
1209.7021337066408	17211.0934582651	7660.335875900475
585.5199540781422	15955.296980377452	7427.725677268767
937.4535283014483	17867.4450387057	7588.711555600753
1580.175704103705	15794.65703091468	8078.752016665141
1195.5865944052912	15238.667027804302	7680.007381690581
3788.825623641592	17521.77359900001	7341.254333577226
1411.8736087401023	17720.811027318294	8618.722206061575
1372.4636334427405	17403.523196931223	7642.912913088453
1839.6082018430864	16108.956790857177	7411.0390823880225
950.2247031201947	16245.28678375754	7729.8776975121145
1199.164110803231	17735.10880088672	7847.772012410001
814.4477244641027	17748.937185999202	8203.262516122611
1738.1759463573064	16171.994864784685	8107.613765192062
2018.876743602305	15116.703590248148	7823.677347904628
939.6462936837944	16751.330650824286	8212.477335982683
1250.059154393254	16355.271606043263	7616.866430773897
1273.037478197415	15781.897890344162	8201.510769920302
581.3595207000186	17741.591186689635	7853.463583616898
1522.4088350374973	15744.96672766783	7778.51117905537
1961.4630891925788	14518.910354481062	8129.912307902956
508.59086807456464	18812.14067400465	7819.989011831701
463.5868992120016	17043.397705075608	8491.415344664416
1125.6826401506826	16738.54625398101	7858.134366459139
1576.152417421878	16387.74305433298	7869.643696295084
-154.99428052794536	18011.977497258733	6557.754470904026
1277.829150138613	17260.750884545825	7766.640736247491
828.8480441516535	16270.659993172601	7652.890334534655
2617.3173693079066	15645.911207380508	7396.481257555767
1735.9803456118184	16426.846848993635	7744.701843098198
239.81695100058383	18082.983849822915	7533.496964311979
1270.197883499672	15630.328800820842	8027.673175041518
1404.9308370983563	15800.887326815933	8092.893712648012
1482.3168736310063	15880.070720892862	8086.7732611851925
1300.357704038926	16213.935057325536	7889.0291110620055
2403.8126658798374	15040.714083761251	7803.192858922969
2122.8802416160224	15464.780157397061	7894.185734311872
-115.13243134562953	16256.335196091719	8052.946853980938
1948.1607447069252	16686.94613233855	7754.163213413241
1730.6571792104594	16161.657933298251	8027.219832597592
934.5623660928637	18087.535364514955	8044.548790224214
1581.9780387610485	15985.636750048261	7975.85343812406
1150.3917516793188	16242.368041776825	7360.3784515173265
616.1273653312049	15931.396021994145	7744.954051520855
424.4342447570458	17449.873492833474	7737.127314721549
1201.7111464756142	17321.922016779918	7715.625670433172
876.8129656216918	16849.74640188342	7407.662398623703
1529.5059720448135	17226.622338770394	8256.802156015454
891.8743683651288	17029.931899087616	7732.938712263429
818.0553801742817	17824.10999924279	7664.174686695107
2292.981710427682	17744.4668710664	8457.240272324616
1961.7056092696628	15538.963440588534	7302.393122063998
487.0270366413448	16648.255965414126	7929.066247539818
-152.21726741364967	18801.591558867978	7144.813697727808
410.75599244702386	14948.823231343671	8071.958850217091
2035.8714432119496	16245.022802145084	7956.888432375541
37.030771687514786	17492.656520912005	7572.8276714740405
870.5879656761444	17159.175508513403	8131.378848849763
1800.4375640864369	16830.147872909307	7786.655075734832
1510.4583045849345	19767.940311511284	7843.796080430244
2261.433141135411	16346.789046833619	8111.639385640647
801.6193485763525	18334.248833055815	7880.3652473453685
878.7149497043579	16131.820623925512	8167.554838619638
450.1055947628742	16832.566733265117	8342.718383041967
427.3034082632701	17272.940734360363	8510.155566962765
2213.886066195037	15925.306034031233	7766.233274918844
1237.608329000694	17503.61082617669	7885.8870970374865
2543.9703089005884	16482.97124828057	7939.006089993275
835.8157371897694	17166.91344411551	7961.203563365131
914.361477327449	18546.251650700826	7488.054601286
1647.1116827561043	19176.568675634364	8034.335757717585
1704.4568216345938	16634.420434250635	8231.65553012965
1148.9138644593631	16557.111593522095	7877.976739654972
763.9244579084707	15488.21153957802	7801.6715032923585
920.0557877177374	16545.43461858307	7614.459761721246
1731.9714252458655	15095.171496986444	7846.04178634906
1802.0445545022496	14126.975683307212	8187.750818440721
804.7229117882313	16146.6762028745	7996.3489592544
57.00524196364973	17967.754075813198	7799.768091994085
1183.5830354944478	16930.369216364437	7951.945090015167
3081.835648563351	15623.267933057768	8209.08476849652
1705.9476236548676	16922.83357115892	7681.61052781321
726.8465047650994	17625.428048503592	8196.095514115013
828.8890831397644	17677.767718443425	7564.483844945433
1858.344675223579	16131.717106495751	8095.070690542764
1284.343967795569	15577.732201995732	8021.207281786121
1331.878102392565	15423.143869074602	7863.102322268682
1932.662795062656	16239.123686008583	7840.374075994126
715.4553612633741	15443.968808073243	8424.733452603436
2577.6961048499074	15364.013850562715	8012.508763604512
1481.235247309739	17574.2446586889	7669.495439579124
218.51735731593425	17777.84373574253	8249.143960309577
720.369263204063	17236.646294351576	7977.120998635607
1005.3652489564466	16212.001753933078	7697.459802615774
1131.1244819330166	17638.553320368712	7579.872018749812
1103.1899082608752	17100.043858849625	7557.287484141029
2465.9011380676193	18118.652803288438	7943.082043439617
1349.5877517998197	16810.242877768436	7737.213379966485
1937.7746538812942	16996.02020140414	7828.904278509211
758.9663516858266	17110.404701783085	7796.304180637861
1918.665973586327	14807.943644073104	8222.031081455672
182.1608947622423	17263.4058152414	8304.639189041465
735.5692176773871	16911.356741819334	7819.535147659748
1122.8204873343277	16509.966316781767	7798.987373885842
2022.8021625876422	18461.14704849237	7676.315928616189
1977.3940414232222	15758.167558835807	8372.446647950364
1215.6098944593627	18836.569665201307	8058.568825001026
1512.5850930346742	17416.73659137876	8315.136110909392
431.3681762991118	15715.766144417747	7717.171253216481
1627.1999902624686	16095.37370028384	8198.1821306355
1361.8969356179502	17234.018243465067	7820.383957345739
1581.911424538101	17286.23308109841	7743.568193270774
1073.4179531986008	17413.421186423395	7629.228700578026
315.4757212874573	15974.094956183875	8068.166247774009
1765.0871067958249	15853.653629795685	8165.025436411631
1681.8753387284628	16831.107567918	8297.533149110248
1215.2683862441975	15710.78460212202	8048.783280943574
1622.5572059200201	16547.50854133799	8205.298329890546
389.71556693819485	16850.649861316626	7621.89371519268
32.02533154530247	17182.836974257178	8079.88472139991
1039.8873392190421	16325.992110586747	8157.837623381648
1000.8529040339488	17659.07712745003	8046.912415078023
-604.4334902957808	19578.1282315824	7588.55224447148
845.9778700378353	15709.081639490807	8107.802478692934
2003.4093762712182	16114.246831871988	7583.652652287756
1982.5535876455763	15911.584980167108	7712.43546696193
2263.588063808355	19115.833179610687	7072.306002795476
692.5456268411203	17699.33061500804	7721.078131447838
1544.0364488343705	17401.348707642752	7894.560910606387
1649.4620250059197	17722.42576023269	8184.091884850411
1046.087140679928	15374.256989220035	7360.931307890836
634.8971838974605	14998.336191870703	8433.271348699142
1556.2046009145824	16201.356399991026	8399.83265934977
1656.1612022275888	16191.509315451101	7828.617344237209
1282.697220004318	18592.30609591508	7458.963696856274
519.1310791820582	15552.385089542944	7535.816727408058
1105.679745237863	16054.591963452309	7886.714381859027
1165.1953195159808	13751.849523672861	7937.144055342188
770.5431531832728	16366.902618724143	8062.73583955692
440.86341401880907	16544.477212445872	8074.582211378412
2953.773197950357	17754.325486682992	8232.020022415936
1037.6666844574534	18030.24450902253	8085.738913118227
2377.477490466532	16165.719892212466	7740.481010843762
728.0461100025792	17778.149175350387	7442.754718022116
860.9869291201203	18199.769446571743	8123.332672363727
2104.6833722729502	15108.538976138276	7785.331771763801
2733.581611209173	16293.270389132083	7485.258906645729
616.5055784564455	17751.069225988147	7506.458208598149
1549.4471118869803	15511.182925074701	7768.906727656728
1362.0083699129127	17100.85211055159	7887.81923462086
1528.0194128261799	15311.797110909329	8209.57934706499
2844.9625906845486	18538.78811180243	8026.940889105766
1821.8718463877547	17114.290881098947	7298.166736571073
987.2734016164017	16573.894266606574	8071.159561667659
1519.3591578498906	17927.97818440569	7517.941216170737
1011.5162129639785	16373.866499554633	8073.506170618338
1390.427913461372	15164.828757458507	7992.138543894719
2222.3909522552285	17412.779923786362	8166.564414934324
750.7802396328149	17271.36431703483	7624.700103085004
1838.271364460235	15191.981546951813	8427.926529146109
1085.5686312316363	17008.603919015884	7904.621469709303
2171.391547988227	15919.726500433246	7752.822734291126
1694.5674012307188	15697.418655538522	7686.0362079865245
1494.1536483413001	18136.576003496357	7973.715966081596
1910.4072962813689	16991.26654068637	8365.785269876216
1276.5741185101576	18429.503626754602	7262.714552447367
1270.7556641072977	18327.217243834806	8106.759590886979
1580.815641966593	14982.159670241259	7831.588755018468
1724.5111742391036	15266.503969097785	7949.1872871144
1865.5531577123838	15281.371079702645	8261.97680895404
1096.3549509379197	18385.32499436231	7571.231274812055
887.2530528843503	17182.584064481605	8227.609748654519
2750.986215182524	15566.269216264576	8589.885494412147
1905.6518339279799	16150.03483701936	8224.285347660356
2885.611321152143	16213.512218743046	7728.394510384862
3159.9112155393345	16278.474739774589	7908.429095461597
1536.5072413811138	16691.831123253618	8397.442428604872
380.5464475696553	18393.211574758643	7580.924312425066
774.5987203601549	16484.00897637566	8169.96114407328
367.3441814096171	16370.283075390447	8024.153293632586
2472.9666128845647	15859.604202413031	8446.82406752427
2161.917747861008	17934.987553661	7706.776202503952
-181.4530287077208	17427.467241653365	7994.971205949015
400.4504350844047	15231.58508973596	7807.666914878873
2172.708185679324	16739.984883249337	7523.215246164636
2503.419501540505	14939.656519094704	8028.09626131393
2046.6485651053197	14569.524351635231	8259.196999939937
1710.3465410455067	14819.15527567309	8001.608563966481
1620.6378895863847	15947.550923920213	7763.086776377008
1675.129814690844	16918.059326315983	8218.262041701142
1617.4658910044632	15669.403644475768	8191.573778649568
1716.40843402358	15645.035683793965	8216.208289779459
1574.09067020345	17068.3279729848	8024.338490154131
959.5262789339984	16931.048856925816	8311.839926098472
588.0390245508316	17301.796711851555	7757.461525959532
360.1149900001784	15833.01551743005	8226.59766633068
1809.978186373681	18186.422649440454	7528.128936182549
371.89643120796944	16994.62138549806	8329.704622302957
215.5750528173692	17020.694710902888	8197.654912639317
1701.2672793460865	16631.14582576274	7794.149093725048
946.5506955664696	16963.319260177723	7925.476641452254
1682.151939889611	17361.488402817435	7995.058624255341
1678.0465631598847	16995.7227012916	8022.992329955916
1221.9497762332853	15390.88256062757	7455.1039664811615
2791.477504368786	17413.41017038767	8085.894975229513
934.2646133994177	17802.077502734523	8205.72357432651
197.68760761903215	17296.34771401376	7844.721688879684
1620.4990254767592	18107.31323408267	7658.8007851050825
1128.6538140764649	17239.539172609944	7636.7131064485975
1406.236974047794	16946.824614883375	8196.264523540704
1939.9419520683214	17899.66757465486	8079.4804133248645
1175.7675402776126	16352.435847552275	8227.34044653273
1356.1795629867083	16816.083400493964	7539.6625075791335
2040.4638525303208	14466.616677189497	7892.78442219833
1600.083208646883	16093.917018413036	8837.587315396808
-120.09479884035713	18709.018859854365	6827.837794209906
1702.8986791255556	18926.44334135975	8146.893540985051
1038.791136853529	16375.542251842824	8257.57084405147
156.69743972704504	17074.265255953946	7664.903619121727
1351.4766389189926	16920.65451226975	7682.087049537787
855.6086487090025	17757.575835412277	8018.608023322058
1648.0855934485137	15721.332209419477	7982.313597568879
662.830124082663	15414.920681281319	7729.9298907452185
594.3483540318243	17121.807653808257	7801.011318612872
1191.1852460557916	15891.578894534046	8301.57283979178
525.1859628587247	17124.744077099233	7669.8427163589595
2164.0164639630675	19128.343232114617	7499.304730414824
2393.392830048023	15258.816899263762	8204.356965157041
1202.417022709828	17976.67693114172	8239.860917831516
1049.4506162366629	16374.806055065841	8046.378812126928
1790.4837768699902	16462.893638524474	8609.931738443462
1057.3056764577964	18853.614055025053	7639.280254997006
2136.003386489989	16835.926407055824	8266.169284331576
1427.71875568534	18321.351182101916	7859.002151700743
1475.6539752785663	19188.199198379065	8411.815650958308
498.25154795094153	16562.75477964261	8021.2363100644825
2276.391791058128	16511.207313176605	7742.592807522598
1093.9151845421104	17399.537320191626	8190.715705571451
1428.4603152907086	15472.356222921848	7858.5618177067345
1523.6286248574847	17651.52828120626	7995.396023839458
803.9759039329925	17511.741942866276	7739.487015595986
1214.4040092629898	15939.542069733774	7816.825366484861
2363.3875315566365	16896.798102347497	8007.200957541083
418.89517842971856	16766.075527026955	8011.200865367148
956.5744671347924	16457.751522786628	7924.985436125399
1214.7197321820927	14782.446972579017	7928.187015178132
911.3060563033522	14578.910705558435	8064.311323722395
2791.181264047272	15625.12841516393	7877.178048920399
1843.263632706743	15761.865267830228	7884.375697303101
1595.126234475157	17151.062807917147	7805.707884785318
1226.960906721508	16441.889854734232	7874.029737452661
1554.9364621162206	18276.479398788582	8432.019654088865
1207.757083776196	14412.170783415473	8301.98083994162
1324.4709481040215	17209.987179503565	8096.689615989519
1127.6802377487004	17568.002029959713	8237.112977235902
-61.01457430410822	15279.707790994386	8101.173213345201
847.9751775000631	17976.94208847613	7635.307361143174
408.52554899052967	15263.325762891023	7906.211333973636
374.61706192526594	17628.416077760936	8423.717169992833
2569.024873301104	16303.242261351925	8083.522819859056
974.4801626354749	18442.193951144218	7738.368661512011
2412.482213154592	16748.58948411539	7905.342510792439
1353.8685544814516	16511.95550826082	7699.941325343976
2358.5297062872123	16802.517643968567	7749.270045658827
1072.9802560021699	16605.35891123334	7784.116535509876
340.69170823076274	17739.11350662885	7778.9367349993745
1710.2457316767554	16532.481272471672	8143.630365484701
1159.0399694179048	15131.890050530943	7804.75863402234
1328.164533718902	17412.032633122617	8066.30778306705
1076.0008048345048	17157.728304899894	8197.718571476613
1106.1895085897418	16467.036914089676	8574.865844105332
970.6429867637261	15290.951286857558	7516.6323453623645
1935.5183625100328	18320.175659223678	7948.443706598706
1039.2365689549185	16074.956313613575	7729.82044099228
2178.829576037514	15494.28741551631	8215.914202326896
1145.3173293003135	18083.810956551173	7190.98653381004
1487.0682947200792	17170.563536009206	7840.3615873715635
553.4749667800426	18000.05454773993	8015.561552079641
1658.905825518353	14529.238880787254	8124.064204272957
1016.4308495638628	16525.146594672282	8127.00215673049
2814.870381554494	15699.04044686404	8532.255634946323
772.561632668651	17696.402598135017	7630.4233426876235
375.1481789529974	15853.775134754549	8430.927621028979
1038.3146876399446	14893.856660081083	8808.082610099322
1613.6554749932882	19145.388225266564	7928.06292528344
2229.4908613466373	16739.86114611438	8061.040830173558
1190.8935723757074	17746.736525405548	7694.768038401879
1433.7291385813262	15593.002402456154	8332.648062323828
1048.5968691194162	15544.743113179933	8256.497744082772
733.0683270690259	17961.142657902546	7672.129979195921
1145.107723243713	17413.95674191422	7350.300541593252
1965.4230231791378	16950.132532185376	7800.8132582962035
2075.413690235035	13094.681450821769	8013.433104186288
1058.6174345289958	18670.19660139885	7608.356899999627
1511.4794649214734	16670.143702493726	8252.97169034876
2057.012839819456	14844.240390911353	8468.925531453951
1628.1843012346249	17534.444188554535	8396.32116765486
886.4365272741084	16550.263303459713	8338.141426954542
2035.5488610829905	18136.266818552336	8030.074634401568
1849.1600518266603	15901.102057253964	8089.089496855103
1358.129772960233	18737.162104736817	8019.847106110845
2715.4647648306454	16315.128515209375	7618.024512913392
2117.414471746834	17143.360150735396	8032.677307144103
297.969137576182	15280.462044125996	7759.524899544128
1611.3128942294866	16437.905811000874	7265.7610529010335
1458.508106341929	16258.232979207603	7976.123812931912
1615.4873392450434	16298.267779198117	8438.502033564564
958.7971022144982	15899.049083874193	7477.94094243175
998.0146687431799	14465.892519345454	7832.426607499194
1518.647460286325	18009.660633835018	8122.897880723897
538.4903606150808	18359.52396763407	7625.301446244601
516.3499795254138	15815.45281257409	7759.447143159447
1450.1566182963354	16761.208828807004	8222.103086949244
1760.917440874219	14612.236784685114	8186.490882620925
92.11305380679144	15939.669360298221	7992.064185585951
1633.3457497439401	18306.290426291882	7954.36238491961
1421.5027088611537	16469.71615989302	8030.539667436764
1568.1987279342754	17094.947614206383	7856.2630378116655
2016.9162667335183	16371.11153767319	7833.465935255917
1562.3219177029575	16689.63157411164	7291.41040004152
566.539968022543	16208.569361725278	7781.423010336475
2313.360466430994	16688.925180667906	7788.986173328427
1614.6527515799235	18122.739942992936	8344.630067310845
146.0063315850545	15518.891036814026	8076.8109795241135
1097.1795014293798	17310.945349099242	7966.655842036266
1623.7937646783357	15839.888506840081	8127.517951080501
1545.6612615928254	16693.579050470744	8321.944629472731
1895.1036324477027	16804.338655873595	7757.974627214992
190.7504935910813	16677.78139408134	7987.55558241284
463.01807623757	18763.517563686117	7842.942117304791
1146.238279886468	16885.959631891037	8141.730988670661
1642.8896691892364	15510.431716575935	7714.1861067200725
508.98472484045834	16396.265735060395	7718.822948293503
737.6051339867821	17209.06583161106	8468.513040436015
1064.1752736510389	14960.254261183676	7827.260150996467
219.7153022233951	16905.573094540454	7987.231035865065
1573.0655979294063	16816.452691129216	8056.712577642714
2599.411115903276	14133.71967174883	8310.176852107665
2009.7537179778735	16708.26297512225	8029.179489931153
2235.0406167268206	17044.840844347123	7723.18317241276
306.49048619757036	16998.720659706458	7952.222854719434
2704.526061625882	15621.677916414928	8134.478796851417
858.1443851078726	17190.107733133817	7135.562581351825
471.86650810528397	15895.926672986803	8414.585198493805
1760.2818784100068	16231.220250476808	7929.149338531394
729.0585981428103	16914.269041000178	7955.870466447515
1320.743402240065	15293.944665469897	8187.070570629295
2036.9803159272562	16399.861678419642	7710.960546907739
118.62387811800785	16431.17489450016	7783.869986882557
1484.2859118953431	15251.1656079251	8291.344650500525
565.3128865400175	19489.120664060232	7644.499798547368
1821.2208747075556	16811.06584127489	8054.958512847628
1398.6755082565057	16041.161802927623	8071.498540336488
228.88422482325066	17292.740652958808	8210.774796201327
2299.740299894689	18453.99169398367	7543.401496833133
1078.1696113117457	18902.186512824588	7181.570013879365
1333.8343295966206	16107.019858289406	8355.352436944178
780.8262121382908	16936.731717462804	8051.59204567241
1485.4945292127377	17728.661625813573	7204.145195336628
1991.435931673961	16213.88152098213	8465.135980778494
3074.9472061686697	17255.504120118687	8004.681438614779
1366.445307975388	16032.58365237952	8190.85757718326
817.7668854679246	18435.5018573905	7766.061954624581
2291.8024100102903	15079.91580410712	8196.02468102234
1309.4785205389103	17008.303887466485	7764.315238319209
1945.637165787641	16101.717309949163	7891.362416470402
2198.9793327853195	15701.552303206954	7888.517264085016
938.9230512936047	17346.14304466372	8013.527929324396
2221.7772214869074	18801.202669080794	7610.106322621751
1233.327917535341	16566.806520490787	7718.940005830803
561.9948963536824	16540.800559173305	8251.621050863545
1195.6205290460691	16813.969894649534	7691.965818474998
2091.6208803786208	18150.734462396704	8347.469869770019
1202.2202019232357	17007.27876093479	7928.046811708946
13.254438234683318	19171.87491141656	7875.013574268057
1755.459176099258	15885.505472318719	7977.4967783084185
2355.644197460301	16251.00121127634	7972.2074667921415
1955.790797729864	16814.426332305466	7732.857094666291
905.0576880282813	16507.020151817163	7995.2240478873355
2165.0937276475233	16888.195302609154	7730.157977410975
1328.2455975447401	15887.278577637082	7604.327861550505
1811.7212569052658	16943.642132180856	7807.000671109241
1341.505052424355	17642.369537040082	8302.679942267188
259.34469619344185	16791.019219348822	8343.47985925806
2425.881252145344	18226.57513535286	7962.54969406566
584.227801504196	16401.86014899011	7813.406504961136
2346.029709393113	17240.947836298692	7649.848134917189
1675.4698096409666	17204.651426998465	8197.420338024727
1207.2382939102627	16527.325843660918	8051.260718451427
1118.3418696627418	16829.068179275844	7562.180826727834
2441.6260877371187	16148.054826752132	8112.379098447701
1985.9801342444684	17746.587203002997	8667.249776104863
798.2088258814181	17501.33570286386	7413.954699950319
1306.5293019165551	17034.986109493886	7368.2496381095825
1816.1632799650818	16210.18157459063	7739.992054937537
2892.8363650750566	16342.668975903758	8301.607611624235
1653.4438341788139	15761.217190991332	8280.088922167248
1609.378542170725	17459.61812811717	7672.461229826515
-329.83344767910194	16954.908021814394	7933.588438212448
1477.0942542075804	14772.503831125101	8150.523905806359
-313.8376177482256	16710.988003705017	7972.092614908002
173.94718611932754	16884.796452335053	8053.423893817463
1180.3622753892446	17792.729071772927	7678.413949970005
2354.7859548952165	16735.44375622556	7871.62716666738
2230.870183069632	15352.701256392427	7903.032624457344
2111.0272111904237	15911.177063470795	7412.593702710874
1191.109917066089	16478.560338636496	7670.518607216773
2248.5304447410695	16279.176931313094	8125.213955075775
2732.084338860109	16630.858981614587	7895.574493059908
2476.9301183453153	15826.42195459543	7547.291885906757
428.57474318792185	17343.927644664578	8368.25504798113
772.6619113738952	16788.7938321507	7549.929073568696
1352.8176415104201	15943.656531256986	7950.7563210409635
1434.1062401571273	14616.860431303214	8281.291132060416
2936.205279072388	16371.491508994955	7676.212431591911
1183.1651500947582	15429.78760594504	8408.374403793978
2382.3295940631688	18471.481781158884	7951.819117120968
108.9141913515173	17958.18048178444	7884.31657536183
1121.4810367589919	17954.99817606309	7532.31729614368
1813.0493955408988	16096.262738588815	7649.800315673413
563.2491008226632	16214.104797805952	7949.258881705457
2199.6926884271184	14349.11725096887	8776.553665577709
1086.3174730723915	17091.442611840088	7962.856700564052
1043.6695873426893	17138.060369425035	7875.280013337335
442.94067907831004	17674.792859728906	7846.572631208526
1995.1118025057913	17198.367514995192	7901.205324262998
889.8468175649064	16181.211266184237	7848.167116393668
1344.3960135309983	18378.59912227721	7634.80300034551
-306.2781488335204	16069.096004172805	7661.281532186693
1441.7653556720797	14427.86531408175	7901.544317943821
2115.5374591867017	16091.373341622038	8172.749162375326
1970.458287329084	16715.857952840885	8183.79565342693
2010.8187398899497	17204.21816560653	7841.711164858735
971.2189394430486	17528.055060560924	7388.007366151275
2367.649880743671	16015.055185589275	7973.047908817413
1133.7452884219138	17084.462817917363	8051.912421396123
722.0480955207372	17059.91665344033	7816.131532524379
895.9305641782166	15787.49364830407	8062.182010741429
730.0170331459391	16351.611243868643	7737.96976974593
1353.487348230279	15034.055896785523	8166.150572683197
1439.700566307454	19547.96703081001	8079.997353378964
1214.2466020612308	17215.267622710482	7816.65248777854
666.9153990388105	15346.444183652355	7485.869619591845
282.78831001397515	17483.468003983242	7973.937636207881
274.3832256723004	16485.319560919408	7595.218656618713
1526.1076648181825	17780.416653108223	7542.669283478316
1617.3520300807318	15439.5080834795	8060.355094468334
346.5266536271811	16223.445073611969	7519.926800833949
1185.8872607514413	19795.71357910234	7746.351752442367
2407.754529741396	17103.439572017287	7767.888069314868
322.74627875764406	18698.64882418746	8361.734162789355
1543.9342778329026	16963.65850800031	7921.702028003994
1462.4740494875834	15554.225169740046	8468.459251470995
2306.606660839177	17431.761678347924	7955.9754191189
2203.189228449088	15493.80680107384	8081.164150468478
701.3065406935588	17300.24793181889	7266.246180518816
924.4734419941958	16268.691550031699	7906.741979928003
2900.432312929267	16793.340860551427	7444.434431954281
1814.9397555099642	17598.171374760135	7872.044731788533
2714.449108958171	15138.559733024244	8231.252244529433
1096.8579034226575	16575.86680098635	8186.891350050623
1079.0980583226442	18083.37021826067	7910.781622426479
-37.123244298045776	16822.43029145398	7502.627184957154
834.2349056086746	16027.316654584487	7819.822834508279
2048.5285872150994	14829.514259771147	8189.471346869573
1878.0006635125828	18465.073424845024	8309.960660175459
1426.8407632497403	16663.364252949	7747.609910702212
1647.0138265191429	15807.873508645594	7751.049749411686
561.8213430201346	19013.86508193837	6967.343502685863
1954.680496878892	18624.97708960115	7858.045562946292
2115.901007783588	17957.792990130514	8039.518694410855
1018.8852313609469	16440.39748936481	7555.278109595006
1417.0220614581822	16231.458917027376	7931.834425811105
2834.6591364593564	15302.957261256173	7922.93345010347
1119.4166948885356	16571.474805985195	8478.37740700966
1133.5727096021374	18277.57518675562	7355.382211857918
1096.7049851649285	15259.804485605475	7361.341562710662
-104.71414583825084	16074.476168850973	7961.3327510162635
1456.006349331364	15444.162269430204	7874.484921274896
785.0162172415544	16321.096652106735	8272.912590269349
1403.661340644457	17001.680577513274	7769.931490236417
1892.1646341189853	16570.18511486291	8316.543847288925
705.1821366335604	15654.476335894862	8159.34884778051
591.4520790479551	17261.401402003616	7724.501833010528
1514.6917955723889	15497.48217352005	7813.195951273846
2750.0419780969332	15217.206670215402	8493.761403043512
456.9558247294861	16111.238631949214	7795.69987638804
2069.2096837697095	17399.258803130586	8055.7983456386555
65.25305857413642	16117.59862498766	7992.571946192339
252.59369860561603	16633.627671616316	8076.1588308785895
1425.5479953459962	16030.437784115395	7974.918781811716
1589.3362202420792	17546.21300803542	8210.554630400464
2108.0846974348806	16502.021368696856	7035.300980554256
1184.971363269529	18548.004398533278	8087.737236153969
1587.9798043976523	15957.584905871252	7683.128272882273
1354.0207639085008	16220.756383965594	7896.9271528322915
2329.222428741019	16087.170371892978	8036.877438991989
2078.3048924189447	17644.942430528336	7631.676745810093
1182.9802855536454	16196.769874395854	7798.623618935898
2393.054261238983	18345.69751366717	7958.317623970185
864.4420658409688	16148.874955831812	7940.299076764264
1396.5564196580403	16669.371918385965	8031.711019107902
3270.164751148672	16905.957692031225	7805.644508151298
1129.3020220354397	17325.859652446263	8160.5234933992715
-276.3098437662732	17013.964239618323	7639.339087135718
2577.8019440274115	16643.76537683692	7702.47289963017
16.932487726567185	17785.188649633066	8270.953951179314
683.1334304785568	15673.935723062461	7863.746031169322
807.3061969967799	19090.548877757494	6878.560046921578
2280.6805485218697	19971.957898740293	7403.082612663231
1005.9665325208098	16816.7017335131	7580.0961233452335
858.4405013608629	15987.147345306961	8138.599679652269
1434.219890153087	19193.133977876216	7852.175900688999
755.3618632994308	16672.526208545605	8211.656905827293
-59.3354231434763	16404.85904640048	8164.596204640412
688.3766173754047	16365.252257063246	8151.381740752211
925.1939709699371	16882.027597311975	7551.251223786557
-295.079995543532	18140.314657841795	7907.626638978226
1332.3907960064203	16884.1925305042	7905.748907403083
595.1985778555711	17891.842854611532	8000.896280371586
517.4937131025841	16841.204463733757	8227.718426824722
281.911883673319	16490.364832453986	7751.090126907386
950.8873705351484	21122.467641341616	5732.305682874688
1684.3644389035974	17388.107196494806	8242.653279513865
1453.7716199004299	17841.470990053327	7895.711831369867
2104.581609353248	17231.01990933031	8002.275393189491
344.4031823204765	17038.794457731256	7912.619452712865
253.04692983609337	17736.796043536448	7766.3470085486
1822.2145717608225	18214.573133061363	7757.843818051449
1348.5678046338983	15630.319610417322	7322.018817762509
813.6369570816161	18565.583589521902	8061.403067539102
2131.5900475156795	14306.036250723393	8029.6018000650165
965.2930814360795	16675.680254497947	8462.68903095244
1260.247021831117	16006.090369311296	7160.963215014409
867.6153260320873	16240.856722225712	7438.543214901759
1091.905229574283	16544.677122389472	7840.322944130761
1448.1192166216042	18209.028548837334	7399.343325939902
844.8389290091746	17902.82669939756	7808.593996891893
2526.034750093171	16379.080383568875	7403.891430950978
1577.8161815521673	18090.935485676448	7934.466462848058
1763.4049084359647	16337.810406588116	8543.523296342531
922.9490197351021	15713.021149792763	8209.528566245768
451.10448191911604	17222.880385951546	8437.098457767332
1427.9994540431828	18095.624018534527	8341.064958587669
1166.5186556194794	17777.035966208852	7225.268707272802
2764.1762960409983	17197.675094429796	7738.223829571452
1306.4354481967007	17256.918433005405	8167.691753932575
1593.076782867039	16376.260427029096	7794.462012993751
1829.9406595758176	14097.828902553365	8272.768352972127
561.9084465535941	15170.561846271656	8595.390999926703
2209.2598599894723	16123.439240480942	7724.1955306558875
562.7327923842339	16357.611994596795	7836.7872237586835
230.61974235441357	16932.77270172106	7691.245510862084
2333.846400700172	17010.146386237884	8638.233064351964
2335.2387293115476	16143.706830297073	8091.082786198129
919.2218622523419	17404.673150705043	7922.392148144952
319.15455165009655	17450.93723894841	8081.671321973347
1192.3169605204962	16144.726992406897	8135.744626145
1147.9112127814358	18277.695312389624	8249.535328145175
1185.2515618242685	19228.24798355956	7441.011913391799
1385.2612871132164	17389.378457653518	8053.153959493581
1932.8672275661886	16587.829215275073	8175.417980456029
1547.8734007536461	15448.577160121024	7596.341299053243
1274.7148092214209	14819.479650232803	7774.29264470301
2227.812624751976	17077.387491088422	8415.607348125717
2275.9081343313983	18829.58225820498	7879.649172893825
1561.4123963633788	13157.752687647428	8125.6472022301705
1833.915911262305	18418.4098096302	7586.774762494966
1809.6203056773845	16542.992214416077	8068.389738626694
2351.0800603504977	15020.689672907014	7634.231058145996
1254.0203229850056	18300.291918301842	7918.342383966956
1836.3649476496148	16605.88952720063	7769.749713967842
554.4314884912964	16625.308684551273	8403.687226631773
945.5066086036738	16792.07129751738	7846.076332546019
567.4248810014567	19005.893768354807	7773.748902111223
1592.8728109387605	15295.189776991625	8170.717610615851
1009.462720946572	16926.86648251521	7669.183172529481
1821.6518310256602	17926.549709300816	8356.167168083826
1686.2386941862253	15982.702769993994	8095.32602051994
552.0252285914623	18167.464982514335	7760.8565448233
2605.9973338606083	15459.47859709112	7931.304286297462
849.1225387151637	16307.151100801826	8492.275297760363
1913.7811129046681	15055.246809340799	8066.78689555168
3280.7523267991314	17362.73807793472	7920.026026887688
2226.3490813341023	14701.135779203289	8193.306700789504
335.2272940493605	18046.297571452476	7854.2690917227965
1290.233536094643	15885.645647559013	7408.3844327258
141.99402770030338	15150.087134558524	7884.418234462283
1013.6904481182459	20484.374564927406	5403.929772674003
860.8649235921522	16571.933172564506	7730.020374690225
1735.9193816948437	17888.538943483683	8312.141852980312
875.7306585106979	17665.92872780574	7751.008024184076
922.8669635409024	19647.79028942465	5596.413582121794
2856.744731479877	14119.439596570437	8294.911876129416
2359.1934268085506	16684.037645657747	8432.447436627113
1258.379937676023	17349.992363361554	8080.526819504946
244.80402012778342	17566.62812205949	7947.1976031932845
-36.230238401770976	16456.32679967616	7555.09771862946
931.3504897656389	16572.427403672773	8219.339719423726
77.55502856599165	18208.095489361727	7631.626797237098
375.4349172875564	18644.079368596096	7395.199234065133
-105.63435485777543	18077.435616866245	8185.045336668433
956.6455825041097	15884.996493018056	7682.581098682238
1406.5900970084208	17119.29169691647	8095.938507061016
487.0560876181263	17193.586752368657	7770.718696325177
1658.9950624979438	17217.698081780603	7859.249921638833
823.7962390953339	17257.526325364015	7872.974014038369
1903.4007520766286	15513.755641863414	7704.538192717205
730.7174986134437	16581.5447639321	7963.578465292325
1466.9324178222696	16792.493301283033	7611.147091422421
2375.817289923292	17352.11198061763	8204.533589598435
2514.3232955336307	18268.585603769916	7532.694613996963
1443.160374723395	16493.97047050972	8075.251933239282
1019.6106287945321	16199.220901422692	8381.192815901784
1015.1099548298708	18497.696161031312	7718.785475095857
1718.3622210937126	17300.68785944417	8262.743816575046
2070.35116833371	17069.843659306287	8116.336177792902
1679.7614590078604	15886.264793369408	7948.420746459963
690.4125990474015	16520.649743460563	8067.019089105261
1793.3767364676823	16093.145355587447	7948.989976651695
1151.2567883379897	17969.46385524097	7969.20980599632
1345.7858146817036	17055.714094293577	7777.532333388935
2681.2923045893644	15121.859339918772	8141.105147682706
653.5235707562683	16078.000501869381	8082.654224938214
1870.666380075067	16312.516376930294	7579.463503760465
1171.06528480131	18015.50783033312	7981.1682338422
1206.4117635161888	17068.855798978027	7942.167780729487
1396.1848463548808	15688.635382267692	8174.5568968580765
1050.3037703946582	16990.272891134955	7877.406110258363
612.0565079137639	16183.357275273496	8465.756823120219
834.4889160685003	17751.889754789074	7491.864186805419
2125.483322347308	16630.608070861497	8549.296287350497
1456.8233678765657	15769.739315977911	7866.466080506544
1753.1210125010964	15076.76279624765	7834.624706964327
1037.9554212104074	18278.289160451368	8014.347012430656
1214.619372732392	17075.561572439634	8430.019423229789
2983.2264076603255	14828.174690460852	7661.420748583376
2098.1275668223266	15965.428621572952	8298.942802097135
2325.2381268729014	17175.41401228164	8344.20387442976
1215.384263801292	16147.940320506066	7500.144220708974
1772.51247645981	18301.535041195148	7344.647244501522
1863.771913722524	13028.89847407123	8328.195137239209
-53.314828996161516	19257.545032851114	7524.612507212541
3683.3864626250247	13976.03898334966	8486.050940012261
605.9164347696342	16423.546104898276	7670.841280764003
1163.314554151971	15277.888763181058	7870.703550886481
561.1935523195351	15131.139270192236	7953.790485426324
2424.7191305086935	16694.260731811097	7971.053368179051
1565.25751438052	17793.63439732446	7638.533342179413
1087.1110999804202	17896.80374049049	7657.797454996168
1041.4192090915913	17152.249869021252	8154.200376959272
440.5056170025788	16284.440790490586	8082.812498642711
689.7011696027837	16647.470320162734	8039.795318839312
2271.8935544960955	16454.09329205141	7438.544885533458
1188.2825228352128	15635.749914245689	8141.080683424015
977.7177933775995	16852.78757234916	7713.796092291104
1418.6038596675153	17908.61549579899	8221.551790848216
1539.6048305307618	13195.51225495702	7746.3665739540365
2705.7578938187667	16183.6435076323	8066.924172357401
1019.0263285024186	18297.897848482422	8413.663613578614
2464.7953551966916	17949.20669306254	7870.6761098910065
904.1368649904681	16141.491259520197	7876.258060807278
1958.37375840213	13861.527383143499	7969.042237449182
1729.9326846940776	17851.6954219259	8180.64245527459
543.1538362861019	17200.64048174278	8060.784131168206
1991.9205090806724	15649.658950220744	7924.673500454417
2731.4386425346456	15336.875715297572	7955.4070076722155
1878.665774862493	16729.81590104649	8132.549171121436
935.2229199851377	16036.089748696293	8005.452539292636
2070.6985235021707	16065.942646694277	7869.8817980832655
1632.266265551814	17009.667228036273	8449.207899094108
1260.3264556045224	16443.05278049199	7925.252456929075
1502.5256264739219	16636.16616411751	7820.16811044522
1977.0805159816914	18123.35587253584	8274.498535662638
1418.6042140115405	16925.927233636514	8224.339263551194
2682.7518442626547	16546.04716453269	7743.917380571276
408.6536362989827	15808.006584230654	8164.3805059789
1668.2960663660326	15394.044274739616	8097.564058741342
1646.3697683237378	16327.144000800225	7920.348418307934
1318.3973990820257	19111.220368975177	6703.535492104393
478.17229046313486	15348.743841200467	8227.800205335523
2021.9591896830223	15342.923729194503	7972.33612350135
592.6510761131174	16803.16044919132	8068.693210546869
1830.7905173200143	15628.348427796738	7905.679381152131
1024.5618664769934	14242.837162459675	7933.189384188447
441.83383068649084	17989.329966236473	7718.23689963742
1100.24549927695	16533.6789893738	8084.250490043986
1450.5519265924581	17172.835100565313	8048.30745725214
1057.6586278794127	14802.014088569167	7761.7110415543675
513.0593329083757	14020.251794660531	7435.41378682366
2458.335543228771	15777.166957329377	8034.050644784662
153.067956148096	16049.741915428394	8297.910978408005
739.7342399641963	17641.587404429618	8072.71412138318
1477.396339343404	16861.957613330593	7857.2766337596995
1417.8843302937505	15255.001913295004	8063.616402625387
2079.6640675163226	15757.909254876318	8057.4388307411655
1194.1515647019733	16881.308985934913	7522.984138996139
437.2666755897364	17754.30351621972	7959.044401476721
309.3739080824281	19680.015184537464	8043.650962922999
1891.1682800109327	16535.500563285157	8052.407575986492
937.6698457589023	15176.99170981046	8189.355245558707
1747.027771063312	18459.3914377999	7576.018310968916
1362.0419337322435	16209.221311411759	7981.476729813844
2403.0765229976887	17030.383157605957	7816.827752069375
1075.989457334383	16493.141236471558	7920.5301271476355
1405.2469052324514	15039.886583098481	8014.902377743092
9.174207314834765	18959.304009702548	7675.717909452101
1824.6309440518883	15507.479757979174	8567.359748090836
3423.679127723491	15496.452734353772	8031.087620523254
1001.5567262278444	17319.13485807425	8248.376578298936
1339.1214216423568	16520.924533539022	8116.92028346594
1359.682741076542	15735.086123019892	7646.2824811225155
1397.7966017104227	18494.480912587904	6867.179529406144
684.707691091858	15638.434361209886	7546.595795324851
1382.0231616417807	18421.294735634187	8088.895128128033
2154.029738800509	17158.292939967894	8067.724759806502
1916.114237637415	14522.91748550478	7948.923370817978
756.8744663713888	18234.841437067145	7835.466072595659
1465.78044691486	16391.761362442896	7924.516622963938
2328.2820399938496	16589.952844342126	7687.006750435212
1161.7471301329022	16501.881692746687	8293.276344987606
1116.2021141135622	15141.857223934767	8178.59666519093
1749.3559652462804	17031.092279613076	7939.062490965855
1534.1003852019396	16815.748933358893	8214.076675480226
1085.4457266936624	18117.563815554735	7864.914072409709
491.3416133052689	16878.842987412445	7849.025776489043
1947.2843433351507	15462.64139677888	8235.819571817388
2013.1428131009006	17978.1295607706	8327.999439335987
1152.690411018958	17002.56914907167	7998.292459637302
784.5267178074362	16256.972048056334	7941.387102912219
14.361846643140478	15812.34744581462	8193.318135921892
550.6392399431553	16865.075310374483	8169.610857168707
790.0147009749552	16471.2123409984	8402.338270940512
396.16554287667776	16541.44884091402	7985.345896978036
2064.0583978608147	16103.196101620682	8168.542021732326
2087.8829705527087	19117.3333110555	8017.642690164692
1613.2107257984958	15113.246952542868	8059.997209538859
1605.6107333404495	15274.76647799058	8001.735578507862
636.094349125587	15157.447674414201	7991.194837360481
356.6150258432637	15869.666835888864	8046.779433835042
1107.0421389494218	15779.796887437631	7662.736111388635
748.2069114186436	16570.04717359346	8107.7296878320185
448.93800385466716	15993.469552052593	8206.421265800867
2076.9647980415275	16441.334477350345	8164.967325582996
2701.7041800297357	15902.363257303738	7511.76121444459
1429.6534416185066	15775.767451298721	8335.19303315021
3053.392297241505	16184.998807892984	8255.864696549468
680.8058873903873	15518.455181504694	8420.692817012978
1627.0685488116515	17001.71893922926	8311.998770089349
1713.1863959012367	16471.177822174453	7767.6783356501055
1266.7591145318872	17427.543067611132	7864.032724030151
857.3838022280797	15570.649422945593	8021.32945930566
2469.3022815700533	18295.796264289856	7882.115258309745
1285.8634582571024	18658.504899493433	7643.218159956811
2058.383431248077	17154.759466607313	7454.714862110697
1197.9229643274273	16838.902501996436	8011.919893417335
436.221534513117	18607.882910083412	7900.939340372385
1077.7991619243276	16688.654496512536	8184.148334999875
2008.0746541332444	15638.591030294538	8120.503199388644
1073.9686123075335	19025.418761673336	7530.451197212989
1213.9683803333494	16148.719352943192	7957.520132272768
867.5116704355702	15482.21781911722	7526.147937600999
149.39969749988498	17271.89968672836	7586.451277975863
849.8115086740941	16931.53580243492	7951.902140249426
2568.7390455341265	17457.22833743845	7537.33525477362
810.4721115952003	16784.39064772201	8226.25651532276
2679.672445238471	14779.350960703108	5889.460048899519
2077.0251532132716	15500.166806735013	7730.4393524468305
2357.3098172971036	14809.53817925315	8229.894690750987
1891.8093778042162	16143.70770344325	8147.648061827973
1015.1551272161398	18406.714732507324	8419.37487948799
271.4560947004419	15475.848966807216	7711.245390746243
747.8222711311107	15362.896625654726	8212.99349002266
1641.3874619144729	16554.735691125927	7872.6007479051505
2704.9655001733263	15641.437459326438	8213.88945386067
429.8667445963578	18580.837485596414	8306.119801529267
1719.642513162981	15835.663341702677	8003.746204294077
1445.7541653931535	16047.656394666816	8026.2138498909635
1272.487217168724	15317.445269427633	8272.565514402526
481.3352791270569	17991.48273687542	7864.877335143886
8835.730099375696	5834.093521665785	5217.415169176126
1925.2978471277534	15992.031048383858	7727.474225798669
1720.078408149556	17321.258852360446	7797.951533648094
466.9192729552175	18782.53367798373	8117.050103153962
1138.7995028274254	17567.736807368943	7747.8633514694
393.0389379120078	15738.564531288761	8061.517317793332
-12.591945923997322	18052.780633104205	7818.682101396507
915.1425051362227	17000.13220697433	8056.107017772774
951.5396954263996	18085.315352575304	7601.178214114914
436.28684911961204	18366.082911198402	7932.418235152621
909.9639019309363	16029.370480472864	8065.739891107477
2091.2538674225166	17016.51483117443	7773.975963794487
1098.7202488438622	17904.41820406491	7912.236650293561
419.07187156142226	16772.176082201862	7819.2260205264265
1218.0594777131512	16257.118789699043	7942.323567733003
1482.7986057068151	15910.668560647811	8253.776681454137
267.4460943171677	16565.979795212923	8317.377014984273
1305.6988788931121	15690.3041942412	8253.352656210789
2933.9178663625253	14504.92841938245	7489.343786158016
647.8150693478485	15163.074961982871	8084.9139223419015
2267.6050696384627	16584.94509166573	8019.476639454765
778.241952923553	15758.648805364503	8156.1388152599475
1580.4807510549335	15000.310667132451	8595.06531729269
395.6920899558079	16490.955425675525	7828.882921343977
1174.4049990669196	16670.025750854074	7774.277997333824
572.1939176139693	16015.892133958183	7629.140971590523
252.73833964136637	15475.515955971576	8240.264945584599
1681.048748685852	16683.813333231137	8381.79479574532
927.8969022425596	17691.28192888532	8156.309579443801
1438.6252387515106	16248.854637921682	7866.03408879134
1354.3022560832678	17834.993308176847	8134.2617100406
2808.189719939566	15477.000126679533	7942.61897900393
218.6163848216711	16465.972840430142	8194.791462265997
36.00236213444158	19000.699715373445	8248.15610623905
897.8756169754903	16666.402217432973	8230.315381799019
-1008.7416624525825	16659.33517658816	7985.917494801602
1457.256752851729	17644.135534081615	7803.600410707299
1738.315518616867	17731.498527518084	7793.574458212723
1903.0058508408465	17710.850237402577	7709.143200150852
2365.015966057575	17081.42807435021	8201.88946472444
1626.884341861362	16314.863807618976	8213.169561829502
1390.3483272693375	17482.478555151352	7690.818298974122
1635.6107695427927	17981.366725225416	7945.3071340749375
1136.750917290775	16751.839977679938	7756.71018604224
1470.5048825214117	17123.626360801318	7547.632617822708
1227.1148587741857	16209.017730933505	8431.96657027271
1333.119669085583	16784.20940436119	8233.797542172015
1393.7754468021965	17261.820710409906	7840.442252677887
478.7804755746351	17129.08408911668	7712.506833336137
-59.05683145273794	15828.760745527909	8272.804519665007
785.2704382299322	15502.916506355989	7959.86627518314
1815.4125246034112	15262.873077138962	8384.037927460506
1349.3151663134156	15401.311184116084	8327.630328737903
1110.4886705953213	15704.706755039175	7980.966730149517
2025.6870024871826	15287.685078216053	7797.401301233476
1014.8584054256002	17386.447762629618	8032.808695430128
700.2641809777763	17728.005978746416	8247.284315826317
1879.2181912821131	15301.438682725857	7761.828813256956
657.123754133435	15453.41103090682	7970.574375227374
182.46288031961922	16931.151010623966	7826.095359704606
1260.0446589000903	18932.517769891263	8005.448226943753
1496.3222192637525	14473.289641221023	7986.797265103465
3623.364464247333	16934.7590192521	7815.1267279496615
1902.737836654202	17683.243589820493	8299.996888933845
395.6063752409151	16513.632809857765	7974.582224991991
618.5410292779904	14917.638462592418	8107.424660774538
839.175827484205	17494.712202727744	8207.122729069242
1571.6037006478568	16936.33920387775	7497.771690722663
1119.608069484744	15558.140877596285	7527.961222534871
824.0453364474794	18274.148019744065	7833.4100477539305
975.2616997403654	18835.492250198105	7612.3939084360745
709.840632490753	17795.239005017713	8057.231777830968
1429.8317644188076	15988.941607228826	7959.763813338019
1843.4088313786503	17702.036461866544	8308.32164391854
160.398035048924	14949.411712437743	8009.4789144695205
1134.0720790838718	16076.358592114771	8093.155431790781
600.6099174488776	17267.499264966693	7630.239315196504
1309.641402437566	17648.48952396424	8009.119415892964
1984.7723982480718	18871.831521899338	7785.337659623043
2686.286452845319	16638.998930536138	7877.582313161552
825.3143576215979	16622.48847993044	7730.990220151452
2490.164631888332	16095.83735936273	8407.062613266402
-50.28475821792336	16450.23432667777	7907.906016074074
1161.5772713199003	16153.015840766418	8045.265059986138
1433.6020814341387	15307.191855789735	8146.5194765764145
2740.758611960882	14829.046706541287	8217.57559705456
2047.4869650527467	17548.48313859693	7739.397453214697
1286.7124073649618	17642.63500091901	7464.954241313989
798.285508028002	14964.737670596784	8540.358663507272
1957.7628957570003	17872.066138480113	7911.545570491508
655.9081139469735	14782.454930152813	8507.367869461832
1936.0136677825617	17625.78126213736	8101.895574118477
2172.268676434015	14348.114926583843	8247.059716380592
1377.404570254484	18077.42223054558	7776.938671638301
1418.1844221222414	16987.455228790022	8278.632013410923
2110.752259877965	17093.950773287463	7232.678933727155
1027.2744426568418	19263.235888356918	7671.210210971519
765.4135239390042	18096.817202611317	8466.292674691524
1206.5479235973082	15971.28575732727	7542.609177429124
1384.5477674870979	17790.91295112802	7225.20602897167
1607.1001156242146	16438.899224488603	8002.781591537831
995.1166539965335	17325.34590912177	7818.2774807948435
2810.2684307807313	17622.474832638483	7989.044019495527
769.0584372592189	18996.94218369091	7696.933693014689
1038.308921354791	17735.657412349	7304.04157907204
998.4198463076334	16083.263649800461	8164.597922096261
1171.7051696859976	16681.099280230053	7590.936887372403
2228.013733044316	15277.550407157227	8401.231200926135
1480.6848901514281	19196.96512599799	7758.357424013513
2187.603486290408	17484.153057211206	7817.37184367572
1222.5169130200102	15991.061262008181	7710.681187869343
2084.0728952668032	15616.362770988993	8190.841944747241
1443.218400910392	17790.982241860467	7615.631022534321
1405.1726718758282	17068.706650894947	7989.001747195011
1260.5802702849421	16759.754923854645	8399.287655578897
2478.526169219075	16753.3155750565	8010.990819573783
1050.8796217650531	16496.48409566478	8230.190683255529
1939.5719871290153	21049.659170928924	7676.089035177771
3061.2366908561485	16962.89643666718	7571.421370678615
-39.445106491164424	17839.33943734553	7100.524444622481
2445.845580162937	16219.385511758834	8478.999513684272
2249.5666998639895	15520.040628167306	7799.2744535784705
600.1008832114421	16949.555182164637	7753.830664411641
1813.0324708266894	16828.665488066417	8145.217118376053
1389.9423486084306	18398.5054005665	7477.173860195857
-280.20770661181683	17290.157366349016	7778.950142826368
1913.150606441615	14773.078395962322	8479.683923884182
1419.1417963428876	16323.165846325377	8109.55501711234
1159.455414941852	15566.185369185603	7777.612010727008
1617.8051970113231	16934.70502243587	7972.255222822296
1742.7999738426504	14797.987279015755	8513.434210852554
1764.9131106869788	16991.85031204419	7694.513050579696
1345.5063090884619	14951.175462889492	7500.6935030628
1752.6194333402254	17366.52039790203	7946.1310597664915
2044.8171131699764	14736.440626339134	8274.2412274476
639.0572005900268	16282.71217797002	7829.943273123508
1621.7784314663224	16346.25262699831	8188.2959120732685
1427.787551149837	17107.799872196112	7627.872005440792
580.392069539196	19173.815451890925	8029.9822842951335
1009.8023372099074	16928.837700558557	7787.298600458644
1650.9516247682843	15494.466816052818	8271.215283696003
20.904354467592693	17349.618003554664	7770.615852541234
2887.25795790179	16573.67660749825	7952.32031799551
1544.4408579118863	16251.687749999159	7984.172478912062
1365.4022575843594	18018.484581568864	7934.113310187937
1835.525001858345	17087.336043353454	7652.904480047563
1204.3694139610773	17552.727116676226	8524.066616866032
875.1822724335966	15349.828240101444	7748.598040090183
1107.7679920918392	15505.127977625714	8047.413878513814
2427.3198889342752	16072.676543690306	8187.725436645773
845.0000303636168	17531.2788776157	8141.6916879747005
1496.1170683744438	14865.576517109153	7325.242059784095
2139.6634393501135	18764.459357072505	7723.608099800117
1185.4007582651946	15043.64883671755	8343.519147824012
575.842696624955	19127.72919612848	8165.956721307038
569.3580505286732	16630.255751932207	8132.348706651931
945.7467993630222	17878.10629199159	7537.535634975912
1991.140736327348	15146.33720872652	8339.961065590045
1922.6162473926702	14438.262835880942	7800.95321496575
1158.3576604348057	14124.570867170556	8127.886504734899
2033.5502641515393	16733.05258498207	7996.210252611798
2480.6458841967565	15902.644949389856	7539.609384990485
1810.26932614073	17343.66079268499	7911.849206577569
1591.15876580963	16433.514218291766	8199.282614468932
1657.5683372898775	15014.291510871051	8043.337693399642
1925.8339169698638	16191.78168760587	8263.04384810464
1037.5222839219296	18444.299332596453	7990.502125698799
1128.1778146628947	15968.724787791163	7876.839030176017
1121.8962137220774	17154.235911504962	7751.556037919539
2215.731499863774	14641.392781058394	8478.560808016562
1511.6752120530393	17519.704092453663	7648.637541492375
1949.4698038743895	17937.361216125628	7897.383950807558
1261.675702398956	15975.618654523532	8232.817417667622
895.7397496056872	16987.870098955595	8859.645220942863
2093.7073324755434	18434.57400470508	7977.704081664958
2370.2158382108305	15113.81627783818	7762.92388152047
2158.8420134022526	18732.730222330025	7893.728776697355
693.7322860560722	16690.23792833266	7771.8116880911
946.2127970405596	15828.86686859055	7816.798598428524
210.88701395987883	17573.790496760965	7842.377081475562
1887.3480512335357	16368.016316496185	7722.43916317075
1449.9938662557104	17172.506511666772	8216.057371118563
2254.5660728759367	16107.285036846652	8122.004457604141
269.6900028404961	16011.345512783699	8004.7360273193935
2249.298499308614	19351.28124260779	7856.096153900254
637.5784836630933	17982.60087630429	8062.010256028762
828.9343640588604	16051.233545396053	8210.834190812297
318.94874556301886	17328.977694239	8262.651277655892
2479.478101543308	17147.25581404563	7983.172271998386
355.6339838184944	17299.159397131658	7868.075893464637
2832.249806846504	15038.061031376086	7917.130255361439
1010.7143280779284	16888.012147129288	7607.865847373555
1257.4220917610157	16348.020322914052	8096.481941296958
1353.8249214715433	17577.718170901495	8442.177685571345
641.2008763807777	16637.76379063827	8012.899324086877
778.639491384693	15942.533541519295	7608.042724651637
624.2454690089941	17644.855491333998	7644.387442887957
2040.5926746615942	15173.208572647072	7730.013316618667
2111.1158064369097	17469.4596274045	8233.11076320624
1740.6381839277192	18073.061956038717	7771.880361729731
837.8573725369835	15771.320984193071	7441.803029633273
1774.718414889603	15909.4881518288	8465.694720993039
1982.6997931755561	16555.56578874235	8589.21319395945
2545.086482329152	17840.30801308345	7844.431452967831
547.1337737862474	16329.50357048113	8049.503740009752
1091.067021413806	17452.88971881735	7700.940435029653
3312.5891954271488	15239.853897557321	8177.505696019423
1196.4164054083794	13771.728566917049	8156.370211935493
2165.8705161565535	16287.510730307666	7837.495152351443
895.1358999433338	18164.28274977316	7018.8355236082925
1748.3838442432557	17835.336388849988	7659.889314571114
1182.0646370430727	16601.72660672664	8118.374040189505
1079.9171428295003	17035.601825347396	8024.860174427982
1883.1129076820516	16469.48712832926	7865.060967554535
1999.1857663691005	14619.347750878824	8295.469753182437
2489.582436222303	15736.169271093999	8628.126535441097
577.9929059478452	16223.872026559893	7557.131343295936
419.7824158275692	15838.758942561524	8145.992890659417
3434.908028229505	15123.46469524625	8165.378193061365
574.4808101747483	16091.999100216235	8123.596376869536
1002.688714709558	17200.273902984925	8451.714896246052
913.0736534482843	16703.939574606226	8159.710722742515
1417.6393161600852	15747.455690601168	8648.199950907016
982.0663172989093	14472.125231677903	8032.471413577924
1979.1721586573078	17629.610366267716	7589.843133022461
4.283605684872349	16643.547917839787	8016.230189584853
1469.9519404588823	15169.58387726082	7974.994296894236
2191.0158147090897	16288.45593571765	7758.0383465841915
312.3982871286379	16537.33963424546	7675.686860286328
920.9755668936328	15653.95141387283	7994.440688504202
1438.7508563266765	16332.592798582398	8290.61384374441
307.4083249855384	17511.321566266066	7475.316323843548
749.531561434133	16011.266790983547	7862.360918708089
1289.225881475583	17234.657566152517	7739.024580766114
502.18202831628804	18419.309121433587	7439.901866128524
571.8419662376486	14567.345022905387	7603.831542721528
719.1335836127074	16835.670908825356	8477.822356284958
2286.8041492984394	14123.191221525765	8373.744895832771
2250.8556718900545	18224.890728020266	7268.565606085394
1189.1331225624963	16946.354257943753	7986.499611647342
730.7642313222385	16682.31445427067	8273.24532893286
1361.1786858195392	15218.083995612233	8184.370515377697
1661.0477111098157	18224.003343505436	8131.0789169983755
-292.6481109831513	15504.833497744654	7758.929286612437
2432.235592041721	16186.072146592724	7984.760257954504
2811.1622416947853	15598.74130470383	7874.34420740997
429.25997062318214	18266.22438119801	7741.859090962527
-323.00327040509336	17166.09279357186	7472.188332525744
800.12552241116	17842.932691122904	7482.8661340186245
881.4499823456684	16448.701947763602	7773.620423901492
1998.1135015757234	18194.021383441766	8435.437409810356
2322.1662701019013	15602.663445358305	8336.256291479374
744.1770753958685	18627.369690880376	8032.48255391209
1422.6150634297799	16056.024958148266	8011.565342702336
3380.370121838579	16714.63706694805	7925.453382567655
1012.3350717931004	15772.20255905436	7891.869021728958
1418.571567303573	14347.724392555705	8286.911057420197
343.6768337965796	15724.833181604718	8160.998664078047
1268.5425073691142	15728.504611858505	8301.077008702076
731.3970823523586	16104.026647553244	7747.619012835692
1028.3449455657355	15434.78045103141	8046.485504290454
1373.916813920403	16582.212009777253	7582.180536967281
1478.6566250073085	15517.076039346839	8123.092751497374
2300.531219566585	16334.266014126777	7377.4861668066505
1959.6212483660443	18872.95750571969	7872.3838876177815
93.07407243448431	17347.678861840526	7885.311583637926
1561.1572075456816	16392.96982874768	7843.08987596647
1452.760282784843	15935.174623830888	8184.605761102531
710.1847613353824	16624.49657699719	7756.888553299336
1782.0128593859956	16766.01396273194	7473.530988097176
963.525030578219	17546.92965073211	7713.140002721937
1341.5822509799696	15888.402103221706	8026.627451247286
762.3006224113459	15732.634140744525	8010.4997431357315
1345.741565494028	17420.19197116346	8500.534769502961
1258.6669303623953	15784.108712316554	8283.006839847842
556.3651491153788	15589.149364776997	7878.959480521082
606.9880659006508	16014.670136474539	8473.495926604532
1383.890240506918	16210.408043126685	7847.5007223527045
1339.3943503209357	16693.25789651189	7940.411190511456
80.8104517561619	16625.08075922679	8025.156308285903
1851.0592948398262	16254.981562947785	7943.398111585136
762.9099370433895	16502.800381233043	7589.58054126696
559.6562814523744	16151.194977007199	8013.751325032069
1201.8584097904288	17303.45716262538	7577.105305804114
1594.993577820195	16414.43545457293	8041.102498422167
1759.2879438190205	16646.12001596124	7933.921299008584
1841.2310072668788	16873.725977881564	7679.025235038659
1319.7078754763656	17264.62306195512	7892.6288351903995
1670.7419075934679	15573.515260936485	8217.903353698604
1828.014918427853	17511.515111948283	7493.694469205122
689.5470066782821	19288.797945430702	7387.410657030163
1512.5046385143717	16569.23314527714	7759.622825017531
1640.3515491031653	14295.516145701844	7875.438730580223
347.24534923594024	15692.293530223777	8281.333785752382
2245.938924742938	16439.412257535463	8281.50649827175
1856.6427015353702	15606.502325302585	8157.488281617624
1514.8349864407103	16392.684227488047	7947.22220448033
1284.1793995583148	19284.139685784256	7507.299389496134
2575.5920307340357	17552.959261182026	7857.403202293517
3118.3916933608693	18314.602487318578	7883.418197016362
192.40726736854162	19698.824535963297	7061.275376804486
1188.7293117439608	16476.342931957806	8279.453676419498
1086.464941562644	17614.088826511517	7165.513577645267
825.5066435334941	19070.629971914837	6789.977300358359
1362.8762188339258	15458.797880722697	8287.845877684784
1021.7750703997891	17391.96879361606	8578.108497549172
1249.8731397076854	16515.938269094542	8169.752427970507
773.2196893829839	16072.583507851374	7304.481834067009
1967.2781193955702	16058.721046711544	7876.722351899636
318.46853969021964	17101.524623006324	7877.591192497409
1840.4925783194828	17790.115458677512	7767.6470694026275
1002.2618054884547	14870.928804651154	7604.19970595241
1255.7778003831559	15573.833194926321	8099.658923819254
1224.944908194381	16308.101566221958	8013.286939135928
2012.0673362435962	16332.111877122416	7814.648186830945
556.108738812245	17442.267158458497	7588.141319013031
851.0294660983103	16273.793426740494	7894.233566164103
1339.903862937863	18312.628525766082	8042.660574871385
516.0671584592468	17714.476612511527	7918.660539897147
1651.461208268375	14802.534760416596	8245.400605919214
1512.7543704588309	16309.126493329355	8300.142277480058
803.7701755860479	17668.13837960431	7736.571394142864
2175.1581510144124	15575.697562179255	7883.560222964924
1816.0424219321283	16797.04219929627	7925.025449345166
997.5292285968168	16153.841337499955	7897.29552293475
703.1586407605366	18154.96503802713	7866.5459974256055
