11344.599418166195	3147.763351579291	4617.480208688502
8906.700409831987	3253.5109230337434	4595.778992355482
11803.005748046131	3498.058116784454	6170.484282216713
10390.553578823174	3502.0354887190097	5384.095975525028
10784.534813213988	4333.911958712066	5154.805474496023
11093.17628275618	2312.4945878328404	4943.178372453442
11969.290865660612	5126.149451659637	4434.511146754021
11593.144870689383	3891.70072313643	5028.155552941308
10810.126028411785	2343.3626444121883	5762.277516317026
9389.877608055633	3107.50011875878	4510.443964456931
12842.650344550928	1848.0905488933731	5809.2772900002565
10144.083341769885	2627.349427504787	5866.544339317529
10995.265712008339	2562.0167392423677	5474.110513655695
10415.289481352665	2382.5223342002223	5782.3359392512175
11762.854658734987	2236.481020835284	4932.876456200567
9629.645895015003	3867.317747811452	5709.804048754539
11798.635435515858	3220.5917427438085	4813.094355462501
10856.972216967066	2544.042836796863	5099.999591788295
11493.257673511895	1841.0222181079444	4586.025111867383
10475.673666253648	2597.6603067041956	5643.781867961028
9481.47789003263	4869.410285643459	5227.13729202239
11559.426421902757	2007.4533159281182	5781.826133108008
12116.486279862544	2930.526040422948	5331.542155993598
11484.743407216989	1041.341364958684	5079.993955015281
10649.349355909144	2.2115213525650206	5185.3616386158365
10549.767798987192	1388.156067386863	5632.761445634347
12866.423657036506	777.2091895632203	4945.264976005256
10491.45557916115	2694.583456633642	5146.387174470667
10456.453890209325	3558.841917570081	5251.8203572627635
11384.502367288957	3110.678931652699	5209.118816903495
10985.90294248468	3697.7649334070734	5360.442536054112
10057.871244404121	2949.734152723312	5324.865536347647
11585.17800097622	4263.959233630605	4774.602738589391
11584.929058536918	3413.4571435659327	5013.316014452992
10693.901743532364	1626.391236705982	5128.912668180542
11333.932210089028	2532.418859935621	4575.944433229623
12023.41985583002	1639.8979216227685	5317.064378813057
10976.645861020648	1017.054057494939	5344.503003800948
10122.705410276549	3051.6369820934024	4918.178046692779
11467.511484560371	1455.3587600053443	5455.1737911058835
12780.177147861421	1389.3576763257993	4584.765603584002
10796.68214452063	1958.6099925226154	4919.211323514565
10451.116723495887	2742.835102977244	4884.270856594725
10610.00693121734	3125.865092293618	5267.626726395774
11354.21985020974	2452.48741934043	5381.804142202515
12606.2279633469	2544.032448793832	4512.371583860226
12084.931632081052	2603.191180241998	5130.4520611876105
10654.935814978655	2025.2948593769554	6042.4706515707885
9835.792287900189	4038.96137233369	5499.13944372398
11758.927549552162	2738.3397396810574	5640.979331730308
9845.487235922006	2561.221565363203	5204.983119983772
10622.147643097229	3335.3743089873083	5085.8135356184985
12136.212160693398	2410.1191476213494	5083.157463617921
10664.53190158165	2888.0741324696733	5884.225143854799
9604.076859089946	4142.080677568347	5643.595213669096
9983.521504216824	3014.4496957103997	5130.804671743715
11685.729955477706	2674.086013576792	5847.268641685317
9986.44059517257	2362.309640235656	5663.445893778109
11214.101898327594	1011.1890723210768	5003.835253425514
11423.289155799635	2561.926709392108	5011.093081980189
10361.49048129814	1570.5402244963664	5546.204643971624
10739.428020728074	1847.6095354313575	4401.408611877953
12101.50977713733	1114.5117948169877	5410.544831318349
10280.617631129478	1662.4585655850278	5466.836851864972
10657.447333117192	1051.423046036149	5095.601544356704
11476.662325188527	60.89219125061673	5313.141418553094
10090.691051521639	2949.328315525792	6107.083063173667
10309.944185354423	1431.6223792986673	5228.08539269916
11532.469859289009	2746.156419898196	5164.356893771004
10469.762447197138	2495.5030046310676	5201.7284205853275
10283.203364180688	1355.7929423355179	5115.238621658204
12795.158733139704	2219.3331751166315	4931.86631375241
10109.716228664163	2097.0124545093886	5365.08823090978
11468.320954467905	818.7535436997962	5017.147946306423
10987.446674205923	3292.281054124224	5082.71965263199
9776.100724712986	3256.2397819491275	5744.097245911092
11296.096080329375	3509.312627071177	4697.129076784498
11403.667189733904	1511.1341376340715	5283.442180000659
11632.766870461832	2641.8902581385855	5301.28161830729
9995.665809709453	3280.0005332155524	4593.1437174651255
11306.38449894399	3022.496545462782	5992.197215145718
9299.463310292223	4431.818077553473	5114.529184290785
10530.75920856359	2016.600838637907	5182.573660988974
11771.02578200233	1812.8780224002508	5068.6188457313965
10536.384809697362	3078.561231551906	4971.936342214006
9217.398645336907	3819.093514435955	5202.824578080347
11590.758306758542	2283.4298687959827	5078.5186808926155
11242.098117446943	3045.6372432696576	5359.271241772739
10542.630838644802	3737.8761305577227	5211.336508829522
11187.855192404983	2477.335354478488	4689.155085234751
10999.144720244089	2538.383456719376	5152.528223460946
10509.432780736497	2559.7145970793067	5535.429072093916
11321.897218825448	922.2455349393186	4807.631047129058
10559.528492732368	2164.3731930486015	5067.340892126633
10485.203651918555	1650.125043304	5451.0030486574115
10836.26793454385	2989.124458706192	5530.650365064085
10930.788487498408	4687.577380542007	4847.134659279612
11576.613211496242	2269.7566691565767	4874.460515047506
10980.59900132563	2162.52625329737	5207.300494046743
11541.788950327335	2374.6259665151515	5297.04378843046
9043.38934741055	4301.232260688556	5377.391452409787
9208.726649298449	3719.853679816963	5415.768319255659
9292.244649179296	4490.097765579973	5130.293725495545
9837.452783408728	1678.4829063900943	4920.805080233927
10929.15351306663	2494.5387188418417	5428.871033371534
10440.810194340907	2972.837797935851	5107.936531741543
10330.470569894147	3097.2456062984725	5466.616966825992
12299.700469529997	1983.4726678916722	4100.689903954304
11051.682027049204	1350.513023418341	5330.431296162047
9570.008011607344	2363.088786686351	5591.452395360878
11050.755658008049	1405.3423200781315	4683.214904479034
9884.13983290223	2316.7860010259096	5101.602478324492
10955.657569702218	2525.5235236128615	4951.227445990925
9889.11226715027	2721.3760113218	4969.016024509254
12717.417559958134	2845.5787894474424	4468.4486148740325
10874.1457577632	3516.6005627727627	5660.100010964018
10140.766335136412	1664.9215135811762	5494.5548446730845
10757.944325935416	5517.830698065365	4703.339711777102
10990.18485120028	1932.165178208796	5550.902810297718
10953.147666458093	1515.9340107183132	5673.472754955474
11747.270308651048	3142.0460685366215	5461.706660581209
12207.778671622238	2259.961904010686	4764.276678287977
10349.449469489651	2991.886754828802	4754.10305213365
10963.291935761168	2927.386245559823	5126.28267712433
10340.633187570253	3467.842149047492	4779.69252147138
12489.276622085288	920.0332493704107	5516.869101303369
10975.250546096599	2650.473301591955	4945.553474447594
9862.791571055119	3080.62915954719	6487.346782104066
10472.674027001029	3204.264479853318	4811.541887624211
12367.601175495483	3184.364072736448	5361.58609570298
11473.384146712931	2796.4004421045147	5057.539581340547
11061.211189802041	2519.790596540988	5666.649159474415
11293.026397892716	2904.3845499500767	5734.086118733323
10202.437748815231	3649.2598987678102	4849.218189056564
11773.871052242434	2549.7118926838384	5077.706993630556
9732.391208062681	3243.7105412184073	5860.993611728544
11450.327963198604	2987.5669263006866	5304.0781874033255
11203.484964152896	1902.1464092734032	4998.8246690406195
10791.27554053736	2628.3429474122177	4917.692795135453
13001.633654331903	2600.704987715278	5569.504286416829
12779.269562398651	2464.9176064220437	4905.415039338026
10174.244050167095	2196.8105320025606	5114.878341035265
12381.163263713039	1226.7796667756534	5583.9536643668725
11361.582787832107	2159.661800607247	5321.654471738767
11427.139451773628	2593.783982216707	5758.240069117298
8755.983887877912	3818.8693243113526	4932.433217431265
11778.078012993044	1106.2904483096704	5542.301240549945
11971.21996493939	2012.3625909233226	4920.088377866835
11668.212802446937	1441.3367087086574	5047.200227685885
11289.110920105291	1778.2688180392047	5421.150887487708
9471.38415993675	1786.0457581937158	4721.2902736716715
10157.08427645455	2230.8543385145726	5150.334701282222
9461.319152655225	3171.936225784636	5417.633651124941
11373.350931133315	3410.8492207197564	4516.249727603365
10077.468448889535	1712.3236614644175	5646.841608143394
11695.474302273895	2060.2487092693946	4681.2710953860105
11420.570051926894	2863.3237909615673	5854.259393639482
11094.273169487522	1099.195340909339	4938.256261585216
11691.059360657333	2279.1566258370726	4045.6438537893796
11473.275928742976	1825.2505707089008	5355.439747065988
10125.480974046044	3723.5795192441683	5232.800819507506
11113.678584957708	2536.182692321343	4331.5169187373085
12659.392182750355	1460.96347533665	4787.635047708484
10371.033881210984	1156.9392925436284	5615.103177047105
11964.619574934475	1230.928271313336	5310.325375407341
10049.921906495474	6369.226341630839	5081.337243482915
10139.08823879393	2699.814691873171	4698.539058178032
11553.592476736772	3913.8674758591333	5291.923381585067
9689.991201749239	2109.5346777720424	5317.886743469117
10783.067628309933	2938.043078894466	5095.614615938654
11094.154412823213	3334.5102520390083	5423.299154574589
11399.644904416742	1655.8307831488587	5154.254203123084
10960.669193927471	3364.9067103092243	5213.5754042661165
11870.809579034605	1526.7627528316161	5519.117152605599
11788.07524843049	778.841015709312	5253.473604668734
11253.123034636455	2483.3560480406427	4797.299828810562
12440.856713069468	3049.778041928944	5604.265592964746
12189.524003677552	1042.526222107851	4877.744770821508
11420.135096439943	3796.3991072182152	4951.798163777841
11163.039685053105	2870.1592528805977	5248.079471384963
11648.169404906446	2485.5877065128225	5632.903836456887
11670.047274108943	3657.7147482336504	5276.856002218565
10091.066922207918	1160.339708550254	5794.81960775399
11439.225492921201	3407.269515343262	5424.032525773237
9468.94281315614	2163.86705826604	5414.4356477048095
11011.757789973497	463.9166776803422	5007.74617160776
10389.249101394978	2419.218406052863	5621.129925487516
11267.186066035783	2072.0623489863005	4899.1358036651245
10827.498830743014	3646.209931794845	5449.255128016456
11619.596445663878	1074.513783376231	5511.077265380986
12261.007387384869	2679.774231416124	5587.263511572754
10464.433893260815	3836.027570492271	5253.300543606678
11013.806511645487	1090.816868878132	6186.759103699546
10317.764837894605	2075.2732453398958	5555.58433883122
11226.602173907977	-79.95236226325103	5553.274228947863
9837.896775979334	2313.74198696902	5316.380327450901
11168.281645994348	1301.5120041251585	4922.467410374688
10186.164981939817	946.7199768020869	5060.047287914961
11054.416190082573	3002.466072472796	5991.275261108944
11246.030026856353	2210.7362295899425	5284.932340987974
9820.496087819156	1928.6805022413675	5091.39644162652
10560.96837300172	3228.3926348013897	4802.476558136537
9240.35130358871	2739.8038938118684	5363.164843856276
8635.466798854044	2043.9781041159831	5269.3418769864375
12306.464474122185	2787.6247263203945	5020.11313964342
11388.541569699053	1627.522365578213	5060.453114044008
12089.72780290001	2636.18441283613	5384.4430351935935
11161.80928002782	1741.6768947708556	5060.327122879263
9654.468881538782	4454.098368505383	5162.250435226325
12312.72917999156	1253.9501462170545	4846.772912802394
10705.479046096278	3494.7746399020048	5139.147855228034
10731.059898696723	2052.3945858095008	5221.18960338537
11740.423527723115	1990.1755142354737	4959.600306615753
10505.464576371774	3325.920701456528	5666.71351682115
12202.9950041851	3406.4933893343405	5292.456096187958
10893.779188412462	810.111194916587	4843.183772105601
11419.915561071864	1766.4589583619086	4972.972916471992
10162.670117100766	3135.5816027435453	4458.252519230255
10417.458163209525	1324.7627375826423	5358.172896860974
11586.97400103882	2891.6099781045004	4691.165351220188
9276.67353991197	692.7512388688762	5034.272866958862
12358.244624974503	3397.7772064271358	5597.877101600837
11911.109280586254	520.7730677972727	5071.20199430352
11690.50087498617	2216.6750381750335	5493.750963631756
11892.502788417072	857.0569842702299	5125.333647697542
9352.71949105612	3337.4281168319126	5325.312393849098
8329.802956782356	2440.7910424693196	5099.821541030828
11564.68559766777	977.1141098502607	4892.190463547401
10885.818190109714	2838.8655941722063	5712.580667241734
10655.730593289334	2631.694347800013	5407.808481421518
9893.96226940397	2175.3416957374166	5298.189852938028
11051.680191422352	3179.510548376132	5457.257862325931
10386.485843587552	1201.2328750839629	4982.2834103967
9931.61249118367	2512.6470252151803	5051.067314921101
11067.510240853619	2867.1048062245745	5199.236701888355
10646.805465363128	1773.9660395555136	5588.2224004416485
10300.90356482794	1941.0107073052181	5406.33001269008
10471.43872845453	2627.4796880389626	5593.542498710304
12042.364866402831	2341.368799501122	5806.15887164171
10848.506001625228	3098.043028913135	5566.449435559269
9956.477375129607	2943.9853934957314	5172.8997829580685
8655.767380905994	3778.7282108482045	5004.104624514159
11591.965174236218	3238.1412546054	5372.62500103157
10004.07250208756	1249.6913315479092	5661.292331858925
11993.055110416515	923.6210043136074	4400.1805688906725
11085.829823294354	2811.7219253064845	4910.977999179991
11577.095359043762	28.257392141379118	5344.427555285031
10928.73213432234	2622.428404327467	5403.402488464624
11949.939964575797	2869.1211905201435	5153.234546714211
10738.166440622084	3407.081146374639	5211.353604108043
11980.652300466978	2128.5937418194367	4965.450813800506
12439.135016024482	1696.4070874476859	4969.475578313808
10472.309615781394	520.7770461102753	5431.458727420084
11661.586965241566	250.58385246472395	5430.183402743722
9415.975927439953	2772.723218720967	5447.136145988488
9590.609048660435	4174.44199232813	5555.965231972384
11483.785081144963	1742.1618571232648	4965.605098494782
10445.371652523254	912.7701698581498	5281.338609125444
11131.255877606323	981.8842133089281	5606.940903903129
10978.268844418573	2163.862971479323	5596.2667380232015
11470.238054767051	4305.5498067192775	5348.17501128444
11615.628635339735	2723.296343845579	4590.9752209450435
11627.368713444948	3344.864758567771	4936.729526167414
11623.829323291633	3099.208314363525	5029.046219052125
10756.680916206178	2513.6334323354495	4793.90656276421
11657.886368310137	2210.1181475484823	6034.524992798104
12171.86720318397	3653.6005645052937	4896.0701144269715
10670.14838764211	1972.12866895523	5515.117757177454
11098.032983081674	1989.474463825264	4731.508452244582
9713.3820149506	4289.540038190964	4693.086275568773
10013.647883945763	6671.186311914562	5693.120152135365
11335.727576361754	3143.9438580916853	5356.675122438679
10670.399792081427	2905.2079468571587	5282.12787959119
12218.967940491302	1640.1623543163364	5029.608711662755
10292.904471731366	1256.0726399375396	5188.756522496946
10106.974381211581	740.4131404827455	5613.129429165545
10307.91517890012	2058.5812619002163	4763.330293750654
10465.55996506128	2132.991309742615	5074.830874043133
11771.240495950136	1541.6942036151456	4535.742373247535
12130.194147625894	3195.7460568445476	5400.3332565097435
11701.301089858509	2428.302611433578	4533.381724237404
11048.784998412313	526.8516039471176	5927.053156236142
12249.273462758883	3876.8516772517296	5246.755424766325
12527.8687234095	1065.541924010988	4966.721768466651
9301.136559170804	4189.287300644209	4903.752754454288
11684.816755695132	2369.683161368158	4759.5070622621215
11525.527383300188	550.0003223161739	5698.226614775372
9983.355826054652	2912.8296397762642	5590.609998948923
10464.761430364128	2790.129291310794	5177.298708380874
11743.43517679298	1083.5411421910321	4956.482935490972
11610.129111035427	1916.4515404079873	5391.220383103321
11563.045805730279	4188.21403707972	4335.01881888526
10789.672253386123	2835.2783533512393	5485.735373648077
10750.126435201797	2492.8509430186346	5236.688955577958
9913.619599822543	3630.1726305460725	5538.070096522468
10934.908799029516	1874.2786139886364	5457.378173471476
11404.693458197462	4226.556187427586	5619.618569457003
11710.098956557265	3132.2113375221115	5370.046720052038
10469.573500297127	3015.8624720305393	5140.687139557087
12186.6995237369	3624.379604741	5263.600580380657
11239.269712004243	4231.979254912112	5268.330216100825
12140.226280525576	2151.10001125882	5110.310997131309
12691.999898506423	1227.8035392268364	5293.084257027107
11908.227632465825	1325.6204947837214	4979.813002602784
9781.76670045504	2574.1983561336265	5289.792399430582
11608.744987873186	3609.1017364151508	4964.2142552187715
11617.437466593958	4481.095165148279	5146.475285634989
11226.225673865963	2674.3708110500424	4711.315663348037
10539.174114396375	2211.1960442375307	4838.596650332296
10957.750819554754	3250.3569496221216	5268.42305829625
11603.463934926134	1322.2260528779893	5112.621819256341
11599.733707437206	1654.0402848311235	4817.746172987212
12429.019734296746	2296.037262887537	4614.783670362759
12265.300947376349	1821.0182691990617	4932.394221011893
10712.922009902613	2961.0164544947206	5247.620483991294
11394.020872955502	2448.5294002301275	5691.710064060499
9804.031382156669	3901.1586315195264	5796.025755665253
10433.778992062018	3931.9050131219165	5167.619803290522
10900.698477033351	2488.963247412956	4722.692154840877
10438.35347345063	1959.5468769305692	4850.776848184692
11756.837757850202	2208.1590965971036	4652.833860844768
11667.509274798602	3234.2540295680406	4469.830613054256
10886.72879824662	2239.6400619861993	5240.824355481178
12659.921580007442	1808.4375684486229	5007.7364344179905
11344.955581513597	3682.372830467009	5415.811753933442
10485.3013620971	3415.7809377569633	4647.881350117274
11176.456286191487	2856.9154148293223	5326.03673402725
11118.576623711611	1854.775830756396	5120.079709643361
11016.701505935927	1463.111316217368	5510.803313183918
11391.170698089221	2375.763785803268	5702.016656711191
12552.927277610459	166.37768938477777	5067.769377217843
11842.40928341929	430.35843890088785	5506.871560171811
10630.679425540158	1792.017422240967	4881.130235046197
10401.02301990934	750.2797694303024	5628.541118864339
9857.79243592472	3830.0023212375245	5890.293167977226
9931.436344947151	2009.4036103370652	5204.53598933146
11849.816101446226	760.5150583993226	5148.69483472226
11158.604755684566	2334.0722385460617	5524.330478730402
11687.21812120296	1552.7311317389426	4879.80529566963
9729.117893611603	2103.552789720372	5219.046126184281
9450.869591645065	3376.919570755217	4612.727745531966
13664.11885606726	1763.4677140201484	5287.26896226702
11522.589093422774	1341.36987547719	4928.792665444055
10694.190382621895	1710.583025598734	4448.216713242217
11329.17416817759	2375.0003192318914	5144.962928276682
9856.469895749242	2451.2435484529524	5378.941535017226
10368.693869632843	4592.668810726294	5070.699999294369
10451.725450542956	2156.509939185431	5257.1711845169475
11267.733206809726	3530.429667256246	5057.813641727486
11486.652545210043	3734.065781948825	5514.311685098109
10460.680162094868	1696.2341900402253	4940.071304393561
11314.293955089901	2994.031370760466	4663.8113302779175
11730.393306642103	827.9324965467026	4363.946089841772
12626.905549666235	1514.479839615369	5180.655205456836
10184.052316783755	3541.4367088845174	5790.272850354058
10962.567028419819	1805.1731911895224	5484.73524281913
10496.342215413559	2893.1349685542855	5080.937881013077
11809.01851714281	2287.369378884797	4834.266391969307
11705.99216130167	1169.5556080705733	4662.380455891469
11037.953900716677	2078.2964170836904	5581.525409360245
10542.552025498486	2096.2805691169465	5600.270593489857
11199.208752797005	2388.056632426565	5290.381212745604
11310.692354786645	2588.2317668137944	5216.959723706615
12406.058180579948	3407.033254484743	5048.579399918489
10886.22355740484	1891.4998268779316	4829.202094704622
11271.294673335771	3074.9725545676665	5482.5169996356
10648.0414990948	1499.5851980834002	5872.446060596058
11744.315448944255	1978.08951052654	4651.800443891807
10424.437171998406	2441.0405012695687	5626.286901473546
10528.862801977075	120.91077714336228	5106.772357806832
10411.68278001231	3623.0903707065804	5436.623345204404
10455.652112104879	4252.845695930834	5139.317035194946
12155.11835034228	1878.2040279833284	5290.311114424315
12963.025655393367	2056.1366079839577	5640.195902023878
11731.05261266454	1621.0767837677977	5281.195452965615
10224.686417972476	2910.564602222126	5321.807583209536
11865.866429759664	66.47386851225055	4826.974498378468
10459.281120854404	2494.5424010448796	5035.775402931727
10763.144751668679	1970.9299550415355	5177.13271152508
9537.406597055544	3582.486392889666	5520.939720155798
11919.854960803887	3012.3140396832687	4817.886803862422
10923.691711156898	2420.191088410935	5175.988569140123
11699.389847618138	3156.35783884445	4464.735543989226
11658.99379132935	2883.5459209867067	5325.717026175693
11431.098694131637	2567.1027767731134	5120.536524405198
10055.984882188666	3166.276473574942	4810.234577408685
10932.4667963748	3473.458730190957	5156.991249850485
11553.244515253673	2805.471979856515	5262.174395258346
12166.765394079235	1332.6358156684157	6089.407518703539
11126.078843701102	4168.341014116265	5190.549779433954
11555.85708423557	3301.8311036118707	4935.281606514926
10498.825361348068	3036.165707607864	4706.316019063214
11417.752775073885	1979.353784358425	5612.546819017986
12463.829308148437	2773.319824254703	5050.295407672205
10543.720157800644	2447.841699406455	5059.544381543921
11520.827966276831	2371.2307069955054	4621.903545563137
11089.447740377014	2710.0407850713514	5293.3947273298245
11747.710922151367	1578.79477515948	5067.22388416758
9334.735748449399	2995.224701865975	4998.498176955969
11220.349420900133	2633.177678328664	5763.143384908549
10801.639041215958	1917.8340118835495	5632.9437455353
11342.157113100106	1377.5208843371822	4997.078789511196
10719.200239531872	2719.0871686415126	5018.792726288934
10612.082995259243	1642.4131261483376	4883.199485303464
10999.983343927908	1825.0722455853047	4857.40720194334
10611.858806300028	1975.6552064926095	5414.192355347515
10774.177111523997	1880.608091962734	5258.550149667846
11133.999920353963	3009.395412762772	5746.844475527797
11167.45949054846	1439.5793678619962	5178.9174713967295
10979.10026127528	1869.8854063152821	5425.379357927814
11594.557564054707	2210.996284953273	4533.91714253341
12068.00795205725	3608.180184237535	5053.852660650135
9635.20703527857	2767.0650614111933	4988.057041580828
10713.622231988456	1789.7201057016903	4928.69201808505
8895.451115495534	3484.7815768485375	6031.191906564937
10911.281873289816	2874.4166969281864	5176.428570165977
11556.091373064912	2643.6239231159457	4665.416383044367
10630.004054775083	2473.7619063317097	5445.71395068269
11461.92148838518	2272.0939773280807	5537.98790913025
11042.046748833902	542.3172042084606	5302.171979071882
11028.387347909675	2373.9487185608436	5362.05708539475
12400.159858690411	2604.6849129923808	5410.311168946605
10418.503808138885	3830.8405129107214	4402.712570563581
12341.109453165342	796.1792219801061	5514.053060399387
10655.70183908508	4447.467782353138	5456.329445848083
8287.959362700087	4449.286479677985	5508.772337013056
10260.958641794721	2493.55093042414	5228.1184055193835
11534.530082675383	2728.561577745253	4551.2630129953495
8068.889675607165	5171.395174789904	5381.986715358295
9799.568144503695	1477.9733015653069	5679.335401852299
8223.466566462046	6649.71942369758	4719.182302643321
10695.996330862436	3102.7729616929937	5395.838948758883
9904.116409929138	3299.6442878561325	4792.209435712355
11394.867777725685	3410.4042834950724	5125.060989502158
11610.818376989979	4220.061594677815	4763.743469008572
10537.080714960974	2372.0215604150317	5634.360467786636
11717.195037716641	3468.293522312721	4832.825092397324
11583.7728630061	1932.7218697189046	4824.111433379606
10786.382188607477	3942.388589816397	5114.830674400217
11073.551978148513	1814.9318890651875	5286.491498344608
10129.304541125222	3897.1518192228923	5051.295631650028
11870.767049212809	306.54005367745447	5247.112183510076
10608.67441769696	3544.0234400693876	5014.805650545152
11537.544072301383	1695.1713505453254	5009.930704185142
12113.69814056881	1312.3118826033462	5112.207924320433
11359.714055550445	2438.941230032954	5373.651988556359
10718.53221645608	3416.2421757859647	5165.5439950160235
11818.477655854416	1543.5299854532293	5032.184586651688
10212.82300539118	2641.2805447330898	5521.3933336424425
10578.624027285034	1912.5311499579363	5007.220822375982
10433.783370668189	3561.0416546401298	4795.94835206859
11545.83313087797	2765.611686278051	5560.939054536858
9574.021013784095	2098.4746718547754	5235.312189269559
10708.572933534586	2412.6205270514224	5630.736559126285
10359.109317342827	2380.9334140176434	4917.763698946134
10888.27783801253	2515.493483999285	5831.262914673389
12277.183351696418	2687.7278257361895	4613.500301122833
9945.764075474064	3577.420960631814	5574.358286202321
11976.166247942032	2812.9204984239204	5826.613738312206
10414.26475166149	4083.932290777235	5788.773729810374
10182.866797661925	1315.128284376864	5076.486157304744
11052.683769831381	521.9670302246565	5468.407293840786
11224.458363471824	1772.9049591406913	5201.345383228083
10992.652980923329	4823.353051893718	5016.922177959573
12631.052832355717	2096.8327603778293	5259.884298127985
11036.77609431835	1554.1634107737782	5562.282153193273
10193.74822418729	1825.4232328050498	5240.185846647855
12428.405531197055	3209.686738849279	4784.464580900686
11378.620428510529	2989.274175002516	5665.72382261135
12322.847405029139	2500.6637319602128	5253.144215559131
10217.013488208362	1915.1263976374028	5411.558994316273
10910.01375128208	3519.9318421756557	5482.312946248573
10974.500818889428	2399.5872442127015	5313.287257841739
11386.709320512628	890.3836190400946	5507.7300760353555
10576.339970808498	1555.0483974439821	6120.287712993035
10163.17656960483	2509.0719377934793	5192.406087182331
11634.792969690498	4197.632371985581	5854.401011183534
11769.176939480909	1359.4849955649731	5082.4367934455995
11477.191598204554	2617.69913619746	4432.273290175236
10783.081860081571	1884.8858916655793	5242.05968818579
10955.888869736247	3737.724621261954	5021.453249589901
11496.082066882956	1045.1778321878046	5138.896316299512
12372.961686456601	1663.538775752017	5428.446605299985
10608.993146967417	2723.6082861119385	5441.665056775964
11545.469113510668	2546.161024628498	4911.459181253734
10424.431451957264	3407.566264819989	5129.872394845085
9838.522466511582	3627.345652448277	5302.45003435117
11821.073090258991	384.32887139011314	5681.253000735313
11657.991198960297	2997.7235002659263	4795.366605925684
10376.188669497764	5145.938033531442	5176.0289233533495
12239.922875674612	2437.0662253962873	5500.9965215909615
9622.647085724955	2314.1865030982126	5183.51015198429
11381.494655600718	2609.017299246663	4881.5380380586685
11579.469076172001	910.3518270923533	5272.091756872001
10623.830831134523	747.4908955634615	5061.4806676108365
11208.208324898247	3287.9845430505375	4623.945273248924
10683.880349212151	3972.74767351501	5372.920833513679
10221.802693996566	2399.63271432212	5312.755286551716
11756.968527435907	3161.822905174248	4349.417099790866
9617.976099448742	3497.35168142533	5791.992723317517
11193.432882317082	1948.1812304950322	5616.3529720845845
10554.95302612669	1981.6169656818684	4902.440826920314
11561.091091020022	3832.2301988527997	4938.8196910649785
9810.16976165157	2701.2037287287585	5418.529571170224
10439.780783594359	2824.2223094949854	5112.957826189046
9971.80350087195	2291.987349704348	4712.8508227646225
12014.544481829085	3189.851787233591	4678.243615904723
10203.94640732279	3135.7596478613887	4885.882052435103
11550.11575317259	3398.144497678972	5301.336973317797
11251.628312550602	2093.2730354582036	5168.046068649611
11939.680883566487	783.137582787537	5355.060462413396
10492.509937858216	1349.419025160805	4699.933215156988
12590.740545690081	1207.671351459318	5032.361601529247
10721.796307714001	2977.7545546949796	4826.95292209706
9597.00940908644	3563.6843281184247	4875.680783552254
12994.90778563731	1998.5900447158026	4714.019773644551
8857.481120885446	2398.2728328558883	5546.93681565958
9920.90265631787	2869.4919937974064	4684.1213389395525
11126.19256285443	915.5762762180516	5490.9567238785485
10598.804717811947	2887.046854361247	4848.020218726864
11004.307804559608	2111.3547755906784	5402.247984171206
11691.180708182852	1972.3419364746806	5418.8015008588045
10611.865568296409	1311.195402012436	5192.035211011585
11628.492322027962	3081.0506355472544	4922.469722974142
12235.693586211444	2307.710989078645	5623.386504910215
11509.33752451058	2154.345349334002	4798.003138440518
11831.901655262001	995.9188840146871	4980.045421828514
11788.249252014693	2884.662676973123	5043.665791526461
11155.925151625966	2464.6232204252333	5552.48078863588
10832.781705661951	3133.399249806365	4858.2339071935585
10437.584128167195	2040.0045519617613	5293.474616440882
9359.335755488002	1911.267187802604	5967.589139294988
12469.043798259323	784.0337999022394	5083.97040208641
9874.52664247395	1780.7472545301175	5618.240066621071
10694.672412116946	2795.9601477288056	5268.093626718682
11566.612351557078	3108.1270125333062	4908.873822171573
11170.14505887943	2346.3424919203985	5406.400027224887
11029.2247959494	2974.4990982943186	5039.669744088656
10211.70426615668	3426.812407299146	4681.604982433295
12151.934037962099	3070.2725706492097	5388.097856531377
10831.821444551435	3428.374707827265	5055.8951519318325
9703.203055189768	3405.681259615305	5052.1744669850505
10798.979001030026	242.34593844115435	5369.326947219441
10253.435014926112	4675.302738973675	5314.866168792969
10235.639637411537	2254.7223422971992	4863.736714547975
11677.762809590331	871.3373524425334	4856.2510085106005
11159.695787718258	3993.9857975833343	5568.0588307969165
10232.908863263261	1662.786757420912	5489.454386757337
11742.470817489093	1044.434212041076	5737.013381390794
11077.664376268947	2764.045166862335	5270.627680114514
11573.843210557015	1396.626174795582	5228.217763193964
10483.163303037407	2507.3415984725807	5194.99652421218
9942.771166659866	3166.044405429522	5477.6635835087545
10241.537186528703	3530.567721335986	5642.065752279293
9780.414280642875	2852.8504078627752	5865.3193732767895
12079.299146648085	2479.9175431278886	4773.677876943514
10875.734529108026	1299.5088551395247	5325.891167187949
10275.483081919798	2669.817661765307	5456.328754460013
11626.1742446236	1409.5257456416134	5770.699389270445
10849.59974667103	4206.525221768017	4964.829750692746
9305.43690819763	3363.581335228457	4993.429389661345
11562.895853566946	3101.5349720325075	4709.187002712101
10715.136568495414	2436.3691229890114	5127.878534062741
11537.777698484533	1011.2438184264271	5619.725055311534
11597.36319737976	1383.2909231475119	4869.075102213527
12213.977576121843	3130.721867741192	5237.355470324193
12005.078919344156	2634.9857931519364	4718.048750929132
12276.509623740643	2664.8005549945296	4717.6643953137445
10140.491618921093	2876.05005711101	5530.361235373643
12499.832057826388	3040.1804684336307	4907.190248367162
11662.338441147913	1647.709868412981	5073.339440499827
10460.871067932747	2569.103277887808	4835.0710690761825
11711.187324656043	2008.4978154672503	5773.973706922849
11592.992684305373	733.1272612772915	5866.487848116683
11941.713309383338	1341.0884020992253	6002.167365969725
10854.799193494147	3014.0573819185847	4931.875197859374
10368.69705416192	4232.927653759681	4861.358881790292
11196.419448778293	1009.4575537638455	5246.60164683536
9735.673261386202	3008.998423792036	5827.610709302715
10549.721114368636	2950.6662107484863	5442.1417115882
10579.582910345804	2561.834205668031	5470.197275929435
11803.784882302201	1937.0659469741865	4938.033463642296
11454.687132914716	3982.9968891979543	5013.857114242475
10134.141917753777	3273.67852986697	4473.658910171694
9528.607173507255	1825.8771734372528	4686.823965723515
11348.535819604582	2356.678262099979	5201.034204711722
9269.770805748263	2707.025825032511	5511.243493444184
10137.950680573835	3380.4379917698866	5368.890841479191
9998.078062417602	1961.410622681592	5597.547661963418
12408.359952468683	1978.9345397929133	4888.422266481272
10572.046234862197	3346.6027953743815	5459.213027807839
11400.476844677572	1500.6181170900168	5808.044129765505
10479.552019315357	2893.1171321848788	5222.993085600787
11000.772788210574	3016.260032495576	5140.020204279304
12239.517521454603	81.67336340338484	5240.35383797166
9692.646091254077	2953.260945935015	5434.217994588092
9987.750160757372	2150.9669643457587	5007.829103990356
8930.528482146781	2043.7001997998632	5584.873940611683
9887.416442364358	4727.100019302428	4925.907999063997
10760.273078799753	353.24590939404527	5481.813383199876
8940.726004696862	1474.6891363283023	5450.715363598154
10601.14996337101	865.8073419558042	4758.531787238652
11683.421614336456	3437.470429533915	4681.623883477531
11089.229250725264	3031.0617755692415	5356.461473163478
10177.589032912725	3294.9830693557824	4675.374034648946
11962.219190054117	2083.8230995063295	4473.397594150688
10691.293553409047	1742.847840455297	5375.725305066426
11282.700274658333	1505.8021726887177	4996.532842316569
10690.169209048214	3207.8517873898772	5346.8671798011155
10227.547519586898	4587.971659585441	4685.908301765807
11526.429419811688	1589.9925331883123	5345.272650266244
10688.234100113521	1687.8860172723053	5908.617388631532
10211.018563414267	2535.631880231443	5486.905327405954
12518.792598134196	1747.9066374929596	4838.15015932971
11990.562888642027	3028.383269057254	4773.768062197169
10980.764323461477	1759.8452114269958	5249.38918352238
11027.134168601413	3042.469500294358	5185.910940042025
12256.327995768102	1161.4509884569825	5306.545569509395
11816.839716337443	2123.0767910925115	5179.302911642908
12756.364314103703	1752.2485776325568	4970.978285795067
10753.766318056243	2978.7012110926335	5646.744669541254
9418.726406934715	3297.5831149590726	4953.442328311244
11018.913266316422	3436.168173662241	4612.16480847455
8982.403182284488	4305.854647700572	5156.747951119406
11332.033161125952	1430.7002384447408	5378.875509382214
10713.792192710844	2258.4848726689565	5079.131887245521
12582.972987355944	3167.8409681768776	5021.57009849708
11237.176028358077	3639.8734064441587	4470.901526866597
10438.266434324536	1378.9059192390594	5461.837907820974
10912.249848843732	1999.7254092977735	5425.679169099207
9920.518777274054	3285.989094380432	5775.367742922834
9062.069371807114	554.9926939599532	5582.532849304611
10910.326704894253	3134.9661051323515	5100.014051380719
11409.166950268866	1322.165095374148	5291.561847111073
8902.082124089977	3351.043918073888	6195.67896736668
11548.702909898135	964.1834874136592	4911.6849993426695
9665.986775979585	2638.6429869369754	5009.67985446687
12366.923777291431	3016.5156412694564	5146.370522939003
10451.935467601239	2302.1012779918533	5266.232387744591
11381.50413930108	1922.0400830222904	5311.331920486127
10636.357002994533	2146.758559723756	5231.386558550463
11502.630503331431	2271.294206683251	4722.15820582112
11794.058645500707	625.6150635048325	5842.392799855284
11183.203312647302	2502.6957866996263	5436.91659877042
12365.0319763686	2401.9046306438945	4597.042958877305
10505.602134653052	2229.506376518453	5661.930149039469
11058.609435636537	1706.9620673412314	5370.437185446152
12082.559992487913	1237.9927485621918	5840.230975272101
10824.98680514888	2759.357831147942	4807.37552052534
11830.061042108166	1779.3556305247482	5086.897083457249
11946.172682679444	3159.2803395424216	5230.245809515215
10864.46824906762	2098.146128864808	5126.45518847969
11158.6620116325	2791.058638899882	4701.749557579703
8722.764585317838	3468.9347434193946	5382.190884800504
10593.390460888755	2504.3542481961613	5191.17563791828
10809.820088222945	2413.9587449555465	5161.838264304917
12395.25855683708	4471.944448713647	4646.740868864775
10914.590603908606	1025.7351301239435	5243.249619890211
10951.648709950647	5172.686462080268	4511.826421086529
11900.277554276268	948.3977632507607	6060.17969121693
11131.63736662311	2029.0956487073736	5004.9201453087335
12208.472835147139	2022.4818643121962	4654.764267756469
10919.795156293294	411.6368047462298	5596.857021805622
10090.94303591496	2966.101009622792	5831.636687026552
10956.89975307776	3706.6869545357995	5741.505606666429
8992.42915391977	3826.5285228868897	4863.721839195258
10293.348623140999	3001.202133629658	4819.9958069715685
10497.94163278263	2774.8762199044286	5480.202641813851
10065.99867096293	2957.1995782779063	5052.81568331658
9906.964883743796	3618.825377137396	5528.291104830087
10431.968484612733	2472.205249924709	4825.027422674989
11063.963819062024	1926.943333015024	5968.824269417541
10632.9317892705	118.76474541650337	5153.101281749106
12542.389451942041	1448.0141851649794	5156.457754181545
9948.4324688493	2653.875842743705	5496.407981386204
9893.175165603436	3135.6829321372543	5399.605490808641
12089.055583991883	1675.5139822557605	4762.409230745142
10578.93983864351	3143.7511813902647	5294.688750353502
12199.411315494106	2525.1548886714113	4321.54634958631
12167.09544029342	2004.525346384992	5277.791467493502
9728.667687364245	3319.4672074231858	5654.394908362218
10058.396286932742	2577.5142215997203	5011.374637106657
9931.311006186192	3439.1481896729724	4961.646157669124
11244.724230853883	1839.3622659088328	4454.899543501315
10786.488645630636	3874.776819432231	5863.595191341978
9872.444313580043	4410.624128700882	4996.974060188191
11621.123815808905	1868.4438743224298	5284.741495575283
10373.316301815208	3807.045306938794	5321.908207262235
10320.635819704008	4710.993606664774	5822.218564257968
9813.786096176467	4054.3324894312723	5104.973363807738
11497.68360733788	3628.3542478502604	5345.7337679789825
9912.909857703435	1935.995056124219	5220.796593209774
11863.672278679347	4161.462958154321	4957.212600691071
10336.963700549002	2294.6947598340666	4948.1265459157985
11502.355869022014	2848.3982730709877	5802.34877204356
11089.450805024378	3863.2800870923556	5036.151914253135
10818.782847274386	4477.340048277904	4978.149182508574
9937.792570276193	3308.7755822714716	5646.785514657721
12166.08224311302	834.2556259711359	5294.638881056186
10132.917777309453	3948.964996042151	5380.8669090501235
9937.309353844505	1354.7982963746713	5528.604909348367
10671.832490652256	2992.156490738675	4945.737715423333
10923.150771663246	1925.7820240426106	5389.6717475734795
10373.30642869777	3585.784199562983	5575.910652029371
11404.341795447279	1098.04659858922	5056.344028151034
11633.935896180807	652.849752749002	5448.635213808371
11535.074541284028	2662.0891388562964	4849.749443283234
10931.9002512781	3478.4360499774493	4863.377643565317
12621.879765325873	3269.414819154273	5292.540826816047
9690.256454637603	846.169869939399	4839.45474290024
10080.092619162357	3113.871977754075	5020.9491596138405
10427.154734301008	2570.618490396297	5511.877942655624
10479.042302588723	3280.1153627742656	5148.787813369166
9332.997560847916	1576.9433577977718	5226.157071119937
10421.78923666627	3014.85774031888	5712.384293462266
12229.982703293472	2628.491176809587	6253.746024217446
11688.192494251009	1370.156963802176	4747.059344161558
11290.457518232735	3124.880762595964	5595.609582873517
10250.28404725778	2897.0687952264334	5266.3188227666315
11271.81199741779	2934.805209395957	4759.246915468568
11883.610404297135	2887.5275253933028	4877.47687454989
9988.577974107844	3771.533150940783	4857.222091355645
11548.176284058663	2120.062861197106	5594.873786920844
10068.99417182004	3461.088866067297	5519.09039231061
10822.42975307214	1360.9067919194897	5520.898613760108
11000.619018115669	2898.7487945842045	5290.706691731889
10763.77358117114	1474.7088220649755	5261.536462776488
9543.300901248178	3243.1563506723887	5342.024385323118
10182.434767334096	3435.964355380805	5671.2283196364
9619.951964774247	4150.762050843904	5519.990795286137
8779.48728525682	3084.235196618471	5789.51056042684
9765.47009295204	2300.526849279981	5029.056886643227
10608.16956534816	2611.2282141415385	5432.965841058797
10031.500486536033	2521.8084456333972	5263.00786894885
11117.970789142442	2307.6955081307556	5702.875090098338
10718.288136181396	2495.454838070784	4821.581291241161
11073.935392504985	1980.3955722218057	5193.592550520182
11311.455529064706	1826.8841303439744	5730.970828449889
10274.413190323596	1680.1209769426857	4700.100982868595
11022.008566469854	2134.9023499710074	5011.409569663587
10059.271369034263	3104.8527769378584	5289.734427888316
10043.414282416985	4716.714971100732	5250.613932713866
9847.086955342329	1362.95103775137	5964.423470809126
10336.749534301516	4307.870103866954	5055.554989528723
10392.989324611548	3395.7060811472297	5003.490963267798
10806.918212311815	1049.157322944578	5252.642197473281
10430.311692748655	1585.6688834048143	5113.797434216096
11012.761693002296	2424.024887126994	5371.400391529816
11927.042509336241	1466.2979025296595	5499.114972223977
12393.90245755706	2428.211545718703	4937.295993185748
9458.21914318276	5164.058089245952	4958.683197607774
9672.419614887347	2173.8230876922444	6099.094219385573
11255.479214048237	2571.6283737775243	5400.809355918112
10564.866449020858	2478.2789203076927	4825.71393616292
11172.486617535935	2618.260473493892	5540.527056400192
10268.512589151465	3594.2899306720524	4853.131303217519
11716.59255420031	1976.0768511853512	4975.147681314657
11914.34721464763	1943.93555456001	5039.898692913907
10805.334806198318	1894.9120872651476	5007.558517406417
11733.561644137628	2265.6575181781636	5132.07357139469
11654.2583050189	1624.2045271304482	4992.425548988591
11375.123000773492	3338.7730952862253	4984.750968702237
12078.032385700444	1275.7346944805536	6003.992044162958
12382.27108939956	2639.762266630895	5997.621950732844
12875.894429401766	1014.7561808259944	5602.384368637294
11735.256610379378	1291.54261109554	4883.473987487806
10196.293918371717	2216.4573152654257	5195.171780822631
10718.842771730473	1498.7650699050293	5290.1843264249665
10858.864240250574	2480.486378643524	4887.015778580408
11365.069978826717	1234.6934854857575	5236.246913001945
11886.290045100488	1907.1626333795214	5029.077166124111
11548.446204438233	2928.8671426824976	4798.082367563799
10852.500650599482	5203.860633246329	5029.167678383559
12536.215215165954	2110.2151651963113	5238.715282165278
11249.674458926063	2940.7282048338543	4781.518706950587
10129.019625548674	1881.571350349688	5506.246260812672
11213.588276398554	3172.630486520796	5157.171644885154
10715.770010277087	2265.8410334285936	5063.753903321612
10971.909671480844	2885.1982971937255	5399.296330944599
10829.405919654138	2520.7812480673733	6003.648416516383
11085.287840603387	1924.0857779640355	4778.647620250995
11685.433275350853	1954.8645844861785	5121.532008542517
10461.101810774695	1831.0685872403828	5769.845112151178
10654.193809052556	3263.8507267554023	5397.921430031791
9732.548370686254	2128.046460567777	5416.060737262275
8633.509416239996	4871.388830414216	5438.079806156901
11235.238299141065	1240.5569158913956	5208.4361177980245
9387.367892470844	4013.3044872387295	4736.940477690697
12069.73034379486	1606.1298941353114	4789.14283965796
9985.117186695416	1849.0217057379762	4558.564728138645
12468.59982972498	2044.0254822519892	5337.0570407784435
10874.30893387608	3358.1157824844913	5603.978438851716
10880.894149285346	3600.589511543263	4887.994001040046
12302.131151833468	1775.7630611824807	5453.077323447747
12135.131221915663	2393.647826898492	4778.278439912138
12639.799238429185	2615.42308624614	4688.396707782367
10943.941900338737	1951.5796140578996	4870.3341958984565
10354.07930425917	3373.07908276207	5720.579436737739
11412.759568676824	2965.3775718795537	5088.31029258477
9558.577991405766	4227.636919738273	4772.930030193519
10601.278138926258	2362.0362377921165	4839.19781094701
11934.211252200144	2794.2028790199847	4757.296116771615
11137.518319866515	1789.6754594058966	5391.71915560976
12206.651171956995	1603.3968560398125	4395.938433825892
10668.943518241882	3494.100124308486	5463.621704635175
10611.805482941534	3404.181027200646	4654.392623646839
11319.386834233228	2447.3984169782575	4960.576304659763
10869.211278795397	3110.8358875421145	4541.196278325321
10563.778337051861	3240.583455032585	4691.5644269408995
11494.547073840913	3357.548390258968	4940.458998697564
12427.63052666783	1574.1649346814827	5373.087499888513
11641.724624969696	2812.12969848086	5157.856592773127
10103.15953940993	3946.376164946357	4799.383734078442
10341.960946453379	3615.882265666101	5468.060171948439
11525.527000185843	384.57971951641	5255.272763306672
11596.256844657524	1523.0014064972152	4990.611586552839
11887.185699615395	1549.9094048118031	4818.614956167099
9554.046551699554	2471.80561879117	5957.77875088062
10023.774333426873	1382.6392334967518	5132.583000111398
10270.569257230818	2388.054298188726	5666.705562506066
10425.594256656721	2000.079704773169	4835.111755398554
10611.464664969402	2060.451274947572	5713.139806402596
9659.10499608786	2832.8657715808185	4797.7051486186665
11081.507221070362	2663.6467405927087	5384.189174879773
12092.597374205092	2506.72289628858	5329.679719691699
10608.089295783475	4279.410073707081	4953.9314934256345
12187.5595268628	1302.929250913596	5034.0461630558275
10947.365475424023	2369.1755704545512	5505.905265769582
12059.396068697954	2755.7097883377014	5655.5873372121805
10455.968693427489	2990.217098667885	5389.255585518745
11998.398571076152	2752.5577613271985	5490.144131915261
11471.964137440345	4042.5021958870407	5426.350067063095
12396.183461222026	1687.763993841983	4888.664143686439
9418.74480209786	3203.8684033547106	4988.115967454336
10233.300984995398	4187.005482209429	4595.9775387739965
10153.3917633832	3587.4400129946584	5933.067776041682
10921.86826439987	4382.636516927677	4267.967356613173
11282.452501934373	931.0263453344487	4940.044792756169
11014.837543705278	630.0771328804121	4859.628224752769
10653.306541589513	3663.619028750451	4988.560969353697
9675.341743354458	1309.0964749672135	5458.349103620561
10410.453178406047	3409.596407822928	4732.905920560875
11353.965157940178	2415.0174930716207	5235.625490553335
10354.275602052938	1599.4455249390026	5249.198602678325
11443.112733190763	1558.99487928356	5148.3323192111475
12324.386858623697	2359.577321280005	5050.662098946096
10106.958667789497	1358.5772620328644	5733.213654534706
10975.405549864168	1623.8871873785033	4794.450045742879
10766.549321115366	1772.6826880219262	5119.172316631876
11505.225461331067	2360.417760281246	5164.152735518386
8931.793995499775	5013.916481756527	5285.050808158463
10718.629847123591	896.991139321764	5043.561323515629
12194.295364360147	3185.393756552243	5463.3394492311645
10543.389935271893	2871.9375983123828	5934.160184431695
9911.619230125583	4202.974824298006	5462.840219262665
11577.027885404168	2888.7263546796075	5853.329716757509
12087.800697886021	3045.439762191296	5015.625614296008
10577.701041196939	3731.2684758838855	5701.269132161274
10448.276543479204	3989.419411391337	5147.206914761315
9797.198513853265	2154.9322531817265	5549.924394914176
13173.246609602142	2186.2705259931877	5147.338216359729
10401.631471983465	3898.1114742735945	5085.01511371075
10472.303994033675	3096.104051749442	5221.494399500412
11868.037447891344	1370.5587252007215	5597.210706904008
10771.310365153979	1997.9844872823787	4682.379219719291
11102.508775529392	3180.0913844853385	5645.770963813246
11155.925129970605	1152.595133872715	4884.499868397796
12587.479950126313	1747.479101611086	5824.318195952989
10462.029568178688	3194.0685818622783	5395.327864035079
11134.962456217596	2121.02104441219	5548.645331505972
11710.869579900875	3595.1648551132334	5085.658392170398
9803.294990368002	2366.54981491174	5763.4350953712465
11186.190280010238	2203.675683651607	4395.767980747101
12009.119676830693	3324.050035329405	5079.6336723319855
12843.65928725837	3216.2018496199526	4997.835711910823
11292.99499270084	2188.7533005062437	4868.833249784877
11290.066871770608	1442.6235296766351	4734.13239525587
11474.030671163444	1725.110356961823	4977.844835697771
10065.817170081265	2967.79793338692	5258.486988884296
10204.082714104676	2864.503321979738	5424.933341083447
12581.077905755357	2744.9592969886535	4575.94033547154
12520.748777461687	855.4683873639135	5822.818208703698
12097.107217286853	3042.507169961557	5673.13291255906
10913.012294499826	1749.4486795077419	5408.288153713083
11348.210677209778	1709.9823361473395	5567.948404262092
11177.308647712136	2629.332800269084	5142.193945888189
10884.52174269545	3626.85754454363	4958.995744407586
9852.580837475845	3266.1186973596623	5269.177689852622
12261.371819977972	2490.8196900999637	4693.0080706352355
9714.304085337326	5113.835410421923	5067.508117531124
12623.85042332637	2260.9857923886357	4453.778138242112
10834.9223229902	1960.9350261426146	5327.63002283815
11826.797402959588	2901.250802254933	4727.608878867186
10138.476195853076	2228.0485331374066	4974.370043829316
12896.279369386013	3549.2530168625303	4802.527834558469
10988.994498073813	1238.6861980229278	5059.040874237418
11900.443877531363	1099.525389731707	5629.183904935686
11108.765411307091	2874.2960174094474	5268.64475772363
11717.962621691615	1376.7191529720917	5245.213561036062
12441.006916888524	3052.456722738248	5106.016205307966
9865.359272792843	1756.9151571019863	5180.526151582213
11345.433352133306	2985.5276769424268	5148.438931207714
10318.463625729679	1277.8162916870924	5201.359779229494
11664.236806676621	2348.725848533628	4843.556337964348
10609.64956576401	2014.7539747040541	5068.585257468148
11105.32320386933	3010.409989173994	4880.66155682162
9713.197327583748	4812.3172106646	5513.19328594996
10411.970187681272	1827.5432706781514	5511.658296195513
11689.542508294671	867.4012578385586	4766.759623693463
11817.721549210582	1920.9808137431908	5783.996641191242
10783.290923291404	2374.3853478989163	4293.081357024401
10513.033684527245	2107.25574589448	5002.685242542687
10334.301650506446	2841.678866599662	5779.935521243918
11484.096836897868	3106.977876657198	5105.040171107385
10570.92114223958	1971.2230868021463	4758.699796137895
11682.259729924806	2163.565296351565	6050.715245631267
10535.91229567681	2861.61285822322	5428.683043358813
10654.119657304904	3454.0116819094997	5277.0731840627195
11717.512041429882	2010.7374099557612	5354.028831638853
12373.854881923531	1275.4182033024506	5145.308636196781
10706.63533541054	3838.273668576474	5547.015562528574
9848.863955257862	532.0522871901165	5318.19459406252
10900.20564391168	2532.3516534703767	6095.796893329831
10897.180341309417	4053.261763287584	4842.747866823797
10454.185507575643	4081.7813005824114	5363.963338721262
9887.255641648855	2060.892322203746	5507.74290368778
11932.240503793233	3469.6501261051967	5445.381940092662
10841.818982909095	3260.9559149618367	5184.135371818365
10239.622324514643	2865.1227882054436	4965.852956401039
10600.185332932224	2460.7316474294344	5812.8896882516365
9699.277862176039	3603.8265402366173	5418.786619934175
11251.77590250953	2603.1524192020215	5561.230505900917
10019.41581677167	2350.3962001148925	5403.529818539364
11521.173758016856	2466.4714121693182	5610.962352531786
9624.999597767364	1128.7986023310489	5260.306374224747
10568.011670552234	3773.826004740466	5107.730774069164
10591.486141868161	3806.9565194335078	5697.035994346729
10381.431367544172	2196.027118819961	5357.500984959828
10936.421202211137	2236.017260345671	5413.961190053265
9620.935074837536	1369.2886390938158	5555.517821658579
11381.474534550061	3308.951521366246	4663.424895540848
12871.54672038981	1083.6061302144244	5202.561164398779
11079.940821919683	3490.3901151464074	5107.944873855612
10051.666200503172	3146.757481664853	5189.780213798542
10112.405301607425	3001.825227225163	5227.054457340875
11835.073639772303	2545.892254668071	5248.481121363878
12720.631122537898	1536.2882867981568	4290.7218107551735
9709.865861282678	1188.709406170617	5352.143401961006
11310.999235596259	1038.6866050459698	5617.066784256411
11525.903591677301	1487.5281310827597	4582.444930068944
11315.428287513878	2943.4938199440744	4866.105162327345
9128.811564580385	5243.005871212914	4894.823393485601
11207.359744346626	1842.8463156084658	5503.477205789315
10959.808410210651	2775.854630414468	5563.69782921966
10885.72874062076	3714.6088543389847	5277.352430488102
11475.593123751458	2936.610281455841	5148.801006085195
10654.933743161017	3800.193496045019	4881.986433258589
9671.369503648186	2735.0584300478904	5288.550327433687
12593.65327773779	3743.1173772827365	4503.654357611977
11181.320426310858	1869.1483324667406	4918.213705229806
11693.287956095082	2340.690576950765	5523.163897870531
11318.723559134687	3939.4383317961674	5085.619540374196
9990.725242059574	3920.5364937085874	5153.717347962517
11047.357720553546	4012.8651030293067	4793.080317833694
10505.951312762934	3207.952639487834	5269.780668626289
10210.282223506058	2817.439870230177	5077.668161965498
12858.738134517589	907.4485743373074	5007.677480276343
10193.59355717874	1197.8264228667235	5301.2697352417335
11362.247472117111	1040.1365357142622	5063.4079147882885
10673.833359277538	103.90080489699027	4893.43219961797
10953.003716486895	929.9976151746404	5333.379502260917
10315.513753214807	3183.924763752688	5641.8047599151
11338.297972547023	3424.0293649323958	5290.040034934762
10945.455200133012	2201.216625818322	5199.292155022924
11738.362824892485	3812.8481201541927	4854.5876665357255
10157.202609560492	4773.375167599	4966.388650221437
10959.324498131899	1776.7780094685509	5373.202838323129
9183.288201691716	3976.521282902201	5391.653040019953
11796.669161996593	1431.2121055125551	5317.912714331961
10744.621340758931	2239.262313113692	4764.624704430761
11758.103714988723	4164.637590224887	4554.694322006367
11906.84742499488	2418.0520444320587	5257.318658075674
11150.924844344525	2690.0994404737785	5644.438728370075
11276.600152747278	1559.4584705289003	5284.132312739385
11365.714890796413	3121.0175394255016	4407.3940628014225
11293.791394124655	1718.8736763083957	5182.823467280663
10169.300624801708	3736.0723934381476	5704.051621220915
10150.754517777461	2849.3367221700328	5130.418842416338
11323.619097475543	2441.0892858755187	5185.973522358055
11331.065298087067	2374.935101075795	5894.792936177038
10854.731964915889	1286.441409469409	5428.124683668436
10328.702442828133	2418.7064126157784	4841.335637571989
11379.18992449497	4234.522907168916	4936.140900313652
11112.574097577233	1552.426813094217	5157.471566881209
11116.000253504	1942.2682590226718	5220.686110504653
11211.607973434744	1459.8236235810616	5392.466720334146
10145.356293361781	2971.4290776300004	4753.156954086735
10427.802611336552	3001.787671816634	4560.863471075327
10314.640166629018	1795.4882229343862	5729.093067686068
9816.065995004968	3132.9591065008676	5342.687710432321
10402.20952683474	4010.4187010110168	4680.794498881832
11425.798077310628	740.682244324675	5403.73723492467
10300.668818099855	2569.88418543828	5103.70951950378
9781.757001962602	2191.684330053818	4999.434211062119
10260.479046393717	2191.09755808942	5951.207832777047
10933.48527431784	2264.729267686995	5027.4187109756385
10441.070719625299	3243.931099389247	5869.897708190204
11642.692905366115	1944.813015014129	5773.631447974646
9910.206959296685	4169.018329115027	5706.429427330655
11291.451761713255	3207.05919813362	5309.871621058924
11317.260285554737	2795.1569861476396	5277.040659295943
10218.777002551364	3569.7601641501974	4693.650175977308
10359.808136607022	2512.728751667454	5367.086995255287
11767.823324784253	1472.3325636767484	4679.189988880954
11541.672643218431	1830.9324738756718	5587.9642806164875
11485.572299967062	2048.0732040248663	5042.950898079925
12274.050014103546	1985.3110523901641	5608.281178655395
10539.185642232911	2159.633341379491	5140.587162873777
10983.051748648764	1638.9715649963543	5051.505056503629
11336.585291424739	958.0844737575503	4959.400986211549
12835.631773870586	2651.5909063238746	5959.914039490494
10318.268480819626	2901.900293944902	4825.834283591125
10379.5927691028	2336.157537375016	4878.23269004279
11519.02599373991	2639.3744842346186	5076.7971321060395
11091.38391203407	2556.414930978288	4908.511411315902
10397.747863460161	3356.33027385423	5002.388637465467
11560.013746320301	2952.5267641072915	5485.2325688092715
9318.329787604567	2378.8726649191694	5336.9241236631415
9972.4459231863	2487.960617769524	4994.702113855024
11043.652466569192	2003.4669025996561	5100.436875813168
11051.046318806939	2573.12314259841	5636.969117976487
9262.041870792325	5003.062107449129	4800.746998152668
9387.995404770774	3432.162206633478	5812.997398053452
10789.995493750363	2932.1621807718366	5330.526915870523
10701.87622554976	2735.9217526964303	5055.9387346231315
10971.780253257135	3408.7181656707126	4504.697170093759
11558.881460293494	3571.506220180557	5325.5627760288335
11810.623470079081	1757.514791304113	5104.80085466053
12471.764265359869	2743.688296263644	5540.170104125153
12026.264273041896	2256.429954917291	5155.045161865716
12374.953369128876	2204.3824111937442	4943.684656797989
11466.315871266472	2327.126666965873	5161.332733587866
10394.761247779332	3229.4551992276242	5750.260484509994
10496.787147640922	2556.2941821401882	5835.140658545468
11227.600629041277	2711.8232339253173	5444.31264003056
10723.881396846295	2521.866601019259	5155.453692278891
11303.556513437446	3327.6084048418793	5443.531343143031
10924.946401030973	1861.1236179913171	5058.094869247826
10104.532897509935	3547.3794754831947	5183.5280984564815
11957.895203675247	159.16611687226813	5438.974845997588
11219.425272311924	742.5954100314852	5077.402487382387
10797.92396733628	1890.6940731814032	5909.163965501732
12189.115722249568	1637.9122138066666	5736.98185746641
11063.362625107051	2166.9331946179063	5913.948427308441
11497.191041429669	2084.059334657046	5427.696597300675
10673.45501554742	4086.160868008544	5070.302970555289
10387.172327182037	3555.0688821146855	5291.015816762294
11400.878631956124	3263.3208246053086	5856.324999650487
10210.191174134741	1337.614759449827	5419.690983473295
10116.989792117001	3116.095996240233	5264.832152195825
11093.381192606312	2808.297596894391	5177.036180240124
10528.120723916	2774.7761141949068	5284.525984114788
12111.757979000615	1845.3313992279816	5987.693208321726
10775.340737560266	4166.6266366695545	5057.838271509966
11598.212648801129	1778.4577795137425	4924.805352628031
12601.361414417082	638.8994760005398	5082.256265466286
10647.731412186606	1433.3761732429343	5508.648562048146
10323.783443711625	2551.2527363564377	4720.0299691401
10662.156560702635	3167.5420979301916	4552.351698153586
10893.749521181055	3760.148208598848	4748.146741119924
10552.92953181128	3151.3342965853485	4943.888817728788
11740.021014611448	2761.676328022333	4710.371696918637
10812.29518126781	2626.6445277114694	5363.424653876161
10871.856611589363	3916.0794767209704	4489.83833660391
10939.820109503184	3434.6913278911948	5664.559560681521
10817.527195609802	2456.5510033597343	5448.714387876199
10557.166179673979	2457.5423217186867	5890.307770676043
11438.890803120908	1218.8306239200238	5168.485917064204
10133.400345471808	1027.089299313105	5139.901632698907
12015.683896660155	1411.042453567355	5762.055877960428
10067.89438035206	4175.194091778383	5322.176447258963
11426.148831721262	2192.828322438363	4610.043987356485
10216.301885381847	1454.8580540679413	5658.580626510068
11294.536837257036	2586.3591778260698	5109.003832317733
10265.010379701036	2803.9681216577787	4705.849070917512
11702.921218567337	3127.8724838568264	5516.168622781348
11168.203238841565	2848.5908140523015	4242.001450443802
11772.074891228078	1029.728197167356	5577.499117858858
9823.010616090596	2748.725570144152	5637.775032456063
9196.652914365586	1550.6400554095567	5249.765242139068
11693.377899161882	2133.2437766068533	4946.165391738259
10378.815668888883	3167.745928257501	5835.534663441127
10997.935673540636	1216.5154287046796	5259.471240792897
10334.344518431684	3175.7136742503703	4538.789441073741
10268.073796672048	3868.2040195917057	5593.132934519287
10599.777966692609	2431.177489107719	5323.099761482708
11970.775146145972	1743.0408525846838	4873.786138957333
12100.376475470346	2813.0703434244906	4986.0040467549625
11448.865330801522	2897.19560394158	5672.048087029481
10682.444092674798	3509.8450632616186	4950.720481187398
11002.569378099128	4655.6268020009275	4442.716235500973
10715.455643039491	2193.105691628316	5655.345390373075
10629.746201557658	3351.5138920874397	5163.5685198006595
10345.636366895435	3216.2756596007966	5381.827643410586
11131.688682346175	3401.036211490127	5921.416669793824
11828.663296061222	1964.4884300998397	4902.069981490961
10359.233266963794	2002.415037050338	5247.871009734299
11223.611036950688	2181.109053978111	5486.3372880105235
10038.406700805464	1452.1508475183819	5370.756591452969
10849.284483542428	3927.5004291847686	5747.731258510021
10941.627955044854	3666.8351463184576	5336.0106229681505
11163.76624489847	2926.434511442008	5173.2032959805565
11325.853099114109	2477.4532327341526	5085.791793821076
11774.874896493006	-75.28729226452809	5757.162031803468
11851.091366041668	1854.293518002678	4925.94902347541
11638.385131073146	1536.8146999667765	5519.296480300303
9836.133955947416	3078.846258047779	5670.296076229382
10963.797072607078	4416.357266224011	5326.365052991887
9923.017531622478	4249.348455260015	5533.216432759418
10100.152877855046	4185.629377838248	5114.834221889023
9861.04655827419	2704.9364874667517	4733.711420478017
10350.868807677522	2726.195110121782	5440.49207910044
11597.31518083176	2286.793959395087	4854.1017160642705
11990.491103375472	354.12965346434765	5146.194793272903
11209.086257276724	3240.8698682049353	4751.128407718389
9729.602973922174	3009.4599847612803	5799.55708856812
11154.566683728688	3534.6404094906966	5182.264181767173
11052.073481079397	4384.630223443765	4625.005214733785
12069.00021337904	1192.2669983668961	4793.627988873267
11621.584485355583	2522.54345426251	5338.526166654123
10792.88560028133	2416.0744560470444	5000.877152859809
10104.971767795403	1756.8121835992413	4609.087074335877
11464.769570308872	2556.2668948823894	4756.636386528515
11572.646247782726	2463.6895148825533	4926.276457864968
10237.2822648701	3838.67335911936	5430.354215787239
10567.282804850709	3408.2427736244454	4971.074908504099
12646.301643109384	2012.099414956657	5259.80403115027
11415.381857005012	3085.8873576071373	5003.276016038922
11151.138824275555	753.037103437549	5274.158327993488
11205.447953947098	1151.5049474631642	5564.160913438488
11453.752774468787	754.0476085168904	5063.594291659651
11525.49168284663	4245.807024292984	5529.711168203843
11446.486779394389	2099.4713973272887	5206.212979935176
11694.638787774953	2612.0346176416288	5438.4637011442655
11664.160093179968	4558.111893618181	5068.145885051024
12536.54553247623	1672.950427897402	5590.079871291248
10019.637788584063	3041.6192073050333	4697.716170481125
11161.100070781134	2230.7269777317215	4850.639949235543
10763.887448225183	1283.9765284163605	5620.653902236205
10672.346769742768	3034.173349938499	5251.491592672801
10453.989943401919	774.6803877600069	4916.648040835423
10865.35859496597	2974.8427702569857	5132.864257973517
11352.243580274004	1895.2224091224734	5150.891277375562
11197.88480184388	644.6166170391735	5267.211920756024
10968.375922866662	3253.179941142689	5331.635633019453
10518.800486975133	3157.83391713063	4869.7132478909825
11166.163073965081	3206.687400599176	5221.136213660087
11768.003703734234	2729.4114627947984	5818.863134315966
10209.101825139074	979.9082393712243	5195.830188536267
10273.113894697823	3986.020495491327	4973.422729434792
12006.816456093475	3337.0927686703744	5794.214000613683
10328.09528855863	2805.527485132645	5629.342788989331
11359.06615464294	1485.811807122883	5557.216319451011
11106.457780557133	2539.8167920755714	4415.2539862104795
10466.337012158328	4070.486310674953	5579.102797151713
11317.63008048361	3353.422378471679	5471.894059500369
10766.003598040625	2077.5655313861703	5029.3129017742285
10863.761970409842	2681.9262169573726	5338.967975733983
11236.16835350982	3442.4991059669997	5112.938196268566
10379.447784508313	1671.7518980092784	4682.326144571221
9399.238174372314	2473.6308684243677	5475.397235223485
11125.746382494337	2799.232721104833	5495.008367352445
11039.141036074383	1946.5870258663956	5969.432719832525
10856.518653867888	1844.6798688039182	4895.934626401983
10009.953179016931	3606.1462064972247	4959.988488198483
11520.092514803442	2993.294545623845	5418.678975020386
11890.241412989031	1750.302190411897	5261.980844232306
9821.129917627604	2146.4418215649184	5544.080092528517
9733.95649837914	3230.32879700749	5496.412652742289
9609.670246303154	3005.8771010864493	5107.729026313903
11728.546481656284	1837.6461583720277	5320.384790287496
10703.310421619892	3598.040071980761	4826.628115186564
10619.0207362625	2807.923986573689	5022.852811799412
10543.277832729205	2542.3786837431003	5619.31919004524
11244.015968514093	2965.842973067758	5239.9752449304615
8439.291999417761	3006.181385460496	5391.6051296081105
10913.449791058845	2289.0715543323568	5501.115413582996
9680.415125315321	4089.3943104423806	4848.755232737365
9869.090314700592	2289.432466008621	5886.886693096479
10870.754846312031	3137.4458481474285	5211.967400420324
9979.35947073594	1512.7290885769646	5359.207908926185
9004.250170376938	2650.265672269626	4935.665981052417
13038.152518149436	1281.3833899239337	5147.579933298878
9692.524781283448	5397.037610608144	4739.322616861092
12037.149271654507	2059.89894275457	5183.11874205545
11900.038228076106	3311.701791019993	5009.467478136532
10733.026549225511	3049.5055211468075	5767.50077888884
9471.83592398772	2156.3682399866216	5404.94629013692
10368.319077519523	1390.8379866277076	4950.645882946151
12461.689918494856	2394.2283902037416	6548.873686092742
