2307.3790700426903	15184.31736994857	7145.388072076005
10152.528528307721	4314.447987505967	5309.655103773023
8620.86179788911	4466.678922462294	5844.586193591062
9968.937463692373	4114.424971874546	5456.004094399801
574.239180133299	16730.10938232694	6445.580717858071
1887.3380378546256	13388.645646330731	7647.042442968881
2147.9733323181763	16421.58573703653	7232.805341335377
1509.7104566511214	15714.690444661082	7508.685556449557
758.582953603863	16622.169651001655	7125.027837450656
1393.3424111182626	12780.769835889743	7916.045756559958
1223.8113530080834	14380.397288397444	6841.258980293111
1495.625275321827	14318.46549555235	7852.688370217317
2586.333041165225	12765.287250762916	7504.317312627768
997.9331079890286	15195.34938669074	7090.815740500464
1735.645121805671	15010.211327588731	6896.07054671548
7500.2576096148505	7423.116263115287	5051.922241476571
1978.149129809413	15303.674952081672	6831.492111375197
2283.0970837817054	16353.88771597727	6412.03566091824
10457.912515279784	3640.4713270303637	5651.7353021319705
1316.4493955254698	13939.830322106427	7482.134784872355
9698.237634174744	4279.863490469123	5286.334382264172
2773.4444381445387	14858.9829493993	7341.947027280702
7645.14406639625	7092.840418439166	5248.089393352881
2574.5610821390164	13559.16616176101	7015.387185283089
1443.4966511001094	15644.050983697549	7209.568455027131
1942.8634243094798	14054.835467797668	7476.231092037497
1762.9936532871156	14925.239822118505	7620.845403539583
2194.628307839318	15046.948939789816	7372.892236448084
1617.8038569832443	13044.490125546943	7521.4608552630525
9950.86402470876	5528.241590253895	5552.112373420175
1594.3408996721062	17348.069528848177	7001.459252723571
944.99636830301	15858.724296830833	7276.850444646434
1850.4037666375425	15795.105298928864	6640.248440549167
1842.7499635367758	14431.035084516403	7401.9208627941825
1532.957994874187	13926.063546980582	7939.214117337975
2195.114483287915	14664.478083722457	7276.686794691678
2218.3325121004777	16492.25678704995	7091.495595094893
1148.1570875694435	13523.596673931375	7502.75740977344
624.4565433737562	18390.304166079626	6413.903860579552
2496.467306644061	15043.821900376877	6334.422845620415
2221.536863543848	14816.038037254038	7230.430582006046
1812.405484185507	15145.852840724578	7083.369314308465
960.3147102150753	14279.592756919934	6818.30247086343
917.3906266737545	15126.990942871573	7070.337315265795
1433.7792648651912	17667.9229769826	5282.048590606927
978.6739685850158	12946.308693635505	7502.766740014781
721.7385428372957	14312.871892571551	7321.300370339025
1624.2881419979306	14962.748030456689	5486.898687412176
5637.126792724896	7609.09796284567	5350.104381056664
1557.4112258895263	16204.730579061345	7499.001949823306
816.2916915742144	14962.758941299975	7199.981056436038
9916.955505254784	3803.772025980744	5220.244013944926
1983.7323321402469	13381.408423262032	7018.44860852624
1957.7042693817748	14152.415831846258	7550.945288816455
2322.1479815084863	14702.276575388358	7576.003692571762
1185.2446459349173	14530.584889936577	7246.232237739768
11562.54790658219	2983.684302067523	5545.853047117154
1481.0388296625079	15055.24981687834	7285.915905972052
2301.4461162924376	13837.40843425977	7450.823526309951
1527.5774862164403	13957.464241829506	7873.222873432955
10985.338399374614	3989.3264747622175	5810.87399169717
11417.28387920068	2218.382760622336	5739.404864656799
9496.37293490659	1970.2906353611636	5343.6670900166955
1297.148015675073	16575.796043316048	6166.102518714245
960.7130543851642	15506.015888316084	7458.270906941589
12170.412377515127	3639.4014474185597	4937.582736046179
2781.2511405631753	12369.184449548471	6612.918359203736
10351.262840467838	3152.0899567288016	4841.2256296445685
5326.131381027865	8996.27681149173	5117.846625457805
1275.0189188219151	15640.327139136538	6946.512325878507
1820.4292763853455	13619.81618874045	7422.074979856258
8858.992702939138	4611.737968008374	5617.8251457529905
1386.668523319355	15507.910626945053	6816.935694205611
1575.2016527029948	14818.0950199204	7444.580931144615
1734.1766442217317	11880.128556996704	7313.105915695359
1749.757873672867	18030.28396552249	6395.918927491963
1337.730103330936	15512.942371893774	7461.143248833126
1677.8635260947574	14737.605833249689	7382.053511451768
1817.1918224789042	15336.386198475775	7495.388874039482
1820.6912688368461	15172.23605859478	7317.271063185057
1865.7491048438787	14820.72409882472	7587.528824203629
11717.747984519365	5036.128366076816	5369.54045010358
8681.700135602341	4923.305485317059	5402.800778281416
2555.439924181867	16995.93970033565	6596.742252142122
2533.873117099286	14586.987193446015	7144.147818276443
4381.597871356002	12040.275003738767	5345.721563854878
376.97132238796	13970.743411972411	7299.033848915496
2552.7354623322826	12918.365372258751	7422.461613859528
2226.17669182833	12974.543097721755	7548.299191756235
1690.1033312878433	13904.990706766926	7485.812349346884
1516.4946263650572	19858.26152307471	5602.0926773104065
10715.214052953852	2770.3603242025156	5264.14025935604
2107.656322605408	14147.51414138232	7151.332660207899
9119.560769807904	4357.378290429121	5770.17517809217
2166.56408651074	16794.898715834934	7105.577703754621
1202.922162185469	15555.22570090453	7100.7701624404845
2594.83769364581	15632.757563009904	7935.099261977448
1796.1780173533505	13608.53370808254	7373.150223639132
2515.2638488520383	14303.843925308709	7414.203555168942
3014.8402967543093	16467.22287583231	5746.150750111021
10940.122991210854	3248.7777079291827	5471.440491129144
2767.3042448756296	15452.527067756671	7550.474540741183
1121.5923721077866	16054.4050177779	7479.263604000665
2986.286183262048	15075.985416245958	7807.088281868101
9846.425308849111	4167.070475263673	5893.39708123057
467.3822672850929	14647.591884219248	7471.146905318651
1396.1046158969825	16166.82528124928	7519.031152101825
1460.3202350378772	14962.792783230885	7136.573088604379
216.12380844282973	13700.404325966414	7120.8190169316895
1532.4587260791063	14850.380977366687	8197.551448492313
1463.8089449463046	14352.597788695026	7785.494193667103
1378.3388262394335	14016.553139108073	7555.393645123591
2701.8949668598284	14953.377528306826	7146.077976715274
11121.868910792862	3331.5551930768506	5567.582537983542
8510.19660498956	4196.181706690488	6058.267132177326
1777.355177241684	14532.484573632231	7192.597336685466
1367.52981043253	14041.010857594714	7731.207000652132
1467.9071450600177	16103.385485624065	7720.839167177673
1515.82302489081	16853.14792042218	6749.11900352272
436.3685088333448	16653.448319645988	7022.809560231745
2589.3740623804083	12813.759036345687	7219.616395636344
660.2556515676562	13521.69308097004	7385.2391737177095
8833.814466217458	5420.090897984954	5243.119425454342
1908.7252431335467	14376.884973409635	6828.575266491366
4608.636078533633	10332.311620742	5289.314335910533
1640.929229898692	13165.295398575794	8018.215898389257
1400.099130136646	15370.9410518345	7496.859668973487
1718.947891862284	13456.355868745337	7874.551712975059
2418.171503770672	15775.861893234183	7292.629304448598
1130.4195406224646	14596.905820207294	7486.677759983595
1014.4471002608938	14881.526122077843	7409.446026276487
717.1381649058686	15010.667159001065	7593.237103125843
11085.379829002195	4297.692070831131	4800.120241086329
1981.021448760445	14941.593335438649	7866.958603840683
1434.635651615533	13759.985767430815	7459.6076418184875
2288.6279886809048	14719.087571837737	7340.913130356842
2053.749695025358	14120.789054821951	7455.385883829563
1679.2360883653093	13993.740440416897	7553.360089930697
4020.4339224459072	14266.658824668444	6944.39251619062
1446.5658957138985	13476.496401549763	7441.432698724281
1062.3509189191877	15206.539761335263	7546.407696143112
1472.9027620767774	14158.911232417375	7543.15220894799
11762.607513395697	2909.5982722441972	5666.098763608404
2376.46758767671	15262.497572092863	6443.008174479613
1493.0086874637177	16175.737109010171	7853.806330650789
325.55892422156734	19260.096445317347	5293.8039250077645
217.69616443604073	15598.202376267413	7261.276445727694
1726.5500291940737	14778.866205352826	7335.954772128163
1388.3814483310666	17746.92538940158	7142.854890582986
1445.108858914603	14699.437882144995	6696.921647999092
1365.6385496600187	13680.102090469856	7563.578812224914
1467.7231415532021	15315.357969023162	6995.251416624556
278.35072053490586	14669.209104197958	7256.692016678493
1995.2909867114383	15244.550951786478	7474.150217371515
-20.784371082412232	13483.179473258662	7811.968489500387
1692.3689299790794	13649.696375677417	7862.148277976558
688.5742784559069	14416.898869007751	7410.677452685494
2761.35210305535	13716.747334356616	7698.903488571849
7353.944556750009	7508.626782020442	4557.023671802494
2487.464225129993	15088.150725802589	7752.666909093981
9536.876862265315	3905.325218987789	5836.5759631972
1357.2006298761746	15717.636832591412	7536.69927662369
1500.8721687685704	15383.722590168058	7168.111758078469
803.2458837865562	15424.38117754275	7216.2151576350425
11343.28868648914	3794.117493512439	5134.1017832965745
2208.078333016211	14732.58869692499	7212.318366364154
2019.1861715217963	14441.844428286875	7425.866492753468
1433.012232307413	14934.359342706683	7511.022768123322
976.6494924442145	16461.922166201206	7593.471920737461
2859.5976261322644	13397.187943573668	7709.6078693744375
716.7451589221233	16783.5571196521	6798.976096275364
1486.998165509833	12931.61575647948	7591.352575613209
1845.4528703228798	13204.423772186037	7282.0694384787685
540.1960504150293	14827.390272535858	7130.264548181157
9833.402512474517	5144.825661028611	4983.374317203512
2405.13282015277	13971.291713621353	7310.561248695576
2235.937793671196	14634.884381101438	7292.545025087668
479.19274374466096	15240.865237165386	7276.385166493157
8059.713030766926	6555.95047206535	5279.733134821048
-203.8330081841807	15992.921123031216	6828.292503013109
1090.7224442127188	14475.038450925258	7240.20809187245
2793.595138802764	14828.084937059415	7829.568229455502
872.7603813569913	16422.46313242784	6781.90337031185
31.664746182363032	15987.040065295845	6876.558949870697
1993.624339986284	14135.647848455239	7335.4800378392865
786.5626708784417	12652.791019556158	7888.680056992401
2251.692196992882	13981.69879346492	7081.88503332508
2774.4566097976726	14739.019561489189	6591.906295927928
9326.180210084143	5384.102056092631	5588.273360306756
9964.787534287649	4166.738412643964	5734.952558312699
3847.6822525352827	12753.48757824436	5073.49707433201
2521.872951945877	14851.916994101071	7395.196503972165
10083.489924470075	4322.450361359462	5222.903519240604
1882.6409198217411	14513.270275491035	7563.971857330723
9716.708798937005	5480.710997769802	5363.101066054949
2901.3110981610803	16003.785640429438	7557.473025119745
1751.398511019537	15714.093188672858	7475.71225020823
335.996774412007	15758.220987080163	6062.060251944565
10203.69569286232	2900.5737374133296	5695.475983317762
2114.997760592309	13979.164288000502	7824.17193266132
851.4560644841717	14838.416561941676	7490.05178998121
973.5742307082389	14290.332428413318	7483.535070032288
5278.269585304577	9661.379091982113	4832.252466815337
163.6622272516909	15812.529774223147	7739.662440631749
2034.190669731684	13342.73400269698	7433.93766881037
10179.479116410661	5270.535626078893	5250.452012312282
677.1365147777498	14875.692890654052	7329.6534254572
2216.4465524850975	15895.042906453848	6991.085548612484
170.840407335001	14774.442935838179	7286.955696682437
1564.6059619606444	15487.978587890231	7313.577078126951
1615.3705797791395	18332.45227690263	6434.0324166783475
1319.1545612238103	15387.212956197785	7608.636934090073
1240.0754482491986	14954.934340849542	7526.971955687229
3559.0239892236955	13570.828297386104	7755.490788695829
1177.3305148543063	14332.293587831324	7894.835424365705
1346.8196765471516	16022.555136502926	7175.155902754804
2155.3893670751286	16985.76081994376	6622.263493666211
2174.321422894166	13188.736530230337	7839.022615377766
1627.9880522458213	16362.490219234787	7209.160795657846
8930.613616577397	4149.8886813726385	5392.258792100381
1358.5560689185609	14436.147461857774	7851.496305930584
368.5056505669291	15873.962781662953	7503.10662773833
575.7057673160541	15429.523237804651	7345.305579962199
1519.0249456683023	15396.977407221744	7008.241032354681
12534.235190924564	3839.6455512774905	5668.945709008741
1686.1814431775142	14705.755513179629	7051.790935560266
1457.835798706525	16084.334120673482	7537.215951612541
1486.823120817329	15469.14524558177	7199.065072900402
2070.1778719877652	16592.136422120995	6076.498291461732
2227.8785465939673	15672.149105238272	5594.562250527396
6189.038690830656	7724.088749034605	5643.730760666013
131.146592742671	15936.042444217757	6980.852970787449
1646.3714815254518	13636.658021439023	7669.745247706339
1577.7953832992698	15001.209691598373	6961.953251557956
1702.1235505304576	16233.58079350958	7171.242034233561
1518.9548904475946	15578.379452789148	7484.963790245559
920.6849669102145	13800.914790516028	7807.373494242676
862.4003102769026	15232.189737116638	7436.393354429198
2077.99164513729	16138.019554871345	6068.948139086662
225.67739052266555	14784.869997431406	7201.780978398297
1392.553513662496	16400.720584994957	7414.845268128622
2053.4065243571963	17628.14480993408	5985.591928742057
2289.544623789078	12198.709591779796	7713.411458512216
1941.075023349547	14251.913719015622	7396.286342776845
1154.997086395111	14608.103384544142	7679.130516708721
2141.237917918331	14398.723405419654	7060.484084089194
2216.2983172420622	14866.232870755326	7118.240878193377
11219.818755005306	1668.3977074972615	5526.526425584433
1281.5926661927156	15430.005566751155	7770.427129435557
6701.10700790442	8618.086079656012	4830.468184112101
1365.3039746996742	14270.19117901664	8021.317403923072
969.0083696540688	14638.390746676305	7617.4507164382385
10887.792061840642	3617.3047237382025	5651.887506471619
2914.3230543246013	13890.551715489728	7437.956932289857
8592.884274299235	5244.059140969446	5364.4797236638005
199.03531776375485	14785.9170267838	7485.411151960026
1755.3316451435517	16238.702285810134	7213.746555681111
1678.7003936651945	14399.56212332152	7297.890342752449
1204.513841500575	15173.28912564594	7668.019458697643
1818.169336028182	15055.136699135533	7800.352038885842
2167.18346613298	13783.577343016086	7654.560809024275
1622.4921572986327	14958.162712551548	7077.902327428331
1327.4465717170337	14552.900145030977	7518.560467986377
1572.9550019942262	15258.590220748867	6405.760409072008
2242.876628935644	12639.928889255423	5244.054899989849
1530.9217434312782	13499.0449335031	7318.28435312958
9986.915578288399	755.8470036863587	5360.051732397007
1227.6502964882577	14179.479428301831	7778.628321788008
981.677840167634	15528.233905562896	7373.663234736642
1685.3495365758379	15810.998229453415	7288.987120610582
2719.508440594646	15149.651236693291	6882.10753724723
1630.2474767659069	14235.873084606994	7491.424547807886
2434.265392222247	15425.716650131653	7855.257691861919
2220.075991427979	16829.167097736256	7039.4985754596555
1453.294494163198	15797.64810173137	6931.09591492178
1839.60289825642	14349.053905556635	8563.752907028784
649.8168388199633	17569.31677649911	6647.645964784013
282.0992896871495	13483.616416698309	7324.2906530770915
3448.1091939089424	13151.244168690084	5760.025291202246
1302.0383808607526	14979.829711048424	7797.563353355641
9532.659342772862	5555.014945856493	5016.92125197912
1791.565461832808	16823.430401228903	7159.094377392614
469.55474087255334	16273.876858602462	6857.559075859135
1459.869582780169	13765.386246339363	7300.948532403892
11443.649001703183	3051.579933873592	6270.482173923252
10690.056624420098	3084.6572081076242	5588.154685476616
1269.6813845864642	15504.794825923509	5739.686297976642
1194.4067577104822	14257.82864393793	7964.223331940399
1402.5699220526412	18964.04154610349	6222.439640523938
1469.3408458630631	14823.19898913933	7425.967656006301
2039.8567137410585	14548.186300341567	7004.142590942698
7713.790635407919	5211.9771747744035	5347.992478094445
2399.56395867144	13611.807238771507	7976.670223059187
1588.0625395209129	15451.405492745713	7068.265927898457
1985.1756763792969	16142.567420785766	6802.086223042266
1181.9229572598524	14878.427165689956	7428.215952733818
602.9456631286363	14795.70054465092	6878.430823271415
302.0129948918981	16441.027052062425	6734.2631767710955
1474.1253167161603	14350.966390178739	7175.566001902897
685.8354299016501	15221.688784428825	7470.180805627803
3278.6345390347046	15932.685870568957	6914.46418459585
1458.0928454456819	16523.50163642258	6582.598440587488
1732.451962090334	14465.448467593224	7207.712409657992
1829.4576310949249	14121.849794147556	7860.951051216679
1292.7486828835067	14039.25402412061	7543.198694340528
2544.8811265611403	13544.595515859803	7592.242259448197
2464.3950153251394	12248.30000649749	7582.111999814496
10031.283377996815	4920.802705089024	5264.2959830734835
11820.868437092575	4235.867736342097	4745.004515060248
2102.0827091897854	18487.729151164345	5875.702671708714
11344.79682498331	2914.2387121573847	5560.310510487164
3004.9155500212523	14547.167474910399	7284.871104597719
1158.3396637289234	16377.627891440265	5785.083227136388
2779.7884538716385	13294.255350033232	7547.536714561019
2188.8086501075736	14697.320268200941	7789.33964343337
1388.2452801048973	14322.310484953912	7040.461688381831
1687.7833154520822	14805.309506003614	7771.026117895771
1332.3733294172487	15947.002125293828	7262.4175452852305
10436.056726174083	3676.6252791994816	5641.677653000973
2671.614912284166	12990.27297823469	7232.889679673509
9548.58362864203	5064.254890179806	5776.01130412597
10036.71604055805	2093.2852373705246	5417.57908951915
10693.38443583406	4749.6104451454485	4872.237622883412
10663.237026859522	4195.118454525649	5088.54655620031
9127.614735291187	5480.075994712703	5351.095796171549
1587.00983910617	15863.628705182622	7292.701226281413
2188.4202653227394	13484.483085413343	7770.220918716833
409.0501310315675	14418.280675580812	7566.331663182737
9824.032337113187	4143.176576075736	5065.208139593675
2457.827019204831	15128.746594874194	7484.005029177627
11160.266265693226	3281.947748662194	5503.78172370561
1952.0849276024317	14016.223108464266	6908.068685683292
314.0764795866525	18695.146416040112	5480.781574504584
2858.677697394233	14258.783660047491	7493.502568369874
1664.9508624355901	14324.919377565642	7355.929678885589
1947.8495939843208	15979.579484124073	7612.735502763337
1047.8388530859922	14356.602719847153	7565.233581265429
910.1229653215652	13405.440080085016	7276.870315003643
9598.182796136094	4395.373231882395	5519.4352955336035
1502.5875451650243	13505.633066262053	7466.00200657826
8251.027317224749	4163.766888025067	5308.193441941005
1929.2668773800488	14246.379583510157	7880.180653154186
1064.9845592493245	17318.618220722856	7164.7355868161885
1719.6248040408423	13917.04594226399	7712.365399294712
2591.5848753736977	14773.396222121957	6703.790922868941
1216.4444183195337	15556.902578097204	6344.856738204033
874.7113808286955	17315.798429411818	7201.742661043174
652.1638208364514	15036.061483542055	6735.073390576831
487.99802353600904	13388.266045157234	7682.729460652963
1663.8771426577823	14899.07558193155	7110.856041183865
2119.3312359289876	12934.72363984126	7553.68588192399
2228.057225290831	14208.059954255417	7817.635431064913
5503.065876196807	10543.658846699167	5970.287633978988
1893.911269175532	16408.706764098064	7216.2765519400455
344.773627231139	14888.319382212718	6790.165051261454
1426.3038942461387	14623.33675201746	7579.55851267437
10112.316658828764	2835.3698646076787	5276.574462109475
1798.3619829322565	14053.611372366993	8082.046879879947
941.2468281909183	15715.402417913812	7642.847607266489
2128.1818342677793	12072.494487494507	7503.261130781614
3321.3160953642077	14002.967875863025	7720.345855830459
-34.224439723198984	16919.22375211261	7057.041154559476
2212.658666027409	12836.78702849303	7741.039872226991
829.7409021256422	14888.57340613749	7011.450295073817
1853.8955566214527	13882.85980850997	7735.7126753009
3189.926301517901	13841.212377749749	7603.789761763042
1435.677002403865	14654.815482109321	6956.57262502929
2629.110299130549	14639.037752037817	7500.926375356687
2731.292279118375	15340.699620655158	7350.250937399913
2128.7279512353143	13828.07414825376	7244.3612787245565
1875.5157811274157	13386.736151484312	8203.13610930834
1486.2990138319008	19689.887580172945	5933.843910058231
834.9189200709513	14144.353053958159	7416.378232857577
10340.53651249636	4343.884302789861	5951.942015055123
2469.5679715180386	13904.533969810329	7185.151470837227
8711.68656845257	5049.790591124256	5666.728584462456
761.7471552578951	15362.960220034029	7646.539447947456
1838.9176331480594	15680.91317376944	7131.095001825877
10703.775440850855	1364.0801926818726	4775.632960044947
2031.2090979149136	13909.996469335583	7610.422004434726
10138.352263136789	6090.786127617538	4868.965503273796
1223.3664144960653	16491.94040136207	6778.87769155638
368.03298622188777	15546.020393243087	8175.735349940606
973.2875793443886	13646.080024281051	7938.615488519091
1709.919700808128	15255.792641988568	7648.827646546567
10269.398429799001	5015.996274360515	5492.000617868931
863.5306859009659	15846.370099087595	7815.117257461221
2338.437799867868	15817.638906588287	7664.146603526692
1343.188061330558	16498.80926521997	6662.372861087725
1710.854868871136	15426.543361852542	7308.627170593029
558.4550039933822	14385.784106199413	7507.401816328763
12147.666827443789	2176.917335036684	5659.175711550131
10797.15223651154	4753.889215119438	5044.542260406282
1445.18211482136	13534.765054439915	7392.210299466191
711.4218077659278	14127.025303287845	7372.990714277359
4838.048248293612	11186.339583481113	5544.003549486573
1840.022063895379	15878.709024619797	7424.000508794787
2859.6322053584386	12733.262438725822	7367.698270640279
1830.7186194132155	15952.803310993404	7381.283642422185
2474.434066529373	14416.96002527507	7703.028195780865
2058.6608234090154	13692.79961765333	7690.482347181363
10916.858817485092	5001.0442259084275	5983.143847520452
2039.2293068662693	16908.090676413725	6980.317469705995
9973.715572844978	4840.657702395496	4943.77696102035
1417.763027927204	14605.755214463526	7458.782679847151
10377.634153142533	4830.946562680687	4978.334005898881
3551.0590740675248	14536.015683693795	7552.480996842922
2661.7246981125713	14173.36793016521	7982.729937751644
803.8591309216336	14910.544929359006	7408.665426501529
-110.37959749560775	15938.811487185587	7085.435012741248
1249.1521478354136	13291.29991603903	8288.797062306485
10937.096431710377	4811.85497101193	5779.8586534877195
10088.412330597419	3582.838639561381	5074.147049115149
838.3474149748329	17373.128621970638	7646.379615846862
211.93952700724495	12531.683024230733	7964.269617371727
1594.2599656773557	16200.057922557377	6816.21703033314
1691.9061242980647	15043.485598649988	6464.077620756677
2759.789886607255	16171.629181733973	8097.738117169322
10174.778034634986	5241.652168176568	5678.67960342782
2974.914885649108	14698.201188506144	7835.996625258538
2259.1811112291207	15022.8788581517	7541.833677122903
2072.943819365897	13658.917506574826	7303.165806223429
1228.841685350662	15835.935580775362	6857.434492921301
1236.9201063527098	14094.052883111237	7570.45639100845
1342.4435201130193	15586.92922870085	7610.512739057403
1205.2497129335468	15624.639144427114	7625.282827212283
1886.0510901290033	15260.305792769592	7718.994403442185
1541.5755515405124	15159.829033377448	7116.240995153802
2859.7422058295283	18477.40819299621	6661.712995184465
1491.8374201513157	13994.283692491497	7705.251760253762
2106.8539079033717	15926.54534452835	7191.0283564574975
3008.9180201032423	13231.894114993438	7886.019784411222
1951.5039804762773	15663.138421935733	7822.619251754103
1454.3352121923515	13497.27599353646	7483.29160294605
2005.4642894548156	14421.161841887822	7804.4132370492425
10339.782107887482	1334.8310510018084	4914.735798796975
1367.8264463044104	15539.174317536861	7311.4909636017965
9837.278974333323	2390.59128699102	5781.733099875925
71.90252593075421	16757.818129466377	7441.644678070062
2202.3468981813458	13308.138565495461	7562.659664741432
1784.4478185943374	14933.560247633735	7963.157405028502
1067.7102755451426	14241.771553527373	8080.211076776536
1814.4686056419737	16446.02230364232	6748.149501498577
9837.981586215055	4234.566646399383	5729.105023332051
11113.282511355226	3462.1086152858716	5945.609513843591
1053.4097211622784	15550.841641928804	6196.311901939286
2550.83958032166	12955.140584958324	7052.936628241766
1664.2370841617628	14922.201662194222	7895.149617500903
1892.397360124529	13426.173478128696	7514.341985198495
1585.9295259934038	16593.623703461544	7630.712210996042
9997.228046353797	3881.536674700144	5444.994452395736
2012.0314261670867	15401.94673785	7519.2981502527
1258.6858150010385	13643.710667041127	7677.4202917674365
-573.5324675951024	14562.39886189624	7038.666457494323
24.92801171993163	17309.510108318827	5422.43246093521
2687.484369609941	14860.616499423551	7362.676767254345
2402.350506702116	12413.049876289426	6268.885712964129
8182.617352843135	5896.970446318425	5004.538883360253
728.002570692333	15845.734197325342	7487.512645883089
2939.144328423431	14282.950233094874	7243.100074814445
818.9467780474203	13039.0213370818	7721.360721297389
10236.69705406933	4898.160956277471	5274.496567271696
1951.6013187817682	14953.27050487717	6993.037139612153
2087.506331722086	16930.88203321058	6745.531614398013
2128.521204835408	14267.340567365687	7636.953681477434
638.3677824749356	14863.991254928884	6639.660953134925
1628.4378989565384	14876.880980145055	6722.21693190982
1739.1235467592167	12845.847423931764	7729.823162050857
1603.6320691083747	15334.53594653198	7299.803072710162
939.7257672900553	15820.608443566032	6073.405098408866
3222.1080891494553	13639.460711977383	7418.161022108503
9486.079141097067	4611.074561754144	5767.894794110857
10376.714088953502	2840.6173478781798	4524.640406659706
9186.04958523012	5221.980642614375	5045.3977685577265
1751.3050538767409	13689.464463645512	7508.1123087260885
1250.3670819189254	15606.53040065341	7932.838562999447
7170.313994208609	6944.601981463442	5170.968577387626
1895.1604976157346	15693.701547053179	6892.057686422915
10710.05547275836	2828.9966130221455	5111.356908445174
7264.816819557169	8860.216927109492	4887.950923959398
1437.7139138079713	16254.098517526476	6760.066907005707
567.2415300514377	15170.131594564773	6379.524502978268
2223.505248344365	15801.461892818166	7342.041058635662
1438.140624450027	14297.566800596218	6464.111912775275
987.9593553700525	14851.351229567907	6694.201578255615
2186.2671590161212	11775.573973970188	7885.908654876241
1754.209362550085	14779.036832570277	7296.874862648848
1321.3825183983868	15298.293600057787	6786.505887552408
1198.678002133628	15380.051253940403	7405.073530064446
2522.115431279646	17479.387670176508	6369.880807442887
600.0139571469482	12704.068883176074	7659.680343654601
1206.134911566761	13159.330139314794	7027.584579878097
10881.899481568122	4227.961251975257	5416.0253867388965
3235.6681041350453	11802.805886977656	7462.4070711369795
9650.644819438694	3810.433531263043	5930.113665049124
2405.73368734142	14009.69305058344	7648.608880411054
1754.8387962232716	16413.379457938325	7459.6081555154615
339.69690177737795	15725.471446423875	7177.644113443032
1813.5131396269885	14970.732116107642	5513.913199843284
1789.8481767307928	13175.446611904887	7243.188806043859
-2.0822420190070003	14479.83264883487	7531.950943285141
1313.771291813068	15315.545527150563	6789.75544224832
966.5238105740095	14813.421088828321	7537.187794920999
11455.526020302685	3347.458393417386	5768.436223337308
1062.0259122710272	14688.622959274435	7248.078054510045
2032.7648630050678	14024.206791580626	7470.470142168798
1623.24426842846	13828.092988596902	7174.143930939866
953.0162627975064	15563.153237250943	7576.808649985256
10987.606083976803	3483.385864981615	4888.735582109012
1725.3890311079506	18914.326218664708	5586.0624274701395
951.0788603079259	15228.811162836102	7239.774131119201
9077.482780661932	4735.531855605373	5267.002296945891
2930.9660689086504	15206.784587788128	7742.554150113212
1221.8624223802344	16578.725152110594	7242.751592703155
1278.6802271797847	16466.436382091546	7101.366038694386
2317.289336998253	18347.346572002825	6463.778694484461
1187.3752015735467	15134.577661959624	7356.7803256806255
2039.860207796218	16807.410257974705	4943.212890920786
1081.2407014187202	15032.463646952674	7644.514083922242
2306.433443513778	18210.157656468746	6051.238478796204
1591.270265067511	17138.398964388358	7606.384777783336
-231.92963637463768	17367.298129872564	7045.812726532443
1514.376797712083	14559.737544459556	7544.939163607704
1818.5818438682766	14211.083924541776	6968.015269394746
9941.605565073	3028.552036165264	5176.538567744644
10243.873702337845	3907.7773649309797	5305.571922235152
1477.2137433902706	16396.98015031219	6631.005615629678
411.94513921851166	16825.445280565425	6913.996540713937
1525.1913276065304	16472.871373340786	7524.15399250512
1580.9549627103947	16197.769127545655	7905.912423329568
2308.791868767905	13656.658530245535	7110.082534058954
1038.5616594575724	14743.555693672359	7011.764696590236
2021.868881172433	12743.976676972785	7578.683294866017
1275.6013709512963	14825.015375868192	7281.354168091616
2051.682728909395	17931.339526526517	6269.979340394557
1394.4985345853863	13990.919356675966	7778.19128597436
1686.7577681834507	15141.892697670846	7118.3913770572535
1873.1041286872933	14441.34694210884	6941.9575549217025
2174.407356366401	13983.762875268076	7392.663693998375
670.228181422639	16076.630237779555	6664.964943498323
935.3958535741334	14273.145988757244	7320.882566879279
1537.774825127644	12926.054331280235	7199.402407483803
2315.8016385878614	13585.539008423546	7327.544628065511
1341.7977304614533	17001.1940603827	5776.871768031533
3621.5893714181284	13745.644308097686	7419.133053773732
2640.203235417828	16188.10055178084	7471.138564272515
2004.9111686345038	14559.057190541227	7134.730084861014
363.96919546520024	16191.650410810482	7110.946013472478
2364.6634841941873	16430.740274891767	6451.011203884754
1965.3761306228862	15883.069435159354	7264.199075415998
1308.9209210915942	15500.921371748911	7223.416615464628
1083.69629662759	13985.824338858369	6512.665805269905
2833.7711965066046	17318.035303036522	7249.246711250371
940.8093945967835	13028.907894859443	7295.912866092762
2347.016191160051	12545.556015641687	7530.505388119469
7207.991209917577	6460.799150163346	4833.81118215634
1093.645296306288	18547.53326019031	5108.939254552414
944.8505363454026	16886.90827197746	7533.522229264655
3555.4478340015007	14913.0976786883	7062.261910288416
7020.629908631	7519.396010967568	5469.663643110839
1442.9640391469284	14025.533796168353	7441.9917638347415
1007.5807325905251	15190.170598950355	7206.38799165027
11737.79380373869	2669.39604836845	5999.573582958054
10499.337518197422	1705.130346996786	5473.261845467453
817.2884124713473	13141.725115469322	7227.395615422752
1362.6479827575038	15404.401704199596	7443.85316385159
1303.7702018819473	13923.196073047218	7629.0446650054955
2112.8582052455695	15080.11655769684	7840.737205717738
1293.5132129247636	14614.669179632921	7045.595787957248
1980.344412191506	16031.075117370487	7392.088914774415
884.1525666236865	12599.595399619539	7052.797936839701
937.3248925387368	13816.737340712134	7520.82033896158
70.09698199969756	18194.24575080737	5141.453049167565
2935.751626926896	14433.622639377967	7007.536085232549
-655.1890646906234	14256.995914136403	6816.000466869722
1970.1483338951882	14564.646760619567	7152.660253950076
2979.2859465155416	13552.733644690106	7207.90882136523
2283.372928504325	15882.470699439998	7247.207360468487
8045.5416096744375	4951.118941570533	4972.144790602734
-109.6093377826241	14875.180669665782	7554.703871332884
1848.4375981776036	15644.123473787651	7715.34193942361
1091.6474812039612	17140.291221921056	7041.68308439783
2108.3678707813287	14995.200101018383	7602.00597441758
1389.4262084739842	13881.133825556402	7592.742586793911
2422.341777835287	17463.63572826107	7419.487836900086
520.2607346468313	15194.204182847525	7841.1875744240715
1855.127257870595	14192.88122765457	7036.3810572623615
1785.1720657978838	14944.852093322063	7260.4076249228965
1053.2936114600602	13836.41564284701	7298.374803615548
1339.8985432864918	14930.977778812408	7653.232941080502
2013.285251233717	13915.43734675262	7479.937496663256
3026.259373585989	14620.57080969762	7245.942027026141
9836.93791195847	2976.3425301346924	5647.439203337775
2250.65020237269	14731.560585405128	7736.017464990738
866.7058147256402	14147.437447737862	7507.357384908428
1669.143060881656	16302.24599725591	7204.82217785183
320.60596348569766	13628.276521415424	7585.373319969661
970.8809331316158	13535.595528854526	7296.041958540407
1761.2793615676253	16894.92799323784	7089.238926631904
2774.3053596291084	16873.3814691309	7530.867058128316
2688.4489893291407	14730.07977426728	7195.9155655043705
756.8649195804729	15275.39931792475	7482.662577834508
10862.658795350195	5023.534694966047	5697.3658285680185
8104.401663572898	5076.7314497020325	5599.212984921991
1743.8935705910467	16397.766955849223	6174.584409545293
548.366138713104	13753.403175705387	7779.201569204737
11859.866036006708	4226.688389329753	5106.293548338431
966.1759060012571	14951.935232566786	7468.103699189451
1627.0771058822675	14160.797622969649	7381.319609412864
2257.7345945993106	13995.12975122762	7796.911836618935
1791.9928918767812	14845.79211499611	6904.197978948682
2170.616528313104	15802.945371150194	6980.120989535042
885.6323146879848	15585.261945454862	7431.500385058509
2258.736286756041	15735.965286871226	5390.634141069758
664.3752591514153	15338.667423161362	7076.967468184838
1957.1216537554305	13072.659861018627	7443.876381468756
3368.6005704563427	12450.330994444865	5187.474258555422
1347.9310815525196	13290.470469884922	7943.610089178344
9355.454867848264	3771.123950921015	6001.4717041997155
1630.9803430824727	15661.565003226026	7230.401332887374
1462.1868202805676	16017.920314110701	7237.1474653719715
132.10446005543514	15621.591229665879	6748.003309746577
-56.25082537815914	15784.046197072204	7793.068873072517
2630.2366389359927	14140.089558480735	7821.1234330153
9493.810256969975	4207.027900449741	5462.882551287752
10224.125864066655	3803.7437168314705	4897.498844635861
521.4579027302893	17264.04052482812	7181.904562076432
2129.68618911177	17103.595129322995	6724.023085147232
1942.7750769479374	16267.149369876584	6102.072051698554
994.7006170316996	16098.73299550055	7012.049997434938
572.1286421297391	14728.029132418218	7542.841439787009
-5.625199208334475	18527.76478030768	7487.307359351457
1657.1769404871798	16962.06679884611	7561.773804665421
4090.811577852546	10826.875052560788	5403.0397741025745
3470.564851941786	11506.006008833925	5265.772470119332
11171.722265979417	1982.0760838595822	5675.038577850019
1580.6050937332986	16350.22017647146	7956.145788820711
918.4995463545208	15117.712374071065	7170.9852773509665
2418.5159880006995	15188.723016392089	7597.117646166103
11703.812587187056	4586.949164779583	5316.9450481382155
1588.4442056847156	16393.38275884592	7581.062734279377
1884.9789113350914	13418.009903878134	7225.017898132694
1384.2521409341055	15769.484511095894	7253.388819125821
9108.370207855343	4719.382124680842	5047.354510089527
1841.1885387321095	14973.360953741387	7326.477217924578
839.6319969368022	15763.801399279222	7688.81544759693
1573.8516603801886	14006.986159608185	7246.852249608768
1163.5456447881631	15194.676224471921	7507.607243976906
11737.717684828054	2466.8378861155584	5335.703608156033
10485.946641688528	3700.8578089599373	4852.9009058766505
1801.7887685070377	13053.131032083204	7509.740981423262
997.8775076468902	15160.937297032397	7429.63406427362
2909.265856010959	14375.443263233392	7139.589295601752
2137.48832713897	14854.668624999838	7137.802196301823
243.9705375344577	19047.616050657656	6127.772912017738
1784.5878065118166	15862.469002354635	7109.421668371704
879.6223996688491	16123.153376284996	6925.91470399331
1098.9939893198014	14708.463838915344	7182.296080902658
2531.072194080559	15669.753743646577	7730.155568020785
4270.751256351073	15647.619164772415	6979.988048513299
777.3422560193214	16331.62573816356	7776.374569834149
1306.976523745893	14007.492879774054	7128.874979962907
1304.555747294687	15181.576079955576	7425.16629740655
61.40423731474823	18139.966746640242	6684.13777494799
1707.462067238342	13850.936681931651	7287.660739695367
2038.9476026055072	13886.020420021334	7598.363922610491
1956.9009196086383	14282.021437968264	7440.266452020159
1685.5316201591304	13101.890213595523	7754.043095929392
2512.4598843450913	15013.334259300547	7205.417658269651
1208.8908433228273	15494.54426610823	7528.035238133767
1372.4547728804644	16019.508541794918	7562.978582517638
8257.677661720736	5045.487304444796	5431.599910838646
2120.056979170615	15522.358701265128	7062.301323131654
114.47849218778558	15331.018337963005	7605.204455543334
8698.240434032989	3886.0873041561904	5907.126572859166
4326.448640027775	10774.298330191039	5547.708449399691
10340.407350797474	4733.333717921608	5103.366313475075
163.90497274269978	16855.3481753804	7356.742412970188
1034.2048808325019	13322.215463181623	7366.771158816797
1110.6106974616332	17292.349146054217	7347.246432808841
1707.4269741835021	13226.805201160656	7828.787813067585
8293.242768995517	5747.89636688277	5866.169864949038
856.4993164207472	16855.466881232383	6682.287354292881
1386.935738218064	13411.578644125431	7582.233723566354
905.3160991271085	18886.169623244525	5616.01832793703
3269.1680537827224	14541.501777108519	7682.736200463111
6187.910600936155	7205.659536064343	4715.50516005228
1965.4963015473882	15048.723839095906	7259.50796814806
1302.4949075755123	16211.571223015131	7051.171879598923
9590.721450860312	4367.911774755413	5812.971073782695
-545.9496806521676	16727.86186633249	7187.3272505529785
2144.773126880245	19212.463730491323	5146.585736662689
1991.6317560705525	14401.084390294709	7495.315011905736
9167.249878357297	5522.099326881724	5168.910794294299
1090.7602466241187	18051.90446797345	5673.677189917231
1561.7549997606409	14904.55875190271	7629.155335791762
1055.088556590921	15714.146858513446	7613.335113372037
1624.361348632345	15080.757102274485	8032.188589745386
1153.094811836384	17541.18639924344	6117.752836330255
2767.245001501029	14489.906088618816	7755.437618451037
2368.1847937665457	13787.938805749027	7600.3551364666155
2959.121474832556	14157.293407812256	7641.506071978714
1457.2819170959406	14937.870054574962	7759.19208359036
2564.770598598683	14555.30620200094	7897.921326076549
9919.91011006946	4045.4300662847018	5340.367165562536
1780.2395458332307	16125.56436327134	7302.525733600048
9669.651655505204	4275.025491744072	4822.411635735846
1915.6995902643307	13666.349858612182	7564.438086723233
11327.114138810155	3987.262568787081	5003.264471215672
3105.964341775203	13703.47998922792	7702.29379393073
11026.879515916971	2455.735114945349	4847.321792979162
1758.1737786251938	14468.850323262881	7267.411750140255
8017.722489087458	7071.57680583198	4669.749045176505
10516.33509645803	3041.7197695050195	5373.00392440041
1721.2903281155427	14490.621676263314	7395.368384177089
1144.28477410756	15849.673264239389	7415.650088241322
1326.34176442103	13251.133526075964	7865.293779268574
11073.502537879285	4506.4050203271145	4836.856306069962
1722.8206674658004	16603.48374326192	7824.819147967549
1219.5882378543404	15250.406531548306	7094.903111235517
2043.2744289423313	15608.32169121246	7028.3714853016245
2005.4213592100477	14618.607594574405	7668.889935181025
949.8204094657652	13707.649593903272	7547.5629918993045
4112.213475723117	10156.062746478034	5486.812429803926
1536.7835147845542	15640.956528362529	7213.28153538429
2336.7158182397693	16981.888888570676	6675.249536035342
2312.5474310026243	15103.65715791252	6843.581196789991
1063.0244345163096	14167.894689904297	7762.523942040197
11713.61726218949	2557.342178586138	5638.174550935208
1423.3499864676342	13644.869328224295	7723.859815780929
1746.743079211267	14441.497070085943	7506.7526616995165
2592.307404829485	15978.067440574376	7480.650904470019
988.965745381098	12414.4978707058	7660.753696296203
705.4317246443024	15481.900646739408	6935.470883994527
1486.590263657789	16620.098633086538	7373.132327844274
1371.8461039600302	13771.107798923304	7430.165127225455
1907.8380795716523	17676.621478173667	6217.629267463113
9292.200252062514	3266.5353641638953	5201.169259283479
2262.9538966416926	14470.892487992745	7823.79615394874
10769.003655352599	3897.937981392771	5311.516301308421
1810.6387274586418	15416.356347043014	7622.153743401636
121.79377960939928	15244.787643078671	7589.80636702069
1938.9710620256917	14735.995557057055	7599.604417629899
1441.876147103895	14458.078383977514	6859.262418618972
1392.0433908560294	14661.716832246735	7025.703520800483
1807.5403807279797	15383.93087604208	6290.080927548334
1066.0772303490585	15030.972226463193	7296.482884984253
2678.5689942774866	14656.426953642625	8068.119574702763
2311.0773917992456	14659.385506408746	7521.365276587828
3413.2289890538827	13189.775626367145	7428.390355794679
2024.156108378881	15049.0896254543	7629.623082507701
1611.3151829967765	14974.232476911482	7468.028160898998
1897.1923744299575	13740.54573461475	7446.880389653882
3062.749470999685	9717.876129535069	5504.318924643779
9573.02044722666	5360.995457284745	4844.399878314911
2045.1714182929322	15077.943651856112	7411.771175669596
1166.1662333107272	15312.645530097938	7602.3212806279535
1875.0954977596814	13932.766333096803	7401.06340974228
2405.5326027085403	15118.221696254886	7306.353280041402
1437.860899700353	13066.583375660815	7713.980864205481
1838.704048025444	14723.823343657368	7085.159422300932
2392.7900149274205	14244.158910674145	7388.77504726167
1757.6621895273304	15019.102279565683	7847.146703162657
-87.30435596309574	14527.079587244663	7437.292604230653
1075.220666585247	15444.397980959586	7162.346979026219
10542.094553547462	3862.9527924873055	6111.92391812383
8445.476982313396	4761.012559471376	5201.354121744086
2848.001225769507	14769.273565350388	7092.787049853907
1707.064423094176	17639.324231558967	6110.506344370045
5418.046081158947	8152.7449937127485	5868.949717794446
1504.11197772912	14745.91722779222	7535.726106520416
9449.29222189716	3678.7533035300935	4886.927913225042
1570.8742544048391	14901.029356352847	8018.060855655601
2275.1530859329387	13311.59890586881	7545.165461774421
10324.677511215777	2479.3482945145033	5771.201465650061
1652.7111611590913	15711.698402972817	7383.741945405419
2558.4828296250203	15324.92382683939	7214.659280193188
1712.8412914484647	15081.409328073381	7217.093953989323
2608.8444233999858	13167.52686239785	7354.288363767194
7919.589406031352	6753.88414912769	5270.725277877306
2708.202101961259	13960.937298923294	6814.1946624409
12038.856655139432	2354.0283381899017	6286.28903578049
2053.381805642181	12920.128095928543	8005.989439705281
11159.058180783964	3393.828558435383	5134.0108738562685
1496.891287696871	16301.121878378492	7900.435751927265
549.9337478333309	14913.115650120426	7213.71027402429
9415.568946403835	5217.2518940244045	5494.927975839081
1379.1960045033895	16233.552128141931	7760.665996856056
2475.3474411012085	16391.2267078825	7941.587187652761
1104.3664505314077	18392.996232822916	5459.677805545965
2109.5447832509903	14873.950221690306	6959.353595310579
1076.9153063362749	15025.033745190798	7502.279662756576
2001.8489378849376	16483.133842721258	6518.17128243349
2188.6168195827745	13415.29136789623	7010.5147862718795
2832.359342235278	13984.923969001338	5926.89045300629
1510.5334596339783	14653.10351913134	7851.69320216277
2232.032271566019	13563.801585699968	7167.75049461898
8604.848642521822	6050.122758422298	6050.190926034006
1370.003151160873	16193.63547881824	6932.439494436002
1689.2413666250666	13674.41633730172	7559.370681957227
1829.52553612983	15589.58075794164	7635.642940486803
2214.993853273759	15516.28265536795	7682.901172551475
833.8510660163633	15180.62644212608	7350.234719983885
517.7174342044854	15588.8943703973	7300.753253069503
1747.207429378928	13247.57545489705	7138.383736306471
1606.1171532037918	15503.113221829499	7082.807398522695
1389.2055838867673	16033.087737322301	7394.576317134408
8081.604544961211	5344.060375004016	5101.390387729914
1983.5906567889863	15045.93368892362	6473.806926546086
10198.313942426938	2478.1953535771963	5598.495067939916
409.1556093710058	16767.768330070776	6238.711812844683
1334.8547823204583	13456.88790293366	7616.127644568405
770.2978588768804	12866.582423171594	8136.997554471884
333.29315596000197	15832.80747480431	6854.786371891768
7968.652597985173	5355.904003606815	5503.867397855938
2488.9240727218103	13504.773814206499	7492.931683899149
1528.828888247041	13903.803688389351	7323.725505887302
1710.682245294416	16586.942464413296	7292.54627505975
3160.7579697168676	13995.559828731277	7566.15882070875
664.5723128307475	15883.739393251773	7312.058639212609
9928.236740715036	3152.6288999701724	5523.066926983363
1535.0948534528366	12904.983366831197	7740.967844001037
851.862087914432	16072.51250775645	7917.802536070811
1489.3316998861292	14468.578329659678	7595.39730052732
1123.5665278938163	19465.896745029306	5601.3214839139655
1226.1406161703017	16506.59309212643	6485.674873658636
624.2952215581031	19415.617395907007	5488.664144969834
1819.4028574601225	14129.123642261631	7304.112338361318
1235.235466614284	15734.324760167512	8068.918872214282
704.8359044930129	15471.149431654627	6806.677076355382
2721.004304885938	14771.452980732976	7004.258557079105
1222.0181681198483	16672.98799957301	6927.066721192754
8241.89007375275	5960.8155569873115	5353.027344547167
8527.35623031201	4803.662159813732	5273.8831149063135
3022.875625679909	16408.642681779867	8074.825880405142
274.73482061068324	14044.651162436587	7548.835782148744
869.5463752255373	13581.134633273514	7468.584635502124
1606.991222504079	14026.711750352782	7662.289998938538
2877.793162100625	13646.420454838419	7610.068494426539
903.8102741440438	15378.07709324526	7742.594941009299
10169.184964189646	4252.2161234458235	5652.417111491975
864.6023386735997	14364.957209495024	6921.858758291889
2884.5801178146407	16023.567089046765	6846.63939636676
2205.102299108548	15424.926323240936	7161.196498810319
2586.3784923112084	15095.932896063272	7746.045948155822
1470.9951997743997	14004.642518761091	7751.956999401453
1461.2587481853996	14625.27833000853	7514.510903793797
1971.2592854861991	16148.503327345901	7200.3357942154125
590.531821207894	15471.294396113255	7086.9097964645325
1414.1189975006937	15899.03459608027	7860.99170117857
1902.5878939436673	13650.813684978593	7532.6340902615075
1017.1275890363024	13880.36588731691	7469.5964515342675
10411.494087833124	4921.738382019518	5209.492785340064
10589.882918419282	3925.342746689196	5485.197453194464
1180.4200151124164	15346.381957881687	7827.547038625742
1619.5637179524074	15229.919350394459	6844.575675542376
2230.6107545186205	14907.999184179012	7640.3659523967535
9494.722678426968	1380.7267293820232	5000.201546393532
827.9484634924893	14004.951044730922	7521.417931494498
7321.662360065053	8585.840758285953	4649.277433904328
2219.227455798107	16484.843924954686	7381.263600249882
9025.10381983214	7271.3323679179275	5253.15011242957
359.2401308307415	13920.592481835523	7727.80837314747
2247.855610981154	13944.045653497042	7190.974314860908
2055.7789453993782	14025.62373457502	7610.946946366066
951.9393879188352	15876.659606500032	6413.645283359484
2389.422231168656	15170.274711085825	7553.970270836155
5656.881297765117	7079.783406780344	5246.083491309284
1907.8647154259982	16484.39293804768	7136.916079034966
9630.90718868348	4595.020025060641	5292.998856397557
191.38406374464964	15732.324458803141	7051.2579753511745
9516.64715802518	4009.3907104750792	5738.489723950925
10916.305448629808	3575.3688038241826	5287.819551377094
1869.0768405794463	14397.035781055929	7043.680115074492
4932.42955531167	9074.651008916742	6142.98126645788
957.8616272917053	16257.092331441647	7159.297699084002
10976.206403936076	2359.9279285243197	5383.319931823063
1418.011094558606	18047.9568787151	5967.375217904688
818.9212712310024	15587.78742468706	7188.73302026373
9520.393066346212	4725.373814946462	5176.58442852345
9154.320486986047	4577.745841041651	5521.026733782589
936.1658742608528	15198.942854484412	7761.525876939185
1388.27666886545	14780.44396785792	6849.592671030129
11468.765549044794	2165.0121638568967	5559.487101957069
2256.3061090169053	14305.040526369925	7997.2323396503725
9177.22154647663	3404.506286296092	5714.9811865780175
-559.3632111904291	15828.192156857638	7244.758835257481
9894.5177581937	5486.257636324037	5250.922744304439
2580.5217712384547	14013.434217195658	7079.211587191955
3130.7875356173013	13244.817556530916	7300.071175120112
1761.9867044387856	15028.220810052528	7394.439280244137
7357.704301315399	6350.040324505753	5251.129813009563
1240.171704994481	14767.998311123094	7519.519149741189
1347.7949860083957	14696.559322162662	7095.843965416452
1322.6595054297893	15268.723277003839	7507.351150923177
1854.240980019033	13116.075363953601	7401.728090720521
2034.6377504799073	14438.678331934616	7438.541586743143
2651.7828348172093	12607.99586564364	7114.803044485517
3332.6020466173895	12730.346019074177	8043.008715583923
332.58888235563506	13520.458853151013	7388.208462756532
683.2934882573035	15905.921294275067	6932.961826487563
545.0315882896213	15464.172982822893	7378.226525554362
1738.3848039745778	16588.359175871305	7279.118203877004
10324.212107883022	5359.924046161489	4864.098053933814
11181.484830468098	2400.7539725878946	5790.154714461599
4053.9090260077305	12447.5785251225	7897.182874833264
513.8954915938472	16221.171467030417	6834.957682606142
1695.0417486790495	16338.829377659238	6465.952197578035
1764.9877954713104	15645.45910764482	7487.625183054715
1854.552725474389	15039.203142087612	7184.762897552969
550.752559187516	15527.050372918138	7359.778752672655
2759.5982095688405	13469.029720345487	7369.619342589318
7600.648332245719	6741.524371150308	5596.313951230504
1890.056188179655	16150.63194092181	7483.285145221111
10993.35168749465	3823.765429836726	5682.166469026158
592.8899818891373	16247.439097551378	8187.20702665112
2287.6246995359165	14511.363216519194	8062.126108629776
2011.696689917815	13242.012822229666	7544.483202273012
520.3914053686212	13358.416590367988	7236.0078464364815
1693.5085912266152	12651.32206010081	7388.260667942753
11850.275247778209	3075.613739484441	5463.4365386423215
10049.80579820424	4505.804943381421	5281.542742459302
2488.2474582510963	14815.209101333077	7378.612549688164
2286.982964869076	15157.85617101514	5804.052402475647
2064.082010327862	14522.665858487813	7167.951994465474
2648.8456675598063	12920.985731571087	7842.064730758535
885.4051211555889	13514.27111269736	7481.774842144507
8646.5372152582	7496.905151301754	5006.415554193631
2300.945250197765	16082.666068467117	7052.844642862164
882.3984757881954	15019.08679877099	5986.324924798943
10001.78628489691	4363.507238748499	6306.425168824758
1329.9262492889122	15378.350627047583	5902.946519651773
10102.900387411348	4052.3519707707987	5216.017415460738
953.8050793053691	14413.27168935135	7265.437876585899
1488.2752882907505	13785.829960147597	7285.103072874807
11447.282297097228	2429.405625037255	4937.239207507122
468.8623767832431	15703.529997230578	7529.768380013686
1384.5513200598264	16565.031702585504	6129.200664074346
645.8197163807846	12825.43623085745	7173.513089362477
2385.4574604733307	14929.781824136908	7382.300308513149
2377.2632413018146	15548.975467329752	6800.995767103989
8357.132798661152	6253.647034428829	5073.637836480359
2319.2513514239713	13353.936591297488	7489.8705000007285
14.140415112824213	16299.454813032691	6245.186299056186
1970.2899632519625	18239.947885094396	5873.723182257606
11412.694528880795	3890.590836487089	5012.265465336179
2479.986605531491	14005.540511472413	7658.429453272198
686.4765007711346	14942.55589183783	7643.766731208508
1244.0242827988536	14404.99404596511	7775.246621438617
798.6296486008686	15975.998809915693	6101.544645096507
1514.847725216919	14611.495636753716	7468.4622794329
1627.166074911074	15250.90494913969	7439.337731288747
9551.84564249531	4223.674973588376	5420.396149608212
1818.3145244689028	13631.872128568286	7400.449085133547
8136.758830709274	4844.320985422946	4907.927609017259
571.1515856698659	13967.657328507381	7326.459237772517
1326.6529306981772	18670.321954964696	5146.704797903936
2139.3420347222436	14342.913997589649	7603.1415160727665
2595.7626462570975	15542.404649548314	7526.720185426345
1135.2902993269176	13220.049853919894	7477.907112242713
2001.8369381317625	14690.597573568113	7122.827777214793
1223.964273957997	16989.183173836063	6957.5313349846765
10560.2283940586	2836.993498734358	5764.042309927196
3320.3817795005266	13044.369823119794	5548.8172536723005
2057.1201031428814	15655.50326479164	6917.716922463202
1668.0135088251159	15600.82156623631	7859.3003537228915
10209.92579098518	4885.076165661497	5716.309190346656
606.0069068985673	15077.629886455312	7490.005120386221
685.4627750615642	14630.230499759187	7434.842112662298
7604.6954615698505	6396.751012219448	5262.82315839879
908.3633665647175	14988.039236068687	7827.218040589265
1254.075683506655	15188.072934973381	7434.830142031639
2351.5262784299625	14219.859465052643	6854.595128890212
2036.2239374898513	14196.501245998423	7910.211506575015
2695.4028496869178	14576.958896649385	7416.588963988428
11281.527604939489	1679.5492750298033	4889.042927876194
10979.392206208513	2801.739151912685	5005.838477842428
1251.8252041024339	15904.737332803374	7474.3083896684975
1400.7390454655917	14363.453955707153	7318.393365138392
11145.307170911414	2684.7082647951074	5321.4185036859535
1497.3486481662344	13251.14820104003	7373.620794362971
2510.1174703485967	15576.141036312432	7459.848532427196
1386.327781182107	13433.923838004022	7499.211016519868
1340.6145768560145	13812.466425275345	7704.144452647577
1264.163181274795	16582.488305271214	6744.547933777375
6867.779428809962	6682.115424371955	4814.959083930054
774.0253210650926	12584.54511531735	7770.646115075505
10363.140997806284	3301.064657535352	4357.341548603131
2337.138488460554	14251.879716209925	7434.561085490649
3054.146115431055	15307.07076557536	7618.469152443436
519.2385765366747	12693.13128992808	7532.34307863956
10665.283419045794	3075.693611966056	5234.264787734456
1965.6701158098115	14826.651560858418	7431.813359664278
729.1819797956302	14424.081517324765	7351.871358858012
8775.085798348955	6527.51686335858	4785.927913883834
2421.2765828755905	16394.285860845946	7282.520404935532
-255.82199327652728	15093.680347350688	7016.714551751226
2219.4970934402068	15091.618914840727	7699.579917156626
781.9797230231027	16088.246635937143	7433.248846335464
2018.4861726719323	13837.405575830357	7404.111707355363
1893.0098222073625	13773.885313203535	7856.382524917607
1796.2094763754105	12332.547695511053	7379.734548820857
205.53090057461876	15442.93634008338	7415.876182065728
10484.391252475625	4302.38426154428	5039.926931974601
1250.1340590500906	14419.916262236757	7131.103632182576
294.33365746716703	14109.180974676412	7916.321269857969
11269.92839330114	3446.899487504783	5235.981694584368
8499.991503494282	5411.818239729817	5694.115291566514
1263.9599409844732	16994.635444810403	6884.472709291989
1761.7143193958025	14387.04904871975	7515.7898553742225
9356.109198052334	3323.6453404880745	5147.5263957943125
2256.0088354293603	11834.358151094322	7657.968436187026
1627.428658893914	14217.842545562033	7897.583846545288
981.1198112606546	15030.62362672145	7294.385065738405
1516.9545151508498	15745.227642386706	7226.938490539718
1851.3093477604232	13419.971267210522	7520.935559512313
1956.0151886431247	15061.986818166648	7488.67554917233
2048.7488772812503	15458.825629729852	7968.965420027361
9274.608408959446	4044.021281645596	5188.29224122106
2041.3676955744581	15867.39031332391	7442.384013529319
706.9072425491363	16843.882487033236	6643.630582101398
2278.776497513853	14352.217173696237	7537.322052024392
1415.8951862228744	15168.465164499157	7532.395728040199
1716.5067630246356	14429.465727821718	7496.041600438589
1517.5863983631762	14043.818471233093	7189.2440700963125
2039.0738764491693	15275.461530400677	7724.377580593075
2501.609615535579	12766.446337600322	7769.157990241813
2079.9830443595456	13361.385244203475	7201.451221573609
2035.6184199917918	16031.155028499605	7589.933032507467
917.8613011886777	14830.101020616154	7346.383131783929
3172.8206628401244	14123.951332648416	7693.012173183381
9924.176782870169	5630.548499659018	5543.245523250625
10690.784510389907	3112.1540357919785	5523.70205048118
2152.18264292687	14361.258549279608	6968.162844559897
2386.348661701151	14370.759015377622	8176.595170972451
534.242013013743	13910.207914773455	7095.134004375412
1688.8678481524253	16405.691794559792	7343.674589768511
1350.8067247113504	14667.320072155126	7632.272498556248
1055.9646661855675	14630.729838862002	7556.936186732634
1933.5895095690366	14252.590729060797	7190.221888862347
851.8618168195757	17496.64929345473	6388.038413344097
1985.5712496270255	14519.734874259299	7455.665567544154
10303.139975387974	3365.3946643590684	5069.597193209097
2554.3662934569556	14083.868102647484	7763.483269005914
3176.916734396583	14598.13068968684	7118.970661667974
1968.6262841140415	15678.974589975407	6347.03595047039
2855.424080251926	15569.725783822634	6838.349834625869
1118.8162494184785	14368.174570222209	6511.884168911433
2018.5846575528676	14342.982907252417	7574.869306067746
1376.5550926222406	13836.36618217401	7059.13717089203
1984.33466473354	14730.823924685112	8118.683082152019
284.78505475537173	14650.600812574192	7431.687748593455
1159.109914495577	14631.211551729013	6932.854570768739
410.7416902362954	15005.964988100888	7413.209137981224
1865.7534443299621	17119.639102927515	8241.892991240242
524.6237602087035	15033.630690220047	7906.179946863838
1046.3297068760337	15691.499402749381	7262.053559507663
1465.4077734498292	15017.360227601292	7582.055863084755
2056.281241149518	16517.84305356625	7472.847255487431
2472.875643839927	14851.835157868612	7308.610879222708
574.6549110076244	15267.281586117082	7132.853655457657
125.68138531132126	16191.970205985514	6757.059887372861
1642.475623201705	14343.108671374821	7668.797773600437
4443.995644467978	11588.643859767762	5455.811744248009
810.8362746953986	13818.668003946508	7783.989894755593
1073.539396730024	14868.628203625993	7782.838149608406
917.4142934553527	14727.875662487822	7258.2700103951765
1743.2411422839477	15560.66431398319	7630.080079657334
10421.029592239367	4549.176251228981	5237.4793157083295
975.9347876349003	14552.819130290101	6780.199024185942
1516.338155250622	14368.823255278414	7195.778617304114
1713.3432416367532	12883.045419835766	7185.030639990374
2610.1143972796312	15989.776190217046	6746.541279023589
1149.2653411113643	15345.664953199364	7664.096478706663
1220.4826481322236	13563.784520878806	7760.700392010074
1080.209793120987	14978.659761639523	7076.923244970086
1508.9816716185242	15967.939776235327	7110.093143418804
11589.87762695654	2537.665371277409	5520.16614244922
242.37409099173837	15439.290793227705	7322.795231420212
499.2508272838008	16108.873096638556	7216.68367586542
10181.741717502442	2625.427306203238	5195.870039124469
510.9911896675024	14566.4531254306	7820.904176075552
1778.4129931472523	13316.399654209787	7908.352498348456
822.8483201564272	14756.714051256977	7065.7555352595045
1965.9502881367873	14111.96660558681	7267.14606730359
1947.9319874123453	15964.287324026978	7689.617365005038
1424.599518903222	14830.10790595498	7246.9983638948315
9946.245255876573	3514.9043766752325	4867.100992260644
229.13055967416264	14440.021804935473	7376.8571351822275
1019.1143097586285	14767.561007855666	7135.311322411376
2590.934888441257	14879.19249556633	7340.27469276956
2730.738101894249	16233.010451636357	7383.988841877612
9885.069605614337	2796.856214679523	5231.5759096495
2123.1819025326718	14955.948880999258	7591.818542542075
1763.503926629552	13362.80151973027	7205.025052683568
1736.944461418128	14988.191253379779	7242.398187076154
1522.3460002659817	13566.05560528961	7813.891434414707
2545.3317265633846	13884.971181167115	7447.117937840094
468.4402883334388	15844.115552282776	7409.950803193274
2427.759944234073	16476.19920249938	7659.444030381686
7476.318908035113	6039.816482140163	4923.47269255874
1144.8190413955062	17300.94091923528	6529.101388997561
1267.8012535801606	15303.843516342033	7309.07831819293
3055.0281474291623	15153.136425253959	7592.73751114268
1948.0033169217797	13855.171809611473	7727.357223221474
1729.1322731376813	15470.339384890294	7103.837253877273
2481.6899561915566	14489.522656205216	7396.039201378374
1425.6999639176586	13313.123423923373	6976.39619878546
1267.3038929167183	14803.697147270863	7152.830060908014
3535.6757296185147	12816.925105384205	7363.412568308586
2776.132211512824	14520.030866159286	7752.988110606079
1047.1841288358498	15476.45891171975	7638.652816874247
2215.671124927203	13497.63983870455	7499.543037921439
9344.083647716452	4987.050935443238	4998.138049105756
10868.045269920489	3885.65191036162	5349.353896899471
11025.158151255555	4352.719783632593	5684.155563662956
711.623546803041	15542.838037651954	7730.732007672478
1172.3285701368782	15305.217909993273	6868.152882097348
2818.9853219697643	13825.870963215595	7090.974481749389
2377.6137373903575	14800.239685896497	7432.783388802805
8485.877818773433	3858.3127587444733	5187.659551670903
8735.162934357953	5807.280829071823	4728.757018740958
1647.6286182753759	15582.94532490716	7118.734708704985
22.932519391038323	16791.372375363873	7198.999245653866
2281.3371966477675	12446.882818839185	7743.332728348991
10644.674830498354	1115.782049314818	6402.799003611993
1947.2543166549178	15231.680400640455	8048.003070371676
1707.9280686393815	13932.34603023379	7815.951856447492
1713.052474928527	17176.56117253899	7082.709042562743
1685.739682627449	11870.100819034657	7511.290551898322
537.1794282590538	13522.457842054619	7750.410931901696
1763.788622009068	13915.006332500887	7461.974828179234
1217.660080671507	15370.359989232726	7924.321341694014
1711.6899363763484	16688.27648007741	7102.301715622858
9564.023286952195	4213.499477839608	5165.68547892993
2282.1049955835574	13640.184643286524	7329.74350979586
1789.6540861995925	16653.2370784093	7225.663805062247
3072.6800335024845	12348.857890514157	7538.07342163255
1428.50367150416	14797.72576700675	7332.239537143787
1295.3549627857058	14660.391583787323	7478.396029207266
1701.4116547554074	17104.6466428995	7189.744273810487
956.8588152687295	14200.356016031428	7705.990786091786
1792.8260008753784	13776.529694330395	7291.104577040266
1655.2242740606116	16979.91639049509	6739.98038287747
2254.808717229103	12261.594669448285	7485.859273824185
1700.040464262872	15002.072433328489	7408.368655146789
2681.0152087736756	14391.196856140963	7535.322028547033
764.3812944221518	17779.7661330036	6444.041829221288
2465.1941079942676	14206.545518632656	7564.95984252789
8935.991204917886	3641.995931844484	4908.0547085205635
10881.29419064877	3159.1502492711725	5053.235015573523
1309.260552466957	14371.745660567134	7313.836160249906
7058.713825110467	7265.410214968766	4961.937710735858
1072.8552443868152	13062.512974690957	7692.338597183289
12221.97557607475	2659.4069894934282	4912.723071473342
9894.04185966399	4195.041997993209	5223.69637564238
1603.2752651713604	15121.67690508377	7470.439928730698
285.0226304356678	18419.83717371539	5592.951368384332
9415.269813824672	5225.321464731105	5758.039140970634
1584.4383016632887	11959.496931610924	7546.085853636905
1458.5024020065518	14852.238097772148	7398.4790709743265
1897.0884653687003	15031.054277648727	7462.8797805349395
1536.1975885708116	16244.770960928778	7343.981314628587
8682.07558921188	4302.858378262662	5115.014086121615
1862.1873763507622	14605.252290293036	6816.937022545172
8160.219936657113	5258.150649186709	5322.27945184123
2189.182498546223	11991.554786966532	7638.689241775343
11601.101020293741	3463.2382356264466	5470.599805524516
1120.807610871904	16433.439995847333	7372.001908459054
1491.3033318027733	15667.07247635372	8076.156645989388
1917.6006892727378	14879.920865265642	7531.95022811339
1705.9703770642166	14632.45187616892	7691.732855694694
973.6976391538443	15422.9790679641	6631.676959575091
8686.260361695888	7167.472069609754	5365.944966416397
1018.7050824621955	13416.534788382265	7859.242658574868
8305.23283632522	4506.833800908773	5486.105990882487
11515.29908883566	4376.615298471859	5087.982428465559
2597.049468558564	13732.812553491056	7403.027281670776
1203.5496189938929	17406.307810917962	6591.568355458188
4069.20591780617	13597.289011335215	4919.229756436483
727.1398913508385	15680.325689205127	6686.879193994787
2505.4793767457927	13800.522971407874	7447.2688876338225
1428.2321093489068	14126.459128489792	7848.98648378257
1311.6226502706484	13166.665914025463	7553.280917441768
2090.394227839554	13388.85271477006	7426.763598536111
1141.4012331233278	14923.399302621043	7682.412220977073
1358.4632751269155	14384.312964168435	6971.409080477107
1360.5945002369451	13987.895303001747	7607.358765878268
838.2801120501846	17054.955757355045	6281.747898509033
2147.3270253328683	14265.465792159022	7947.524732839426
-1.4909306258517632	15956.497915723436	7125.913289014225
1014.1347972755716	14500.81516099807	6782.845377874722
1711.5304154536966	15360.131944678962	7466.942062667113
9219.551941396163	6227.839195724141	5353.076267190582
2175.4523953739067	17649.623721368036	6166.585979969406
668.8344619565064	15078.411897721455	7116.399320906018
1830.2503843054321	14101.08810594871	7469.900653435303
2055.517971675431	13538.080303613271	7856.403913942663
974.2528332535464	17312.30375442078	6204.779059130481
1677.599518157686	14357.807711004809	7501.75618302739
