8306.651036287089	3529.910203047511	5155.672794623698
10363.858552791771	2700.765810206001	5396.750424846086
10790.126443329955	4436.11688273553	5440.777572102558
12749.275733293436	888.0753641713453	5399.7604559775045
6306.763795219266	7454.234762754756	5034.487430807209
10614.074975920172	3976.1894278470354	5680.1037862748235
8814.674868962	4859.285191769139	4874.102577290332
10695.875421019615	2708.162770581318	5135.777195137251
2127.9872447177167	13736.406160234905	5785.788704215964
9912.196190653489	3810.1473906351844	5181.6735449198
11545.26257920303	103.90282140417374	5647.272477226308
10404.058799653749	3833.203533513839	5243.168191955504
1673.396206227458	11981.37318425862	7505.273857704299
2241.174320143884	13661.000888208075	7201.689602411464
9908.029300588192	3244.9185347882426	5648.830736119801
10145.640007539641	3957.378420404701	4734.690405067335
12180.395447117658	3543.11257449587	5982.966864805538
11611.531037836021	3765.27523837139	5002.517160740196
2933.703298517342	12258.7093431443	7287.8522953354
2087.7484879623594	14475.551030047742	6343.67653276518
11133.403459609264	3581.8501771064425	4519.953696204764
11465.23553630239	3129.697697518842	5950.449971679285
10562.57494292361	1836.25370185461	6160.871621288184
10462.511856286173	3393.3119453375944	5440.765759261879
9158.62554976112	4550.864467346005	4893.962689447062
10388.43649917009	2351.7404948817157	5440.229309730404
2101.0283045905326	11480.491345295724	7383.175761703948
3265.603886839659	12848.510834538278	6940.053146947115
10379.558576359459	1929.2118349857765	5681.163907438012
9675.029232475286	4390.5718288218795	5515.824349035019
1211.113587593253	15691.538803066785	7052.528555893269
10506.20211110709	3450.9417118603947	5243.591429335359
7908.281846066603	5427.951332641884	5384.231621961325
1647.6324774494185	11296.953599932558	6727.952664740806
9195.808573552553	5175.072649105704	4572.731033793073
2097.8476958097713	12246.915913948158	7368.446532378038
10758.351148231266	5012.173573078139	5944.105007413356
10122.226508693217	3178.965661911029	5522.69525326648
1748.117744551942	13738.601825754493	6900.226489937007
11436.992219061902	2781.276788303574	5277.940364625884
2261.2511268589515	13216.008435055666	6617.8420258828455
9987.84844732801	2427.9743387356957	5759.881384056352
10241.038048622955	5432.541665376699	4961.8337825755725
2469.705142640335	10760.820987822177	7385.539129551543
9335.838455182862	3295.520824817787	5860.477493996397
3239.9288289787496	10794.150900742623	7023.755840893289
1316.6035808165288	15269.244893228497	6099.40053605352
12179.98216587484	2454.279991500571	5112.017763973692
2211.4077017035042	14325.264970964838	7325.959358122905
11008.52678469069	4249.930271722186	4634.6298555179455
10844.793872293863	3533.553500293873	5842.083334389543
11331.533147173273	1913.7024571342292	5094.602016400822
2528.390876053	12446.047502595411	7026.051486885233
9324.300273268173	3926.8539945637194	5497.427542577651
11098.364528159675	2643.613309820084	5394.368456377434
1841.3912424651608	13477.285257161571	7393.97930733404
9973.831880724623	3932.506482157602	5848.624837035166
3043.0469318292976	13897.98384746626	6794.685708349135
4889.526400542114	8606.675128106797	5214.667915527036
9107.41485408403	3693.6508821856887	5528.616053504476
12277.337562150124	901.1895705879244	4932.850661221824
646.8435059868743	14336.875932314208	6986.487902748066
9371.360243136962	3389.8047464115557	5550.380068513752
1429.7527327665787	13943.961597632897	7213.358901126143
1934.1568429725562	16985.628669911577	5543.797749622322
9658.331273620945	5335.090538482624	4535.879541919288
8251.310368641922	4784.338823678913	5447.241293705222
11225.837460383607	2359.1291662723656	5153.047749503016
11538.701165025956	2083.8401733389956	5833.206063741539
11046.021134819166	3110.841815595241	5479.252141615588
10626.12286184287	3093.058398173874	5199.7598065196735
11943.084928681154	3215.1311638591337	5666.609426972255
1306.6495251706876	12962.194287104068	6982.384277052393
1632.1429396637495	15491.688003987807	6062.0645481874935
1398.4526732437682	13311.65054597358	6994.259584347318
8842.080515746804	5022.146501038944	5326.344985274902
8970.66013133205	5949.489397699267	4910.3082566086205
2409.035748114274	13564.590302315191	6395.895000056519
12013.3558581968	3795.2153732412303	5345.914210197769
9332.711082637625	5975.2872668673535	5023.540444273189
10654.965039457642	2820.108099136488	5334.4209531255165
11068.6655873426	3762.4751567973167	4985.987003837077
10824.049929218505	4227.805123785438	5233.487741310127
9802.296336503285	5680.892210696754	4855.595162240289
10172.091699318042	2552.8497144460766	5672.314077777204
1861.6509730869589	13019.998811446187	7178.459434572288
10588.885931086585	3115.585823490292	5898.585023895851
10407.498796577482	2763.78138996627	4643.316233978084
1652.030089359007	14276.644568204643	6799.107553190721
1472.8985661834024	12068.62332978988	6898.508824508124
1991.4402403107556	14199.297146984067	7278.704395209032
11014.63710285117	4484.853062258548	5204.418798045655
10395.073052786589	2569.8626598431174	6001.630281273478
10730.97140379381	5483.156277994363	5297.763830172566
9526.780945226028	4029.8099394081805	4717.781795425812
12084.211104885262	3456.177809868695	5245.893482467762
10067.9609393463	2508.25676549433	5819.367116007722
7444.967941296424	6787.803297974343	5572.541634295287
9874.206228140096	4047.8701656317407	4770.095431743114
9427.22384440368	5722.747497243532	5220.835345762527
11065.88358888786	2476.9616067656552	5829.431727940903
1823.9968856182666	12774.224053107835	6937.197979369718
8815.252024560385	4932.0164301633395	5194.007041973346
9708.42878946493	3602.668040866999	5303.796708280248
12118.921482591137	2806.4834982829034	5210.750789867064
8161.34377483871	5562.30932616466	5523.468105358785
3428.101011237767	12692.502432490226	6564.966114991585
1061.5226778797585	14899.930066976884	6921.69709477886
10724.31595454113	2831.3731868357945	4942.932058475366
11909.633263412914	3467.9344069473423	5130.390032987679
10244.847177479085	5524.525243105006	6000.578272706221
1506.3417071853764	13534.86242731694	6580.439577130256
2302.26215577053	11822.9439838743	7014.084577119479
11181.704124103739	3426.191407507991	5977.022804112756
1208.7248343395595	14210.271206737556	7323.505597489466
1885.698413307153	13000.676961159847	7175.611987906434
9547.360149741242	5011.890272490554	5465.09808991065
1370.1883496801759	14525.77477562906	6495.245687717343
10279.738864622414	3688.3437222547886	4919.234072705811
10634.483983928312	4098.251033920486	4808.8897378765405
11952.068746906776	4291.026302945312	4638.056984462199
10253.744501412042	4740.462840821084	5413.314002608476
12109.13577171239	2413.939758605836	5264.648019627943
2800.145538650363	11240.269815329071	7046.936499256185
10872.844058993163	3113.807462274063	5634.6187857038285
1737.294590389025	11801.131360668047	7201.626704110289
9903.6221758368	4389.183546810793	4905.572211140456
1627.054146141811	14201.294232017597	5955.250693004565
11504.27599459874	2401.3892527272537	5412.734032103028
13136.489444439967	2910.213404159372	4775.149840789118
9998.068998941839	4997.659500998346	5722.049156982252
10808.698423541353	3568.1311361474486	5308.318828716171
9491.320053404663	5217.420161881676	5442.557374284782
9869.859301073006	5134.6855772599265	4962.587937869858
9529.096643181994	4025.0453552815247	5491.323487183758
10755.681791086805	3422.130804596764	5401.770435662069
9188.101869657406	5025.173005956267	5094.649518932166
11053.838738884055	3135.631742132025	5439.289744364175
11801.770513438314	2263.0375359787877	5394.066616954522
11355.677864257821	3222.487153547064	5386.030116327279
10331.565859252241	4799.3164149161175	5691.545355937972
11721.671596808661	3520.2834206019807	5811.209475257542
4999.379513349155	10560.175675411494	5396.730703044779
2227.3400514085024	10856.756992355076	6885.60090508794
1373.3431745682633	13389.522150021841	7530.005374460024
12672.41947681698	2741.6059896449988	4812.524871716935
10025.666051473938	3424.664827314898	5008.01412121296
9271.089525201569	3946.532026759125	4886.647217277559
1480.6825245071661	14108.054676911794	7294.72274579331
10599.686726726944	2807.864439030808	5597.043182229241
11558.72400692128	5660.314457399337	4895.3642974166105
11239.542422573253	5200.874001727473	5653.2334645843275
9973.577381825813	3401.120847249902	4368.481987407551
11390.15820751409	3293.6733159526925	5265.581801758613
11827.713761543819	2907.480149828138	5050.373621987821
1924.9435891881417	13647.121936688629	6957.567581199447
11860.262110429143	2583.515112379941	5343.440159920571
10502.025557662071	4628.483146608524	4476.766566888022
1199.5589815821077	15379.430388114866	6537.8602521107205
11139.206840561093	2499.432809461165	5119.201207956892
2700.1738714181743	14478.995455920332	7033.435053377645
1154.9359924300295	13839.349644614367	7302.468804102858
11002.728233587848	2484.670974116773	4867.918480468333
10951.37052449359	2146.1357636522202	5453.818157931722
1529.3683895359363	12854.809115693268	7219.441625815212
10013.436036201914	3309.189621454229	4987.026120936022
9586.419989163594	3521.989978583102	5390.152143800583
10118.655090418879	4351.437439227863	5858.010721908128
11333.516369822979	2613.9620612685326	5477.5273270315265
10006.172083693691	4551.988505780834	5983.626106412202
9457.42231239115	4662.415498202988	5874.972348288187
12084.907557918159	842.482762094748	5374.2899817313255
10382.544882376564	4407.465354851519	4990.996209227595
10274.59690205901	3021.2312369206156	5534.129360346966
2735.014018928962	13643.782084141538	6587.543201804942
9294.436589102737	5028.752880089687	4967.014009564366
9819.297134813894	1484.1668648267923	5207.738082711662
11213.318041169721	4056.1606899532244	5139.502220489205
8922.24614943585	2510.485305977098	5184.487803121064
11189.115525807267	4582.308389111142	4582.106288456322
10443.850519324698	2400.74134527975	5016.623346698819
10335.07237320735	4205.838568109107	6294.999486691257
1575.00203847873	12655.243536635238	7201.079920117378
1963.407763852131	14166.805420900715	6990.746175854831
2096.1950438238714	11586.486191895521	6548.556951661739
11183.279117992543	4673.623698131905	5353.339411302012
11091.634066619092	1898.3652378350032	5077.859673486278
11668.747022370111	2619.2459481495976	5146.150539557447
10378.268013786474	4986.295218660664	5258.263463260354
1748.7791673135553	11887.49624671111	6654.524349066601
9058.31157002782	4012.970884523685	5237.758740027004
10149.771885941556	4238.905791151348	5472.58929404274
9730.118137178088	3740.602782330649	5151.525210565958
9243.408954293145	3103.0910866429745	5353.486316874518
10652.296370275626	3400.984043671728	4929.358084162623
10970.315707255188	3286.794489431441	6000.458207976684
8119.618376889659	4204.364139528384	6028.554947120373
9707.51144062934	4417.238140829101	5114.32727233875
1279.067662125476	12289.059614000122	7145.742028995274
10960.76203966319	4758.688965290542	5083.915174737
8920.999628149928	4623.079360106215	5538.666880221791
11067.440219858343	3828.0497840625208	4821.729587543504
10615.913373476074	3721.414545745906	5337.781272074588
1200.8286956533793	13176.408780157008	7076.295837010014
1843.0435648529758	12991.881342722212	7061.519199395986
9507.626279072156	4079.677487260111	5257.735369776065
3151.252458315477	13182.623988067498	5339.442586272393
9994.848206781944	3754.456072140869	5282.836992051394
1253.836728220478	12307.447334462242	6553.261495836963
8785.822854454878	4683.142833253923	4403.925349631992
12520.7631796242	3086.389170810472	5214.905743715323
10026.975925836248	4819.498447153876	4636.068408554727
11433.979938390852	3789.6189731777254	4924.6668319911305
8841.905259599009	3337.2136262704194	5596.025244539661
10183.428861480075	4720.967346958392	5301.4877926705385
9748.725059803664	1971.2858843932463	5059.3202357555165
3511.8716412308145	12321.563974570023	6859.582197421856
3740.4009488795787	11008.941397378405	6814.167105331093
11562.133382847043	2266.762414581332	4988.684783949983
9136.425452612842	5165.792430796128	4435.12435632694
1176.3369424490327	14560.555157973811	5990.950019828302
1467.5743072820164	13019.64287725952	6953.04176115067
10654.531418787043	1826.1441810544095	5207.566792560984
11538.415597357945	3747.321633163826	5320.699630297295
1298.4286708344798	15151.185097450116	6868.13472778745
9804.704781502498	4543.748067552941	4758.94147746745
11124.68101228493	3812.0377593574617	4791.709513879621
3368.0789943929626	10854.726636729825	6635.302214194548
10054.653416129675	4748.191686317491	4763.588037188473
10393.65044340627	2013.2495709785785	5458.793749732234
11068.536445339521	3271.338975010555	4685.171830394019
1793.4654617929377	13037.740381949432	7022.279881863057
7877.89709528412	6790.464088878542	5587.430006921277
1339.170356463099	13775.79303559304	6682.386137756089
11285.253992427412	2188.7652111018115	5306.960319705596
11324.851595420554	4894.56676394142	5426.631958114831
1310.2536138561645	15157.108598781333	6421.672932756029
8962.567829916477	5733.975630113996	5152.5065289236
480.995634066976	13086.399801471085	7139.955946498943
2598.861486620581	13699.368796400846	6743.765751199414
9864.48990246775	5463.627338843529	5045.757368060483
9781.048581646897	4485.487230435746	4677.643786500173
10504.09147660363	3651.892671547968	5306.165983135077
10799.478947560527	2782.5812958367947	4703.649774556307
11355.829452805328	3846.8033786125043	5640.78878247656
10034.76322295084	5728.70561992493	5022.384814521048
1489.6091321933086	15056.008165248824	5766.291159047346
10344.005060255971	1284.0347539266775	5427.422461587224
11753.508707336954	2640.7359538411483	5204.505468142259
11209.359810778426	5178.738431043495	4832.123894202034
11466.283763901187	3253.5785225455147	5536.267792158769
11499.78124406553	2513.3042261129754	5442.333071661103
10081.029740581691	4751.456362635439	4892.4052991198405
9797.73285289514	3147.9565282776853	5209.829423818204
1397.479709617917	15057.608352416557	6832.83277300458
9876.154162553614	2766.2384043632446	5503.419773842545
3028.89580019998	13345.072106972857	7506.954489506864
12125.645767709873	3522.1497231315193	5428.043996395272
11874.480163469858	3815.212991644033	5532.488795026129
9218.792687666813	3267.5349802809283	5622.323282479163
9856.777914667977	4689.184557804922	5187.573967547632
11375.146498181643	2860.8473705047763	5068.468517931388
3276.513021107717	11018.837188791598	6861.234329981309
7456.783486156952	6066.570198763931	4968.935803382418
13609.257835920951	2067.2489315384787	4989.783741201809
10218.783453327474	4729.989876342331	4791.114758114319
7446.113687749502	5818.1414406246995	5500.863368544205
9916.927162613016	3423.6836159895283	5063.9567691581915
3027.912894681822	11769.210485579908	6751.3626309840865
10468.183489670348	3362.4653963715423	5605.628593694635
2403.1573777239605	10906.827750914817	7409.740366992105
9808.748842687177	4394.585816889942	5329.269384257471
11099.501711645069	3992.576584022747	4850.128668103562
9953.636387842947	4128.763548685448	5057.053540777767
10297.207188410604	4171.85442681748	4758.3542083915345
11745.223912523334	3598.9055851537687	4832.276013289751
1567.0346172933246	10849.210373126563	7148.900404747499
1857.2642772095114	14834.8959318133	6830.168456338612
3217.083600227407	11280.619170988317	7084.801247968578
10726.191458838228	3804.0206344024105	5337.9089239461255
10791.131965830986	2924.077666634089	4916.813799846275
10235.362027996205	3911.644087320052	4804.650211464279
9581.160763761984	3954.225040406369	5132.579690138191
11756.098556872295	3740.34388054188	5608.676658666916
10791.077851273776	3820.7482803111675	5827.521128087614
10435.536283744266	4858.566169047133	5371.65799769387
11227.033926390795	2665.9129501072434	5578.429126092622
9348.278273070799	4264.805538031366	5179.5047468743005
9892.941100520367	2199.8051025745585	5639.398449947112
2129.812231946371	12916.128725985227	7415.411501569204
10233.228352475911	3555.617903058435	5551.396565560185
1386.4366047276176	14548.126758838014	6527.55689155321
1516.1468392806626	13321.714600379108	6952.056895946559
12485.862927270236	3378.559259646325	5165.929039412512
9641.819165134204	5223.9982592076285	4852.3545310442105
1222.3997822386104	13076.508865774893	6066.579638106949
9366.919049507085	4485.21455399286	5220.090017651389
11022.298857356715	3014.2011713102265	5017.438160847494
13005.145516702443	2050.6208638882504	4732.85523623427
10733.973156744978	5207.373905061872	4541.296438018744
2306.7732528955326	12697.611162496576	6521.860941792213
10327.62432302211	2199.2130494012013	5875.036336142165
2967.8313148951024	13174.026539224162	6542.579101098954
10737.671837590537	3171.1659187375785	5194.084008569583
10985.819511464677	3281.086781328286	5710.309681551482
10768.24405177047	1266.4694696121273	5616.844496519176
10975.513969485588	1719.9773642923408	5383.601027100664
10068.191466012084	3946.774149209797	5127.173099177247
10090.99162223624	3721.1853923914296	5086.706760509155
3137.5628879530377	12642.349638083646	7144.066964339089
1487.1359090280473	15991.685389387709	5999.3365100013325
9794.223011538836	4088.680263634953	5931.355643325111
11559.923006040082	2140.3563309775404	4401.481905730674
9149.521129554683	3696.3544799569204	5625.21333402869
11096.199161446777	3228.1893846812623	5417.939470343811
280.0218695111847	14789.088505840155	5827.246715331804
1120.2646279209189	17007.444735531568	4883.213602150886
8165.325026598069	5822.386458392921	5119.852050116759
11416.274800835183	3619.7418555075838	4983.127237459247
11018.453231330013	2751.7531071119474	5410.204194790238
1503.8489782842148	14465.147094260325	7288.32764215467
9858.166840515478	3462.409140801189	5418.718107980735
10512.127087076602	3611.1338645687883	4828.220069670417
10038.666423808214	2769.2203861642197	4885.4226025769585
2094.0009271157646	12249.897500015808	7054.632846844807
1941.3966364880607	17251.33057528229	5034.924921974852
10651.797898678022	4941.407715849902	5392.179177279096
2660.4928478239617	11095.687083999768	7064.273492997936
11774.659755078224	2595.604344447435	5717.674786610859
12178.651281508617	2382.2603578972976	5262.041047746042
10642.595728582977	2510.399441194756	4770.864828872798
11048.219496889616	2695.665462241749	4946.667326207411
9813.512890322192	5962.365812136137	5212.824616333707
11753.697659956879	2763.9470267587617	5930.570657137408
9243.604431622274	2689.910092135993	4964.720994303993
10116.511621801857	2670.5518563240116	5163.316265309725
10508.165570351466	3646.7143559339024	5055.310623665423
10532.053971298561	3203.299975544878	5051.468903090967
1405.0765684570404	14774.402798044228	7214.123421530721
1886.423577296789	11410.878176086531	6908.311770287801
2650.663607792745	11957.00129466165	7445.5330847036075
9643.653682314558	4579.3013996687	4784.226440248147
10653.16950859996	3171.1828071904056	5016.428485286339
1491.5454520304145	17197.896376349887	5242.339516392434
9850.144185210505	5125.459290664203	5298.89395219451
11331.944042673951	3099.787666384677	5762.891860065547
3480.083163738107	12410.35487917215	6917.160059081441
1259.582188466243	11696.785142294193	6982.2602985776975
10369.591707766655	4417.775978694271	5473.44161125674
9358.737535556571	3969.176054062598	5054.416356115328
11962.277911422183	2737.752583903225	5609.505357589407
9380.601857464708	4252.095037400604	4864.776915690811
10741.36498605598	4285.063460357351	4682.400144877409
10064.52779747563	4191.902451620783	5363.32502200159
10752.866573080391	1555.770125216026	5278.535823126469
6359.335071795676	5695.635290671034	5284.216256958355
10070.643439151263	2395.3238668573717	5374.22983722799
1752.1932087353214	12520.705919015758	6637.861171378048
9362.455526266884	3088.562947305713	5421.467528326075
4150.277996127955	10938.463097376216	6975.076900358305
10736.369727318952	2477.3505218419346	5259.310854247834
11331.566738903233	2865.9855088320846	5502.445673636659
10530.44498761116	5177.092721632472	4418.880375798247
10469.228301600722	2593.092609761206	5250.579314608497
10638.990334432237	4590.221826098685	4813.520433687158
11229.587497510633	2731.2552977409596	4781.385702383878
10703.539666184408	2470.31836275734	5524.207599870513
12363.869343132568	2169.1269730689137	4963.852062527382
10021.520636135854	3996.5757313833255	5285.142234915177
12082.141530081566	2531.5977635685977	5119.221429377203
10410.444126840814	4657.317494341992	4988.808704890515
10486.770631467838	2935.4859019721075	5369.749856337424
11121.501933492249	3942.9027399584115	4857.005125034512
10502.84447236923	4027.6672677148426	5141.992458022991
2597.843391336327	13923.329816224557	6828.062038981739
10455.006955401923	3555.7926574447547	5749.280381121382
9108.366478881313	3785.707204221362	5515.044208757356
11142.98284172317	4647.120649500156	4826.431473599172
1198.657384284211	15232.441376576393	5742.387100823021
11631.59890892674	3673.844131628754	4896.183559195859
10908.632095359684	2772.114520641814	5147.15284125034
10680.521739052178	2363.2826010853146	5238.637238760361
10652.541766536924	1315.648364585916	5569.517728093389
1041.5329586343246	11858.211932706321	7359.977357301141
2183.7313382609577	12260.313660151975	6604.469920452811
2007.9770657558975	12750.257917984603	6920.934886165762
10033.728483756291	4250.759949707855	5552.383710850137
1396.664033971707	13488.75778833523	6624.852425485207
9932.358289030484	3851.4139643823783	5545.797971192665
3681.5370037664457	11515.573162329318	6940.285700990016
2561.6063072955676	13769.468207798822	7105.051890198714
11323.944984147845	2652.5985915857814	4940.407944868611
10039.460362156176	4442.031109449838	6055.750609821608
3426.35100321973	12234.257252085587	7120.644679561738
9713.569162646354	3527.3144432008294	4874.439115208822
7176.054510057021	6311.943799873688	4068.906433411842
11214.73139116957	2748.353582691995	4720.424828386808
10729.870950603356	1434.1410781685563	5345.579692860889
7508.14010624146	6379.207173641382	5482.925692374792
1498.7764133653868	14302.84778238705	6647.978158659637
11364.570154750996	2953.1230290700246	5982.34987560022
1509.2580454496658	12616.364651490452	6732.1560260736405
11201.126726996757	816.3100031114336	5510.444128385941
10859.228488494264	3858.3479054626723	5073.546778767756
2227.30693871238	13871.310106746643	6774.475365797386
9140.159260888948	3652.3659795765443	5769.091493643411
1819.7041313562993	13696.343865729206	6421.016107949413
11143.859548080369	3364.7079048973337	5522.920429485149
2552.1180015699338	13119.024008398483	7171.559731029391
11730.500449466055	3639.4304308914557	5352.410045410309
3136.787683360464	11850.74016839278	7002.285292442953
10307.43988197873	4463.583007117189	5388.159232331529
3002.22231429733	13000.605133740586	6764.461606433627
10417.291241003217	4262.20440171748	5179.975996896361
11740.450608301357	3158.554015610589	5417.123165057438
10933.228623641284	2429.9626397341394	5473.275600594304
10020.768696850131	5541.157359421425	5209.888991318635
2292.4683584834856	13215.492468530292	7168.459809341011
2205.592922221754	13156.262525228914	6671.725186850809
10799.679128385751	2962.3205329432635	5466.863852247276
11959.24236508756	1309.5979075785629	5517.6119442835825
11229.792623576855	4542.079980064672	5773.55602187879
11319.091096392958	3032.4938462987525	5244.315304647967
10376.660208214818	2958.7444254781017	5517.638082743931
10137.959229590337	3767.774625588968	5402.238416243749
10051.379525714734	5448.174793190777	4652.182445833434
8298.824780147386	5615.272046323343	4965.576828072344
10686.712116908082	3547.634815490284	4477.169612187113
9859.33529672296	4338.6341564934155	5603.827600346234
11672.446993387528	2773.567488139978	4381.851470886873
3167.715282793895	12627.023080510136	5030.391598786982
12047.130560695134	2761.7491630248437	5292.857954811437
2296.6806317675446	12340.171579690948	6681.0058256045895
2832.4748171222245	15470.521550558951	6654.365713078235
10708.050664565779	2501.7100955378814	5303.88981976984
11234.448732579767	4219.333546920784	4886.056473627713
10952.028871501192	2726.3352369883623	5401.495981912134
10155.064623128597	4426.691419475765	5589.813282018202
8676.76224179525	5364.783847396177	4847.39096938813
10169.458927164933	3665.318908172021	5931.752825729128
9738.503234692136	5044.71938584799	4566.598718646319
9343.54532340153	3049.3706008865493	5369.582932022979
12000.001502996633	3322.248379475343	4982.64671288999
10146.911907971722	4702.831388628019	4651.894724329483
10468.52646954522	4694.186202723635	4963.412336545882
10658.783693171068	2604.4085716064405	4989.850019417399
10935.019527142444	3994.927713213711	5267.397003725089
11317.591876159036	3749.764148229117	4486.400671963256
1506.2921807722962	12366.829670040956	7035.649067104069
2704.8606206284544	12358.06961823482	6389.631064554413
9532.894790987826	4146.231339645859	5258.3041040614235
9351.058700598423	5461.386488165458	4810.893446235858
11754.385310924059	640.4639610191989	4911.6223005000575
10689.81802926104	1766.522025960454	5693.935239316271
11804.12685046794	4020.988801030466	5055.617903979129
10634.755583587945	3921.316527682394	4696.850259407896
10291.704462092031	3957.254897457052	5404.027803586744
10820.116930654916	4558.771620737396	5593.717719659345
10258.695964271496	1595.9506139918124	5332.469964790444
10947.46305587435	4601.914942280863	5338.505763083245
10772.182810411241	3832.475098886973	4865.80256636965
759.9987839303457	14147.971844907932	6729.965306969972
1439.340955533986	14000.90697699796	7151.538542010794
2875.368388557487	11005.014503463703	6579.746992938949
1090.3268790573263	13134.313919435446	7286.9183488199515
10703.72964424265	3947.036328787146	4951.630774698043
9670.447302514678	4127.5622195874	5006.980653151596
3158.9437791646856	12070.006095364184	7479.014982618773
11419.348730951648	3427.9281580383995	4573.914764447639
1355.6099622514553	11567.555934164091	7737.3681694006555
8974.39451164988	4271.185134857008	5646.13501583617
3273.8241405506405	11716.080996691837	6687.829084334398
10576.851615954472	2769.432467065426	5457.296549952494
8828.115456336973	3971.4153856266075	4945.988125571394
11289.431196801734	2394.739554544881	5646.998342590439
12120.144681549573	5263.228031684614	5444.441355145782
11218.253413068996	2962.8720950393745	5117.404990868967
11232.19283484922	3237.9476318509155	5339.897203695482
10014.57469257699	2814.0007588283065	4928.5944657790005
2751.04949002482	13242.452543911504	6593.390653417856
9882.719126207581	3968.073270737947	5548.003619361123
10771.758739662971	3738.0229821398566	5360.186747154365
1380.9307799111023	15951.533925843965	6742.14402017127
10303.20236952073	2730.710826271872	5330.285300037351
9766.582260576137	3894.9939879241597	5626.009891118726
11219.81900575171	3980.8781458502135	4580.214697410837
2263.9541613860065	13431.674027305568	7460.342953257615
10285.563048424474	2648.032868937212	6085.160586629339
10966.230762461133	1916.8047439638715	5073.24661545656
10449.360635111645	3647.7024149385757	4854.972002178533
991.1508646450562	14318.864267609877	6792.956216312452
10157.952123673393	4191.965513036071	4942.012983555204
1211.0929481093342	15997.336154446746	5702.787613037536
1478.2370473926298	12794.340569523956	6468.0414134751845
10175.699070313703	5589.977887807777	4695.894989096047
2886.1575650242507	12251.662747558208	6863.0903175572885
1326.6119353968518	14391.121530982671	6054.893043619555
2891.8970303036303	11433.397804686827	6710.452729843109
506.75990071081526	16097.331534832721	6309.605132373718
11838.133922588257	2657.9479000591	5257.204380374245
9949.19751076256	3819.4680256964225	5275.957223476154
1592.3917028268866	15003.171338838498	5612.442192189792
11708.9745660856	2065.4074230806955	5521.111838017854
11053.32857754116	2735.391010300381	5092.275685282162
2114.7201723748103	14919.25023297926	6976.9664089991
7871.826475550278	6139.06183202394	5179.994172523799
3094.3187663552076	12122.502417413834	6768.402480425952
8849.280518742811	2828.0908106280453	4849.990131606487
2257.1190117115443	13385.323305975086	7088.919340101857
9776.974833343265	6042.73019707123	5450.183010594674
11443.502088973191	3446.4911991046997	4944.820700701014
2336.4349094261293	12575.582907082256	6998.38123043779
9210.185425842466	4245.342586092992	5212.3596987828705
10162.373978473912	3602.5879288796286	5139.690869740722
11429.04517736003	2533.299459942948	5159.771201031889
9923.582954170388	3346.8121581791265	4793.154437754133
12552.17441910213	3204.0613275574615	4736.4472758037655
11622.767017151284	2525.8193087029686	4801.082259876115
11096.084853021517	4041.814536178958	5113.574718382702
11114.010383465637	1172.3333856655984	5554.893273893255
2392.7703496787594	15338.532844789148	6761.3458895792
9505.31101622833	2647.637202520703	4871.573574171654
10227.375961886024	3189.623116211786	5367.660548419326
4252.116966455631	11032.313677715752	6876.428168729284
9255.439152588377	4895.889062569372	5460.391156044367
1703.9120297371321	14070.465965697535	6543.659150719995
3633.58786852709	9091.948229536622	7167.42875257376
8280.338588857187	4520.030244876043	5156.340326044276
10597.39607144798	4650.606380084341	4786.202414677214
9655.91794163754	4321.754507724967	5284.4411822807315
10079.765914008101	4454.070492894125	5105.8302753477565
10457.88857789977	3939.7526876205156	5717.4269365398495
11617.145334447878	2436.6065326606713	4944.115169199671
3505.22934940059	11523.452676749414	7141.75918025952
11153.922459569056	2247.829460144445	5856.577655237128
295.01275524110883	14533.204357087632	6642.07692199791
240.12704866264798	16758.331415408244	5290.648887465228
10668.147331276936	3964.7308512601808	5722.971926324759
10879.623099125545	4445.569232187155	5687.981031834496
11532.101226955057	2468.1851678926723	5219.972618882735
11244.794417429819	4885.168934544652	5127.890980805593
9439.595249351412	2385.9690812836	5389.03008115801
10461.091529190573	2002.1628206651499	5005.98767722966
10979.121905148426	3872.717689884342	5125.343307728709
3149.4307104157956	13597.490396769144	6386.432487376724
6875.1009344841095	8086.4712930775195	5027.778762312581
10124.973022457569	4791.867372683374	5054.070592319684
11339.824595940945	2307.8691722288163	5244.923800758833
11390.745073679802	3252.429369498226	4953.134913281308
9632.168421049533	3280.275981594832	4998.753219258791
9537.79687205539	4055.2771259526744	5621.058930686559
10120.727136176594	4616.898819727895	5149.649520847479
11089.7855550078	3471.183759250173	5118.749281653172
1237.0239494881746	14822.054618969129	6526.450936249721
10636.138662043628	3438.558026805407	5416.4105074040135
9881.231417512116	4428.05728997693	4412.387225259752
2015.1325638079973	13703.135714277794	5858.334285842323
10096.873277112754	4194.339644439527	5347.071472787596
11808.552738270862	2997.271650318954	5171.016863881818
9661.643380626108	4473.418602432613	5484.623196902511
6073.99776972156	9051.295828425798	6273.318632264369
12068.192153466336	4064.030838298983	4886.007058015047
2575.329069027562	11898.796543344022	7130.490139657126
11912.114334327176	2653.6852625686215	5622.2783482930245
10061.171929812943	4232.52078441679	5500.0552651475155
2346.1667569843803	12840.100262622573	7475.817640000929
11445.526010030415	3380.488242943906	4665.601283072091
9675.7650307224	4138.001366932074	5390.234555767358
10918.781853906443	3153.127046153289	5696.9587442654965
9774.59771072674	4737.789541034341	5520.1705036821795
3549.046857737515	13910.224933015159	6997.4242509617025
2377.0058383303412	10896.05292866576	6778.6664372981995
6834.235829093336	5486.276922613753	5036.1745065596815
8080.357517554724	4333.842032914591	5808.124647444731
10737.990156220681	2555.696613432688	5611.187155563201
11200.695467370086	2466.7069758399975	4589.816236981888
10780.699665616508	3684.884054175835	5600.1561132388715
9876.007986626035	3147.711104154604	5702.706421650804
11120.470366538606	2553.9162923814442	5665.595994454597
1854.7655049597254	14423.98165857104	6197.893672733813
11137.980784764019	2877.7482669730775	5382.1250891680165
8376.605771758319	7194.393687504651	4971.644647807463
2288.283590798825	11080.764819085582	6995.328972290216
10730.705787587538	2649.911906288832	5326.899881468486
10585.075520674842	3687.5139398192964	5073.866482982029
9348.71257358344	5927.710551560929	5575.5466338404785
8261.256581979622	5656.223323355476	5279.318154727644
2865.8421628030833	12821.577112159654	6898.7782793986635
9680.947447064753	4063.833078035238	5116.294735996941
9884.94465894361	4179.871021699867	5452.317417925834
3684.4453844234963	11148.28833757133	6868.64955285946
2702.2708644065174	11954.346752903011	6821.804337712467
104.17027540475573	13293.969078699884	7288.031960677594
10950.413501156141	5560.940760105054	5065.894923990883
10826.918015211328	832.7415601150632	5778.583407512859
10486.38115829817	3672.4353123934097	5838.34992239066
2772.966814165519	13917.266877970767	7515.878100121137
10591.516170209678	4180.589919516537	5299.485935459911
8818.48419549225	5218.94753670937	5575.7873753526555
10676.649748673346	1075.324199702909	5435.174768835271
8705.893104672803	5076.857067425338	5543.00655453993
12069.80453237648	4622.7283480262295	5340.301309795021
9534.461969492962	2361.64911365935	5460.8996807903095
11388.913863101821	3037.0330832939403	5106.526048863712
2638.588484707081	12063.245481072825	6837.302274891422
10363.974053994338	5037.834142860414	4931.314957668954
2420.909041290697	13936.39114623761	5955.603723490898
9843.35251552724	4368.407552649337	5413.011259962521
10147.074626862273	2179.7785515340393	5580.564936148498
3614.206273758943	10945.483870761806	7819.806683728898
11746.350840523224	3818.7332249113447	5259.818433304125
8860.846447032778	4876.029380969271	5207.555742274625
3321.23457785398	14934.0765429765	7130.0595970217055
11116.675655818575	2009.1175733084162	5427.222837921122
2882.8890528043794	13309.587403740255	6754.23463000992
9923.548029542566	4878.946110122215	5617.276183754443
10913.279166197739	2486.0225201278226	5137.1068370818075
9776.995249008665	4227.600023148567	4687.816277675021
9557.754211821577	3964.9866945137233	4587.449970308508
10323.289936174147	4329.9894449771045	5229.940753048645
11011.353212431926	5086.874663471839	5091.391404032159
2540.141451812037	14736.502877578061	7401.812614357411
2266.519915019729	12881.632091590322	7242.49695636685
9812.404557754115	3846.3032355087435	4738.694111079683
9716.518856632098	4616.0379171136	5442.514757584115
8532.633750180454	5686.625150979031	5499.665372462842
11039.430851127088	1815.3855130374084	4982.439440550055
2814.4732993284456	12564.096803712293	7055.899557389856
9699.491853804764	4449.764050223673	4763.988487600753
12415.759125093178	2646.518255917696	5150.272451965611
11989.259031820418	400.71889863566605	4327.563007060293
10696.306030148846	2785.305028890391	5648.912869007578
9425.594154028959	2011.9648678914925	5178.154359604922
11175.515924988216	3264.6455022748046	5020.6886393854575
1316.2066375437348	12634.765869829398	6950.497537191219
10750.361755626567	3229.903364012546	4939.844740270461
9521.929257905882	4636.77776099008	4596.314237256519
11923.80838764379	2636.4660891180447	4836.885842094362
1458.4740060539007	12779.5907478777	6923.0654076360115
10279.426109890946	5176.057152993545	5054.426374923574
2432.904570945237	14886.699025472011	6790.947741385239
11240.92553937338	3524.9210521512755	4883.942300345184
10656.779385874243	3273.1363129723786	5895.541886116876
3118.8881669369985	12272.13084778809	6374.554731593552
4600.420107416371	11149.25472715448	7065.298635735417
11054.125203834914	3364.763236826032	4800.675024689889
10109.566336285787	3825.636657465935	5757.046888113671
10218.502041059082	3689.7992931966214	5467.918139353866
5517.135934392373	8162.295792431228	7682.113072506124
11659.050471105906	1854.2219703355918	4803.890144918383
923.2459393692509	11789.253724741688	6722.387754452714
10051.46354793461	4366.572447683214	5472.35446929706
10199.708945175278	2954.578964859665	4889.49483085112
1694.818899794433	13364.186955086188	5991.195241007151
11966.90449777804	3479.2771546192894	5259.778432980923
3864.4732274903654	13421.065665970156	6790.883913067234
10562.338044804957	3884.9735678927104	5305.756290653897
10857.092590957183	4191.037520062997	6218.961300442284
10818.008898487984	2495.3708850312332	5054.979350053305
9973.442767978548	5445.098193287775	4827.614395801856
9697.525189494154	5974.555075351359	5306.529563538388
8776.482574895574	4264.342790187367	4870.2703762098745
8794.543039662394	5337.012295673789	5356.23245699615
10669.532319192427	5240.6391094329265	4886.6898281243375
7329.77908151489	4839.080003528119	4866.6689224376005
10035.000565812956	4327.843062906879	4965.1451383907
9706.617634455843	4282.333392744115	5937.4963402124995
10063.838265221379	2117.322923646324	5034.180100292162
1787.5927149801807	17113.05949758177	5255.5524111654995
9616.854635850868	3384.289523186151	5363.177383575649
10535.586637442753	4868.804666812045	5175.9248650922955
10473.098434512747	3927.4401834423456	5488.619094769907
11669.993102097485	3650.346633830462	4906.463732906168
11221.116184590448	2069.1083093809557	4704.227193523211
9207.628495579847	4758.483121865157	5727.559327251224
9785.88900573641	4144.740671948327	6041.059372698961
2756.723701291781	14292.935714867377	6685.924010848686
2446.856347256863	11829.82126083184	6763.637503951867
9937.957669975887	3181.666513336971	4939.264759633334
8842.536325215133	5560.84277214466	5355.3417333847365
9394.900117701965	4505.242915130346	4860.054869991852
9663.141691793993	3007.0335284822745	5201.364048645471
10507.15737116192	4464.66890943621	5188.905941183004
9276.393296791146	4307.443985928911	5094.182459301224
2051.9516929621846	11818.320817662605	6226.079477867808
2951.3781385208285	11982.600766079591	6940.50300720584
4490.046300046442	10304.737362708122	7083.564998877434
11511.107116334979	3742.719910632705	5751.1166322963945
9614.441541735157	4360.191318134986	5342.066638529801
10184.318455037197	5103.523451972854	4671.781311174075
1402.125115325305	14725.390180999733	7403.21728472022
2581.3075359263753	12941.669025726638	6040.473412337128
6446.951260837497	6240.633157098227	4811.493946107369
12154.028993651686	4765.601444707814	5026.819898940692
8913.916772505585	5476.17798619784	5623.045745592221
10772.732586404454	3292.6014967395363	5026.5773594145085
2314.2271619582716	11380.533691256975	6872.379688444234
9383.955172586519	4744.758155592353	5477.93129948657
10923.02859339292	2699.5108855606977	5319.032088655226
11459.03799991416	3984.2055533285456	5064.21216149873
8948.114253615971	6347.92834951909	5359.7827353149005
9969.036823922472	2988.5710166354884	4682.462621924509
2935.8499986656	12284.690863202288	6792.39161882871
9708.253694251407	4219.65953641103	4909.910613856349
10332.581201590461	2631.1102915820325	5382.928189182531
1615.5313533501756	13156.653349465434	6764.543038759977
2073.1597349113404	12508.060764244648	7137.128332568497
10685.925033303622	3996.7386409703367	5485.329301958234
1062.7130968322654	14519.161935369439	7085.645729179832
9591.818731419835	4337.950215724642	5070.272286179215
11912.99386945016	2656.928797462332	5089.972834654687
2415.365511838929	12965.071926585275	6956.734534523396
11861.931230086864	3181.2079631292727	5230.161111919284
1026.969035112894	13397.363297412885	6887.0288294021975
11094.685034997472	1752.3483262409204	5388.124445010635
10231.894446571388	4432.861178782788	5169.239332697965
11164.034623206586	3319.655507422384	5096.223955616778
11166.013729593136	5059.208495139972	4902.256044276223
8754.0662516162	2278.794223479024	6199.6406983879515
10676.427536069712	2861.9296375335794	5605.606009221457
2613.6904264821387	13294.188011082819	6662.7623121945835
10747.353971131111	2982.10534488607	4713.403192069266
10481.217788321575	2342.5908706889036	5508.122450402993
11650.266162685097	3916.1700159374595	5689.928227874551
1964.8788954003135	12660.469141471069	6689.6949302833045
10938.730282754714	2056.8339705512926	5165.361939868058
11073.958846272282	3015.6875022676045	5785.530659787989
10496.998376855536	1996.225496662913	5074.906580578825
2451.859225367664	13061.218197010616	6163.62131725714
8859.886350711626	5730.607165854272	5503.15841816137
11635.201169674314	3764.409222188843	4693.3465264219785
8574.574815154725	5798.0623629639385	5453.2519172381935
3233.4499145945338	11915.861805832641	5910.833517624742
10432.073313666506	4845.632553623368	5111.510085436507
10011.713626012219	3544.6305919372016	5547.42924258114
9893.56740058634	4328.276736217447	5625.793072211528
11125.157115647267	3992.977021015207	4599.608555505489
12216.759769256456	1422.6705088525064	5521.196427102282
1569.987657342045	12318.38115579639	6698.4498652096
10103.005016144909	4157.442401441626	5081.842595778913
11251.403069703143	2343.8612512515847	5343.869497661036
2041.4398124318222	12115.84278209857	6980.324033358848
10396.414469492276	4079.1937938382275	5821.23374344187
9408.97629684584	3636.120247013489	5264.726012000197
9915.196934131598	2826.2932253661356	5096.527540312193
10190.912851641466	6301.2904933529335	5192.137323882915
2541.671120943606	14824.01139811699	6647.733381014254
9218.670345620396	5424.839791503022	5038.403255404518
3015.2619284123966	11341.529562421914	6988.388437690136
2172.2389553987095	13997.896504696739	7023.79979375659
9975.846313747743	4566.829044825277	5231.0559037693365
8953.245061268348	1846.0726099956673	5558.661038530865
9778.888922540164	1495.9887350282258	5238.762445596579
11619.062726742086	2177.4178491131893	5235.20568491156
1510.5782883534314	12923.51951222126	7123.32090453904
9793.575375109967	4480.40331208367	5507.33364884925
1811.5980356439466	12909.289111875038	7191.611482448567
12055.340821959162	2713.7756343339342	5286.4204720517655
10672.711060855514	3359.14738049953	5629.9300631415545
8836.68639684041	2945.5766378584885	6034.349243884137
10984.176527384388	2420.3845838300313	5473.111750237189
11413.154512757095	2784.9446573500954	5964.427610556139
2998.244520577774	11386.0172948188	7148.155153465941
1681.7778420820275	12410.017807522509	7108.154813364036
10585.783256621571	4440.045574891772	5473.79460027316
10739.52778850192	3742.9754155875034	4708.79027923523
1896.854091924151	14663.339579542804	6846.363810435579
11629.995114687366	2022.0433049776814	5225.843821557076
10512.744544873012	3203.524438863183	5439.252769520722
10555.326755408783	2800.3883000666747	5296.54160610508
9687.636990847544	4943.688558215696	4741.844980560716
9556.823666746175	2564.493569366626	5241.043348861794
1744.4463976582704	12413.581539683979	6578.805063789182
10568.47195256012	2502.825524956753	4922.899852034566
1239.997431182682	12145.456564559332	6953.319083361153
10819.004914043164	1751.5421466957398	4981.1836130446145
2019.1999187343054	12953.561586085723	7109.073728943677
10451.944667441046	2819.7255219972767	5279.062427703145
1908.879007741075	14496.24591738414	6375.610206742313
10755.394405207746	1118.0206446696186	5681.199479776982
9789.10761790799	4548.395879986222	5282.171075543275
11043.124419659438	2998.879695277486	4741.370287912661
8479.330056447096	4859.72143693709	5281.144225512602
10031.610236423576	2457.0527589770772	4796.048203984171
10544.440881647935	3503.0579384544785	5046.277688066395
10363.972115851375	4072.2097975799047	4907.954134287572
9267.02640903713	4136.450291295126	5367.06014000856
10771.574609660498	5340.363818387998	5415.879424980897
1873.5155760307216	12764.222121480554	6441.52144220669
10528.854027458887	5073.406944707029	5453.109743008634
11534.392080834576	4355.777960699872	4729.001941799503
1118.90897577757	13801.968089648279	6578.018823152742
11174.893613660852	3795.958127127366	4650.598160016415
8594.845383901988	5278.0562827057	4871.374195854791
9938.45092638564	1731.3163356924742	5085.260175418323
9150.507828326752	4130.322978522662	4954.746446629355
10533.530490500476	4045.999550303562	4961.643033558212
10281.470333109399	4664.598063798281	5147.174969143306
10080.798494786528	3095.7796921368968	5204.228829034417
2420.3835681392115	13257.338930862561	6762.593720191802
2755.444465852266	11466.307072187174	6876.5185411653965
10657.976901439073	4234.673639712268	5220.315001746026
9996.035259983571	4454.0855481763465	5143.565680098274
11432.30767167175	4950.907195304896	5390.339968811017
10980.350164480657	3792.391299046751	4705.040731344239
1917.5981819591186	13756.757582457889	6643.401416054086
10141.337210364409	3637.829882676524	5113.031793739272
11564.57411972662	3771.760363731224	6300.888590320986
2179.58234855741	10249.187580732734	7271.956221203356
11427.335961004663	1795.120308625488	5401.563461546027
10294.216073160876	3817.7485752170437	5810.186382496327
2208.872806416534	14717.218271032616	6247.444298992735
10567.054328996755	3442.932588070837	5930.276882503284
1679.9122075790935	15015.510783152451	5680.050705194946
10537.529189803203	4530.425110505617	5477.120350346854
2187.544372720128	12678.088664303112	7423.906677371187
9608.372020930827	6064.042718836634	5513.132707783986
11635.50037194583	3172.796737747973	5302.794765635479
9225.080409941795	2736.786316774513	5121.070794139352
2168.582260266507	10773.742531990005	6945.9155462857625
11124.180691967262	3088.15625279071	5236.516009147558
8915.870513625145	4031.2958879556572	5635.233767322178
1602.1345326851908	14576.984212458028	6743.762403039348
11019.22145305186	4683.153330237171	5275.4962010146055
1600.0569378568787	14407.420941850669	6057.856488786987
10807.408605432413	2141.3565495034622	5511.385135794064
1405.3815151248425	15999.655221260531	6647.692304322783
11477.011241934017	3961.336742102427	5353.557955820017
11677.350914683591	3824.884940973576	5202.198089794335
9452.926480080172	4929.816324276004	5045.462592226863
10139.36889844407	3152.447195415902	5188.291023330448
10543.473500776727	2407.446861344615	5112.61426422444
9308.2494492376	5919.166286878402	5386.105684915937
9849.525757892125	4127.545025079857	5101.306788703695
1123.866845578465	12733.374909463135	7244.640056091815
11849.077104613993	4011.4713923163804	5363.87735451911
9594.313020381702	5648.450275928913	5555.536281858694
2045.9793296969624	14045.3662404606	6928.164270322709
11039.014395998018	2407.7613740679535	4976.284803713777
1593.0099887177157	11589.860068775406	6702.083316091023
10846.988657921693	3504.7333259660163	5747.946796495325
10856.77601889274	2857.4224108998765	5605.235055639066
10171.746596597628	3164.9493331588783	5150.140637048925
2194.847361195307	13640.694690326178	7192.991154806417
10140.501581641742	2960.445691276896	5565.174467866934
11092.757110992417	2282.2389627159346	4341.274642681178
11558.240604949708	1975.6575520038307	5722.610688953084
10470.562604913724	1936.2690885164834	5337.56703329816
2654.6423029878206	14085.123018476712	7122.645456285636
12200.593127417867	1253.0805803179687	5210.447401593931
12489.076977375644	3298.3842890633946	4422.236109122422
1533.3285035229203	13593.979025210094	7753.198044394118
9263.36069363579	4170.139579003346	5703.404515418548
9330.951044372197	3784.2518916702757	5285.3959422093785
1597.7495703118732	11552.04427125403	7711.564477724897
8032.806927449923	4980.705182838795	4944.075076383245
10215.68301640283	2513.281856349444	4945.625149164909
10857.71932488241	2642.4443645647566	5423.013797335591
8093.969558880762	6259.112151180339	4904.98674410521
2644.8287057821217	13376.130144439754	7141.517302156255
10900.792808922117	3960.570742883066	5162.438872859096
1352.7399480702777	10995.74337846963	7345.776710840983
8534.50067791103	6261.331433576032	5740.327384398602
1315.208400392886	13677.129290928235	7499.879731477377
1521.965311839892	14981.5205605634	6915.34275148617
9780.23295171117	2779.2652040576572	5339.326318256017
9208.448338171323	5911.220326669737	4239.5614257652815
9100.905231839319	5267.057566767978	5136.958592703782
10613.671573069805	2989.7279330079273	5200.5015227916965
10126.013080200904	3844.2599168923007	5485.816482235206
3460.959512369462	12016.787988347414	6945.012289507854
12018.717365580163	3443.726025462517	5006.856485479924
9397.822702422052	5403.665809900462	4923.559233632075
10840.378771107604	3737.046706259744	5097.435359814661
1737.4308737290744	13181.667277116228	7418.445603967201
9794.804114400917	1466.8195934036833	5469.125502675462
3047.470642885687	10601.710851920308	7083.2169281003735
7694.192885547195	7422.301865752942	5265.169576559596
9877.403777812224	2268.2521788717727	5462.499078665688
9611.179120434956	3755.085176804054	4997.485867934128
11809.098822412792	3620.874620358778	4679.967498282045
1685.7418548247456	16451.73813095749	5464.336800279875
1339.963281763835	16694.73931980669	5389.269976498639
10748.618915667928	1726.0709003499344	5510.657109999347
11637.687142334107	1845.8103460577754	5722.251188700404
9653.612897667896	4177.121173044623	4657.110520864968
10958.786675767346	3776.4248590604925	5142.939355708853
9664.82979882625	2842.4092682302967	5018.238632645608
9831.667335525333	2095.7156016606014	5258.629070966274
10283.573141645777	3722.884344469777	5413.375567935224
2488.6336499810795	12183.221933796136	7399.08254794385
9317.97045835649	4652.4118822236105	4950.829067692866
12661.681167473262	2653.7249396058755	5102.970901783022
2436.3344620007288	12198.33720989648	7326.509690761506
10157.854837842893	4765.805347893822	5071.3914670898275
12143.370220933899	2580.120598752814	4736.499203810614
1820.1387263265428	12572.708138852	6806.530500283251
2339.688677879969	12249.37846905148	6864.9586063881225
519.4878683974989	14235.385611364069	6818.467575366703
2597.5986025980224	12881.91205571352	6922.598588156622
10560.58245656363	3944.956911697673	5411.182928877991
10210.878372141713	3116.7145836799696	4881.885282502051
11003.003477134862	3405.9734655070774	5359.009257455405
11259.569961386893	2985.1081786223717	5663.747333330458
10101.053291497174	4067.9837181883604	5067.272278336947
10598.28496593858	1862.820153334764	5331.519079581937
1854.7555898383714	14470.492472257965	6671.196597520423
3286.2751237734506	13422.008691656249	7332.640616976711
10280.996372752134	2634.3240987905706	4793.892060477111
10493.46920252114	2660.603825447215	4532.069363898027
9321.716854139067	4026.673180505856	5544.759298844716
1940.6194539523383	11627.798668273952	7189.120506057989
5327.785855863696	8367.97071172132	5633.852017726569
10201.329535957644	2874.3888604283848	5638.711956835881
12774.920054473812	2351.3211856022967	4901.2331818324255
11799.137036668031	2283.619330030133	5321.021954483438
11284.556340511177	4241.293867607366	4831.469734899765
12008.125492859395	3460.979683649671	5309.704283413262
10401.976634191013	4105.697580380449	5269.647925294229
3230.768566653877	9783.91945628054	7184.6303514397105
9995.064933342212	5442.427808073705	5034.546144099549
10722.727521319706	3068.7881915500516	5207.223786368816
10347.477437951089	3285.0417730933473	4738.43995694786
8980.166334360114	5040.149621002339	4706.890811375241
9015.595552882256	4610.510686462138	5385.19592406561
10454.15391681975	4046.349702602127	5166.906398954334
7605.672104006407	6814.984550710961	5093.873462134824
10743.533168129858	4105.24515955825	5659.010182969003
1493.3452805028812	14723.67754285665	6331.890400096145
10744.759632950356	3171.8278421531377	5085.042538207807
10939.596334158232	4240.7707381558475	5730.838780443538
2129.7461721737886	13099.891246439576	6890.936022559349
9512.014765148891	4081.0900175001316	5347.142970799547
10948.738183764455	4198.273356819957	5330.938604957346
3896.2347331774527	11801.098124791512	6760.05273162779
2049.382880875343	12576.869724236829	6808.110276121756
11040.456630356812	2938.6337890131445	5104.222911533904
2538.2084192895554	13122.813344580836	6985.6311727471175
11094.343292717125	2805.5557742330884	5387.673357052543
11805.453774192922	4261.609118009454	5929.578057352125
11379.346635405265	2810.1068768333803	5547.742822428992
10302.06374938742	3498.7244912649144	5134.426830592053
7820.41436558767	3779.0347593054066	5768.0067783958075
9851.186122143396	5448.077341353361	4974.873884267234
1721.3428220069613	14050.713764712886	6823.938674124283
11567.77341888206	2972.7765796495373	5042.508365281988
8724.10891526087	5026.023025896665	4979.077525916906
1982.3726254181772	12728.72549917861	7287.2051664224955
11240.290480213267	2886.9916796286984	5934.546023112431
10105.306611174945	3241.126005596757	5372.471615455594
9868.497891422374	3581.489195596123	5546.692784027185
1473.5202040100833	11913.08665517647	7210.483614673208
9383.076040281177	3967.608542875947	5464.385877590396
10961.578970578088	5664.624060308909	5434.813387278295
10533.999625710652	4055.9589453349445	5367.185706349312
9842.902390810606	3140.369149646838	4970.1983002311035
12042.245786712378	3311.9107717011984	4994.501536434718
8964.343913865554	4982.7543801987595	4612.514155067698
12034.436778050223	3259.382844846874	4729.494074641896
11927.67985879562	3132.8746312007825	5111.068149146269
11461.947105497893	1687.9545791538692	5667.461036977656
2018.2494923814363	14548.68263098174	6582.0965409914525
3434.5025987118297	13383.786201385175	7191.630357859431
431.8994088708582	12458.574583437718	6591.383855308396
11305.527062353913	2057.3488000753346	4879.9314110091245
9573.64525626968	3628.351130769567	5613.124541013807
1011.5504985604038	14514.435660953905	6638.997139031239
8900.019720106742	5025.087590172985	5691.8153203473385
11057.114853838462	3287.0771380239676	5226.442661769084
2668.946644984524	13782.784419569929	6623.899160652727
10043.199495265257	3371.152475150929	5022.435087340744
1706.4009200299645	15264.032044351621	6431.798215203747
11758.157405434602	2532.870630161148	5137.579416477043
11379.083896590704	3606.8286743182493	5850.8194328691125
10134.67037674705	3607.019928935458	4999.94946755888
8733.312187785692	5409.975714412492	5563.591338732004
9834.790493929013	3570.7629558613053	5036.3295460237505
9956.349408711907	3381.775270233443	5189.430019739852
8749.857758113034	4340.579457562162	5090.561432373959
7833.276571803507	6344.273899913577	5454.477857919592
1659.9223114967494	13901.961903312847	7094.507429350031
193.20034997968702	14609.34556592143	6361.843084565013
12494.398431548192	2596.0749081378317	5561.832971171387
1993.415122847525	13636.434123576342	7017.6087989610205
11326.701743135807	2267.9054995795964	4850.593994002346
1806.9054084761447	14208.490543806622	7221.90036894004
9791.552002456057	5490.98820811702	4513.146711174151
10736.416996271028	2930.979963313271	5142.247639512821
9601.425534333635	3696.04024389095	5267.957230731094
10253.814292679572	3114.649764779614	5442.627331135873
9695.059717674661	4530.08726772699	5103.168130949404
10115.099576691748	4375.375712822871	5392.625298924414
10277.586349176136	4911.031439536929	5226.800910735302
10276.722762138186	4260.84194742608	5165.302505823279
11967.832423409523	2108.623124730512	5277.771953097761
2266.724902867676	14011.424467738841	7205.582913255917
2460.0033874370033	13725.498181140423	6629.661142042011
1969.187510009683	14615.19558047261	6844.9114367399325
9370.55911741657	3315.474632846922	5633.2127273506285
8947.509081286005	3862.8438848965816	5493.043971815312
8809.74479014897	3688.4947617811754	4874.492950060297
10152.904295164699	4159.519482610743	5555.614088659693
5829.126348294084	7855.67078202806	5537.440167647119
11072.536518851573	3267.8312709514153	5489.9863384237515
12061.579259467386	4204.141839563248	5205.174338961331
2040.067987766533	12111.198109665023	6898.22066058004
11572.436618453097	2429.83404583655	5211.617121588082
9863.938828323873	4782.760321579984	5315.208837004002
11342.255225442044	606.3814208069878	6156.036257615217
1694.0068535067614	13846.070681887855	6952.855363188083
11183.44724926992	3695.6208540380076	5540.443313013649
10039.563835912348	3129.0118887192675	5640.597004635351
9992.057654678138	2248.5897219517838	4964.668147111574
11456.134309188697	4607.952048296066	4342.673144516235
10523.580328214059	3088.343899287581	5660.512545744498
3037.650619441711	12863.97738998052	7084.114799452232
10155.381695267712	3816.4414413846675	5031.055404458648
10250.7949714972	3257.9728464401032	4818.692345271539
9928.59978032491	5153.24651669669	5627.583861932852
10255.875612398795	2899.023328570118	5303.438516206846
8773.570515554957	4909.360530614188	5096.592706631565
10153.036570746957	3037.675909489973	5678.526207068972
9427.442470837661	3281.826245164074	5001.6791086205185
1473.9731313134328	13725.89365146955	5935.352663964625
10927.026669701834	2417.866545218803	5187.253515092046
11387.228923404826	4711.619487637397	4554.696876131916
9371.44171444936	4999.581716901712	4641.109413662225
9636.979297470409	3858.9693760513296	5331.846110110404
9488.956201684434	4544.438892587621	4872.045958990698
10194.242887111062	4577.931463755674	5842.185840125053
1720.4420003847883	12258.977156888404	7357.185382296366
11350.58933653565	3393.6054177922756	4908.555349145883
11304.67159098766	3458.375935168338	4603.029737561594
13181.393407028127	2380.7674234976507	5047.4607304116735
12099.973307394572	3029.9928225069957	4468.0502343994585
10465.204647808878	4193.903873253393	5410.642860500387
9867.224086804385	3168.460855705905	5833.635293130724
3374.4586927879163	12759.877904153715	6894.8954759948265
2128.089895625173	12298.416139285935	6989.074267253515
10448.955892932825	3642.3245124698924	4908.989897604199
9318.288718400301	4141.205617901091	5591.418536272973
10913.008665024936	3758.189463733137	5306.491515994143
11555.593521117053	1727.9919632446902	5598.454005420188
2498.508076052173	11406.607171978934	6722.421264808091
8040.50131230118	7028.72661814412	4983.803561001886
1946.9165144547846	13203.931004295451	7148.294054805084
10884.753473176981	2653.801854088967	5794.013072595319
11751.886883630727	1517.947485159383	5342.211420099634
8771.875838032669	4896.435494270786	5398.117944752072
9427.771313939887	3704.0551490411967	5460.81398829938
10179.573803468134	3850.268507973004	5160.78328595776
9507.145131941817	5191.7716487305825	5439.402280683803
1587.0114316467746	16521.535067368513	5138.434109325951
11291.952492997743	3902.7235283668397	5591.119503537613
10086.239366556472	2415.467707686093	5462.082322151292
10321.176883013546	4342.930094586026	5122.292125599934
10597.884920422408	3916.921896854955	5845.411503529047
1779.50816021968	12234.831502697769	7230.754255059069
10154.698149311622	2865.9161992130344	4756.608298605999
10694.920162850662	2080.238944369117	5599.403915621672
11658.914606743818	2453.1482314446234	5311.849493954221
11561.327770015158	3151.894590684184	4958.774189479801
11174.545043807904	2587.073715597649	5090.464222794888
11298.812576978435	4003.324900527846	5192.540468747766
11057.207803024792	4490.684524557403	5257.02606817484
9891.764044280713	4933.662099475739	4787.675719304614
11672.911719952552	531.1296524377714	5318.051185410521
1996.755947724582	11473.483301039198	6840.388312637335
10464.133673581035	1759.0972242590944	5058.324477452502
9984.321222590668	3871.5207886895732	5617.245868166255
11575.735265168165	3191.2657021808554	5075.8448749024965
9471.456372717876	5185.032119945443	5494.435308241435
11672.894233681518	1629.2596557470386	5436.208103930713
10619.985469970203	3291.7568548748977	4804.101407582013
7287.381421306362	5842.567896035814	4685.179871029693
10521.838570615639	3798.115376280429	4833.68687467203
9981.86784969392	3055.864497572251	5403.042796187758
11305.385669310035	2739.3201842508493	5341.228467693359
11777.381786792375	3354.2506187434014	5326.917914674324
1920.1796613304566	13983.873482896897	7277.715954057032
2938.3644892069037	13956.054894370334	6609.628588914689
10327.82256776236	4525.266427346785	5127.550754094885
11925.74182483867	2322.110444843865	4653.26674810938
10369.029629990328	3434.193585494189	4878.001555792034
1739.2800471267403	13967.428687666936	7001.437581789966
10254.495283177315	3218.710728133999	5236.685845559829
10055.54163380533	3603.7691818887893	5528.1154665768
746.5572599621858	14269.578942065993	7458.784593393888
10207.745340833326	3466.1098601346316	5106.3922682977845
11137.042968417365	4505.277648966059	5709.322950735618
578.668175182355	12697.031770726866	6976.403217787955
8189.424556242686	4473.84767629375	4932.068298238484
1979.9692446769461	11534.11665178509	7203.473735640304
9059.891655660016	6186.0603044888985	4544.299401111784
10863.373858212342	3743.5533995683827	5254.727059490677
11957.956130376766	2865.517181713798	5686.598280954656
10794.935518739841	3991.8602302488957	4929.350277055418
2714.5384678793657	12317.740270857576	7611.070353427132
9524.105497001781	4617.907596733897	5417.702122245927
9628.011184348068	4647.657137408552	5040.695110499334
9096.404530292179	3026.9641888880233	5642.48826857464
2780.050874556055	12701.226789745306	7066.82921812358
3665.5071204643305	14779.986576273774	4823.682959661964
1603.3878610194886	14902.667250192671	6794.358205290348
9655.491862121879	3168.5144560429117	4853.310707466682
9781.82317865393	4081.9654441229864	4830.240410474112
10205.489612486781	4178.928035892418	5957.133401093295
10215.39694134563	4276.492467025535	5356.944177080967
11563.340947911738	4332.270062682764	4688.712610057914
11691.639606280012	2348.1567996285144	4919.204071417964
12132.875371264628	3038.440475921027	4913.991776721149
2252.105672195494	12425.083928616676	7018.894955414724
10993.00065500272	3978.4461941358486	4874.639821692322
11765.978218589116	2808.629510495325	5280.97131478155
9891.119509042335	2733.169040517002	5117.319413651813
9001.573254265912	3708.539475751937	5714.0245443601525
11311.336805988592	2989.085803416843	4727.024489528781
10094.071261379047	3814.223736116238	5529.646610523682
9460.69635413618	4794.782877962562	5368.698003853896
9865.329987796622	4659.987872348966	5682.8681228305395
11223.906580576895	3089.618869240306	4652.291097320033
1527.956044001438	12548.486419911811	6911.216012779967
10074.909335543669	2642.3500697612462	5862.018472078545
10822.665861601447	1870.5976595142317	5816.000652125775
11669.60684704057	2692.6042648218045	5165.3725204689745
10272.851718888453	3400.23385016475	5471.301153306156
11864.859670291913	3175.531949734097	5755.824941411926
10033.692065252852	2643.754037985576	5241.3641787634915
11835.206309888576	3666.1813610008167	4992.485159678311
862.9302327325663	12722.167351714506	7274.794265947927
9858.497645776224	5010.79450792801	5492.926088273241
10061.633148485962	3441.6021206472833	5856.371790101587
11240.213105837634	2114.8694416399576	5516.948662011745
8245.889236674362	4437.930549163187	4999.128362418217
900.076943628982	14763.657951915762	6200.958014085665
10356.286688437795	3641.9134717043617	5384.8811428665595
9821.151545629004	1665.4972412622915	5363.414934762329
11802.569704244557	3949.607371384875	5546.872010081426
1777.3021991984847	13379.536499286989	7172.29194457674
10095.057833678124	2715.2923359764736	5495.578849387703
42.80122957639693	12159.973319253451	7640.811245354357
10387.433617676756	4239.513746340375	4801.144262216765
10523.629080894543	3845.301135774313	5197.288892548842
12024.408222540676	4111.500211252377	5271.924797960411
2575.5065155746574	11104.741669375902	6920.066000980931
3061.8526225542855	11289.141785093447	6594.419722580238
2361.7974509451324	12523.73097776088	7289.895071138327
3147.7074498046895	12216.230655855088	6781.577208095887
1341.2556202507355	15613.898568020788	5181.808089476761
10853.961852902337	4641.758704427504	5529.102836104564
10523.814671373515	4071.573748610434	5124.835554787046
1774.4187322398507	12692.738386569741	6589.726622617019
10263.975335362424	3783.360334207939	4977.77943352053
11801.840257029035	2983.957184854594	4998.603567764451
10955.539730178485	3961.5232404455664	5140.3126286533825
2139.208085427445	11547.924655850722	6927.914758688861
11598.018605846775	3592.2597199988036	5204.058535833744
1251.247727709734	11965.794665622407	7008.168842322401
3436.908776455094	12926.139312353309	7385.305572144562
1103.742709901561	12167.058991698326	6319.299229299115
11630.958921998239	3347.741173915235	4593.680822325701
2814.606341883444	12304.598785037122	7154.196229786755
10887.09569858061	2384.809350052352	5065.3365746562185
7315.4631836878525	6954.448897134356	5450.98397243391
2517.9566796992076	11939.9895684499	6871.150498661231
8129.414919186012	4647.206634724677	5676.299545499746
961.5693249302906	12547.305639623117	6843.111888404191
1555.6666435190753	12806.748533474853	7055.964371732739
1432.3576167522085	13451.015833163121	7230.73542639423
10210.106790295802	3569.3284699077167	5156.174168613243
8090.538621550575	5529.839020415455	4877.457300339286
9834.705778167909	2458.567247777227	5569.762389916177
10519.186114885586	3869.853333695656	5224.938745544174
1869.2109380223535	14701.502783720554	7241.896672948458
1497.063790165652	12910.044098467606	6475.60911417772
12507.630647280575	2821.234965047239	5501.0028236094595
10663.3626269898	4040.5182650948464	5000.068925743996
9237.080408475258	5305.393828422588	5071.339357338835
9572.298305316193	4669.812574430087	5227.442487044589
10914.106165826515	3417.4514981340926	5411.5970574206
10775.788849317514	2543.6832422997577	5856.793209519741
8967.997959649469	3974.698006948697	5372.5193297401065
3043.986774443683	13609.581080254839	7397.837442049537
10484.25598073661	3695.0750368278227	5343.858608729435
9996.404003233576	2135.4229255956316	5588.530632217017
940.5478290478168	13709.099570400582	6675.7841465179945
2195.6512052716776	11773.571934596956	7504.093057540144
9927.85308551845	3272.5744998189402	5291.658957978349
3233.2467760788154	11996.553912845497	6989.164925354921
8304.066545327261	6050.913437995182	4585.5209388787425
10657.80892271335	4546.65228709213	4493.804653722061
9771.02497153161	2932.737856257019	5920.0000178820555
11667.987374087119	2893.413715464619	4345.133341784523
11471.396280463223	4316.902548261596	4995.888617182173
11742.14213012455	3072.9782905210423	5356.294627858874
9263.979622542349	3950.1323836567126	5421.667024810092
1662.099613743984	13735.281471305527	7068.426144213225
1950.735753489189	13681.063705288681	7003.823373627975
1974.215455680359	13528.834583503665	6811.370602163718
