49934.7067	914.9201215	22183.68187	9011.50968
49785.09577	915.3766351	22172.99961	9010.008349
49635.49269	915.8385321	22162.21067	9008.49031
49485.89761	916.3058903	22151.31386	9006.955342
49336.31071	916.7787887	22140.30797	9005.403221
49186.73216	917.2573077	22129.19177	9003.833718
49037.16215	917.7415291	22117.96403	9002.246601
48887.60086	918.231536	22106.6235	9000.641637
48738.04848	918.7274129	22095.16892	8999.018586
48588.50519	919.2292458	22083.59901	8997.377208
48438.9712	919.7371221	22071.91247	8995.717256
48289.4467	920.2511307	22060.108	8994.038482
48139.9319	920.771362	22048.18429	8992.340633
47990.427	921.2979079	22036.14001	8990.623452
47840.93223	921.8308619	22023.97379	8988.886681
47691.4478	922.3703191	22011.68429	8987.130054
47541.97393	922.9163763	21999.27013	8985.353304
47392.51085	923.4691317	21986.72991	8983.556159
47243.0588	924.0286854	21974.06224	8981.738344
47093.618	924.5951393	21961.2657	8979.899579
46944.18871	925.1685968	21948.33884	8978.03958
46794.77118	925.7491632	21935.28024	8976.158059
46645.36565	926.3369456	21922.08841	8974.254723
46495.97238	926.932053	21908.7619	8972.329277
46346.59165	927.5345961	21895.2992	8970.381419
46197.22372	928.1446878	21881.6988	8968.410844
46047.86887	928.7624428	21867.9592	8966.417243
45898.52737	929.3879776	21854.07885	8964.400301
45749.19953	930.021411	21840.0562	8962.359699
45599.88563	930.6628639	21825.88968	8960.295115
45450.58597	931.312459	21811.57773	8958.206219
45301.30086	931.9703213	21797.11873	8956.09268
45152.03062	932.636578	21782.51109	8953.954159
45002.77556	933.3113586	21767.75318	8951.790314
44853.53601	933.9947947	21752.84335	8949.600798
44704.31231	934.6870201	21737.77996	8947.385258
44555.1048	935.3881713	21722.56133	8945.143336
44405.91382	936.0983869	21707.18579	8942.87467
44256.73973	936.8178081	21691.65164	8940.578891
44107.5829	937.5465783	21675.95715	8938.255628
43958.44369	938.2848437	21660.10061	8935.9045
43809.32248	939.0327531	21644.08028	8933.525126
43660.21965	939.7904576	21627.8944	8931.117114
43511.13561	940.5581112	21611.54119	8928.680071
43362.07075	941.3358705	21595.01888	8926.213596
43213.02548	942.123895	21578.32567	8923.717283
43064.00023	942.9223469	21561.45975	8921.19072
42914.9954	943.7313913	21544.41929	8918.633491
42766.01145	944.5511961	21527.20245	8916.045171
42617.04882	945.3819323	21509.80739	8913.425332
42468.10795	946.2237739	21492.23223	8910.773539
42319.18932	947.0768979	21474.4751	8908.089351
42170.29338	947.9414844	21456.53411	8905.37232
42021.42062	948.8177169	21438.40735	8902.621993
41872.57153	949.7057818	21420.09292	8899.837912
41723.74661	950.6058692	21401.58887	8897.019611
41574.94637	951.5181721	21382.89329	8894.166617
41426.17131	952.4428873	21364.0042	8891.278452
41277.42199	953.3802149	21344.91966	8888.354633
41128.69891	954.3303585	21325.63769	8885.394668
40980.00265	955.2935255	21306.1563	8882.39806
40831.33375	956.2699266	21286.47351	8879.364304
40682.69278	957.2597767	21266.58732	8876.29289
40534.08033	958.2632939	21246.4957	8873.183301
40385.49698	959.2807008	21226.19665	8870.035013
40236.94332	960.3122234	21205.68813	8866.847495
40088.41998	961.358092	21184.9681	8863.620211
39939.92757	962.4185407	21164.03453	8860.352616
39791.46672	963.493808	21142.88536	8857.044159
39643.03808	964.5841363	21121.51854	8853.694283
39494.6423	965.6897726	21099.93199	8850.302423
39346.28005	966.810968	21078.12366	8846.868007
39197.952	967.9479779	21056.09147	8843.390457
39049.65884	969.1010625	21033.83335	8839.869188
38901.40128	970.2704863	21011.3472	8836.303608
38753.18001	971.4565184	20988.63096	8832.693116
38604.99576	972.659433	20965.68253	8829.037108
38456.84927	973.8795084	20942.49983	8825.334969
38308.74128	975.1170284	20919.08078	8821.58608
38160.67254	976.3722814	20895.42328	8817.789813
38012.64383	977.6455607	20871.52526	8813.945535
37864.65591	978.937165	20847.38462	8810.052604
37716.70959	980.2473979	20822.9993	8806.110372
37568.80566	981.5765683	20798.36721	8802.118185
37420.94494	982.9249906	20773.48628	8798.07538
37273.12824	984.2929843	20748.35444	8793.981289
37125.35641	985.6808745	20722.96965	8789.835237
36977.63029	987.088992	20697.32984	8785.636541
36829.95074	988.517673	20671.43297	8781.384513
36682.31863	989.9672595	20645.27702	8777.078458
36534.73483	991.4380995	20618.85995	8772.717672
36387.20024	992.9305465	20592.17977	8768.301448
36239.71575	994.4449603	20565.23447	8763.829071
36092.28227	995.9817065	20538.02207	8759.299819
35944.90073	997.541157	20510.54061	8754.712965
35797.57206	999.1236898	20482.78814	8750.067775
35650.29719	1000.729689	20454.76273	8745.363511
35503.07707	1002.359546	20426.46247	8740.599425
35355.91266	1004.013657	20397.88547	8735.774768
35208.80493	1005.692427	20369.02987	8730.888782
35061.75485	1007.396264	20339.89382	8725.940706
34914.76341	1009.125587	20310.4755	8720.929771
34767.83159	1010.880819	20280.77313	8715.855206
34620.96039	1012.66239	20250.78495	8710.716232
34474.15082	1014.470739	20220.50922	8705.512067
34327.40389	1016.306308	20189.94425	8700.241925
34180.72061	1018.169551	20159.08837	8694.905015
34034.10201	1020.060925	20127.93995	8689.500541
33887.54911	1021.980896	20096.4974	8684.027705
33741.06295	1023.929938	20064.75916	8678.485704
33594.64455	1025.90853	20032.72372	8672.873733
33448.29496	1027.917162	20000.38961	8667.190982
33302.01522	1029.956327	19967.7554	8661.436641
33155.80637	1032.026529	19934.8197	8655.609894
33009.66944	1034.128279	19901.58119	8649.709928
32863.60549	1036.262094	19868.03857	8643.735922
32717.61556	1038.4285	19834.19062	8637.68706
32571.70069	1040.628031	19800.03614	8631.56252
32425.86191	1042.861229	19765.57403	8625.361481
32280.10026	1045.128641	19730.8032	8619.083124
32134.41678	1047.430827	19695.72266	8612.726627
31988.81248	1049.768349	19660.33144	8606.291169
31843.2884	1052.141783	19624.62868	8599.775933
31697.84554	1054.551708	19588.61354	8593.1801
31552.48491	1056.998713	19552.28529	8586.502854
31407.2075	1059.483396	19515.64323	8579.743384
31262.01431	1062.006362	19478.68676	8572.900879
31116.90631	1064.568225	19441.41534	8565.974532
30971.88446	1067.169604	19403.82851	8558.963542
30826.9497	1069.81113	19365.92588	8551.86711
30682.10298	1072.49344	19327.70715	8544.684446
30537.34521	1075.21718	19289.1721	8537.414761
30392.67729	1077.983003	19250.32059	8530.057278
30248.1001	1080.791571	19211.15256	8522.611222
30103.6145	1083.643553	19171.66806	8515.075829
29959.22134	1086.539627	19131.8672	8507.450344
29814.92142	1089.480479	19091.75021	8499.734018
29670.71554	1092.4668	19051.31739	8491.926115
29526.60447	1095.499294	19010.56916	8484.025909
29382.58893	1098.578668	18969.50601	8476.032685
29238.66965	1101.705639	18928.12855	8467.945739
29094.8473	1104.880931	18886.4375	8459.764383
28951.12253	1108.105274	18844.43365	8451.48794
28807.49595	1111.379409	18802.11792	8443.11575
28663.96813	1114.70408	18759.49134	8434.647167
28520.53962	1118.080041	18716.55504	8426.081562
28377.21093	1121.508051	18673.31026	8417.418323
28233.9825	1124.988878	18629.75836	8408.656857
28090.85477	1128.523294	18585.90081	8399.796588
27947.82811	1132.112078	18541.73919	8390.836963
27804.90285	1135.756017	18497.27521	8381.777449
27662.07928	1139.455903	18452.51068	8372.617534
27519.35763	1143.212532	18407.44756	8363.356731
27376.7381	1147.026708	18362.08791	8353.994574
27234.22081	1150.899238	18316.4339	8344.530626
27091.80585	1154.830936	18270.48787	8334.964474
26949.49326	1158.822619	18224.25225	8325.295732
26807.28299	1162.87511	18177.7296	8315.524042
26665.17496	1166.989234	18130.92262	8305.649078
26523.16902	1171.16582	18083.83413	8295.670541
26381.26498	1175.405702	18036.46709	8285.588168
26239.46255	1179.709715	17988.82458	8275.401723
26097.76141	1184.078696	17940.90983	8265.11101
25956.16114	1188.513486	17892.72619	8254.715864
25814.6613	1193.014926	17844.27715	8244.216158
25673.26133	1197.583858	17795.56632	8233.611801
25531.96063	1202.221124	17746.59746	8222.902744
25390.75854	1206.927568	17697.37448	8212.088975
25249.65429	1211.70403	17647.9014	8201.170524
25108.64707	1216.551352	17598.18238	8190.147462
24967.73598	1221.470371	17548.22174	8179.019907
24826.92005	1226.461925	17498.02392	8167.788018
24686.19822	1231.526844	17447.5935	8156.452003
24545.56936	1236.665958	17396.9352	8145.012115
24405.03228	1241.880089	17346.05388	8133.468658
24264.58568	1247.170057	17294.95454	8121.821985
24124.2282	1252.536672	17243.64232	8110.072498
23983.95839	1257.980738	17192.1225	8098.220655
23843.77472	1263.503052	17140.40048	8086.266964
23703.67558	1269.104399	17088.48182	8074.211991
23563.65926	1274.785556	17036.37221	8062.056357
23423.724	1280.547288	16984.07749	8049.800739
23283.86792	1286.390349	16931.60361	8037.445875
23144.0891	1292.315476	16878.95668	8024.99256
23004.38548	1298.323395	16826.14294	8012.441653
22864.75496	1304.414814	16773.16876	7999.794074
22725.19534	1310.590427	16720.04066	7987.050806
22585.70435	1316.850906	16666.76527	7974.212898
22446.2796	1323.196905	16613.34939	7961.281462
22306.91867	1329.629057	16559.79991	7948.25768
22167.619	1336.147973	16506.12389	7935.142801
22028.378	1342.754239	16452.32849	7921.938142
21889.19296	1349.448416	16398.42103	7908.645092
21750.06111	1356.231038	16344.40892	7895.26511
21610.97959	1363.10261	16290.29974	7881.799728
21471.94547	1370.063608	16236.10117	7868.25055
21332.95575	1377.114475	16181.82102	7854.619256
21194.00732	1384.255619	16127.46723	7840.907599
21055.09703	1391.487414	16073.04785	7827.117409
20916.22165	1398.810196	16018.57107	7813.250592
20777.37786	1406.224261	15964.04518	7799.309133
20638.56228	1413.729866	15909.4786	7785.295093
20499.77147	1421.327221	15854.87985	7771.210613
20361.00192	1429.016493	15800.2576	7757.057912
20222.25005	1436.797801	15745.62058	7742.83929
20083.51222	1444.671213	15690.97767	7728.557127
19944.78473	1452.636747	15636.33786	7714.213884
19806.06384	1460.694366	15581.71021	7699.812101
19667.34572	1468.843976	15527.10393	7685.354402
19528.62653	1477.085426	15472.52829	7670.84349
19389.90235	1485.418501	15417.99269	7656.28215
19251.16922	1493.842927	15363.50662	7641.673247
19112.42316	1502.358359	15309.07965	7627.019729
18973.66011	1510.964387	15254.72146	7612.324623
18834.87603	1519.66053	15200.44182	7597.591038
18696.06679	1528.446234	15146.25057	7582.822161
18557.22826	1537.320866	15092.15765	7568.02126
18418.3563	1546.28372	15038.17308	7553.191681
18279.44672	1555.334006	14984.30694	7538.336846
18140.49532	1564.470851	14930.56942	7523.460255
18001.49791	1573.693297	14876.97073	7508.565484
17862.45026	1583.000298	14823.5212	7493.656183
17723.34815	1592.390716	14770.2312	7478.736074
17584.18737	1601.863322	14717.11116	7463.808951
17444.96371	1611.41679	14664.17156	7448.878677
17305.67295	1621.049696	14611.42296	7433.949183
17166.31091	1630.760517	14558.87594	7419.024466
17026.87343	1640.547625	14506.54115	7404.108584
16887.35634	1650.40929	14454.42925	7389.205659
16747.75554	1660.343675	14402.55097	7374.31987
16608.06695	1670.348832	14350.91704	7359.455452
16468.28653	1680.422704	14299.53823	7344.616692
16328.41027	1690.56312	14248.42535	7329.807928
16188.43423	1700.767796	14197.58919	7315.033544
16048.35452	1711.034331	14147.04058	7300.297965
15908.16731	1721.360207	14096.79033	7285.605659
15767.86885	1731.742787	14046.84927	7270.961128
15627.45543	1742.179314	13997.22822	7256.368904
15486.92344	1752.666909	13947.93798	7241.833549
15346.26935	1763.202574	13898.98933	7227.359648
15205.48973	1773.783187	13850.39302	7212.951803
15064.58122	1784.405503	13802.1598	7198.614631
14923.54058	1795.066156	13754.30033	7184.352761
14782.36465	1805.761655	13706.82526	7170.170821
14641.05042	1816.488389	13659.74517	7156.073445
14499.59494	1827.242625	13613.07059	7142.065255
14357.99544	1838.02051	13566.81196	7128.150866
14216.24924	1848.81807	13520.97966	7114.334876
14074.35379	1859.631216	13475.58398	7100.621859
13932.30668	1870.455742	13430.63511	7087.016364
13790.10566	1881.287329	13386.14313	7073.522904
13647.7486	1892.121547	13342.11803	7060.145954
13505.23353	1902.95386	13298.56965	7046.889946
13362.55862	1913.779627	13255.50771	7033.759256
13219.72222	1924.594106	13212.9418	7020.758209
13076.72283	1935.392461	13170.88133	7007.891063
12933.55911	1946.169765	13129.33557	6995.16201
12790.2299	1956.921002	13088.31361	6982.575165
12646.73419	1967.64108	13047.82436	6970.134566
12503.07117	1978.32483	13007.87654	6957.84416
12359.2402	1988.967015	12968.47863	6945.707805
12215.2408	1999.562338	12929.63895	6933.729262
12071.0727	2010.10545	12891.36555	6921.912185
11926.73578	2020.590953	12853.66625	6910.260121
11782.23014	2031.013415	12816.54862	6898.776504
11637.55602	2041.367373	12780.01997	6887.464644
11492.71389	2051.647347	12744.08733	6876.327731
11347.70437	2061.847845	12708.75745	6865.368823
11202.52828	2071.963376	12674.03677	6854.590841
11057.18662	2081.988459	12639.93142	6843.996571
10911.68057	2091.917636	12606.44722	6833.588653
10766.01149	2101.745479	12573.58964	6823.369579
10620.18092	2111.466604	12541.36381	6813.341689
10474.19056	2121.075682	12509.7745	6803.507169
10328.0423	2130.567452	12478.82612	6793.868044
10181.73818	2139.936729	12448.52267	6784.426178
10035.28043	2149.178423	12418.8678	6775.183269
9888.671399	2158.287544	12389.86472	6766.140847
9741.91362	2167.259217	12361.51625	6757.300272
9595.009758	2176.088698	12333.82477	6748.662731
9447.962623	2184.771378	12306.79225	6740.229237
9300.775156	2193.302804	12280.4202	6732.000626
9153.450427	2201.678683	12254.70968	6723.977558
9005.991625	2209.894902	12229.66132	6716.160513
8858.402049	2217.94753	12205.27525	6708.549794
8710.685099	2225.832836	12181.55115	6701.145524
8562.844272	2233.547297	12158.48822	6693.947647
8414.883149	2241.087608	12136.08519	6686.955927
8266.805384	2248.450693	12114.34029	6680.169952
8118.614699	2255.633712	12093.25127	6673.589129
7970.314874	2262.634069	12072.81539	6667.212692
7821.90973	2269.449425	12053.02941	6661.039698
7673.403128	2276.077697	12033.88963	6655.069032
7524.798955	2282.51707	12015.39182	6649.299409
7376.101112	2288.766	11997.53129	6643.729373
7227.313507	2294.82322	11980.30285	6638.357303
7078.440044	2300.687742	11963.70083	6633.181416
6929.484611	2306.358861	11947.71909	6628.199768
6780.451075	2311.836157	11932.35102	6623.410258
6631.343268	2317.119494	11917.58954	6618.810633
6482.164978	2322.209023	11903.42709	6614.398491
6332.919943	2327.105179	11889.85571	6610.171282
6183.611842	2331.808682	11876.86697	6606.12632
6034.244282	2336.320531	11864.452	6602.260776
5884.820799	2340.642004	11852.60153	6598.571695
5735.344843	2344.774649	11841.30589	6595.05599
5585.819774	2348.720287	11830.555	6591.710452
5436.248857	2352.480997	11820.3384	6588.531756
5286.635254	2356.059118	11810.64526	6585.516461
5136.982024	2359.457236	11801.46441	6582.661021
4987.29211	2362.67818	11792.78433	6579.961782
4837.568342	2365.725011	11784.59316	6577.414998
4687.813432	2368.601018	11776.87876	6575.016824
4538.029972	2371.309703	11769.62868	6572.76333
4388.220428	2373.854778	11762.83017	6570.650503
4238.387144	2376.240148	11756.47025	6568.674249
4088.532339	2378.469911	11750.53567	6566.830402
3938.658105	2380.548337	11745.01294	6565.114729
3788.766408	2382.479868	11739.88837	6563.522929
3638.859091	2384.269099	11735.14804	6562.050645
3488.937873	2385.920777	11730.77787	6560.693463
3339.00435	2387.439781	11726.76357	6559.446918
3189.060001	2388.83112	11723.09071	6558.306498
3039.106187	2390.099921	11719.7447	6557.267651
2889.144156	2391.251418	11716.71083	6556.325782
2739.175044	2392.290942	11713.97425	6555.476265
2589.199883	2393.223915	11711.52	6554.714438
2439.219602	2394.05584	11709.33302	6554.035613
2289.235031	2394.792292	11707.39818	6553.435078
2139.246909	2395.438911	11705.70024	6552.908095
1989.255882	2396.001392	11704.22391	6552.449911
1839.262519	2396.485482	11702.95383	6552.05575
1689.267306	2396.896969	11701.8746	6551.720828
1539.270659	2397.24168	11700.97077	6551.440344
1389.272927	2397.525472	11700.22684	6551.209489
1239.274396	2397.754226	11699.62731	6551.023443
1089.275299	2397.933848	11699.15662	6550.877381
939.2758169	2398.070257	11698.7992	6550.766473
789.2760883	2398.169387	11698.53949	6550.685882
639.2762136	2398.23718	11698.36189	6550.630772
489.2762613	2398.279585	11698.2508	6550.596301
339.2762747	2398.302558	11698.19062	6550.577628
189.2762766	2398.312054	11698.16575	6550.569909
39.27627663	2398.314031	11698.16057	6550.568301
