620.811061208046	19990.596331604862	8172.341918467593
1990.576166645035	18526.45641416052	8152.8996731175885
502.38367545744865	19253.080060576554	8303.217941003331
1844.481097262987	20081.547548909373	8187.760038295583
-6.276158085989483	18371.204610753524	8012.590982628963
1447.9791288380102	19947.056319893454	8164.459975941684
1969.6038515578477	19755.168463292874	8177.789600576119
591.2404995178548	20210.450928938655	8204.247063369341
267.8622113652779	17686.83390380483	8596.128360341632
763.0163415322311	18297.584072920967	8083.269730931195
428.6857493559359	16715.794878995017	8721.533492003273
1361.8886012279524	17155.348519680047	8096.6331110612
1648.759683642244	17600.794016595282	8178.8834303783215
1921.673743789367	17676.180678365046	8081.624151702518
1342.3350936717954	18529.69271975761	7948.382083142374
1557.245351799524	17922.71727421592	8496.210856938957
1133.130907373921	18954.840367891997	8411.78856906485
991.8632705943272	19700.522294379152	8746.566033506222
2089.454320418791	19074.944341256793	8376.97931743714
1968.5664323357698	18184.369876654615	8136.751155365245
2660.8564187504935	17786.02916555831	8631.916956323692
1378.392658939992	18842.672771114252	8428.901792863378
775.6738402430612	18982.64742359761	8281.683426167165
77.96116679462335	16266.813644476699	8856.797139459228
2630.0068530234525	17577.449489066283	8214.355682209038
2227.243772782247	19914.00909168124	8600.389726582685
11.17301696269276	18232.16161113916	8264.867967545451
282.9280799991145	18717.32011335344	8695.016076862366
1902.7606926340245	20195.510118661117	8826.654415651183
711.0108890055512	17328.24536241594	8170.041932977699
1621.69171787224	17776.34049287624	8583.229695828144
1037.5466107998575	19219.004525373944	8420.923679551253
81.05870596925338	18250.730458072012	8178.004146886864
1090.1881295370774	18207.09270629322	8599.78599774554
36.98110515968104	18389.47000039069	8176.9087898173975
884.7239625616735	20194.19871659901	8091.514277772244
1206.5327390073712	19484.56235958816	8535.85084798243
1851.5707971135382	17695.53688939552	8765.227665866612
-200.59157947353054	18799.29181452432	8497.387374877233
671.9360831107405	19465.179896506914	8174.836877276674
759.2364570956654	19041.303023149976	8246.031021138217
1280.5752494539206	16880.968023382484	8468.444113161833
1421.5372326523727	16481.456004000756	8386.500325402683
1660.604589903064	17122.396332735763	8449.983739671326
1702.7642892703932	19881.16923608129	8612.113922772736
1093.2375226993152	20222.119318972804	8071.643025064326
2026.479146832262	19079.684587806696	8328.528819616844
144.88389547002592	17738.448572115674	8431.125961882863
883.5300823271476	20278.78713337355	7911.5605296199765
954.2896701244664	16285.283371749878	8163.61223809414
429.54817202591465	18386.65048363942	8472.187978829552
619.2380064282254	17257.299856317903	8347.251890939677
112.11205074681197	17963.296931210178	8484.998069312995
939.9998125624153	17186.55012631834	8510.025657607057
1525.0631844025868	19899.55930130785	8237.825714141522
1519.479887490915	16894.143206134195	8213.771546215985
338.31274035052996	17196.31348937723	8499.702516436426
835.8774820266183	17373.036019757692	8216.402590019286
2024.1941362994498	17988.545509763357	8195.540637787526
1495.7255797509745	19871.199118507735	8273.085829052732
1159.629442451278	19806.519584414666	8246.638051084052
1591.0807913045633	18397.845627639475	8342.01803531079
141.6815614229796	16683.800401381202	8727.319417638637
39.209549470280685	17367.71101432249	8570.518082983996
597.9763773934635	18139.520541970465	8182.836170193824
2478.9974346906847	18804.282576749465	8519.962816698346
543.8206690629947	18592.252929431957	8264.321637420002
1038.4679044046125	18419.471048592495	8374.91752127689
1448.5087107627364	18358.20630949675	7902.076331203784
1550.8733037237212	18926.920816963255	8104.915011840082
2153.9158868844816	18138.58769292163	8583.928322373298
1256.8799882736955	17557.175774598745	8934.536687315318
601.0408572571343	18121.21029424433	8350.115894143684
2201.9869415012568	18013.3741758846	8344.784048535616
2457.409137684749	17665.12423444913	8390.102870186623
2055.7149149211064	19794.982626855784	8564.597478227532
1083.9530176056442	16957.359353312215	8448.018062402092
1555.0892119521177	18372.192019744132	8364.018923905413
1010.9587460988032	19372.25718762584	8420.941275547772
2315.586256062451	18634.120309067283	8438.926574914476
1799.0906295082905	19147.04002068919	8277.901871124555
558.9706898927445	18168.725693269593	8079.119744371307
1107.7564931898032	19487.281750961996	7856.966771616607
703.2420199974316	18695.877579657576	8507.799083786129
2018.4535884196894	17929.025204931768	8066.599866428412
609.8308110599462	19317.137831575637	8543.51123898575
609.4540077792379	17483.286845762657	8995.909884028853
558.1300635662543	19297.74842212326	8706.027409312788
871.5401210736205	16204.345762827026	7838.403227624113
2287.8812373534856	17904.636988877173	8353.577797508584
1444.4160155864354	18186.567498086188	8354.66798841941
1484.3587770361944	18097.49701595781	8163.363998744507
986.8787797627688	18146.59487340027	7999.3147047939565
1206.4641111233746	18531.053677444008	8088.709835969992
1029.4394305963224	17869.717352263764	7887.137696460236
1854.1953738511897	17084.80474558147	8329.966987661592
525.3650651778538	17205.418659037892	8398.668738960712
696.6891732071682	19287.804318209404	8490.620960657567
1512.5123356554443	16352.100891719821	8535.378412709477
1898.1856347875091	18762.422929480083	7783.663220410272
693.7733581978207	17408.10741205779	8428.652374777595
2328.816129230108	19564.54761623646	8231.202622533348
370.56735019741274	18155.51892938736	7969.965476946776
682.4770948740819	18395.932958039735	8574.11301285644
1384.7129131628376	17988.492316363336	8252.541900095208
1526.2324203735297	19198.4854079706	8500.43649008297
1017.7485040607853	18395.75588860268	8441.609477318982
1439.3314223726456	17572.92215273801	8182.030525856828
1313.4509298479015	18998.774291370435	8307.757093190414
1389.2949271744935	19029.584818552765	8194.653319445684
817.409403053742	18865.87409862131	8439.320301874883
649.0202199294966	18973.920160659294	8378.596817301617
721.8997794133661	20322.505178179414	7748.156873026975
1706.442319393335	18813.98989534485	8577.456112601503
1083.9751342329728	19291.357978913653	8499.73868919159
1947.3005442016809	17433.470512870157	8667.924437305108
934.8475158005181	18742.86954503112	8421.415711975356
2486.175232956897	18559.256598862783	7612.73322684825
1202.4951915967806	19037.188146573637	8375.59281325743
1994.1911293608487	18864.129779809013	8302.211014534136
1797.3951628468196	18995.013533381436	8511.062119854387
2612.123300127454	17828.33792171961	8216.603671076582
218.92897571153983	18268.377578803465	8954.225485112775
1450.546575394605	20283.553455341753	7942.854504808099
344.5331861140395	20517.220266036093	8400.389878052956
1251.2725823757598	18161.88951937283	8277.016242716832
1150.1113900228256	20082.371965769373	8415.188640066706
840.6574461772229	18709.695839141965	8554.287196109342
1172.1326383847909	19124.76228506654	8854.943006896816
1314.7920151679946	18360.372825814906	8617.080277574349
939.7065246710796	18122.865430404614	8536.605115111168
1610.3270185846914	17466.0429819658	8137.020284302147
400.46391460048795	19346.712878541017	7923.178522634425
232.01786437920885	17152.561417634144	8406.25628973144
1823.0428386544443	18850.34449186811	8295.12032136523
1939.4031382411997	17326.68347212791	8923.351253905055
920.9250039596775	20286.37893503063	8527.168499173613
2191.276966469343	17699.340428236905	8414.132242625248
964.404162226762	19577.97484522728	8318.29552860061
958.9885087432209	18128.6692295311	8410.820180893414
1071.2877693181792	17120.060106184086	7939.491599445255
1571.519133019648	17610.51447116301	7994.90809724304
2020.1360564668068	21751.697629096092	8179.813725593283
268.8551082696354	18699.16822983198	7645.438714740048
654.6765202788977	20478.33566912945	8090.935901172702
614.0239358888659	18974.35473248191	8457.554209894928
1231.652752661503	18148.113639061492	8548.013430563286
2556.5626665478726	16567.145388715686	8573.334180385813
2226.166615539998	17351.629917798913	8309.746950488166
1480.7064628283072	16881.923926227268	8773.018372886154
3195.4020367316657	21049.09164957278	8848.308068257991
1140.1567391680694	20702.199193501663	8722.353968967334
2149.26087778617	18197.57235397026	8720.281329410574
364.30585820060065	19097.374566573584	8663.712045001092
1725.0132186423064	17162.098119958257	7942.68669502384
1494.3546567818637	18217.851516628878	8082.1515300557085
1391.3040867307582	19899.97020926731	8356.218766779903
922.8734158834257	16812.32768667402	8442.17278948067
-358.8050751809271	16979.47941381435	8165.922029615949
1138.7142188249732	18027.508847062247	8530.608233666688
1843.7231615715689	18859.84688547208	9209.357876305958
488.8305908292188	18741.19686309674	7897.3509674333845
1247.382773497491	16851.799938226934	8588.62126055217
475.98559760350486	20580.713120523196	8656.602797129979
1693.653194905632	16586.799997975897	8314.600062912266
809.5299798780178	17980.545353198562	8084.143174592031
1251.0024158742997	19137.09741372311	8262.99170736365
783.5060985277438	17738.511661827815	8481.957635904853
840.4219078624078	19699.23274154751	8317.314417136458
2335.0012377506755	16409.098428380457	8265.367256727424
-213.27886170186676	18291.767398559325	8570.741712946383
1986.3390625458353	20359.653865637312	8616.04060449629
1858.8478520086446	17666.837063208834	8088.560142890571
1756.0218413461118	17810.205168464458	8454.570230817006
699.1113746165933	18063.635788525215	8706.852607051604
900.4378305144688	17690.360749016516	8114.414457035057
1840.8682594335312	18273.784361429967	8273.04475546114
2041.1956809358117	18024.662028667906	8404.518938519775
1814.5052121107426	19489.421889408135	9046.309025775714
2039.6723034731392	17556.623401079	8330.86169958323
432.95388163777255	19595.86690873809	8428.825816095954
2415.1348316016265	18468.96245937706	8510.839156796927
1218.0898058441137	16079.498843853788	8608.761764221006
216.09679027389706	19001.061008194487	8518.698095008775
1082.6349643281217	19678.337809396522	8742.635313979585
1479.2957739399853	18736.56709615332	8652.66973075668
521.8982494610576	18030.679117101685	8593.770752627117
1028.2487736552962	18604.960957952528	7971.050204167046
1596.2080256781396	18637.50438616887	8416.165436245534
1415.8920187705517	17570.89039355024	8502.160890496649
563.9328970059211	20038.424513873266	8315.36645625481
18.57390331650438	18124.08203869792	8439.294495911174
370.63712169884747	17970.04318985584	8274.483801026789
2187.751622035391	17488.352640699337	8393.718874595703
1701.9624097685742	19655.333720262042	8664.934665376359
619.7724703048564	18473.648810612554	8499.5459861973
1669.4493560947203	19399.669931109223	8119.684164435073
357.6660586700568	18075.96444249338	8944.978269903955
1379.8779025475485	16525.196770490704	8880.67643909702
1170.8272421531658	19419.556457910785	8800.425059757605
1368.2851745959283	18839.417743945945	8473.628922924914
1276.8725337370108	17645.967435415245	8696.86633719908
2063.7947411370224	19872.416774622914	8071.341402395946
1779.957585098045	17658.441500900502	8413.258148922214
2662.2101550167163	17783.87175918589	8365.387546453041
9.148497075518412	18211.779586346907	9011.320616236837
1679.1870379817458	18293.15478617331	8436.520379047917
1534.042267773538	19848.518342018848	8587.79126950478
1902.4148496314142	18164.75446441615	8225.46194289203
1069.7582051339336	18457.579154495117	8067.407925479862
628.1426183378875	16879.530808911524	8590.779198626233
1381.7181311641968	18320.94046762877	8341.783339995753
1463.7045007193228	17410.15320694966	7769.0043397842755
1930.6695138296893	18283.097395340574	8378.663243627
895.6861646689288	16903.329705215867	8042.398629930334
1469.0173432510057	18890.28023427658	8611.891850617116
912.3255907699472	17640.303352208106	8519.724068256382
1220.3667926899677	17353.545040472727	7850.659466864488
2355.7591036369345	19848.081532359516	8680.423230973083
607.4763743649231	19624.777115468536	8310.92447574222
761.0859117014586	20008.582946824157	8125.16130944403
777.8843524640374	19349.002078931724	8113.447802678394
600.5391787967828	18697.610558580916	7850.761977514162
1169.1280487123054	18353.701513864704	8469.26501051862
2712.489774264785	17665.353354535844	8221.677174636192
27.12856962125209	17176.099838445487	8246.453275396627
2157.5198591334465	18499.23765208192	8388.642125504715
1639.5931436245787	19575.33479097017	8857.884041002315
1809.5841325000417	15606.740175984365	8277.500825923236
957.0369695001956	18220.973046092484	8216.021910643958
1737.5344346656263	17609.426597691458	8528.882324874961
1186.2732560164638	17968.771687301884	8020.949467103292
1036.1569895760542	17263.518760203027	8424.092318137995
1543.119843528029	19335.44536038516	8734.346878184053
980.7586105632723	17216.62382195362	8327.430378200845
686.7405309324414	17307.44852174283	8226.057740160039
1770.9815537890645	17575.63216957254	8338.965333386137
2893.407898936783	17761.875776648976	8290.010497531777
1847.707200965753	17533.7765585656	8414.600712253285
1460.4555855587046	17718.6131162651	8466.608834441078
697.0051879775622	18144.122510468344	7820.86014735598
2063.1549241679177	16594.628141129433	8005.959825346425
1484.3443990402086	18257.134795499052	7871.320278717976
599.1191104924479	18761.148201171116	8045.858327502175
-368.20504286237724	19342.2992612619	7367.630126302793
-574.3344210689518	18715.803172871223	8666.180377891866
1526.8746269316318	18337.25743302305	7540.05847612545
778.6907928389979	17367.625550723722	8698.872933825722
1240.1665885721916	19151.416246036184	8053.973733700062
321.0162048775612	18433.070322962976	8062.603877392112
756.3647173887998	19446.143882356002	7935.2552404063335
1626.680530939829	17599.328204923764	8304.749347577905
764.0281874030371	19033.257213346773	7954.963919351634
1193.2366752184714	16455.563922941736	8352.909578559213
1484.685847516173	18584.50860843758	8512.0844627881
1695.1991475572574	17465.702959315884	8284.219050263548
2126.309584769388	19007.90938095211	8133.920061546294
59.84552195169817	19383.398221930485	7972.212901096455
1062.0790034513602	18633.23164198046	8462.422943699574
284.3112588917295	19357.76110335173	8321.355484206706
-1036.029198820251	19126.185693958014	8407.072971476977
693.0012472695428	18923.683429439723	7776.616659461416
1367.147944531374	18724.819010467723	8198.176856877431
425.8321791337335	18768.237665587665	8200.990266263834
1254.929488898167	18568.25607903844	7631.872904460597
458.8513477989193	18938.757943784178	8457.99197871828
2052.192454878476	19116.822588836414	8455.669634183441
777.816506943141	19581.91802037486	8263.636702755646
1554.3680191706167	17357.398176838233	8312.204678840748
1928.2606668990713	19466.832184622566	8597.609407502146
573.9225462480849	17507.240062722136	8076.991638801507
342.40222588265493	18192.65167016466	8548.36078633235
1548.0586923369547	17665.294600456476	8916.315315067666
1079.1399239433292	17359.861425649146	7990.64304486509
350.71093790477073	19331.474714443782	8600.568452576232
1385.098879627958	18818.110717820746	8606.41508063871
218.85578092258186	19082.66990944275	8791.061354109497
604.4047590747756	18025.916085681038	8145.047869158316
590.4974437733985	17179.856600883297	8470.9985174901
311.8808934593927	18268.168153005186	8248.014636564976
884.7784433938155	18801.507175705854	8667.105586301266
-156.33233636526376	18264.131361574196	8382.626308970326
1366.910528460255	20428.165127036063	8024.974631859492
1820.0328885121935	20014.507124462263	8734.451339245903
1093.821659643408	18221.41043885169	8776.92862356726
968.7804617412189	19069.878114668478	7814.659395412312
973.4714858260497	19572.67634189079	7919.465853166528
659.594591736592	18600.028786062856	8040.501178873183
1317.9684672571832	18709.982621232117	8095.815181517766
1045.8460842421734	19087.685506415262	8680.598242860382
554.3438497989206	18813.58285746592	8410.233593776446
842.578043297129	19083.638021502087	8582.151667885542
355.19672449314714	19612.089589113482	7826.363278582958
976.975225661109	16846.078688637444	8625.812005615002
647.854283329988	18276.48920242774	8959.584908342611
1130.7093530515174	20026.82434576759	8454.215847130852
2315.8812942987593	17761.14969402307	8138.4417945072655
113.90191934467003	19169.858485200646	8288.286419505943
1184.1516378753608	18573.132833422176	7995.592814306427
215.42282006688706	18727.721685177516	8619.10813028608
765.2365881086627	19007.331159679532	8516.109111922973
914.0019042708003	18264.291138131397	8052.485142195574
1812.068261586918	18701.329676959132	8693.416605187118
1922.819433184601	20270.022889539756	7892.065236974904
959.5919576768447	16617.59334608798	7984.299759767261
1087.63773952373	19866.711795793777	8649.60314393723
2314.1340837221965	18563.97287489611	8215.727154944649
1178.5895109620976	17598.13748353519	8726.796437576792
580.0849797272393	19220.11605601046	8374.839545413372
1997.1999520286645	17578.75580219651	8560.186545853128
1127.8678415640281	18941.7454763633	8624.410391723348
108.12992703941597	18996.275409010734	8612.813381119211
2271.0240942109162	19611.38263058474	7697.4941951860665
1261.8988861506232	18352.3648843968	7943.974433453016
945.2501822126471	19647.083261770185	8214.326778534785
562.341260674351	19146.886857722173	8409.216209943294
391.99348367409885	19607.840131426736	7984.071552697528
1664.5947386203088	17936.039218558595	8489.56486569918
1210.0128988936717	19066.24893852289	8646.900198245328
1700.3920565337398	17730.357629352668	8210.32665569425
1051.3613389606205	19427.24758934651	8467.190146098284
584.7079480503785	18125.214726499747	8417.068243117084
999.252862295445	19609.40311645092	7864.833538916549
801.0499148533916	17726.634779455606	8242.20615776805
1421.8465151677678	19472.867170694015	8310.897780912084
820.049283249238	18718.526767251835	8320.587995379417
480.42389299826874	17807.522718431246	8333.397996891392
1837.4099355381918	18700.182287349544	8184.248784055329
1989.2274650899967	18199.985636053178	8588.61816713526
1248.6449541700097	19704.97456975295	8141.119738928191
-43.941816824511534	18965.59096220304	7958.224766314137
1736.1396378829972	18500.139391300163	8472.535169994422
1272.7626740411363	18261.88213036487	8284.375972060547
-45.942643021052255	18427.570673499507	8425.54449833749
2739.5199444522523	16049.175943572365	8739.2460857264
1696.5846540886328	18829.917997572178	8206.32800785143
2428.4429293791036	18328.343758869967	8176.103891053012
799.8188192505044	16108.746028744567	7724.687986807732
1635.0486693315027	20767.11496917494	8388.531290368963
1995.310593887975	20313.251979905086	8561.612242135594
143.4699229753395	15548.170712157233	8486.017637920384
2125.7555035590776	17257.837845972495	8304.574892521114
78.56379232823039	18027.69073836112	8348.765747978892
1665.351830871347	17772.513967285347	8047.804888156887
-430.75421993681664	18716.72388646546	7961.957980708094
1072.5019243355425	18280.995538138875	7838.304433239155
409.52032308578777	16863.504587066785	8555.98044036539
1277.2799626061467	17243.730276208888	8664.769226252592
1734.586224475086	17699.67400216781	8249.780876582832
1838.5310051039626	16900.61324709466	7493.191530811849
763.4892520207216	18718.495923282604	7605.221313371906
1288.309166415751	18978.803143391517	8413.07874427865
1179.842983980033	19525.302780847152	8756.56557152645
1578.1579485005973	17627.232365857257	8600.881302499858
1048.644560582187	19194.226443615113	8124.177477739631
1992.0195603402638	15960.548100247137	9109.687929875212
1530.535433921118	17645.669879196947	8434.908282743605
628.6959477629061	17697.02528608545	8801.72024892129
2225.3366288892184	16729.002090105554	8219.587042143743
1440.433029401179	17713.073774965516	8631.302639875534
17.000486406214286	18380.962212807204	7982.137351455403
2065.4764098909	18785.715516737804	8446.10738379896
756.4239542290204	19764.070640447022	8210.322107469356
1588.0597195182904	16620.204371752734	8217.009920627455
2589.0140995514157	18677.160380383637	8327.057455653332
1949.7356943270468	16544.43682728208	8202.245817613353
2217.4354054202204	18531.689060599307	8325.383370582953
954.8613275691916	18847.175671466484	8394.286338662147
982.5392780105108	17858.38812060404	8563.708489159246
8.86486225471278	18688.831113713037	8430.71304800878
622.7058151655845	18842.684179079548	8416.824173056513
766.5828908709049	15345.71644881409	8219.464132995661
1192.224219711453	19306.667704447547	7953.709419165277
1983.204555568573	18985.917198075986	8085.141927115129
-194.0888455594106	18372.170103546225	8837.79732655656
787.9203240712999	17024.708744733747	8480.350349588074
-29.98440263878715	18926.780424573226	8135.549471658083
1158.456765246237	18318.2376351122	8137.872106822335
1848.4600441868245	18325.672028788813	8082.850778463965
1410.2791178141454	17907.064435082157	8519.86533645774
2303.858947523794	18468.287803608702	8220.34226384416
1525.3133805650098	16443.603806599378	7582.742451067729
1520.774956905776	18992.036200246264	8470.528849372202
1787.974551001688	17433.551940457535	8425.050007628892
917.594880225521	18888.25632573212	8176.003645893266
1083.627985986294	19715.78005291286	8173.092179718463
1812.904433563668	17512.510867536163	8410.012483604665
742.0086744786689	18353.63139430064	8753.826475931693
833.0905558682892	16093.690886289069	8055.647098838424
1727.0375836164696	17910.37481679245	8108.423536213589
603.3317727530701	19197.745008925027	8198.295440601483
1522.761132895944	18889.04105705652	8922.349841372077
1229.0506181050093	18361.764741781957	8389.593300899785
955.6559364843465	18465.361365765388	8475.098479622942
-121.71644987129099	17468.895697013737	8745.404856198185
1813.344450577843	17848.535403504582	8188.623340988173
1821.9808818886095	19806.914746533028	8762.221532711468
2631.9499707532605	18242.745766921886	8619.628979258796
678.7930782500982	18562.59127388843	8607.08975407203
1459.095831796475	17655.82465593558	8128.955839947557
1422.2666033338971	18347.666370142782	8439.82670426024
1503.1074778486673	19274.00262576953	8643.735286596773
891.8042767555411	18312.78019138078	8368.31415012541
1142.5605475790037	18612.038265560346	8198.016202322195
1489.5858602859344	17708.76125092513	8360.453197315663
969.3845580344779	19361.22012678055	8301.911062443056
1415.0966720617637	19019.533410687705	8421.328366276011
1266.5777174241398	18631.06365926253	8489.847018815386
500.73713796126606	18599.899614339305	8945.618416835943
1939.4693754472355	18728.432162882167	8559.166305499835
-190.57015884672103	16931.239903917205	8385.956634500373
163.15334637908362	18627.50311357111	8544.455234082112
1742.697609238484	18619.158462411262	8535.730986011065
1992.8093061185118	16475.668922474302	8614.659921428552
705.1955364394628	19049.067319742397	8271.2930983137
1159.4175212071566	18655.21127113965	8018.71689673661
1058.0847128406192	18739.85991138324	8449.039641546971
231.9880899164384	18387.101608510085	7550.961103509681
1441.0246265756864	17993.51616979158	8183.552196682859
755.0441883603878	17806.58883680834	8040.491709732373
1735.3904052964701	17942.378092296414	8019.42850297742
1666.2527101272567	18457.17080592008	8217.32607587891
452.39131893327635	18486.855369100038	8460.093083685835
1093.1338093070374	18672.505674332326	8089.643123223474
496.49068357020644	18246.778356127597	8330.371699898003
325.80617377489176	17934.834993919347	8600.320754751447
741.9943097726864	16142.011213649288	8388.317965158954
943.2323669287647	19328.303112550693	8217.290974290292
1476.545879527001	17545.653298536963	8384.752966032605
812.6551827072376	17659.50562754002	7995.647899382957
1434.1134174568383	19716.591762971326	8335.204306943488
1000.0376057441164	17707.520455330894	8348.384944954772
402.12298084514987	18911.520683369174	8812.05938728215
1301.195897356274	18419.789494687782	8862.985401755863
1047.9382640657318	18941.040223944077	8069.745019486659
764.934205357751	17948.57645537189	8263.432197325144
1908.8369826494877	18236.746528319767	8650.500841086092
1017.4523304392671	18209.01296694567	8058.112373556397
512.2692175733486	21466.6506265168	8335.778272144817
1617.2018456520454	16386.336662531725	8420.24709901512
1226.2291293163182	18725.116665431895	8359.892214796757
1491.6636015171148	18037.795262850585	7912.727965878357
1057.1866137554546	19534.51182087625	8271.31822414694
1162.3326853680383	20675.135046223444	8515.072756514617
630.7962858902454	18954.363747119478	8055.372396376353
1099.2168245074267	17059.165381061266	8602.13427785193
1133.6286290425305	20077.706360435677	8929.467748906036
420.05538445525156	15795.516407610536	8578.6960506913
1236.8861207461782	19478.50261349584	8495.711285217247
636.7128049783519	19409.298636339026	8464.804201611616
1134.9746106083976	18251.666526372475	8690.3503173389
1422.2222575437397	18822.71443210967	7761.177003415473
699.295295959025	18838.468752489665	8036.256601723685
22.709984404390124	18148.03659251159	8204.870785804744
2260.357166766668	21286.929632955544	8484.529833683664
996.263916511622	18504.095075070967	8631.8954226719
1092.4955479612574	19639.309665998175	8064.240863200998
1324.761381650575	18860.08195551063	8138.182458245167
-185.20767040853235	19626.43570059179	8454.84190730056
1709.958566436134	19130.71430374868	7615.038831912418
131.57141491684874	17043.34079947811	8541.744499453447
1396.7488525122837	19707.18645272058	8561.839779233087
548.8619023098357	18435.659048467278	8449.741791636168
187.13454330847316	18436.181162818706	7922.1814702600595
1371.4317029567371	15820.9670020807	8244.85779747029
1756.9473024769707	18479.860712805897	8955.718801907546
1156.0295501396922	18795.04468482846	8219.392208153871
935.1198907499906	17116.071514425763	8311.557081165736
1407.2937423694775	18371.49595609809	8067.292593202515
735.976023340748	17928.44998677375	8209.196489696635
271.7282192227751	15989.339248645747	8549.232251879588
1752.5340966075066	18874.673142806452	7927.674300997872
257.47635421002485	17329.84644016295	8405.046360739658
1595.9679054521591	17461.48200563498	8400.667989702019
255.8212708812451	19988.65738777973	8305.598134784419
1573.5580496595403	18113.685116983754	8906.34894112969
2033.3299016216085	16725.96634532221	8329.18100573856
1038.3427638109538	17200.34749675682	8450.853467707708
743.7927508046355	18975.256724126597	8207.571076727916
1209.4048720552582	18621.227443754637	7985.293483775879
1076.011431507256	16767.699185251433	8436.94921825707
1197.6158631738529	17984.07062987538	8561.255850032034
33.02294943570986	19026.15463088596	8242.061301396727
914.8377494977276	18293.084431878575	8768.263084694505
1603.7946531560408	19769.818849582305	8661.786974182234
834.2128549021576	18865.587952455655	8585.645381401295
1853.5814319124333	17364.071397428277	8737.18291180202
1654.8484407916533	19105.924108216965	7772.72178337503
432.56418467208647	17942.114479207175	8501.57315720825
790.9367343622642	17829.56752421794	8645.659282652232
1624.3702728380624	16560.68520995209	8627.569909491105
484.39666364595115	17534.462879091243	8343.595011759746
512.091392211605	19088.30104614302	8299.407101201748
1485.8295925777122	18987.66913397756	8371.83777333857
1962.4126236630848	17777.87546370134	8077.329423695612
-594.4337745065701	16708.530465829583	8140.979089855767
243.2407655106911	18302.00679611151	8169.910608102662
2122.155440317918	18286.82445752896	8744.706859687534
1644.1029108356688	18508.866187214822	8461.633082179971
969.0964528357787	18959.73085396216	8548.526595761525
1477.277912271951	18861.603083023474	8517.58080724926
1640.6154700234397	19008.92082822575	8640.964239814095
670.9941577815786	18767.37402074339	8576.117891863325
138.7010351779887	20154.87763247846	8538.385989539107
990.4405153199663	18663.568743787793	8360.423466957905
981.4118051535709	18310.881045250382	7854.185585178689
82.89702135237481	19693.613302609265	8076.918281051594
1257.4438255355594	18739.78695606688	7902.135577067762
1612.0978598245072	17850.884305578373	7972.49999773644
276.54865540389204	18740.820150148273	8311.707813296725
669.2923288473135	17899.184840699938	8591.968584617647
-449.972851542185	19329.17742662316	8995.538988077647
2654.0266828802223	18968.570974668695	8526.568247099663
1261.4849674346553	17964.051987660143	8469.874968026845
1046.4401999932663	17259.078869081946	8379.09458904127
1322.2105747000128	18055.873136587874	8962.790504970937
689.2751196989076	18877.203494138063	8412.085829141868
1387.7548097011984	17933.711633103256	8309.6879758323
688.3186731600487	19270.745957346826	8248.582526476666
2087.2072603094753	18041.669490881497	8331.521454243895
1053.0826177503238	19079.575422882506	8179.129964020871
697.7710488782251	17509.428701307595	8197.458739419297
277.78866783017634	17418.06044529773	8125.311409690529
1249.2079686522395	20117.432656796842	7926.458581287977
1841.4950490144706	17949.77792354244	7829.514123193342
1345.412754402046	18778.913001884936	9067.851063158701
457.25477365575586	16848.669076141214	7924.971964827133
950.2461014109609	17823.503277609583	8767.780853812157
1894.4339352191653	17246.220464160036	8199.544983961508
1384.833941403837	17818.404496754298	9032.79831400023
645.8189563190735	19372.79902072291	8950.888577930124
1178.4034615299636	19918.049905093812	7984.2953653161885
1456.4393566570968	17875.150807237856	8222.383845476228
15.575961765690785	20924.410292410583	8382.236727041376
1296.6656812507626	17553.40395802712	8442.63572441007
1183.7661272366945	17441.876252094848	8147.414337786526
1633.2888351206855	17393.06901377612	8081.240756317525
677.0195120683704	18100.588245620642	8404.77171042092
929.8035065621943	20232.126322390446	8155.710859954143
1248.0687863026797	19514.009721592298	8459.466849368018
1982.599648951823	19879.53893864051	8003.545983995124
-460.814956259203	16369.056184349114	8408.911531197136
952.1137853671258	17940.793652479355	8535.265163338023
1655.290966986241	18627.231342960997	7946.235054681078
1192.2267674969985	19382.454572317074	8736.010428931408
1730.808568362394	16493.905767273278	8556.789028223258
667.9801118891617	18870.741431608134	8169.36628848452
583.6763992220674	18756.527915721643	8302.79199159292
1867.7176360912924	17197.01096902018	7948.615589147742
1717.3806901617168	19822.616286479337	7996.357574779882
742.6744322894493	18785.84345894373	8586.660460430232
649.1923744152961	18957.33235440352	7959.23554363382
167.36310568787056	19157.097197770217	8925.063676566513
1304.4082550274761	19594.4222218829	8047.812008774889
289.22925993138614	19527.95548191092	8595.155064698545
795.1253478189361	18635.21073022424	8141.135558418732
1906.015510314083	18232.055673215662	8829.28842978777
1280.3832861772962	16342.0167138466	8576.420378139323
1080.2364064487692	19614.49032312248	8052.078534083222
685.814690182599	16806.994707857328	8224.042713777151
515.1977058837317	17408.90394876958	8307.693640901005
986.1779222307039	17597.38495832452	8520.954008312641
127.99408889464492	17976.26429872851	8169.588020394239
1344.104791184237	18320.529243714333	8059.257606893828
1099.1007817038833	17970.97879871382	7851.778720266338
1705.0605668609844	20240.20208443945	6940.955039334199
919.9183704460166	17491.10255777123	8250.949172244722
1057.9140809353262	20393.595106166707	7533.702775364451
1550.328558471098	17729.391409375963	8324.338858724048
1466.0973288483624	17891.87696542601	7835.514996512385
106.1686666161567	19833.48520090057	8611.64933188101
1663.123906107894	15765.721115610186	8173.913961431022
1546.8084199484938	19500.630600924676	8117.66820864172
1661.5091368442852	19395.9201230455	8113.322155738648
209.11870918586845	18098.571282552468	8130.204277336345
60.20899276588726	16729.918649607225	8471.25694726512
318.3203944023054	18224.151767228894	8015.683966830957
871.4587090710444	18545.096134001556	8163.626913695708
1872.7464531108897	19583.5078954801	8010.998271425139
775.2336148161652	19923.998568459232	8480.878844694955
1445.8719657006322	19453.802895551533	8199.232154345444
817.3620115806824	18332.683506996742	8385.746509410226
1075.8036143595748	18128.36773696191	8871.889125231557
217.78765504513652	17736.04987305489	8314.762477309863
1153.9696109370416	19189.89896730739	8250.184037335332
396.18528351611656	17303.84534651647	8180.6444865718795
233.59636974071913	17926.53173738538	8640.90484762453
283.39669730491767	19120.79384157637	7710.864281407341
757.4397261345157	18259.949806531917	8093.89717245414
1588.5656685233394	17947.51251732551	8499.651179626317
1617.1895919569408	17214.28989950446	8302.000096087408
301.76657431363765	16993.251916318397	8943.003213631839
763.2792811831587	18919.977814430902	8073.834379228288
-342.6414059467408	18970.649293822786	9511.356910499811
1272.465744712198	16147.849584863186	8945.216819181414
1703.6888938299098	18752.417832537853	8626.905277016922
1256.0222600089037	19299.380888892123	8389.669605557805
2526.423808549684	17568.974527919996	8314.068450685358
1799.216634250386	17758.288302572182	8381.606295675587
1138.8273212176578	18141.185258168167	8232.76744979801
1233.3148182232892	19264.343317439867	8020.335060359096
738.6605004665969	18224.08973647749	7487.911474188804
307.9342822783111	17512.24657129892	8652.6896665564
1709.5953445755072	17228.3617919118	8340.072516599108
774.1799448074148	19504.532034259802	8015.188131859073
1169.0926975491411	16111.654481718946	8424.320339054852
2477.088035481407	19067.551332640196	8165.576724300328
2149.6257732688373	18258.731905172095	8608.896116941376
594.5776311201059	18994.926343569652	8582.884082460947
2108.058706848902	19004.614030641827	8400.192372509811
291.6914961413489	20097.783129516905	8566.384631334322
1758.521052113462	18297.295628380918	8484.776615585806
649.0319713406327	20038.895861725883	8268.491102493974
838.8227808336926	18401.793069038384	7692.587675800083
1476.7060584385601	18279.840967240332	8247.50123904643
2285.44731969962	19362.01262203645	7954.994986354672
1406.4375007288966	18210.042559687216	7906.226871120958
1463.497344224639	17668.527873417926	8314.839256541312
294.9503362066255	19413.956939836342	8205.899240412602
1108.013656493607	17386.952977851743	8495.320927653649
1295.6736720408553	18138.511475232302	8167.076399915252
1431.197900516799	19784.83214237445	8222.63378793091
1477.3489967752582	17457.015967629464	8537.46833449526
1149.3877183180612	21175.57804908025	7559.998382859396
988.9007469756722	16758.373822922815	8379.572733194562
996.6919340210219	18260.270810502396	8517.779021565822
1555.6167861410945	17990.14042463748	8149.980948710034
700.9657066277646	18451.6809485097	8719.961352584807
1550.1606776923827	19504.824692187784	8303.769732067763
1174.2233700748993	17786.846241222513	8538.438919265735
946.9487656534409	18420.413257936038	8594.389623027846
1004.5292899993565	18750.784379076526	8230.305183295668
2142.7941120858686	17710.01068323364	8430.234472326369
1676.5948697761457	17933.225471623522	8346.067521512376
1354.2611977237498	18528.921450662783	8507.229423526265
256.6817433381239	16584.33225995116	8491.867996411298
565.1648340293227	19832.917525806766	8241.497458091446
1603.677166993438	17438.242662322085	8460.80662787334
1485.0658419394704	18009.563780862445	7898.4532945191595
937.8477060597876	17048.149016229272	8501.396335987421
1981.6643013366672	17740.068249670385	8853.508724338912
597.341635557057	21039.388311646228	8461.416009830866
1456.603610082018	20316.16130483498	8394.741319207607
1756.669047803106	17576.546834750243	8285.115087668517
755.4331461979025	18672.394494345706	8209.444451179317
1288.0390370944667	16946.343891257806	8430.287113693303
-172.72887343352463	20431.361376731784	8341.518497728504
967.4211205215797	18060.86538405384	8469.826310015389
-106.50080743937153	19732.766622742754	8493.685847850122
2539.988045702485	16593.907585896883	8519.213187213914
574.957592416492	18874.457767152784	8238.540035407543
-32.64141579145054	19166.296354460148	8421.2395391169
-241.3719210762259	19439.269530043297	8200.295823633467
586.7756876072746	17019.00054457931	7578.42672877536
1889.2789751541286	18751.491999122838	7984.161090958619
75.66048246311524	20324.886142007395	8556.023864904357
665.9932658580769	20181.90250989484	7685.535877257751
813.0288369914314	18834.193191666072	8057.277504847151
756.575939282426	19858.622322597745	8271.879229787473
1795.6043393535692	18726.29576092901	8351.825962568038
414.69680623348023	19883.349427050085	7981.4607103039225
366.555965303049	18538.532713145276	7894.586347791598
74.88242022300213	18013.04928545089	8346.362800693882
1753.7982485885118	16878.171778224365	8650.11295356573
2414.6545748104595	19354.09958543898	8889.369634801014
1100.9018805353462	16990.882507120477	8291.704883155167
1521.5248121081163	17416.390272000084	7903.227920909459
735.0935331820795	18946.526358153555	8467.268722559926
1011.1625559826022	19095.34689595658	8526.951996791937
1222.4030379772066	17789.97093209511	8404.635398742235
1467.391399936126	18657.256338367737	9141.336000210717
2064.008681049848	20367.612300990244	7902.038165909844
1753.254915861854	19011.15637543478	8144.848912484581
1140.5525791963464	17901.151994665357	8556.653812765699
1722.6765095070343	19573.433882729638	8203.655898023653
1680.2643669458027	17892.44673911004	7883.283620305209
1807.3789361561212	20358.9346738952	8476.523933830567
748.7922027573691	17267.74984223177	8166.512915732513
-238.26231653501236	20179.31982374679	8534.232701518918
828.0098592869714	18851.90981659704	7938.9013441549105
657.4097254007667	18574.281812326095	8519.376816292384
527.1497268097809	17995.350524049507	8359.843594384478
1257.5861720056826	18335.683928529823	7903.8557154241935
762.3969812819324	19153.08727629813	8198.05200465323
1421.6410445114443	17263.40277638819	8785.71958125206
801.2658058970596	16280.817562801134	8023.79961270913
2479.515718830866	19054.831608698947	8318.996411260188
544.5694358882722	18931.991652175726	8164.607013716482
1049.3435989937157	18288.390534770984	8581.706181242535
-119.87652677823164	18075.779992705844	7993.760986253218
423.49475914467206	19203.76736972675	8372.77801629403
1202.3256500325979	19118.1166384747	8492.345728179698
893.6596934458761	17221.180344901793	8627.04219348796
508.4222669252614	18431.71340712167	8447.318243626532
998.7995012095325	19221.13447119538	8216.706637991383
1425.5880100393033	19133.18415685542	8647.690210775256
226.12152298106236	21882.804245788466	8376.8440411567
1737.142035382263	16909.150855065138	7882.917093052024
226.88425287852624	18678.76535180547	8339.544687358559
548.976761657218	18646.816214055027	8671.595878636672
1496.564294557092	16177.598896284604	8221.31697144813
192.94207738780733	18285.973381406246	8944.120830369207
1198.5002305602804	18618.486656904068	8464.847036179384
1597.987976387306	16886.16552689672	8170.780423940779
928.1450308618791	18257.82536793961	7890.542731117642
854.972179994945	18502.173878260142	8195.836104680746
338.97763328751813	19395.788773845983	8123.9252712577145
1598.6210742343148	18965.280163959498	8195.424312482854
834.6883265869524	17849.950274333	8823.635718764035
1412.8410739600297	20267.046362162295	8000.9965260771
2447.2805978110823	18567.90256752723	8841.844937456724
1300.4354681476593	18747.227915502877	8216.38358786796
-224.39500349675052	18865.72628066765	8433.055809703686
505.0313837126902	18868.011077251977	8615.668132960798
1272.609875297119	17082.410813594466	8069.865712048874
155.50687268555563	18013.355404710703	8455.586707238172
1076.7880413031303	17373.974302686154	8268.522650805253
1074.7301308653068	17712.096560952425	8080.726980662506
1109.8764381877145	17509.7140642064	8670.56929046054
819.826797389101	17685.86998124234	8600.122837775989
-578.8262697571637	18762.962382095346	7868.272546335047
1572.4999626633253	18557.23203900869	8180.261992757784
769.099996582878	18614.033615589025	8175.523449124385
1054.8042621581376	17362.488447815693	8283.295850612763
1421.670502300669	18693.022020492823	8759.647003330774
1735.5575028314393	18702.6527492191	8548.412738327053
1869.1246291037337	17999.255603144382	8335.51337134629
11846.492726100143	3845.8002625552253	4830.940121386253
308.5231578971874	17680.941098889158	7801.1360832180035
824.9811489786478	18839.80093525901	8647.334171175664
421.5020592781942	16905.120213506394	7792.286406784481
967.0040090450941	15481.190087911062	7947.287860440013
71.74677030491351	19016.140801216858	8256.513566987913
1153.7488446252803	19250.342979671994	7677.511998669927
1506.03472026062	17853.913702766342	8364.565412629996
1209.6678868733102	19426.16831029259	8612.486276385516
710.3395214214456	19672.195257030606	8495.151474628252
80.910434725948	18592.911618843533	8206.529528471629
354.7523618199631	18208.122575017132	8162.30069548562
-175.00697033226126	19160.08663622373	7659.982575462033
2436.2294813935923	18894.15255264388	8475.719553744946
891.1201273406423	19686.39566201541	7979.511955691733
2834.197349575909	15008.981191673303	8260.256049831185
1048.4912501170647	20676.07751384423	9027.675992293369
1784.2907765620412	20220.500337408266	8532.052357061091
868.8902290722448	17085.66826586848	8677.908535746574
1384.5110281863067	16534.305990983077	8736.947275941662
2020.7019240530597	17297.867119396808	8317.93248346057
920.265589471208	19294.834876482077	8543.268783077827
1430.9393456201656	18288.65644155066	8451.28724759684
681.9195892834878	17896.54799507655	7964.94550311199
537.2372040900273	17020.457767647178	8706.456692832293
950.8712121834166	18523.40176651148	8303.192412290435
1441.0719465125323	18714.68560392978	8477.747820007793
1715.0138511333296	17394.124387781754	8469.334604073523
429.5976214630028	17296.7510151278	8399.087703090512
2127.696029842023	16914.20961353938	8509.14129973244
1244.3419812598654	19251.532881357194	8339.663898913832
2278.0318340941863	16624.50338308819	8423.322377234263
1101.6916267118606	19188.136386200273	8307.27110659673
2838.3228489305734	18077.7656296321	8260.407259948968
2086.895645325561	19732.941642123413	8768.977947723393
2413.77977291529	18422.77432182255	8014.996087350164
1416.8963792649947	19581.17514230209	8438.488347214263
802.584941376218	17277.331790839395	8106.007502299851
631.5449625288231	19307.884470293604	7951.306464805592
1285.8882315988178	17783.88723566166	8765.200037690602
1063.9812045413564	18980.105881524112	8544.123495419875
2442.1614201574466	17660.422813222714	8063.208839531468
118.61752128271188	19375.626855227	8227.020681203305
945.6796478151108	19005.92743698847	8293.917258606572
1737.2539872057853	18218.286079009238	8400.081125798815
1324.5632645616563	17619.955122172094	8027.456631631255
1474.207496538827	19162.4256653883	8102.834593942511
1249.6097549650208	16722.421560014314	8579.816130713722
1668.492287561169	18827.64498452665	8726.802414883572
970.107890216632	18120.16115684211	8609.069095871086
2070.347024828925	17302.339526637017	7751.722545829675
1526.881722852189	17215.876499299447	8502.488244384715
1966.5880267438934	16035.546764466215	8612.062879518951
1192.9216616303154	17476.456160870915	8274.24475352936
1586.4200134613714	18730.603450015886	7969.836634094348
1904.1129044672678	18999.244791303474	8696.753240927997
1582.5626705338725	17857.570304488287	8454.626646278415
1616.3100832349242	19008.337297755526	8430.64378026447
3178.585724941766	17730.268661698206	8002.808004553622
1141.6167855093036	18353.324317320126	8258.798989116294
1695.7392658197127	18271.588926434266	8131.270918873102
-229.80245468287842	17632.920957916514	8390.357986665374
1241.0159762538544	18732.09880982901	8359.192473789835
1085.425165767704	16270.87320790791	8066.185665156409
677.965579364639	20409.93212471712	8603.867794426276
1926.2108380467898	18292.046630658697	8013.582444285122
2073.3366544713485	18552.244580449653	8231.347728671344
2248.216223940164	19132.764234199894	7976.904174511646
1902.239592659921	18450.397008367527	8372.350643393183
-57.52349189642495	19250.912527104283	8687.162230377147
1443.895705337805	18736.396770368014	8849.63798818524
2203.917967500108	18694.323743454497	8705.859844957236
924.4374270859112	20085.075924496796	8242.996085516987
2261.196015310859	17763.33356888325	8595.168656941907
768.9306342025878	19232.08192032725	7746.338187869885
1372.8442549280776	18223.37817915044	8023.314647560482
1897.999651764629	18823.578635660135	8496.00657350538
1805.4230228838244	17952.38703036848	8579.946774193444
-100.52945585668299	19346.38561285889	7847.223215517087
865.94391653492	18212.3695490198	8289.855126374228
456.4932071351225	19537.213641521863	8298.287413936
646.6720520772806	19880.150272084156	7652.5150871541955
1300.4071991847534	17347.681461687873	8808.191484601144
374.19510490801576	18908.537738859206	8253.347296119524
2687.1541314703127	19187.23559547566	8116.858485158542
-263.10437955433844	20015.62799483982	8621.358541725589
1346.2894649121683	18664.198988453994	8654.297775280378
746.1961290453171	18566.220670662555	7945.582322949651
991.8005472598007	17791.98370237804	8229.925171555642
2527.0913835291954	18249.476101211803	8257.607111858972
1808.8611353153306	19193.404203782506	8175.79919707902
-12.42066752891113	18747.741890100417	7993.693458755042
1923.3388171244803	19975.88653438179	7855.208476557488
1386.8859940469156	17312.41088116317	8103.361890715429
1345.381363448697	18736.154524411493	7991.61427569058
2056.833069382116	16437.418232011172	8693.028834042281
351.15872549236127	17657.506225690802	8300.538231929442
2705.1297713943645	19479.527941419077	8403.567535086378
1682.906586177437	18989.833127419577	8120.782596931896
1583.1925000140905	17017.661562302565	8306.211871874737
1757.4367136169901	20285.81143524025	8188.42997745401
920.152951689747	20513.507335488626	8690.672932467525
2458.379848935485	18819.641511101152	8490.793757768106
1314.0739983101828	18410.322890898882	7822.731462683107
1963.3556631084932	20169.520850050932	8578.707952167282
2823.3673592683044	19047.575342536267	8885.15604514187
779.4611256108074	18678.376772137333	8502.860153763459
904.6872552015349	17584.1947256852	8538.019611353098
502.70629609121846	17848.98413481252	8525.524639478343
1293.5919035722668	18180.441160861188	8110.655446540233
2741.0479766741187	18538.878871855977	8281.032805107125
1226.1077742597035	18233.6458671863	8037.507823204498
-24.652063570434656	19216.89150272466	8186.859019009766
903.1731155140158	18901.56304909217	8250.594566154172
1103.1536778040784	18633.21739440034	8451.99537722642
1548.5249263002986	17483.073481420466	8260.850675257356
995.036485508256	18679.459008910922	8386.875076592263
155.3047934273047	18839.93783001647	7949.398074608444
976.7512138511798	16170.865741822472	8336.495949260696
2037.5134121590518	18514.382475457063	7940.378181594109
2019.246543817779	17706.523060233096	8792.182428050015
1466.6022317016161	16036.22897171947	8056.1748535299785
379.07438351715564	18482.30146281984	8000.656839280963
1630.4707378284554	20038.42254838089	8852.056848238832
1753.669843510919	17108.219114845084	8333.29426306631
1015.5155826400444	18202.793380959276	7935.575928027854
2227.008260173681	20080.21742200963	8320.926588100678
1513.8570195297796	17205.659563215402	7785.324674703554
1324.8295427762118	17169.72392947347	8257.62281784737
591.4536165234805	18205.09862853844	9072.211783142107
555.9808729103842	18544.691108878214	8294.955197871179
-49.749230845989665	18849.1840178147	8242.709343608809
1677.7244727174461	15508.122370915142	8328.691694464706
3167.8219761461064	18366.89076467884	8462.672905471225
1771.7606586191562	17951.07824076875	7985.530471152738
2290.650616223064	19517.548148289705	8082.297624060384
2630.2295139321855	17825.742986868674	8583.456068364116
998.3216012958967	18820.86334284913	8467.63939725548
2469.2743962876934	17893.6321894762	8257.75958587601
1601.6495783999376	17735.28298032536	8511.106798432495
-87.89837314436404	17991.684854140305	8497.194592541216
1116.891194482947	20704.810841900304	8314.079546886482
2006.7121356174853	16548.970970895854	8644.791804070854
1709.3307770891518	18503.592984411764	8264.824956679793
2725.7011483622164	19393.13902331521	8131.81840441647
469.3496933725411	19330.10531481177	7884.573165674386
727.2623369025602	19436.30452980343	9089.249356140206
690.7480136787882	18729.882310778517	8412.174056384147
808.8130808379648	18288.42634471177	7843.3990647607325
376.11868090243894	19776.888438061345	8641.262320666554
1451.710332954362	17750.04124230688	8688.18198720781
1235.3041182159025	19433.10911934942	8209.813863538138
978.7188910314595	18828.14269786893	8387.520175027823
1721.648866342037	17764.775675889086	7590.701230242324
943.5067990211514	19725.639648662385	8304.18961696925
1106.3342508588537	17036.124652485396	8011.611555667501
1860.9142535355015	19604.852850831237	8370.313875812268
882.8027117080248	17790.711285937203	8381.520504371885
1062.5375636678984	17511.61865844782	8004.7450564651635
1286.4881864871923	18786.816333455878	7713.463703987911
1948.1257846768608	17896.00792827974	8043.951344424941
992.9395617464079	18841.50148803702	8299.902130606708
1279.1271361688416	19416.311773606038	8547.379702958595
746.0008988841668	15065.287458835617	8272.17793184707
1397.2401813640947	17753.396682551916	7606.489200787492
1954.4129504929074	16920.321076223212	8202.555385905263
2218.0603338516758	17874.44576010923	8209.503064498267
1070.944871900331	17985.892993954447	8210.448933282936
1173.0428546186456	20214.909418977673	7974.838832454921
1334.8838090939666	18831.597505473113	8141.145539561783
1451.1972661285406	19553.137548079903	8553.06679742283
1136.4306078341058	19592.163192629312	8439.806985887937
1068.5755303293136	17710.80350732736	8406.082289543214
1715.3327541138979	17571.03999866901	8494.096266801604
1195.1599522350316	18287.82716613507	7809.62811112772
1318.4714793933122	18575.833625644507	8387.594235968312
1007.5899887047623	19786.448819365967	8134.151888800594
3202.06128865584	16772.12889133603	8309.219347971502
2424.3575725547735	17401.116426987748	8140.680383858
1695.769504508116	17552.923923517883	8051.109591734045
952.7741429476301	19414.956207062325	7827.080057080575
2208.7406471981535	18925.05545782422	8357.777293996667
1421.109722942692	18248.750848018077	8090.710759842506
972.633023665349	18260.75377467409	8199.975126035653
1120.822769860659	19136.786495720713	8631.753903922727
801.2508792074385	18822.825198214512	8505.173195883226
1738.0111924295782	17106.557464993803	8166.919479475436
923.8122615425978	17934.588594135097	8458.849640660716
2171.3887881382407	18516.842736560306	8264.204302263312
1495.696106260723	18153.87918721216	8068.056307077804
1183.0262976032272	18637.793151351845	8250.438437253868
20.314824075613746	17730.10805905994	8749.917365980398
1404.4256599506311	19470.76697558552	8161.003197857548
1771.02101654039	17607.158279887124	8549.671309438427
1414.6298301333984	18714.22742036952	8498.854032365329
1345.2886261665494	19146.524370092226	8436.057128857226
1247.2661279096476	17521.519953421066	8484.25347092263
814.5635645120041	18310.66232422606	8298.141445137786
1494.3543628827326	18684.059740103152	8151.194525081401
584.1307654213597	17371.616736459826	8297.078804563904
1196.3612523435875	16176.962623298505	8299.359069025422
790.0030089811578	17290.774484121783	8708.556760725154
231.2889087136039	19358.95508593807	7919.112553854466
824.8752212686579	17578.952065745805	8235.394845139603
2183.1826775057943	17433.012247000024	8674.53820646664
1317.0124847389955	18035.995519788194	8737.34997312583
1345.9228875483764	18328.71171439284	7669.713100544665
1042.1653904589894	18548.83302034802	8324.618510273862
763.5385684723897	18144.52528684497	8181.905786686859
1946.0577052224703	18305.30425764268	8038.238280842446
515.8259300607014	18778.663901980828	8397.362145496569
562.3854863386883	16847.28177360816	7931.668664448682
1058.2275805938627	17755.041938041566	8520.656818348752
570.3357820818829	18068.281435289067	8700.96129250833
1255.3796574087714	19339.079793150522	8185.502328766721
1221.8191934431923	19397.884493453123	7777.87911558286
533.3947699438828	20977.11662118746	8149.829485463898
1887.8682642010087	18578.5697749608	8014.116431651627
436.7312368272712	17736.525367769937	8295.209034787626
1549.3358100312641	16653.306602076	8135.497171758156
1255.36885897226	18829.80095204661	7880.877311536003
811.583183936907	19457.444732786433	8136.851717721605
1847.5414263185148	16671.894407900112	7974.586985929771
162.2121699360052	17011.18515949352	8404.094342719814
194.34776312583202	18946.90191316098	8750.36837040475
470.45070843059216	18220.873629745656	8544.173929254206
119.67637457454208	17401.681366866724	7956.598231742246
1423.0391996737453	17756.194608649435	8746.570601537478
1971.5259814337228	18253.76639845499	7929.693395669307
1987.3101116388748	16701.66003836791	8015.862461856845
1703.1616790911444	18443.22790722555	7946.2761985617735
1793.4489845304765	19165.147538378344	8375.636987524615
1950.029129096894	18667.45241499334	8012.680877492077
974.4120822135905	19353.52613466403	8121.024857005899
2125.7442120220476	19304.555675416985	8551.496678624568
2017.3546015162078	17906.42205942437	8225.124970161607
-575.343703839198	19430.346227653063	8074.197222323708
360.155487697749	17806.685631680593	8044.879519324434
-637.1230436454642	17574.767302557797	8662.580075444437
832.8034966919901	18395.935312176283	8024.53427058443
818.7342370292438	18022.719526787387	8261.822860011578
574.9660481650425	16466.723824966975	8383.733390133673
137.55047019261696	18345.703604379225	8412.703312511976
-259.9997467297648	18527.1998404008	8445.173034419833
1226.4137064613478	16437.966292521967	7975.648087234346
1073.110797154755	20428.911944182895	8330.945131417677
1192.624431421588	19738.658854385947	7847.926726130703
932.6299261793815	19072.96415012094	8514.218555686117
571.6007208565405	17585.657607158213	8336.207890657766
322.3553571648568	20123.60307861664	9006.609422130427
853.9948080296873	17705.02006887492	8531.151631435914
1392.9637255963858	18982.86837483666	8751.26344200429
609.7053402405089	18734.956466445175	8284.748387049476
2450.477058625783	19085.2045478494	8385.773944589779
1260.9154174870619	19340.251220219485	7983.602294202361
1088.5691558549663	17199.35380107549	8414.036301878461
1711.135419745222	19704.199041430602	8074.30962085031
939.5862142572787	19593.2592867314	8316.910881776781
1275.4785146068618	20763.333457868095	8432.656315842558
1158.1413205749593	18593.1358626998	8773.451607166806
1673.1105363495358	17012.091333899854	8565.789502783386
447.04724252511636	19585.110922179163	8159.7701558138915
1245.6317103158538	17781.558492725537	8067.406313286145
2230.4450551022387	17929.952627258892	7803.526527032848
964.7395629297935	19308.16192187295	8443.461814063803
-101.08291780978726	19872.992228492072	8295.377696697547
370.06845334513235	20418.968800366878	8958.414410688696
986.8173378640491	18784.607786803295	8232.966639482302
18.339097831579547	20395.766939275087	8462.219444952305
1746.5046167964429	19426.67678273089	7952.970866381224
728.6692752863605	18641.149435814415	7982.198474447849
1554.716407374152	17497.02054339178	8419.086293413908
1397.6468560209187	18861.69031667397	8681.499657540919
1355.8992991883872	19875.752002305064	8411.176202076853
324.54787518949564	19596.479495352767	7952.787722746792
242.1165663611828	19259.484694957522	7973.603098270555
-451.58106851032187	16989.025354569596	7869.176649600218
1400.647258409135	16916.65111611282	8383.332117716553
1836.0616502041212	17633.799875619312	8418.442629750301
931.8318164580741	19352.644029787745	8504.759410025774
1844.9725447711216	19685.884270656068	8187.856240938844
1992.2862678107253	19700.14695462058	8800.711674001166
862.6247494532141	16503.874965016676	8735.583194004155
1594.663866391189	17947.522478149996	8340.47097533551
742.1987203191431	17725.058099518923	8062.761814031044
1284.7170704879798	18913.27044688347	8395.066490020694
1687.0312574361055	20092.78320316042	8107.794147765843
1104.136089997157	20186.832209592114	8537.502574870197
1334.2857377350333	19715.672958391908	9004.99163961245
538.8178064058889	18637.456481415575	7977.186153801717
1869.839430163127	19771.096782351815	8252.22249160724
1506.3171150324963	18957.676201281447	8967.916004023793
1960.7086646711755	17330.076005765008	8314.047106391778
376.72891206601724	17739.79181789924	8284.12557660654
-34.71327468319947	18952.911792481245	8704.033405865028
1818.4382027840861	18966.91174944079	8270.536862168849
1224.3539635996979	19310.367269445156	8485.607378813775
697.0128044101825	18653.985105331056	8337.878948290609
1691.371201322782	17040.498752582113	8683.62168447556
219.05267485001394	18887.536270522734	8156.054765981341
1161.5315539425258	18975.86748039947	8158.534939607979
-225.40503233261413	18627.801933176583	8479.270158137777
-34.82668583151672	18738.408142529777	8003.2565997428
1923.1972062133104	18655.98648543274	8269.489413195119
262.5261022392745	20332.74607850042	8732.11029315536
1006.5164155309342	16662.99958288655	8081.768584441506
590.5839257080643	19342.44942622533	8499.11398072628
1876.6580356623165	17453.720875080133	7773.4488029705735
444.5524139927113	19425.228681565182	8726.47185846966
-148.91546044512202	19288.87135140905	8056.942758628272
927.9657954009908	18797.84954628774	8525.380847686658
1160.1320583701915	17213.873716227463	8377.965402208327
1033.642326261063	19245.087562993933	8412.328868822267
1137.7178365826417	20297.96310755126	8130.355291496054
1699.8106394455567	17792.250175323574	8025.745794181651
1419.137295044378	18378.632551700077	7800.298014883315
2511.8566070427405	19618.87485537653	9245.588143047178
1100.8417121846574	19010.202231732135	8442.851387189306
19.60837812037287	19791.707015634478	8378.485400161448
1277.1800826782242	18833.696151237826	8290.250682695718
987.9343568622942	18606.40479712644	8504.289470007727
1734.2437915510986	18294.296778292322	8644.63162284557
-637.5378214668102	18254.821344916738	8388.909599489203
2049.668916205944	18782.430812254934	8143.824116081149
1164.2669608726358	18579.81971380413	8626.879555077583
1909.5651139474157	18088.406327307086	8319.81382367001
570.0018156082326	20043.93965409821	8412.717266817383
565.2729599107795	17565.128107976627	8104.556269443078
1140.0451388778072	18636.52824347809	8618.194730941987
1190.2941764922648	19029.99066760292	7779.341434840084
1037.4785937048657	20308.050987268773	8082.949883926334
1784.5841153123713	19269.820480461265	8453.926934401146
221.22877926696378	19986.967817104967	8627.23103208169
1674.4614174102348	18632.66021780484	8573.088463647704
62.06859336702283	19431.87676353662	8594.147164191701
1572.6253087705204	16403.84392230862	8322.227456031917
519.2491947103782	18113.44216115056	8363.322724453576
1145.2656213057123	16552.15573806886	8519.05577308567
539.0608007113085	18201.209328941357	8424.79275162212
675.2632465404382	17312.062762920235	8414.30040539316
738.9374490216348	18493.774157034826	8325.142700894592
1187.1670485763777	19634.193599989074	8369.718051239097
817.0910284217208	19465.415979910296	8554.204840874918
3315.542872785816	16216.302682731488	8415.356825504456
402.6499003359161	18696.075610059746	8293.325871548788
1257.55647229918	19514.793579922705	8423.210349530334
1760.1042660496641	15539.774353421812	8194.669434279187
1190.1910248453244	18833.33098534552	8424.645299232587
1289.5431401917606	20916.414827639474	8462.572421593188
2278.67172124203	18303.812593598257	8478.488269206327
1484.3691239859133	19050.326520174207	7973.56624007868
-1453.5029110407997	19195.702402923802	8862.139087869758
139.48058734607278	18851.28253720776	6669.160317996868
1208.906296320108	19901.221876569714	8621.409323438183
388.92852839159485	17324.868427214347	8648.352295935007
872.7304273407096	17042.41452907324	8689.267283843606
129.59720476201124	16734.553929746035	8204.48097088104
1632.4394226796162	17455.82062652969	8374.975356811092
1214.3645041972272	18474.06654788467	8326.950280362524
846.0482885252644	18097.356767869896	8135.725051029638
1028.2824934097077	19052.400192976358	8353.259389418927
1007.0894464485814	16418.147274448915	8663.890037369318
1268.7588676230712	19655.444449710474	7653.836797052008
907.2156994705506	17966.830660382802	8245.985373155023
1194.265150827666	18141.774445837727	8130.98333264278
1309.64256956305	17672.35107686063	9457.835251886589
1098.473194802626	20375.177237479355	8609.070102149191
741.5733806497225	17947.087220114834	8277.708194412322
1135.2797817229336	16931.6413659405	8812.234843659779
571.6690438692754	19198.753867426945	7757.329105577103
-159.30686805304532	18666.77854666541	8304.512106820986
659.942552331973	18253.349044547558	8476.016543250495
1307.1794391061155	20780.15176007458	8188.980983770956
1065.869816087494	16472.774299143868	8747.392380682611
1863.189524678218	17548.054205347595	8617.811177496182
800.5424453273905	19410.72220034369	7965.349292115454
370.9119064677009	18234.313974266384	7970.22756685778
518.0615703579576	19539.400326929255	8531.829812774606
1881.3977781524984	18853.454725653166	8208.443614481854
2161.808373310442	17892.77064180882	8335.503495587269
936.8124170642209	19045.96155259956	8506.22445183425
131.96779469142777	20132.822645738775	7765.402934353463
1531.1875980413247	18381.924209857774	8590.43106858083
-627.1151033219442	17800.7420012251	8174.832484980552
1512.3946586694328	17567.00701820974	8478.15631641117
964.6520433223761	18131.80126281143	8231.50644145957
1468.4071444135056	18371.100662110202	8757.010255049468
773.8493330444143	20442.86068431739	8182.169811312279
282.60045782085865	21033.79514216494	8367.252490690737
418.06483272010695	18810.64031602271	8319.086355230393
2271.9093440615056	16864.712919067926	9005.21656036471
2349.646226680267	19575.9623017109	8103.581960876153
1001.0752774953245	19571.76624930679	8522.340107224272
1697.766259183668	18987.749051042865	8200.511787289164
1645.8920757513986	17178.402371726686	8544.957868115038
1697.4020319547385	18493.334948587988	8329.921342013362
720.3675625167119	18931.955693591713	8408.149481465474
1678.1666193759706	17768.906650429737	8469.376878610125
-216.9064495025647	18429.845937283164	8447.947623064023
112.07524106257867	18098.306775321576	8325.64376796884
1570.3975078988742	18559.435001916227	7815.396938668828
2257.3746466539965	17784.288018935633	8407.634846685722
490.827788812557	19000.163196271096	8514.81608509809
766.5370495229696	18643.48246946425	8334.3491371412
1386.5501011792767	19343.754621419095	8732.264668065076
1670.8355356774703	18728.85698963073	8138.182245304741
1240.354106753295	18857.719871548055	8357.401076370932
1066.4784676232919	17422.731687187672	8707.469713108898
-310.7442413652986	18385.416409447484	8439.791201299997
414.47726658212804	18680.833979940613	8493.410927407383
797.7435826668375	16683.805996021285	8216.541394793117
980.0406669737761	19726.772768960578	7978.060541309275
1904.485404077148	17019.85101140301	8258.095761042587
1062.993201712204	18083.946379940215	8538.238991013488
1061.4785882100252	19280.019707275398	8778.7948529767
1393.7832109254223	18207.32694633026	8259.800863040326
717.5483261504045	18195.066123544464	7406.158968928222
1390.3472071942028	18671.951516684912	8199.545033012399
1592.4677768041158	18470.533020577546	8776.191709212313
754.9365175275207	18225.119347394666	8609.866743168233
40.30175793641228	17876.293420542894	8120.737287584733
2305.235437411461	17854.330457343614	8131.427224497482
444.40562023020624	17059.175008052072	8709.772525674707
1735.12200698126	18656.77569116651	7875.758571493494
1317.4226843507843	18010.182336939724	7782.400927544084
2251.6438635819222	17791.891508825902	8357.41569477616
2106.5072161375365	15504.471152429003	8191.613015163615
714.7749902515029	16987.699285556988	8563.302532761725
-682.5973471398775	19130.271948316178	8409.862689684127
1171.4379717556699	16772.76690636689	8321.696271525638
1906.6010232072804	19291.667168768498	8311.867036033073
2433.8588483300314	17096.82894338629	7934.832668176007
514.7427866986111	18450.179074303007	8573.791842488112
1338.2311228501821	18231.49012146067	7727.493672796709
1398.976975946666	16390.139678983713	8908.049583258748
924.9062551285481	18211.88567315714	8669.36866329432
349.3621428048144	17755.53279146243	8247.651267634788
791.9916581906195	16918.253770813706	8018.595731117738
1812.492388761351	19171.421679527513	7951.99211703782
462.98584279499966	19755.443364581773	8150.2881458348065
1946.1732724759572	17231.694459131788	8559.882952497028
-253.8855508530816	18917.176200961	8169.487537039529
2140.657050950887	17514.24787538955	8231.054440578115
1376.8964891343805	17537.298856607333	8766.663344619743
947.2004368750056	19788.022205096986	8200.020565726702
1826.2680025591299	17869.649727143806	8189.263227917845
322.47432172450567	17049.28111585156	8618.109378353263
795.6972970239156	18065.97677068571	8294.067920208412
933.5848572175752	19456.19257009383	8111.675252865923
633.3007067742889	17618.86542557593	7883.119069164879
549.0516878669819	17217.676284600337	8636.653023881969
1591.2300041385542	17596.17402121033	8149.764296827377
131.45756909710073	19110.05919742946	8480.519751710544
1066.2082746237618	19787.45467316945	7813.478468237477
1191.6680892854072	17697.495033437892	8142.537202790655
363.9487224871577	17968.226029842946	8246.174100072769
644.1196692574655	18306.08681940044	8622.035607364576
1766.0576071053765	18969.484386499404	8636.118141332685
1671.7787842181128	19338.880822784657	7903.230552738542
1312.6177485201333	16113.88993559093	8624.242905799474
1799.3954468144404	18465.676033928918	8199.07904730166
1774.8937330766255	19907.336429268635	7912.014111880047
901.5998155180847	17390.997493407995	8058.949029765
1351.0547844407104	20935.73778598394	8321.033443224946
714.2528187016965	18993.304076879853	8164.903412430423
1778.6123136415163	18836.216731407003	8253.732728599087
645.9834935669717	18866.454064663172	8525.567231973131
1771.1394913279648	18951.0645772386	8090.062645863541
430.078073297158	20063.640710510885	8569.108840820116
692.8460247239636	19751.961198535588	8314.757108489152
416.27835960491694	19431.631374297824	8389.829736109636
1463.5264613476293	19287.115086100643	8259.574513393984
1186.0650835205856	18784.518932276707	8332.852771655018
443.3514228286653	18609.33296852478	8126.5027043376185
1602.4434890451867	17864.921147012497	8031.60199267837
1082.5213225615023	16770.387474783125	8258.785952575057
690.519201988465	19447.036254359635	8606.734407146925
1282.6904283000792	18389.168733344584	8065.319878463227
566.2893229149804	17927.61282724027	8410.141252615826
872.5111456227604	17380.437909560635	8718.417398500751
1012.9141227405858	17145.84157160929	8402.23685423888
1890.5157639100303	17123.417601084984	8596.537675106549
792.633116559325	18005.780463930052	8081.445945122369
3042.0279501031696	16816.54947023856	7705.889261552935
1317.7458488785062	18476.152728246896	8482.038931724652
616.082703569853	19112.472588865014	8954.144015596448
1187.8164647974015	20129.777253405573	8052.853907978336
784.3621779128393	17164.572811898535	7969.552097074184
1575.0561249563293	20606.93830911862	8101.128451768725
1343.0363716968648	17283.28609631332	8404.59719791644
820.2227235458383	16831.548619635345	8304.571584561849
1270.8926197338174	18932.276838908463	8464.60102663865
969.3449094082634	17959.399639460476	8246.730140432403
430.0422671884078	16882.089641603823	8506.70011051751
1394.730187057677	19639.67741721572	8002.760538381215
2226.3612614615386	19541.50638222396	8150.020566408084
998.6358652668782	17350.817683872574	7994.944147870185
1142.350699296318	19130.54551025532	8867.101647002139
1688.4094937413347	18601.03364032263	8540.678334663582
1823.915189638265	17070.070064707397	8733.653883808258
1537.5731208034108	17610.78970220495	8647.40826510596
1578.405692803676	18558.640824128583	7879.925336188744
186.246844410043	18945.35851672373	8528.768827660742
1689.1139659090857	17376.886869458842	8440.831827990738
1069.775009118508	17867.682099292637	8601.868736691464
1216.1183234747489	19396.326082900057	8482.179076123466
979.731883917555	16593.58816155435	8329.05709845244
216.13327980885887	18516.537049037954	8553.015527534142
1345.0108967859937	18968.64783099027	8111.918015844274
1345.8262213378516	17184.43189392753	7989.44508877577
1498.0255861781502	20171.45626058433	9046.27651916319
987.6130957466216	18458.13974307428	8431.96872873111
180.11019440796605	18536.98315565015	8367.66621401625
-303.1467809051817	17947.488351124965	8017.549336055363
2232.691725748102	17695.361463964065	8312.134539712544
472.5249037401185	18889.189199037366	8523.230767693738
538.6100536630538	19153.572780894057	7850.5663608459045
1058.413256604458	16551.857651331095	8228.73387501855
1360.4971918426497	17865.26570690614	8689.821094678104
-106.40013156470837	19739.870941518166	8567.083781773708
1674.7598565827623	15907.282465635692	8656.380612749783
1463.571856011057	18315.166578679127	8459.184211030743
589.9533735912208	19750.597822547883	8048.775127350446
1580.472978494351	18133.287495464294	8260.714502379458
24.325604851848148	18693.27538993319	8149.189253193796
2312.660644032691	20657.724997321464	8475.879883926615
2644.752060959034	18506.745259192016	8406.573677137761
235.58200422084482	19707.976075406474	8139.453017031278
1189.191726268587	18529.026422606818	8146.26234587574
2149.477376439747	17962.277772812515	7892.318976107229
1913.4714614898855	19008.272638400653	8150.269039123066
1217.3941263644438	17637.595289285855	8122.168372605121
728.1307207374338	19787.463448039278	8199.706645667131
2693.744677663217	17035.239711868373	8141.705200930801
2233.643017902242	18049.88425394837	8445.570023627803
966.8674100333302	18439.79981543515	8015.427848275759
1128.5714842758705	17758.77374323504	8118.051360613702
2630.3836590821547	17064.875192380347	8425.044527281974
-33.19236473335483	19711.151627246167	8139.737514462461
1883.9633744657594	16967.218605070328	8923.43335229799
635.2462319608213	18868.79257339109	8507.004481108894
291.0994299177688	16964.819194287084	8065.121599924902
-41.55004125993778	17470.228722060518	8350.777586981527
1361.1651525780105	17814.730086089454	8454.43658702388
1526.9941607918784	19376.872976263592	8313.376408221178
308.4293153801336	16800.179275870287	8626.548041985014
860.9753586698897	18100.605139030984	8645.215673205717
1054.868501926132	17524.113302677022	8711.325870027587
1321.879968209379	18344.87812232716	8105.086512426465
1122.4245363342625	17953.1461092913	8273.094121769973
1060.2328931583766	17898.666443454742	8405.403697451451
732.0537347152438	19426.41439066323	8056.742519021062
683.0744522352506	19092.783371954436	8131.129822914115
1369.3117390562084	19502.67579587836	8477.672431472818
867.709723669562	16761.847547711383	8083.713131689986
656.5165992189241	18900.397178343428	8094.573609599829
1648.3436693310823	16875.551095798895	7774.835457374574
1575.2541194035446	17474.58873678282	8100.824515265695
2167.381423866001	17303.069675286933	8278.90929193724
458.6029971073452	16934.159402306817	8408.447367989875
359.97314291270794	18007.95049769953	8406.793877109012
759.4002202664819	18482.263342023874	8605.97386618077
2303.175788254609	15834.015677447967	8500.325800645402
2279.1094135453477	17921.02497852834	8267.001377244012
1932.9314339768048	20330.146929784318	8161.198866825546
1269.9513663021394	17291.40845656895	8404.146850294952
1225.0013102356152	17878.753883485024	8493.582773206143
-250.15515275034122	18295.631265621196	7701.5441145276955
1561.929204046122	20255.98582982825	7781.136846939085
3378.3786133006256	19679.60020647724	8038.3293876939115
-152.9933942105742	18868.635930860648	8536.981831169902
806.7090207661912	18598.782322286166	7791.086837221784
80.6274921355938	17298.930269362656	7939.470063389209
1533.5599797627845	19241.41629119423	8503.389281557751
702.0008207549148	17938.552995577633	8273.778166170794
1908.5180439115493	18223.052867167677	8036.942179361612
2272.255237037188	17994.20563431886	7792.8863419697145
1447.274918990899	18376.476086811814	8373.679973771366
1279.9520421445854	17753.365597748223	8249.739771364664
882.9070788333262	19394.38996064805	8250.70498084111
2263.8577424328414	17460.828568937508	7796.2924385636725
1320.9583469790346	19668.745429290524	8106.537351107836
2413.5549454007546	17542.782616084605	8138.045121258975
1742.1459600170895	19878.934822321557	8390.733114929826
1576.8731143605746	18464.41422082886	7993.308028660044
1415.3155612807307	17128.401033892813	8685.505849246394
854.682813786939	18775.11030229497	8257.957815202926
1421.28301530164	18281.79651625346	8031.391306287584
699.3239883230171	18449.482862194236	8627.822589041534
2042.2856216215791	18113.514514836697	8540.15712516778
2044.2792603589169	18413.18568346287	8501.5524783949
646.6879988596205	18866.839878067083	8416.409460598628
1193.378338749201	16769.038975730928	7818.823153844184
1638.7256625225218	20583.05947348857	8577.813044754697
1309.8718158924942	17117.38909705535	8494.838195468923
966.8598007699201	19332.182377224308	8616.070162362175
2698.4747520054075	18055.599566564335	7909.753564863483
1514.426756836394	18006.71503730043	7797.079116461495
407.7468963212384	18507.83837235895	7869.7525508532335
1365.2626430043051	18716.34982255919	8779.517071273076
652.740409248	19146.89642006635	7811.415064512984
95.3510511440545	19450.07262841888	8615.202243216301
427.8741931492406	19327.846748894943	8203.182935684228
1304.2849095636486	17977.149384013315	8925.944528141896
1581.5271006809248	18959.003310889853	8900.963141192882
1237.8828548646145	19268.88956155803	8269.917287223898
1917.7555356573725	19682.241516383463	8138.9520338395405
812.2954171091574	17848.626533664697	8341.424242456505
-124.30422195564185	17709.81627241987	8054.647754787679
886.9901307928097	18910.641118665004	8364.470634640134
1640.1813457393976	17447.242593487408	8307.05079044754
1668.3762996731944	17134.46862706151	8632.818846780689
1852.391866786773	16850.842189612365	8806.418411219769
1319.7887940318456	17746.812489143314	8228.92030981144
-225.0520065573064	19253.659772870655	7639.881077493164
1966.9786997798483	19478.219960115533	8884.769217166631
1523.8702801533605	17821.10854769972	7987.521079067519
2166.035065448284	17374.19461641674	8482.804613007364
856.0185102067342	18255.73479719591	8230.042537553372
2705.938860203613	16644.182085789496	8731.963743356093
1902.4417069882984	15895.899337129566	8778.036295651602
1500.4436381681414	17280.720327854553	8549.168733594523
656.9200371409567	17910.54114985684	8537.231882009704
-140.66967332873202	19489.209066836065	8086.65205088643
1532.5846584049636	17084.189347598945	8228.217455231155
1446.448449399844	20459.85603297544	8373.786062584513
1106.6191215697131	18641.182780792777	8390.412974632716
1642.375714732933	17351.11684937382	8052.707165842186
2002.5688622067808	16143.286344868666	7745.082550140826
472.90818454399397	20621.991120966897	8358.013054213823
1891.6067754036455	19185.56078280216	8566.680102598288
1352.0196687956582	18757.59706502519	8133.930065546617
1161.9819618602032	18981.963916325374	8030.918687959983
453.47651689804	17838.1742231964	8739.16252531121
661.0844810726545	19091.87863832759	8200.176060614494
967.9122588893274	17389.63008820153	8238.263971424785
317.56548400551475	17264.444268595103	7985.153452349213
1184.1084896413677	18351.597298739805	8187.209868250123
432.618233175546	17672.14893108604	8572.207005753806
1800.6980160493742	17288.73259709026	8396.856036465795
1229.2381391147162	18568.333713231412	8161.781216754924
880.5863092378613	18787.956151548744	8100.200190110146
333.5317201872483	19698.186132044302	8219.026102275975
1688.171694708901	17693.215772163723	8503.667477962716
1818.005395864036	15448.808794653487	8718.377820700589
2300.5276355727783	17256.69424597139	8194.484112404754
2342.5613693420764	19443.302960987094	8109.774353891307
2158.643618558553	18417.568828263316	8182.126847534687
1409.5640447937953	18360.68734770714	8513.163781438758
1010.4358701948223	18202.244280778352	8151.844490940441
337.2496702003615	19288.03630473078	8223.673550392003
1584.6196743966302	17988.156339270416	8422.811121388808
1361.2660671374313	18368.768598367828	8567.791213610415
1048.8692723905476	18617.648213647462	8853.356221606677
290.667811624827	17904.20238929872	7859.575142515504
425.58448190213267	17438.846370170337	8577.965851818994
792.7732108075874	17952.49254234262	8709.639108753063
2124.178522974363	17808.952061476	8693.383216252814
1647.3980917551003	18383.868409425926	8382.899505629295
1415.9290344288831	18372.251324909663	8309.043423710918
971.8155272150681	18602.811732487142	8472.837479638036
1485.244118764251	18544.228020892966	9039.328861958491
1719.1036325576513	19592.43946959926	7808.543595901641
845.3194092342142	18542.506350882933	8192.52277672916
686.5435177721657	18148.44670460556	8850.533345842307
2491.916651799288	17812.627661748727	8264.3488158212
1157.9376452104905	18610.84821517077	8983.490515203901
-70.74078357278165	18994.93307425649	8422.26170795995
250.31435367054348	19506.1835759869	8678.117905928395
2363.0831263369487	19895.58185937596	8479.34179581984
1612.0040589860741	18544.49327915913	8377.88274143649
646.7589881743621	19704.365972321848	8638.656866750589
452.60728614263013	18953.256181687724	8480.613578164139
1725.9427248927113	18799.67603866932	8725.232071989527
546.1654922084364	18371.987302775902	8222.569854066804
933.9459944052209	18168.342628566017	8360.04243953846
2063.994091557894	19300.859938512982	8465.85278103323
371.8895700088337	19342.338116414216	8342.44505777624
1263.2801689086796	17314.495919121004	8101.173355110198
1281.1943990926964	18212.01361426591	7784.320624081946
787.4275635478317	18937.684329807656	8466.192491381911
667.6233380444779	19278.769122757258	8178.163322382186
1815.202614337726	18576.32226069677	8256.393262540745
800.6707082054259	19450.30678225432	8106.810968104695
2264.1157795946506	17309.757579417535	8482.065395249087
1598.851426060993	19404.6174339369	8880.721888899356
1597.0680907609387	18051.371202937364	8859.355074911551
549.7933710178999	16954.986196887672	8287.079794295609
886.8502364865531	18213.268482448875	8337.011308831856
1555.1343317211174	19563.116670700263	8589.626835989931
1501.430995808652	19762.79006076259	7990.488603177756
1213.6368771920152	19536.25462099775	8491.070467518186
606.5540819804901	18166.17352343672	8829.308487362634
2196.415042242106	17651.70126701522	8184.25472319536
1155.6424609050116	19406.9912082076	8442.792589703366
519.1911221004902	17448.60967400549	7998.604894867878
1682.7515221786382	18013.748857777027	8203.707689972929
1618.2473706239489	18270.026361950946	8127.890031940283
605.9222880464034	17942.42021344854	8296.980183718044
1801.254009482136	17248.65293836345	8230.116167925951
1999.6680173249836	19224.7492393611	8573.546805299306
938.3499900209215	15468.146317221064	8688.5100454098
1371.7378023249473	18847.745400584146	8477.021631110661
1970.4531372795036	17205.77705750501	8209.960330658127
343.9893186317523	19865.590868162228	9064.94826980691
1636.0886870297504	18523.625816830245	8593.958776825755
837.1167553949547	17598.31303949194	8164.361006340155
683.3186504852076	18390.742067470248	8641.227493634282
370.703846531906	18205.70697078055	8460.573185692125
2275.259537206253	17330.48223144545	8594.280562710648
734.1730412824155	20234.48929540154	8488.812951490936
1643.4255925524126	19280.213755989153	8127.374597653824
740.136634039652	16406.002956558266	8147.383718524217
1337.0648359314937	18283.471013831862	8146.873532142279
1740.5769069978487	19266.79649405415	8554.663053125896
1313.9688336619101	18498.60580544004	8504.490899103857
749.8037810882887	16961.116455221527	8412.5434131368
1609.1066191310524	17786.813191591853	8673.480185855951
1866.101499101485	16532.255180488544	8561.949425100482
86.7823601897569	17705.519330441024	8406.809109821714
1540.6411372096875	17346.488672167652	8379.828229116662
1079.429655312013	20135.034200979982	8296.248823224254
1723.6224366480103	20150.899029780026	8526.960884494167
2006.3419684550452	19284.459282087562	8442.121542657955
-352.39675530359193	19121.588322605156	8707.25833001293
1891.1362507486147	17653.797023818843	8398.539612993216
1337.614049890958	19439.434963272477	8057.65865452137
869.2512353592572	17783.17651177888	8571.47463047393
1696.021748956824	17767.385269139246	7878.274337192491
686.6269007717185	18866.80482773985	8463.120658995305
261.9148915412999	19467.301075000076	8472.930932623718
547.6057093570677	18032.05180678362	8115.805500641615
1146.9480374774832	16986.433642554242	8754.048695717313
1935.4928349989605	18644.075321311288	8312.140777255216
360.3364417235195	17173.815726469616	8560.494051670075
1531.5145769670696	17573.568160293464	7875.812890636202
1628.8044628713387	19466.781651398684	8476.608215435392
424.5009122290978	18646.609786680638	8362.64768274392
1850.4811002268334	16499.72705911844	8665.514230090635
1604.5112966264405	20094.047935130773	8664.563203747828
1238.0028249496863	19245.707018584842	8464.783163524204
689.9984560640668	17600.31567227337	7889.800133031514
651.9162565565639	17697.229329128444	8293.482332224019
1403.0451731144842	15211.818121794346	8511.826623804796
689.1941463608717	20124.23718545763	8400.191447297988
843.9272446159018	18567.82133963806	8430.034588054912
-86.3093794880767	19770.45423581997	8005.36613673899
376.3903445894382	19512.602850406656	8514.439998565122
863.3319171691252	18248.734396448188	8632.485411887843
705.0354027676193	16797.77371121043	7811.789620135972
375.20130512855405	19207.742064466434	8942.99621280779
778.9268712867241	17356.87439674842	8295.308942057745
7.107219322146624	17723.769306289203	8252.756042250881
1299.9184392951593	18990.385783061403	8354.17536320979
1273.5458803538465	16661.97010335405	8571.836297190237
2018.4129206836174	16021.497389561318	8616.206875997732
2218.034143915994	18270.420893529317	8299.65883913294
11.01044534587332	20106.489256878336	8444.5221784758
1366.0063588668913	17565.870824764148	8930.846975310196
1366.0974424475037	19642.298699317245	8505.064223063966
1920.255084688348	17383.911609559847	8182.138600289827
1539.3472742042177	17570.588741303745	8126.080195044156
662.8603212374533	19110.357227370834	7910.790162992986
2607.6628952051856	18089.50704646912	8558.91555046972
1857.3001046305524	17668.836775645268	8323.776781725921
803.6755127871703	16765.193025176144	7730.346959439661
1350.5619832612836	18378.60233763471	8399.716334576002
359.7340204140022	18812.623186118402	8314.016350121716
866.244713865959	18287.27501953455	8528.884663887455
-711.6519349235263	19060.327155951392	7798.699075571971
2450.8233213388553	16631.72007738787	8612.044852774396
965.9386979155167	19062.374933638494	8445.325904884688
1591.6216635449457	17764.401849634127	8520.235691311613
