12419.186216091264	1189.7986598030852	5266.668197932568
10126.737495327552	3283.912199082751	5473.532881041496
10923.901227168924	3307.657267825385	5177.69198241827
11810.081423312897	3792.091093408065	4333.041202585927
10546.181289051952	2703.9907713212547	5303.982299467423
10789.347672853897	3169.9896938392103	5107.0422243436715
11714.26370541168	3436.262623912692	5639.954760538601
10576.547776236299	1897.2853182753815	4698.359353917833
11917.702003640856	4326.854165271372	5250.825333239137
9526.559416557246	5266.75763412991	4452.939085688642
10703.291251525236	3255.6837724533834	4931.251592918779
9810.111693721688	2633.006439427716	5262.124592446473
9960.452929842892	4082.7186811285164	5419.654288799713
11720.90261501874	3061.8619942856008	4380.879656884497
10563.842696686637	1540.7688745898943	5208.924433595452
8970.312076356067	3695.190362431269	5243.038809604287
10395.149265033739	3839.3028620467453	5269.46942580538
10999.616065990962	2573.999431572501	5346.933717350426
11656.22940763227	2892.0191235804523	4914.834314287523
11113.980806419588	2425.502964195603	4621.979571450554
11830.10274944334	2261.340210028222	4979.793884221236
9717.007882191601	2975.6514231512324	5106.662429236363
11848.705051683675	1655.2538116612786	5565.709695784702
11157.517805199055	2923.4951345455897	4930.649678791184
11194.001985775456	2450.431741055622	5685.93591727858
11501.85236874539	2175.4244706549516	4948.583917340648
10820.300305762876	2825.9035821806588	5022.099451114122
12205.514063408742	1058.4074106827463	5064.367961699826
11375.329095108698	3845.8299413281293	4562.298900322126
10121.059610503786	3827.5720453808135	5747.522924714215
10642.80407662496	3947.6672820113386	5320.735146683472
10731.550253481717	3187.897014654807	4739.361328925729
9885.843555777186	3645.9206310301984	5613.5812169744595
8649.674253124123	4892.598429019664	5170.762332007683
9979.302640536669	2940.7337836937427	4859.219599755209
9695.510544688212	5409.758804514209	5026.025367556431
10144.323645111888	2001.6892856574777	5265.335639996733
12406.541413964655	2953.429110415157	5560.514551078311
11623.930995518096	1583.9274802824177	4975.479775036781
10101.876458131394	4557.935670005922	5351.777168748207
10941.237103852434	3867.3953932113286	5006.055759003205
11297.286034303545	2900.678294566249	4886.981915267412
10581.907574516232	2305.003086311588	5101.402586681584
11129.090671806562	2350.4411500792	5319.009196396981
11412.889083534814	2124.701358871697	5124.593590287806
11301.688353131576	3320.241595550878	5305.120038649439
10980.755620833517	2063.4991454117226	5014.291312421145
11217.269151351535	2682.808533422232	5494.7117781264415
10300.188031397915	3324.770155673048	4897.103956838249
11577.732125768973	706.2534880728042	4829.428867711153
11006.625308678982	4733.731854144072	4178.49058289463
9148.588040036078	2288.465612734768	4991.124071704033
10668.75613363713	3930.0188425574875	4665.02586268685
9914.347492134044	4362.515040961047	5181.450341358556
11821.64945026044	1777.1696756532424	4866.0352706667745
10428.780909495707	2565.5277584359465	5069.730738800564
10729.096247273163	1527.755893263578	5159.398082351435
11447.087742988973	2347.4233443009275	4735.937295529728
10768.567875782677	1668.8940929716614	5518.113919524489
12237.269974771507	2536.8138707463595	4932.424073790982
10694.45631642665	2946.26214446569	4460.0708273779865
8695.646078600501	4860.2855957291995	5365.619648681911
10981.47008880154	3220.2152085740886	5036.36710033243
10711.970905491973	3242.2182350411217	4900.022762011268
12304.485876417093	3306.3653322300074	5341.957680569034
11996.14815363408	3235.8841299894007	5654.393730060061
10836.84612169309	1755.1608189780015	5141.848724805118
12496.324283445794	1413.1242314041199	5215.566925539941
11409.232182115124	3331.0213485985114	4736.388890172059
12187.777149111884	3597.042044946683	5066.419382602834
11090.831984960514	2270.909484422348	4972.525914441285
10475.161820689318	3231.369769470538	4703.744916582285
10398.417577907125	1527.3424477743413	5030.689209366843
10074.217692233073	111.44764784163384	5770.9815988843075
10923.101417437698	2583.174815582887	4964.54305566205
10530.261776003443	3469.685017309618	5338.366500066549
10716.811222833878	2745.162584989289	5597.607495672048
9677.437901814028	2253.4907470919243	5379.598778109972
11676.296654129424	2783.131500676891	5339.56547850963
11856.387607336635	4626.49170760466	4969.1602997746795
11352.434525135679	2049.1865141198264	5012.910580732549
11768.636462178827	3663.3188382475305	5014.486343122291
9556.585027647243	3158.421894959011	4972.756199613501
10513.949118702663	3339.4517926724866	5326.917196762752
11822.260399384191	3872.0962870399603	4760.970433933266
10582.412499478909	4110.241437144818	5644.040893947201
11296.248047687917	3242.3428653456194	4497.699149758463
10759.131520595713	3142.932862631118	4999.883437350615
8917.706457624841	3933.601393930081	4663.77747882064
11195.50448532148	1235.7674672636485	4377.395403900999
10044.115382337748	3695.131432569062	5687.712992776294
10642.48483176882	2444.0462214246204	5560.095046288561
10541.060334285838	3970.1298691353295	4873.205355461549
11581.554449518271	4686.803710457218	4721.0883065539965
11341.923028151823	4526.073855951549	4991.100073513581
10387.700010553042	2796.2473012503574	5213.681431551506
11236.65037710594	2223.752131899696	5656.602946180602
11330.013479448673	3324.0225400413847	5417.6845299624365
12447.358563419159	3602.383065622699	5391.765970075125
10493.663767553751	4725.2141926637505	4261.820024845606
11080.510880842157	1597.693186505228	5211.076425954008
11391.324346212157	2771.164666775661	5317.593414577678
12081.529157737936	3003.3585537766107	5073.782660711119
8952.151623220123	3526.1339987978713	4866.086190649058
11406.919823642489	1418.074950447931	5299.441589295141
10679.818044812308	2946.052485781128	5668.062099125467
10113.04020934911	3422.4474947317613	5313.976537239658
10829.650713184705	561.4453626697972	4907.71372998754
8669.897331349917	3187.817346145186	5928.063166490726
10485.695258503913	3200.891527558031	5901.518541855031
11689.551831887451	2840.0822180206537	5217.823912893301
10281.407434011298	3662.825228348549	5103.204615911021
12785.670195635128	2590.952001150674	4832.380106873857
11502.93194933608	4330.58604447469	5444.891253941084
11513.499516115491	3098.0667034203625	4689.249366191261
11744.712102448662	2158.640594173711	5229.911886983976
11300.715880284037	3033.725850544524	5625.060894198054
10505.618097904708	3195.8331041361216	4560.146497036626
11697.54486145093	2785.328627558065	5313.571076541791
10990.243033109746	1740.026896734468	4667.0113930046255
12112.518745542387	3219.080093770924	4686.095870482804
11705.802238844823	1799.8139522035817	5149.947519698098
11447.752610495816	2374.5895272020275	4969.224773307294
10588.902053447322	3287.64782643138	4898.529019787605
12300.332398827662	2301.595226620556	4848.0342945079865
11057.85271856371	1749.017213402521	5285.029318504862
11693.4848999379	3826.9169287789578	5382.712579618937
9685.90748238276	2328.7282265314498	4413.128703381786
11117.486383973412	3000.1267382733913	5182.224966096327
12455.1501352937	4281.36538481558	5447.178766349628
10808.974357159488	1708.3136809935559	5023.640181741205
11716.402790356433	1826.4815628963972	4841.974054675701
11375.500666594158	3043.9468239133016	4992.3501302563745
11485.589364925614	2975.0025255194396	5024.748830139986
12837.696985287132	2465.328491500129	5975.953203186496
11010.716261443089	4041.6514664184438	5078.544464989336
10887.736079162789	3255.24304551452	4869.670973896189
9879.742450603011	3629.0673934898605	5160.655026078393
11828.846434524878	3073.372316686305	4340.605238125233
10481.1167074448	3837.915738385484	4812.135516815032
10583.026129642854	1945.416431528369	5090.632301958867
12044.638180838965	2195.8999776525575	5199.01178829453
10225.681914780303	2659.509164750134	4965.29869986521
12123.487101510324	2360.407574639816	5250.803410304301
9949.553042033287	4451.363461514663	4606.28367120768
11307.70843967051	1182.847410059263	5039.84296528332
9442.789959025344	2574.2535391814217	4989.039124138869
11067.262900618944	3033.4023840545337	5189.352997362492
11072.51409143767	2545.5289824945	5411.775485640288
10515.492845580708	2217.597364714973	5040.177211215144
11884.340468023236	3878.835767229503	5164.623529533841
11486.942284896842	2300.2520716560252	5419.911163054453
9164.056463955181	4217.385542137081	4839.318229370819
10563.868585025097	3700.268039120802	4835.023773087279
11060.786859271459	2678.9486320708875	5180.430426429212
9440.211918690798	3980.1995872040175	5110.469180033771
10714.245667822008	2586.3439123439302	4799.2517079411555
9748.292488073392	4564.708694825244	5305.862811904684
9901.869414117271	1552.211832131509	5146.373434385168
10269.760083793693	2568.794449069865	5360.839522704207
10559.817920104086	3144.028619467098	5771.3858022655595
11554.676334072596	2107.140021786828	4448.717791329534
11867.599956933864	1399.6750790782648	5277.14414834815
10462.01943404073	2455.014563692361	4993.462272096367
10713.313467274242	3219.326264268064	4754.013468391457
10347.710039538475	4152.967270528159	4986.564335188306
10401.045884736175	2334.298275313718	4681.096109515276
10292.520143465097	3966.655785325311	5530.762085119087
12263.291142953105	3094.5247885491804	5035.863806675206
11491.691395687278	4346.6829958413855	4941.071534108722
11278.539746111252	2842.5258448044083	5346.420867391645
10355.595864941502	4181.554091991656	5498.889838124877
11538.913324975321	2875.9483352501193	5753.518711683385
9685.102338210141	5069.215486260527	4513.7629004614255
9960.501281718718	3923.104368479474	5328.019612529851
11149.29037028793	2746.0340768007086	5628.902193578879
10980.440638744163	3350.3065987980376	4944.976622948326
10699.117566463057	4820.376566333734	5083.135688516289
10678.248842131217	2056.6772242095644	5436.62868179948
11898.688334153772	3881.979218170945	4831.75566152235
11833.374860438771	3296.401401336339	5590.008834459883
11291.147444739985	3465.1787775529447	5695.956757649342
8840.395757646307	2421.0605354043014	5084.712017670087
11077.992811569728	3924.278442585355	5391.620942708449
9419.006923478048	4018.6933131809305	4721.647687713347
11740.236854143817	3086.4704444365334	5337.74655189478
10140.754206777432	2579.2689539049957	5264.036751805398
11715.279553122133	4573.37457115145	5074.840220243876
11352.941354516672	2001.3495615578302	4592.671468933272
10476.608950765516	3392.8364003970496	5041.115555185252
9823.156412891021	4763.043493117736	5191.981090231505
12086.879445532615	61.472072199646554	4930.843420077451
10873.04462681063	2654.9360379933582	5470.760385175592
10188.039340806572	2930.677246497906	5216.134245211926
10479.949659913174	2948.1849702175346	5308.785723484444
11448.163997812255	3392.811219393334	4821.863662147678
11819.39696308173	2969.6853005110456	5238.034319901895
11057.698110279769	2307.3337151378028	5084.9713129493175
11997.36423941425	3612.553800834195	5040.238554777584
11173.936752282545	2672.645066040443	5466.34695558259
11455.02817057051	3376.955729992137	5100.384539822926
9889.578931261527	4748.988492000699	5242.516164939994
11753.39852956397	2305.3640764244096	4896.91105900501
11420.606739455574	3136.7944350429934	4762.217776471979
11690.712848194751	4259.790844671005	5207.412110079362
11841.55184751557	3719.4905076978653	5406.040529980753
11295.831720593593	3126.488378459367	5486.682147809956
11429.001593717729	2133.4358390951925	5547.169852458354
11053.833033990606	4040.051218031167	4290.064974274566
9089.420465402285	4988.016147730211	5103.540008883196
11834.40558449068	2630.127443923193	5801.509806173563
9218.356932529225	4395.880340115367	5369.449181939384
11215.164576840394	2653.2616589439367	4511.665122682528
12292.795916324898	1223.410578945891	5153.453727586835
11867.332201298794	2547.543764311635	4771.150094141808
10162.834952762718	2583.5761591544806	4588.1279852321095
10893.974345074857	2927.977585135098	5402.705633486427
11539.759866292185	3001.0942375140685	4490.7887125921925
10001.242584478363	4529.010044969277	4930.808391010667
9511.825262749408	2520.772017067607	5480.593041877868
9931.087673167067	2542.4683393739174	5082.210146260649
9539.08477120659	2592.0126138778483	5589.617871112412
10456.21034723061	2332.230486000903	4916.860673957076
10543.452148077477	-13.64904289972137	5659.195521443916
11435.517897753096	2548.575653387672	5604.764735151783
11153.768232659728	2070.3212975211973	4756.280575996357
9313.370072389705	3296.9852074611636	5538.824355960466
11543.591156247983	4411.73774621733	4947.702345430772
11116.2754835971	2330.9327992247895	5555.5382564625115
12136.416748952612	2233.4369315894082	5105.379719820643
11187.000428491167	3230.2386125917565	5448.6680841845055
10629.555288004787	3777.481879216511	5218.422652632104
9985.316429996143	2743.457210506877	5436.247550413309
10678.68813613645	3935.3129827652633	4609.275845584784
11003.871264241776	3166.0730589098666	5222.861716321169
11265.142463452272	2025.1467681191266	5363.6357148841325
10129.803224804471	2097.3467557659956	5138.03601246389
10448.939293984467	2992.7234337162117	5008.139365252705
9997.546025969641	4429.006060486594	5346.690447933797
10856.741178150643	2547.7304915476025	4771.567165387242
9906.258812692295	2553.4841960260105	5605.236659461553
11288.192988578228	3523.6460433568564	5301.016065021493
9507.280768062232	3555.0426181843163	5508.927891962712
11499.6425000488	3421.3363428301823	5288.756108873618
9867.94852086636	982.4191166509571	5273.039753946161
9921.996877326406	3953.6755525185363	6059.830084786631
11331.764441007475	2482.4023893625013	5413.385812801038
8736.947365182377	2848.861672806228	5150.282569021935
11240.172761422431	3541.2724222499246	5017.248015294359
10613.355887439273	1860.4193752525048	5782.666076812476
10396.392444538345	2049.91170401368	6040.505183297593
11485.697637241063	2543.332937168953	5155.22859824502
11704.350319916146	3952.013059606086	4769.042643905468
10545.78944095683	1907.7119395981251	4774.274489037553
11606.23062865809	2164.772013383851	5070.97045815253
11022.06141537351	2649.3727649656125	5062.37655578071
10585.2273694132	3803.429245495417	5598.738742603047
10131.07204533954	2978.636177637404	5306.504715932577
12426.658961808902	2582.658282512212	5504.35967276117
11204.410578224657	4136.339667277382	4686.862237465172
10516.287457443837	4696.934139488542	5082.793515666474
10813.170509120439	3015.835544202979	4855.059491493528
10768.197181498354	1079.0833010793328	5273.141566252138
10436.178881548276	2240.7717229057544	5079.353821649628
11025.935004884548	2609.5819739073204	5095.5049474981115
12364.621589844925	3697.3193417409843	5066.37443849937
10326.791051398144	4138.05075774363	5508.100732342478
11006.041942933685	3801.800211353493	5280.984644661603
9862.35534098989	3449.8803184507956	5041.632500449023
10171.10648432675	3700.9864491595376	5437.185187058176
10263.681119779836	4007.1728085207046	4691.725554630999
11597.667191803757	3910.731044257128	5054.981692066654
12215.316715962968	2750.483659073764	5138.6468434769995
10349.999208158857	3072.834306974628	5161.1528425795395
8306.164164056723	5072.688942450007	5674.964234463357
1786.5259683068407	12823.424546429516	5986.559746371779
11776.755696546785	2938.039203356539	5848.239082250047
11435.805677282622	32.79513560958283	4849.6794214625
11509.967965606766	1490.4793509677952	4963.126090074392
10921.758605500321	2407.0590794046875	5503.372640557601
10796.991386254998	3380.881688635309	5215.127858031153
11281.319588290078	677.3426505524703	5033.903165721771
10853.635351031824	3763.251037976789	4846.139165683287
10323.345327844692	1881.7206140160301	5299.309870655605
11100.698021960256	2716.285449437992	5508.884725751287
10578.40989572919	3158.841145205331	5435.370445166703
10510.889219601528	3234.8420132543847	4965.743870380787
12120.293782877472	3218.1133935747926	5355.2040371376725
10972.644402426064	2999.306745867079	5848.395874068011
11218.761811857765	2251.4116809481698	5073.102260542451
11010.473478437703	3775.3999777160575	5391.440308829666
10888.71460289911	1909.9736287838841	5439.912881936195
11890.602202601327	2905.1001744657265	4932.618916856711
11185.050934385728	3145.0965196239013	5139.89003051427
11190.255201675134	1762.436746262762	5203.950041877731
9565.41525933372	3186.004693170309	5465.896845558749
9884.737299792992	4176.9110125590705	4550.507152375961
10543.145679780315	1236.5800718710036	5415.432024840071
10703.455819690229	2713.723034877903	4861.924163988363
10753.083930084622	3391.0979862963354	4675.53073318059
10607.673836589212	2257.3515595322897	5792.612294211617
10590.692018862734	5280.27185844063	5264.203406312429
10754.94131551733	2115.6338566206005	4849.8293879650955
11581.050075072375	3194.802456639493	4691.207473550098
11127.750698309315	2363.818148867959	4915.634874856017
8293.253138798133	2854.061108760913	4939.87445693685
11514.798140064293	3826.324235600286	4939.364145434911
11550.617090281323	3270.3291378389613	5835.894206023807
11964.370347618678	1682.9384760516357	4461.200801344782
9659.826689036056	2178.415484999491	5064.139719231184
10246.137360962886	5381.889000254344	5235.014325480927
9993.305638768965	4615.4954433570165	5078.141851963451
8993.118823808229	4091.05000492387	5047.33818621711
10668.910298304838	4298.2712981042605	5800.504578655466
10122.990785847514	3444.204014982928	5282.185877084294
11973.928278146012	2885.3423279856092	5055.678217452374
8818.161117371032	5086.287914230524	4775.355855273489
11279.098361555254	965.0594884595033	5288.889323728123
10967.738667921236	4561.742041660739	4720.104259282231
11438.477431904881	2405.9044950430275	5026.153731181822
10021.18493437391	3617.562767195958	4292.391302855334
11691.533994309353	1638.0543361395682	5141.305474662052
11039.989100939369	2495.310930807732	5562.348820593604
11577.873392318783	3574.3989581144133	4748.274393795795
10586.128061547897	2463.2519247016294	4945.7054996985025
11608.972424430342	3947.148550481251	6301.882296639718
10579.784563079676	2518.455963534315	5069.630543845669
10981.12834163254	4676.564345234619	5573.464202646429
9440.494689806936	4565.122409490782	5269.063832385003
10701.91750528754	1623.4935532360412	5520.7708308301735
10742.031389761205	3988.8479049351404	5503.783634857342
10834.314481652056	1405.4330491271605	5375.864440508187
10730.069708740713	2964.1755892644774	4740.903498162411
11703.811877741167	1973.7677202491686	5550.627720671564
12408.46162359378	2196.7709885848694	5344.604901961159
9716.97718764691	2396.5391714103525	4806.125362441443
11626.810681794297	2161.6899255938315	5133.285279035359
9525.933601402478	3077.1276833093652	5832.900183829863
10563.055750615005	2472.1831435507725	5085.072915991722
10397.733855284094	4439.3582894227975	5553.745706239024
11860.830014073941	2366.08991643148	4859.495330491686
7691.7204523957835	3734.9951356098427	4880.83981736918
10057.207757479557	3515.2360967678064	5029.022873727915
7889.512458257237	1385.6852966990045	5454.866900133039
9998.08877677728	4411.0712561274	5216.435957291146
12450.739210698941	1685.268225958701	5008.278923967633
11312.503788160298	2831.3958991533254	4982.64978491517
11527.670319040459	3074.815187594646	5095.155450913744
10891.00605859114	4573.505678619699	4453.251915764598
9803.618567022992	3591.953163154909	5031.4898830268785
11306.14973645765	3183.1475933075053	5027.829712926781
10646.44757432331	3344.243362858114	5076.876738907352
10496.006804364999	2953.011279480876	5188.31481055213
12099.600384955073	3724.988370805547	4736.581923925993
11015.604711703056	2663.117103504357	4409.734637526873
12105.36459939572	3607.685644728643	5296.796026269827
9838.657717455942	4901.741212170128	4929.269121356114
10387.441008129259	3175.8512526251366	5426.697051420458
12252.548998968263	1395.163354195449	5128.978222867505
11370.745751578232	2523.7381756357095	4579.339825872039
9771.378632149934	4812.74683217917	5056.050244764515
10247.174860649593	3508.67912240994	4857.098840979637
11329.155607050314	3097.9084750119596	4835.376387985632
12118.000322023925	860.9788753094587	4791.841824242464
10868.067390069586	2708.8416342387563	5478.196820256477
11697.130270576443	3280.9006846871785	4878.192220703678
10959.732019780748	3359.672490311868	5717.806224207979
11271.30600720183	3177.193970467498	4768.132813503565
11583.094169089001	1993.0601234838734	4662.810469516359
12608.949059020944	1951.292822243844	4770.965513239918
11677.162850101196	2548.4532107603427	5866.825147755301
11606.421477958474	1954.1558217591546	5143.634115269999
12662.9956803951	2769.70991687021	4932.02990756003
11257.004793093858	3297.533955411295	5518.833820007032
12012.876083686915	3127.207709829501	4950.173595947052
10786.037234405154	3349.1558602616833	5062.1998239690165
10955.610883599398	2674.783977233022	4785.8297507515135
10620.982716852926	4354.938836200422	5064.558482016267
11534.14382649182	2278.076726688815	4893.723305484733
11440.115476651892	1330.4756047778828	5025.144468833536
10587.99446601859	1873.5931313106082	4708.9010819902005
12215.773790040826	3129.0837314116443	5006.477290027468
12359.44395223662	2097.647412930198	5122.9318775413785
11794.331357374354	344.2293740060272	4807.8723000833725
11629.140368922066	3303.1261544970607	5337.023089609671
10747.355904961065	2865.8794551839487	4844.817384937222
10685.98691995826	2711.7463378169705	5507.493076571284
11267.402381583126	2717.427975280502	5096.564906035024
11517.24261413318	2196.480490493604	5344.167751018183
9944.106964642222	4258.995181684204	5730.239559686812
11045.120763432935	1540.2747596854722	5322.436296932178
9591.561960375288	4691.252131211211	4981.989839765058
10337.318042664996	2075.891884539584	5103.666611135872
10562.392896329076	4851.453571022284	5573.518480511769
11299.317271639056	839.7968341052019	5256.103387524232
11491.835440782985	1487.4040389820564	5189.283822787444
10871.308876859985	3464.862507089623	5071.409752110593
11678.91713543286	3616.115795118071	4438.194021635707
11842.614038987867	2396.0590047590917	5144.404973761211
11368.211055503763	3227.319215571231	4492.8845618997175
11419.437669665662	3109.7461557908837	4858.513850989847
10387.766816749345	2547.0516540831495	5720.6027046623985
9740.224741184795	2733.9413258198692	5158.506487550456
10469.56343932435	3354.0884918376287	4893.821524344792
11223.689754234178	2944.6402515690797	5482.418154095178
11784.476301043525	3628.927488931019	5208.480242933514
9829.215048499285	2255.165800961701	5389.898578896184
10034.68477529963	4634.612054526423	5360.797035649406
7458.310206901079	3519.157472020015	5167.824056271873
11480.083080584373	2310.6946234979355	5100.745177959316
10901.36428234052	3740.1719189077917	5991.138352406279
10572.582484698483	3450.6558657720207	4916.512830476617
10726.42245798191	4043.0568405198983	4243.727166134479
10850.901660394235	3123.374959227658	5324.045345961923
9813.257645070782	3323.2380323904285	4795.934152572124
11566.545785869606	3532.5529961770762	4826.471198822047
11613.10819428849	1931.0533375681184	5347.314724331848
11352.113659959898	2648.4540015500133	5444.980995534283
9908.313546602605	1222.2329937426664	4875.591575463384
10454.189874293068	2035.517736490203	5425.717563942843
12001.23821081147	2452.3863760281365	4845.114819221998
9717.32834939122	3511.114339330194	5072.055200272624
11624.299808867481	3909.979140764886	4661.942967460223
12445.904206952391	2471.2485753295746	4532.287619780703
11293.012144678956	1035.8766922162308	5064.371944604017
10213.387576964225	1832.923129630832	5286.483979220017
11363.646237190942	2191.0480482484986	5674.470120529782
11283.388762312838	2277.41396677348	4758.784490461176
10004.679446142502	3644.1559984323603	5262.737542200371
10727.392300800799	2671.535267476546	4987.467752271105
11258.917663164186	2531.447786308337	4588.234501507249
9588.278346348407	3382.0855398214644	5108.630087768733
10612.786405585004	2940.168394027145	5630.748562127055
11918.910973377893	1577.0296916145323	6015.504095420377
11554.377842270136	3526.0747985759185	4917.953838086433
12410.308364009088	3841.628436192941	4882.752220187242
9513.2041646339	5600.968714674237	5734.588294661762
10734.694623811685	3215.9808373683363	4781.957302927627
10619.878192236323	2751.595299761496	5233.92861949728
11639.396037921326	3396.6260609662795	5850.0310655766
10256.527424726673	3659.6889586419484	5143.56584103723
10918.32289440277	3128.4603651852476	5050.1428091226535
9835.406334667414	5150.204877906891	5292.221465305856
9903.6162215163	2511.8245057216072	5348.948612246331
11327.854413429655	2797.935343832498	4589.156014845802
9800.576334179845	2977.925300125748	5288.786846006906
12676.050192239545	1733.3710243106882	5068.962345451637
10078.515172331367	3336.660823519928	5082.760830568242
11834.648362597323	3735.9573943203363	4941.7964528199245
11131.112392317695	2947.029786465921	5355.855229864259
10363.71379624389	2875.6449933160343	5609.560724865954
10051.721922113615	1440.6887195355373	5730.186714561096
12754.124005152607	1987.2567446814278	4632.498307528302
9545.464632302557	3628.9566497031	4744.2998853747395
10064.832353015985	2826.152181560887	5536.475594278698
8729.618893445986	4497.920478809644	4726.0692761697555
10923.845608192814	4195.306553490521	5142.405454273684
10227.714395228479	4116.2428715555025	4923.765243641046
10798.020818038218	3542.6285440285683	5043.04272685696
10518.54076400806	4075.4036680249374	5066.841309759505
11797.788360181186	3823.6364641395185	4717.940611622017
13438.80339242531	1410.0096583881075	4344.723648542663
11258.513576846195	2334.495008676795	5286.595275265947
9199.493588467887	3547.9624691740646	5330.302897388663
11796.775883101947	2777.3680344897266	4879.232756597365
11862.994231614834	1526.0465974062254	4653.196787242264
11602.548019119904	2295.586804676258	5475.0243434303775
8846.165449437343	1042.3676559131459	4947.187203605107
10199.542351508055	3537.3749686339747	5150.989451403176
9582.708586895276	3778.6974463066294	5405.2301322212015
10566.427225748208	2080.158196843771	5359.434438888071
10112.517452229518	3681.69992641332	5615.673439575623
9317.818686671566	4372.79941763261	5337.074262986386
10616.213075988286	2771.000578044421	5074.602233331609
10622.058500252151	4268.531189554489	5381.895306545835
8837.499485076147	4300.610157255114	5306.867739608823
10071.22602377883	1618.9119394510594	5422.100479462392
9893.663157387	3846.188312002588	5291.3955733084795
9676.06291158138	1956.9150020601555	5575.262318148226
11378.437369738194	2428.1827400184284	5844.601958769837
11039.237213108056	4533.8780434405735	5103.109524657885
10085.236670972065	4725.373860680614	4750.110772068398
10155.47852588287	3640.2979451896167	4995.917106308369
9834.084908423429	4647.824471078249	5353.97696997591
7731.548447158759	6681.676975125965	4483.941692530617
10130.0785098509	3532.2306222368584	5511.324426939854
9826.832320534833	4356.541543367722	5205.139165329705
10507.399399368936	1940.8209131092215	5258.859498483775
11446.362189482803	2413.3963385143875	4974.424306458008
11129.480580919751	3922.680330043239	4585.757432673608
10311.89104760622	3570.878955317552	5534.912702783564
10692.329725361462	1991.1138633946377	4843.3637551497995
11301.449730423177	2064.7422996619684	4721.601169920246
10459.728603603706	4593.588862944369	6278.569112372066
12207.047570841783	3723.465971454159	4635.125645761293
11383.335208984337	2223.058457804546	4740.158044905248
10327.367923977401	3380.9558211882745	5470.204431829486
11242.632523603403	2987.3610607927003	5020.2114987943705
9951.391789459532	1042.9274234898016	4357.623134241284
11544.129454480366	2739.7244135910187	4810.627985419105
9380.609878306464	3910.984498604334	5643.436727809697
12195.065776550311	2357.545326004195	4457.453042730337
12034.022770883475	2412.021814485973	5129.9541704752755
10566.640923910236	5129.285706251021	5391.215903379971
12153.083360770554	3672.072491734035	5760.0235396134985
11521.453706335113	1794.9898374079705	5043.6840309442905
10819.92716377898	1793.1080939063163	5322.284770364702
10104.257607175767	3492.75513633122	5329.680825604568
11084.891320086213	2539.2475290639522	4968.74035221615
9328.347275259479	4131.610512300115	5569.1109638831385
11363.16405337509	948.6312992987115	4776.670116361558
10389.91776201866	3059.538974285187	5531.239601737267
12263.788286633595	3223.636408812352	4657.508373767373
10741.761867376375	2978.0671277125552	5332.695288408818
11150.68720912172	3813.3625463305866	5010.286281315364
11702.006402454155	1598.8097638059544	5342.178449965831
10607.78597831084	3039.5519380605365	4862.064980588292
10067.598800311058	2496.7818937735146	6137.778377571808
10302.474686690075	2369.7753013789575	5132.095178275896
12559.921401826428	2130.7187421543867	5114.874831624856
11138.330021949927	4038.723597340278	4853.488881818953
10581.36769713563	2743.6286146229018	4791.064969039165
11327.529972357534	1554.8099369214299	5407.40324819077
11320.44465381265	2674.9202157104282	4875.1009972361
11976.79742829405	1709.339630088647	5657.974953071688
11104.93943717596	3107.0948951790087	5050.420060312068
10250.703215702522	1862.694559939202	5286.412299372573
10790.614719225241	2579.1340596112286	5588.940529344766
10707.202687828689	2388.5347102703518	5710.97309930304
10329.12711576593	2796.7600942443364	4914.9399678848295
10142.068563446024	3138.0651958093013	5066.815983101918
12357.014576458172	1019.7729953194545	5313.656608402255
10445.260158872547	3600.136855753264	5221.787149515315
11681.190174463802	2041.5981464488002	5050.060515072527
9537.52780545633	2836.918735180638	4965.97515381861
10755.285918500042	2923.7339921847606	5217.038874002874
10105.369219975511	2404.799063400481	5405.033788889502
9459.98064177987	2680.7769187716044	4484.503835845816
9755.413413470247	2777.8430063410246	5310.4487690092965
11592.621159321596	2991.535561353479	5109.791755411097
11851.901442710929	3480.8134124760613	5400.371435232823
11621.137990990192	2897.660623359922	5145.7127889324165
11750.011114534174	2408.6806197302326	5388.857163167986
9202.537605947511	3630.042400148529	5470.325665119855
10807.77316475872	4729.528826684175	4920.842835160142
12102.253009947823	1440.8998003760435	5417.520178170981
9510.527128836164	3141.4265334968754	5604.186062963781
10502.72410739523	4904.77426963608	4768.249899946661
11285.53974074368	3323.5542539685935	5461.320327258588
8366.4108697744	4270.342412808802	5489.1227654872655
9269.087077021279	4427.168709724833	4869.185796733717
11273.47427160775	2052.375746501033	5606.469798651854
11514.204268524527	589.2297338041196	5403.913238357891
11056.606536273457	1959.3991161481374	5342.166508493834
11768.687414015587	2180.3188546898887	4798.812080109638
10743.126517601639	2804.355672973983	5071.5534710419115
11459.683402016664	2908.8112200823584	4992.828018718591
11445.467147454237	1936.9087960524173	5321.9511952383455
9929.049231924953	3857.2161689627783	4623.923032788712
10642.692957814897	2386.912184133583	5433.342284812773
11330.434215109983	2273.2006311605905	5131.086936910594
10929.046022116021	3576.6017917591785	4924.9949303065305
9418.612052157307	5020.5900300819685	5400.231663625906
11175.677701778532	4443.625410403245	5338.161606967744
10822.655449122538	2094.505091966345	5264.406129605526
10439.089826589372	3326.7260226922563	5165.139380789374
10051.98185138342	4374.65851236771	5211.492236484483
9793.380944697547	2633.3866793289935	5204.866509032795
11582.02104073807	2196.177836429431	5168.608182090527
10132.616890886618	3334.0277357920436	5057.034671705373
13086.475889585789	2474.1420235728397	5327.637828305214
11653.755894889195	2790.7959417538186	4953.5810683427035
10088.619247551695	2997.9096599718687	4883.324563995276
11814.294101653637	3143.414923387182	5002.608951784804
10792.13390707934	2088.974323900313	5480.634922881037
9982.277608093225	1965.8252475871911	4698.40876373455
9653.882433907063	3797.7414030879036	5266.026190685397
11208.081250438621	2199.07737540958	6026.221618565735
10080.273682232031	2820.2576034708054	5903.454269824861
9420.007607140198	3955.7792214703927	4777.451474953218
11290.052665848725	1198.2071955267184	5742.634929106198
12185.498924619309	2011.4069462523544	5807.940629510395
11041.401622486317	2607.1243953724506	5389.784503195242
10617.957986524163	2510.628052868766	4826.372733018854
12616.653204340557	3098.4723898921216	5077.040072338781
10163.630069930461	4590.235820326401	5305.4624537314
12071.810581743366	3592.628881695055	5522.200895507232
10952.327512707034	2061.3838230264378	5058.59972492343
10475.218247642078	4327.032763675503	4879.799316404765
10785.1024413508	2831.54413123608	5239.79526352139
8337.852709989565	6184.127477217669	5015.633072539272
12453.938090877511	1800.0962831586503	4825.238020461882
11081.876314600866	2652.5657913296004	4915.009141244539
11050.621404348152	2312.781567510451	5726.924028191798
11390.700590697608	2346.263787902867	5733.852407359544
10926.056423105263	4119.796002335485	5625.991491195692
11619.311236089197	2018.5851223751029	5022.876926321095
10155.097034694872	1285.704372862298	4924.9169967565485
10908.6808298505	2632.1835735353334	5250.051157563564
12292.347978497282	3066.1529720742096	5418.527424923602
11699.877327303233	804.3070012323129	5118.719695243377
12629.545307812043	1850.3649467450007	5117.325298355711
10091.735501856941	1974.1887799587269	5836.967810517789
11429.82809507085	2119.5417066202062	5041.225394985439
8151.221605751433	6300.807406515895	4727.638090589864
11494.627809895786	3903.616300218352	4679.979157965599
10392.698263422491	4305.246639062724	4899.817436658962
12121.151373692861	3119.0715318178795	4222.576624683257
8694.345688436397	5298.402114666818	5285.575558583708
10568.724759239452	4863.889323094407	5750.800257720529
10638.750659825364	2422.541322308335	5700.5579306477075
11746.91845957111	1533.3813681335473	4859.391656370464
11055.932429239072	2380.5889105711967	5352.023446443384
10949.892231413127	1740.5590951295073	4929.871247758739
11982.251372787934	3681.1135138170716	4500.362401512781
11162.785662761711	2543.795919987805	5548.462869756995
10033.474203953303	3077.3376911759947	4662.559257761854
10566.71771201625	2901.612132259445	4850.651357571269
10626.489636439832	243.67629588044628	5676.546705890004
11147.328737762446	1962.8275404757928	5454.522598426927
9969.598974636268	4040.386095695401	5459.304797446506
9163.259179628427	3140.1401137918724	5122.238811959111
11572.11319918718	1043.150689519355	4861.703776461657
12209.601103931338	1358.9376790776937	5584.625117387864
10073.666164903554	2537.7997846144317	4996.932880342127
9975.090142971081	5884.7264366255695	5934.675578353061
10763.421704495562	1726.9474295617924	5341.367320357047
11504.65799118185	1966.3367367887615	4842.549423407861
8041.693326480699	3462.0405588431345	5256.774889553088
9576.495320983164	3309.6437674206086	5351.298377998362
12889.271623126444	2956.5456469844244	5675.691574637258
9521.170937477882	4359.367781299016	5179.4485781464155
10145.00441663068	3885.797601638041	5793.008075602733
11856.067976387001	4604.272354934989	5059.838503081094
10994.352217375494	2477.1075753700798	6293.230850238379
10684.282502239743	2434.634847654982	4897.44713218496
11441.601073311582	2972.8131948653117	4825.3380562014645
12717.859857087089	1283.4682080225411	5058.603102562095
10371.240229948444	3937.524092942173	5529.562254956996
11502.552573959918	2344.332968982681	4759.3256448667
10594.309234106566	3680.00026449226	4974.381540585069
11030.075666518906	1583.4735343938357	5269.163718331065
9505.6428475747	4076.6499816391506	5020.464058835336
11085.259583890842	3902.4368092049713	4630.927298482784
11245.138477683562	2980.781298575356	5522.4381114785765
10331.029346043702	4037.453554273526	5019.152039044011
11646.011034040172	1895.4166446932554	4837.493334437279
10697.3181980462	3010.8617682723598	5138.2883499947975
9890.44702679101	3051.3237842070607	5290.313459119665
11010.878571951862	4601.833463434681	4573.667175078904
10212.131330460086	4243.8991816276475	5013.818947115095
11191.430582361705	2338.196545423087	5151.442110082444
10766.885621676818	4420.894259745223	4770.823845107719
10928.177458381873	3300.683837794418	4814.957989811681
11265.714368562756	2200.6084451291626	5042.498885945591
10587.654605564992	1998.6444378113395	5317.441080795768
9829.255038857722	4475.027324663369	5601.1588511390255
11258.168127850311	2620.428493430245	4585.60445050758
12561.320518058783	1793.571193686975	4783.888683121103
10096.467256596801	4154.338395646966	4958.863138113859
8319.018985125167	3988.9823673032543	5067.378041802216
10252.951577751654	1287.9421020157167	4570.4269717986945
10629.508078427623	2281.071468164795	5332.491179647793
2530.521169295919	11583.355180891742	6702.782481016492
10597.583168952524	2497.7063112879173	5098.866755469875
12014.350918749946	2459.671686411598	5409.238271980446
10682.803845972932	-614.8085619809809	5631.815175645534
10432.815264124984	2623.472090973445	5231.013548105548
9523.179007134173	3682.954537492493	5743.014454838616
11312.744201225414	683.0575089860208	4887.206698354292
11811.457299357311	4019.0303582729994	4652.924045411079
12237.697104822873	2842.5539092996096	4635.688524758246
11763.06428014771	1900.2589973092315	4713.096073480777
9898.055329453702	4545.892404596604	5553.520794724766
11135.49272142733	3165.5645476987784	5143.129720535986
10148.218580544954	3616.940520014079	4959.565222749519
10491.701811232595	2077.766556328122	5232.444371533176
11486.178015747491	3172.932210573779	5127.939478922818
11511.95035710707	261.1966236064713	5106.056241386392
12118.957543556642	2988.6102329596874	4706.400791454688
9315.761147279116	3974.1403756838604	6115.264917763518
11520.131442330128	3115.287617131385	5637.710412709966
10836.572043263197	4142.268287429538	4934.65791074368
11082.179534411836	1328.91645587998	4886.067299595513
10688.5380372704	2997.029354261028	4631.433288492707
10694.932420722758	2689.6779943196766	5738.3196927829395
10422.171072709889	2523.507491250239	5182.066214792562
11847.90295670462	2350.0764758523496	5332.5248208517205
11468.827035641383	2534.0444270374896	4755.286857723063
9884.680832184486	1500.9391717853866	4610.985085462772
10105.244086196679	3184.6142956681615	5094.286691208995
10302.151700570405	1656.5891906713784	5448.959554180892
10407.59088602519	2506.2052034616904	5619.474792824717
10457.03808171984	1680.959569926227	5265.427800696668
10545.652134673162	4445.769536520223	6067.933841559396
11347.795457738353	3575.487580523363	5061.647799717935
9723.500319508208	2389.7822313784163	5485.100247788769
10743.589603151137	2416.936417804645	5041.463736367908
10925.548648441647	3082.395038233851	5222.270625162185
10269.38249502695	3484.493526801554	5192.922879312778
12777.69515845619	1995.9619604987422	4472.914336902794
11998.145397311724	70.58858010181945	4828.9849337023215
9289.587104597573	4615.849774856012	5155.847143733567
10652.330781052471	1837.0335149912391	5239.93994196402
11383.561664695437	3900.7788997569937	5369.783720588341
11514.07516959875	2732.936431279565	5428.47124565741
9132.671904197738	3278.143963338468	5200.275189124912
12911.742379232368	1235.9263555520336	4367.025192459464
11674.250846202125	1803.7201404075477	4555.462895745592
10080.285400366087	3330.3224544252153	5237.08471353462
11678.508079917037	1587.8490027522907	5053.775315813804
11405.803408342063	3840.146651915732	4938.815448866459
10864.993729340727	2976.415535358633	4987.475756744708
10203.764333481879	2895.4797287647852	5565.730195193875
10010.653381341639	4112.573659309706	5279.660575743518
10967.026811115858	4106.113621834455	5483.638704489043
12731.96468405699	3052.473868977866	4757.869576378812
10442.957958690646	2238.9342623396337	5653.8594168120035
11048.282806398704	2884.06218377771	5431.732959350774
12955.844168773996	1368.896197895312	5698.126961500618
10704.075615075355	3795.7935388394103	5255.795933683106
10924.163978380731	1135.3650317735148	5443.144121837155
10146.155726979101	4633.177060134705	4935.576018710287
12079.105155629733	2903.758000149649	5272.461514126786
10629.943471069748	4309.3754394144125	5125.625896050422
9319.949627887641	3896.221385775444	4866.875970514221
10816.414012353038	3018.2618002195645	4900.186048118233
11703.474388091292	1527.132421334888	5403.059855709275
10984.503965302605	2474.5511736208414	5755.483047157348
10326.827293133707	2570.9338156207486	5724.4886774313545
11150.35896704866	1312.1294331887284	5663.438958971744
11702.958657922734	3113.623624458623	5222.901193375957
11265.88839430698	2588.8711362480553	4710.187740963255
11109.274119966525	2280.126305909071	4840.157138263304
11784.606076336113	1327.6871955637437	4725.85594434001
12183.924208222694	2171.5470564567686	5441.960595855935
11239.133852089013	3029.2209628670375	5007.671390515425
10637.849648207983	1480.6024487581642	4969.945755824767
10623.432725421973	3917.70539368607	5021.367429646563
12292.678609365148	2763.8596297967138	5001.482934778225
10892.246490533815	2096.2744246138827	5282.478023607524
8896.891609887987	5021.1815478111175	4675.5241224407955
10778.908536178556	2193.2798730657373	5139.171426304814
11470.023626284079	3409.6941410586105	5537.242834416346
11596.753298075726	1657.1773870575619	5165.297834739593
11219.671146869405	3720.917884579724	4961.400512518241
11740.843660801562	961.8826368418402	5889.227068494814
7277.063142169907	6386.525539438659	5069.71725152193
11349.057096569763	3749.262195035768	5398.053086093032
12084.96929395302	3091.0951025010895	5568.0123367279175
11456.02296845178	1788.7404852077746	5446.803534437413
10115.479986531036	2989.4686181938564	5169.122672379185
10650.901638227295	2216.7050644389897	5283.2946145081505
9481.443735200619	3273.9723648749814	5459.128339066895
10209.032284454684	2356.674493882669	6042.456987999157
10547.814955157794	2772.183738005074	5417.078823883127
12324.489782346172	1621.4977772300429	4822.314888712651
10701.34998789602	2936.2045278617	5136.286689303515
11572.48566941108	1945.6439601226741	5896.865582078223
9973.094594862338	2276.9422391613384	4822.934843966416
10527.21677497023	3482.8663274595347	5148.873633708877
10222.171981424832	3146.825221668095	4991.580693367186
10214.804928127307	4298.176789540936	5466.437447679299
10935.820208542704	3033.2141888414044	5266.430379429235
10693.56331592762	4112.744998056992	4969.0482230009275
10423.994095999647	3072.957048820752	4851.3131440340685
11668.20721258038	1398.3456909008175	5954.832870995202
9360.923250499602	1531.1316694804846	5133.64160492337
11845.087187981047	3301.945086503293	5453.320072140311
11954.258335363025	4219.795338769832	4599.428574034038
11274.923707602326	3579.3895679096595	5234.686698781455
11557.019940227074	1418.6855362292129	5420.242921934428
11048.46647711371	1701.2778983502537	5264.498800825692
10713.15783454183	1204.4199383068205	5078.707136951128
9721.374083324812	3552.097099872929	5325.668787398074
11995.325768515979	2796.174008965509	4989.522980713396
10856.280313335175	3276.4155077642286	5678.138988627972
11820.86280779775	2473.5428228817727	5283.372924705752
11043.19076092436	3085.4482322460026	4437.17802775402
11911.87377556906	2717.3580598168187	5781.8464848392205
9654.677469518285	2320.104552562211	5290.712776610024
11311.790065050242	3574.433237036246	6132.672135187288
10060.813204440567	810.9483323270904	5417.942137030551
8987.048066759366	5778.085489516453	4843.375361735335
9786.901090954037	3875.9956298805537	5143.787506913484
13425.365869439895	2856.7084556807463	4599.614172512363
10500.183927136815	5170.504140904693	5270.542589633441
7081.863596781482	7170.0544606962185	4696.018729684497
10834.25517938438	1823.1541306735996	5710.715694453916
11808.238370578123	3154.2259315813194	5248.318088129397
11567.207319604178	2966.705282737366	6001.818479005815
9798.854392928097	3130.3999989992294	5316.282815018345
10634.814804639742	1784.7377171057926	5163.065012371687
10814.405265037652	4101.0724794323	5313.64448706698
11705.8098619499	3705.4660634922443	5670.281162333898
10139.530348709603	3275.7306188004145	4964.706738468755
11491.821951928594	2880.2016119764785	6071.722888609167
11053.34305444671	2353.148791928389	5270.721500730272
9608.334791494777	1594.7614350801039	5281.206358588372
10215.137080062497	2224.058356024836	5828.232236136922
10144.385565262794	2362.4211904207423	5230.8828994009045
10668.782905789729	3784.524405545866	5061.4531572780625
12346.770845836865	3284.6769795598198	5098.535628723359
11417.006270389185	2874.8828541769867	5404.155781217703
12151.809845821539	1775.267379326674	5199.889175172865
10677.611200780615	2021.9954160351772	5085.142868268661
10791.831916050074	2674.6939183805293	5065.245999180559
9725.059840354294	4923.153673498406	5158.6946619798355
12406.234730892917	727.3245585089895	5404.6066882926125
11362.987354379482	1358.6829196406536	5094.317835434341
11250.939453380865	1779.3329407261124	5470.486112142515
10285.39524540886	4095.870216034178	4897.221066601687
11832.582399269386	796.3688896875321	5581.405393082681
10862.580545727635	1379.6231962071292	5559.479804855522
10697.838258898006	2483.6257364681273	4933.155570454201
10496.042065889445	2820.6096374967415	5172.900680467423
10904.919093721475	1997.8188536188063	5339.25775659953
11252.658510517402	1760.6709069389765	4976.401265470724
9684.000656808099	3278.28013259518	5543.855100450066
12663.180562334757	1900.3749642934042	4683.6720879076765
11023.135313598681	2784.991911100935	4512.878077510076
9729.092937258029	4924.02070635775	4921.2960654010485
10334.914620823542	3226.891800012336	5240.99009204544
11933.7757045739	2296.7118718232678	4972.760646598829
12444.580606189082	2123.133877021054	4835.523317258375
11767.320036081834	3167.890973674756	5300.555425494942
12105.365392062591	1470.360542896624	4861.5828289896845
12535.575568793014	2981.673999253674	5611.958926691682
11222.846001892638	2915.336694776245	5101.324879511465
8770.900706947266	4596.388381344405	5407.179012254586
9657.44535625506	3295.5683182843118	5074.63820388476
10394.374959015016	4038.0653379859027	5096.530015997765
9700.682889099431	3269.748260927336	5479.9301236536585
11216.348455767693	2836.141472191496	5562.712030314512
10713.494551562111	4261.657487720177	4769.499284049316
11540.832169484065	2804.1019014788003	5078.169694847217
10373.436616539046	1957.1077757227783	5563.773543686018
10999.531502157553	1270.0328896359977	5964.371750762264
10547.509699989332	2311.5887225657852	5259.210525876505
10914.978536305696	3819.2374420152696	5109.218889485835
11101.534611751042	2878.3957168098545	5737.130869125248
10775.649396596273	3020.252524547163	5118.294896102074
12343.232267678759	2918.056116952094	5245.380768149533
11709.21223542109	681.1967829098693	5322.096822537583
9720.134554999257	4064.6228107470083	5128.743065589943
11103.657395880773	2346.1168864680353	4776.538118847928
11163.454718879748	3927.801033493808	5281.126468130115
9848.098351599681	2596.677081318446	5412.847587752127
11037.892337974927	3384.077292661307	4640.345571521924
10594.545928992271	1427.6906303140677	4814.666721042579
11762.583099023028	3256.4348101126216	5396.332668975803
11142.62612633765	3762.035522510116	5249.785140102638
9856.491845946099	3187.1260949901825	5134.700812728869
10370.094347873055	2546.1422443330266	5776.922175200652
12366.129861844345	2660.8802412973964	4812.513931487148
10506.601874259992	3046.865413075374	4986.919063759809
11759.495043602383	2127.4469347129875	5120.077620182731
9370.296730134962	1796.4611754359012	5989.663491170681
10485.20325126421	2963.914454097819	4927.972012466335
11966.96957325433	2817.0737990661073	4754.171786150337
10219.675619600623	1169.02387294534	5974.980430959682
11178.092857622129	3566.0087530703977	4804.050941553846
11755.558026364823	3710.82388059625	4745.688615776255
11273.559233490105	3475.3242745868415	5219.019001206548
9984.654917137055	3459.233023301495	5317.62228498338
11344.719772006409	2165.6614927595315	5174.375910782374
12333.75703581775	1724.183499778561	4876.299626707251
11459.539848113258	1183.093362176247	5395.400827681728
11419.663230563638	3681.5742137365987	5694.828374743159
11323.969431123787	1858.313830219846	5525.900268064619
10006.83328354111	3829.6262574661114	5652.279083822116
10717.100202984782	4397.529747149492	5360.004474154979
11914.727485368272	3489.3060107847473	4973.137862754362
10944.46293201814	3032.4539063962425	5038.3003283877115
10791.651590885576	2269.652719852829	5133.213748966129
8929.26402737554	3681.1001841552234	4683.637275802009
11334.532819141126	1939.0698593276304	4928.739207744978
10893.153674053015	2291.168535587067	5929.524166010387
10953.640219124609	2903.510928373496	4925.605214319483
10815.60201838672	4127.037003971034	4323.984090190324
12310.744189263552	1635.0072403772426	4808.855209159212
8750.845772637349	5433.364115173344	5450.945598169642
10917.447217842298	2693.305102722944	4794.757440902287
10904.655412505048	3794.4573986888836	4863.2823471060865
10954.949045882468	3230.132744815108	5072.529153310535
10713.58545682866	1971.2240787412688	5142.27298004079
10846.275772809491	3723.762535859461	5298.832238842283
10496.008378253979	3634.908401582081	5889.385247347175
9075.524735718922	2966.576551378416	5464.059412040005
11221.565675681204	3191.60815138292	5055.425019169744
10962.325624115478	4230.956585275072	4844.23676370934
11624.876202510653	2432.5734119791955	5406.971676503397
10367.672271386478	3961.514103286406	5978.540595068093
10547.609501825638	2794.098180165824	4416.367903873532
10098.583589859094	2700.4101016506193	4662.630998504163
11576.416768357123	3610.5667001700317	5465.815151716946
10596.607356180239	1275.2752862031357	4804.685354032819
10893.508660749698	3528.881633468448	4355.974377381804
1756.7600652617691	10919.396987661468	6390.4484699239865
11996.360290031369	3665.757977971149	5057.524060786626
10403.948012124229	1958.6772013130546	5311.773411684702
10749.410970135668	2626.0539720883407	4762.600468094515
10757.39792820557	2885.6927189222984	5268.826454706148
10183.20331207958	3361.293066252199	4760.534128862699
11571.49662564057	2286.4128910279023	5107.005742438636
11148.913272873566	3770.782008747773	5215.732676073851
11558.132100653562	3433.2950006806714	4524.146910457322
12627.867340147874	3637.1003224975434	5275.5314629080995
11522.401539133694	2912.6769483610638	4754.797285186343
11022.452789267676	2972.3852300889134	4862.791563817643
10056.206976232777	3415.952298232725	5232.113679791904
12935.58580945007	2222.9496700978357	5149.464377905571
11447.892207286222	2930.884390835084	5249.084730505527
11115.691993239347	3378.7998013587485	5345.469311184053
10609.091344152446	2728.8311782076976	4999.4838238941575
9621.353274576368	4799.879497782554	5164.798572644212
10317.995341190823	2805.7117582053256	4563.070889849939
11335.61315603856	3320.6110700603185	4956.338981163892
11620.96355100326	1564.298044636629	4722.591403130741
10053.262462815936	3701.7643517531315	5306.0076028885305
11220.19676192053	4204.210663892934	4821.281514539606
9757.927579669891	3346.516001317124	5456.936308336755
11659.128924056873	2151.236292116492	5037.535813821516
10840.910484763828	1777.7456156973783	5343.874963969626
11128.519735650452	4495.467265405978	4941.4877816847265
11925.608482134527	2413.3903243736004	5363.875193432915
11025.280516996816	4307.8878075456805	4852.826502766718
11231.1702838797	4148.063919631442	5641.822681139901
11095.503222376758	3985.504692043301	4770.408305352558
10623.846209472686	2803.8624737213822	5191.2978714049095
11194.08012001938	2079.354825487744	4976.60772455124
10661.901671721744	2222.9588534426916	4850.714365139623
11100.282791060583	3661.3436785491967	4761.982568674911
10794.187827934662	4049.6362020809734	5290.411690437866
9803.481656132593	1989.3985687686695	5623.850190608554
11788.948578658523	2223.844971314023	5009.841452074746
9645.064373891972	2888.5438571537675	5453.323846267708
10678.832555132823	3385.5284212166102	5057.518905784674
10815.302692044643	2668.3606364808384	5055.337701334841
9905.142894663131	3286.736841982664	4945.11454763241
10257.945851612161	3921.4647465107737	5219.02881600183
8307.029764350616	3845.8063289340594	5516.672492116447
10675.59773442182	2756.7267984992395	4581.216980413536
9977.462483618872	2982.1835555360162	4952.602340126023
10273.647628199127	3385.0770784904207	4282.345385003164
11039.396937000321	3189.8985417856316	4545.843326268974
9732.051121764282	4140.772297017111	5591.813583322866
11383.243852973943	3828.1573837224196	4765.691254764831
11335.493203978256	3446.2160745447486	4636.402533501296
9668.043079434441	3443.7688931444536	5191.894357336552
10618.654616099677	2063.7938757511447	5100.183801277947
10953.633547586056	675.4682897894678	5663.902899530378
9343.175771987757	2681.3697661446954	5519.936746336765
10181.583248643128	5071.13778611256	5338.145883330618
10098.470931650083	3632.183287722198	4767.969159645526
11820.996016729714	1393.3744650165188	4700.044952890865
10759.065711876006	3197.72452804613	4880.14150939088
11299.657149235385	3351.677371587157	4808.999489802301
11922.37292447328	2593.118110310501	4884.296318159521
10285.679989841708	3108.402345826405	5344.44145558447
10200.66119647512	4232.25515821291	5351.768774021969
11260.493645028097	2098.1336521190606	4868.4211040132095
10870.670248216738	546.412630067128	5297.501936570997
11144.323856791216	1474.9758216365137	5664.769346266537
11769.713022018457	3151.737225158166	5535.771937351541
11362.590870042775	1908.5353277254114	5877.263942878999
11088.407245148335	2625.669268213215	5550.256460619562
12076.137320705971	1173.6675353609342	5487.198823054014
11654.685198137628	3972.4825066284316	5275.029969822429
12339.835367336678	362.8288658204694	5570.84562444499
8162.3181104593405	3840.898818768484	4988.776734575316
12066.343159147249	2022.370839277917	4866.088573588771
11585.91798322132	3216.7643914812334	4623.205787917644
10724.919129943015	3066.442845241497	5505.777019333248
10795.510111461754	4204.342939525628	5591.7774926602515
9723.202775891652	2656.9722942669214	5135.146203537715
11285.138373916823	2352.277474267842	5545.197246251016
9755.023992358174	4588.215170001197	5527.696288398094
11565.378099792082	4308.331209753962	5524.820118326197
9999.978153467991	2888.249689062765	4913.663395332103
11833.014746356788	2789.9873522127014	4829.760060482098
10594.452311979938	2263.9541835318837	5291.1396386917
10534.426751412602	2809.1909356185106	5398.105264417304
12071.314291928347	2389.909003528423	5162.576365989797
10790.992150344824	4764.582330932771	5247.779703903399
11624.768983631862	3602.713616706763	4820.070472997377
10099.892083298288	2969.063028372879	4917.311062755927
11865.2361011816	4334.374225608552	4998.787102733855
10799.008203082287	2814.4418825773832	5837.298576178644
11085.444778886018	1570.3156711711324	5446.803798359188
11790.717619075132	1674.0548306541077	5360.8229654592305
11102.989581433352	2884.1206350954785	4720.743104682224
11103.291844196503	3576.573353215229	4682.282888237334
9239.098048411375	2803.7696559472433	5457.249318687881
9788.481691879444	2068.0744801745936	4999.68661651754
9525.079893832146	4383.591422229414	5050.753400982337
9665.281712414948	3879.6083227924732	5249.129143205829
11832.934338930967	3178.1891915292435	5152.097202053511
12484.679872790066	2880.5231417763025	4693.4633229989795
10131.104794879988	2787.3262536900565	4755.309750629373
12467.313241721402	2103.738416759174	4766.695827476218
9494.054928188523	5391.268905278344	5124.918607622704
9868.152820991052	3938.728279063858	5562.160162712134
10531.67732375465	2196.564956774391	5467.9065233770125
11159.26835880667	2513.4251823004424	5077.656664986765
11346.91533883884	3778.023407551595	5420.426793542068
9526.146940573204	3035.572965883014	5013.170635652107
10246.835374338763	2997.841296383937	5349.7342280096955
10982.174280653231	2794.4026149770407	5084.939470473314
11481.551585849797	3132.0884715255474	4996.157255959001
9873.398860941768	4817.872184760903	5096.773752967164
11312.071551470033	1533.7281795619378	5107.919977583401
11382.247151104995	2258.961692579533	4632.72566982153
10620.097019907384	2897.9039387815537	4708.218956515412
11886.983096359783	2292.2180700504346	5406.020050788183
10575.088391045865	2515.5961277000833	5755.349355396589
9852.658480658756	4990.630640137711	5331.129372055104
9707.659237051792	3285.3790807545197	5007.533342286416
11312.232211647432	2392.239970136947	5756.380952310039
10527.647521624724	2546.0241366360015	4674.882652472718
12625.435753686286	3118.2773464906163	4694.233428241762
12198.948130087598	2134.1866190962687	4709.471437401107
9598.604837182878	3762.3343494744045	5624.615667862654
10919.975169042324	2072.403813938667	5883.900570860863
12190.0799236907	1615.1077563648464	5275.322655626665
11167.222916626051	1274.5722635250806	5117.896808805723
11938.62555739545	2823.7219033538413	4663.264210661039
10308.724276784616	1846.919980185974	5914.4941870440225
11815.230503569222	2082.994437299665	5739.968024139285
11265.09949941317	4095.1856569401034	4701.198040200181
2415.21108329314	11843.60955008507	6476.36569825084
9117.392717560911	2927.4138438160585	4838.383903659376
10232.769003308167	3297.6273540600814	5767.3422820268925
10432.851839608576	2197.790337399081	5569.810724130775
12376.690539820082	1499.8691350516942	5737.797685345328
9844.56507236778	3786.1107827010887	5858.833210093869
10953.633682544762	1431.5057730191968	5278.510655520872
11846.95888210842	2360.194714382911	5197.599705816143
10933.257857688921	2523.7883686352816	5240.488514569816
10866.430019033363	3039.5741781578126	5132.031732185385
10613.216257444461	2599.197927620127	5215.768958765836
12329.318638508448	3610.4793581189365	4328.842735080898
10494.169007281658	3291.1444769312484	5356.415640693417
11852.306373925121	1849.9500044951103	4682.208176877629
12102.541655398929	2122.7679383649606	4547.348988225894
9391.148454335436	5929.397108227559	5205.105516892934
9077.821304303972	5319.589446685458	5160.612850851388
10904.517082993832	1690.4923427594945	5064.580075792353
11745.47108842022	699.9673017248562	5264.597392818868
11781.979254474756	1961.2840021506474	5064.772617401507
10228.637954010575	2546.9302936271597	5902.472051502689
10557.247686560355	2970.9211463159495	4981.079268588242
11247.833398995124	2644.189343391232	5066.084994302308
11907.766643301835	3280.811161584929	4845.290576036285
10892.316459922447	3020.0841041931153	4940.560891520441
9577.01402188608	4242.107137296395	5252.614715146482
11335.475195886165	4131.556727028406	5157.668785111643
12554.066731193165	4492.906856005588	4876.305201970173
9988.137557176775	3373.7442248603447	5116.641384706863
11383.952511810183	2860.9361699200044	5816.675389435701
10681.257182763744	2228.0908762647036	4919.999886913754
12255.572414686516	2370.142802147193	4880.680754615169
11250.697347411608	2982.839833198295	4891.553592788854
10588.113894681279	2401.67561263899	5132.625093537618
11208.69708026127	2084.4540643977575	4505.257838539484
12833.59594951265	2510.5865381730164	4855.312123325821
10123.026266029066	4434.161416159506	5575.706326402801
12092.290685187465	2304.090833914633	5439.242136919506
10907.580941415163	2175.0019442999396	4745.246348833289
11361.385901084177	2008.9660994853716	5059.1161955112375
12355.48559144064	2092.656073497284	4694.956514013274
11962.124123532052	3383.094215994408	5440.57448447134
10443.282399682446	3650.241962150699	5346.394935474693
10576.073868985022	2352.13550723256	4874.095341091075
10746.224707699837	2839.906459454926	4996.526724706207
10538.701991304119	1214.2954952110508	5567.408729869692
11982.779363740543	3528.950167489139	5167.104876822934
12026.19347394887	2914.896855101481	5037.324874757826
11039.248766323375	3495.175444061956	4717.814504179801
11437.116389479039	2082.289893924298	5121.162141821552
11415.187778981624	2904.815328855873	5225.489441656046
10594.56988480036	2493.7219974579702	4831.726552935513
11398.834559179393	3156.0971514315306	4821.786367655832
10722.32134511173	2016.9230586189137	5470.363926328508
10413.934781614575	2297.8113149332066	4949.2818877700565
11338.630959679836	1802.5166040088834	4960.219767576123
11682.820105408631	2913.6620880747073	5013.21696768631
10749.310026559177	4265.528778231972	4821.005535806191
11418.852473251136	3255.731262490629	5026.275169904872
10581.699894078994	3235.9176898878877	5103.529544416545
11998.289275962798	3321.8581689062953	5362.113557548759
10749.20101550424	3056.257808180081	5332.524438097903
9660.251230375085	2842.411858339119	5179.091387636295
11536.077981728215	1979.0292058804196	4302.415016962277
12245.403671628465	3234.2787900810636	5524.462256233435
8385.106405343044	4264.25507890823	5137.505189589678
11486.525854269055	2875.6936300267967	5197.403988469279
12773.335055818914	3931.517295599475	4390.01416195383
9586.18301232107	5224.946974959148	5713.222706634882
11228.583086600638	2061.096694658147	5292.856103035255
10509.419071285485	2415.8930136710874	5903.795935604747
12045.846320070877	3004.1267098865455	5469.853000101813
12255.919059454065	4479.2070778977295	4639.037052077697
10327.060113522703	3319.7346121138257	4875.4635915388135
11709.796758997287	2132.9890809235417	5044.498241717533
10917.50614823532	1600.05983342879	5235.274504129221
12332.346423744484	2730.1822374683825	4823.799472667224
10555.59452367764	2743.69271341282	4986.911114082795
11823.762134381843	2625.6523770816943	5707.437495444191
10347.382134519416	-13.85071022455826	4911.420384576121
10549.235671040558	5900.607857293235	5035.175577054833
11239.411494186952	1966.5958067298009	4844.850562476114
11491.039636804393	3062.4889067731665	4807.539623782082
10358.778079190337	3881.2098677512618	4947.482517053938
8958.704753828635	4665.261235427163	5113.656209416583
10819.541244085605	2438.925996387843	5200.737227621256
9775.36134054465	4356.115451768457	5423.492263793215
12147.542159275032	232.6972355388755	5401.079834673707
10644.786940213273	3794.7137932331657	4943.771068897961
11431.166770315464	2626.5388855974165	5678.800044320921
8159.675212523084	5990.969494623318	4714.566610210702
10920.031020825374	3914.198274533512	4677.733350932585
10274.802693296222	3432.810749490655	5111.730127981509
11925.338582556724	2586.742617195392	5140.430535904745
10543.587891814594	3275.581800530564	6133.773528527421
11149.346101098019	2326.296047887957	5147.282604560249
11605.948701573167	1088.4936795793644	5060.542357795061
11625.929495066666	3026.397246751076	5705.372728571815
9677.730996711216	3039.745160021653	5223.794051274575
11134.103290350387	1529.6251756917811	5233.452334760311
3502.2759623018633	9993.57839585803	6409.705043990441
12119.981857473094	2859.8614842567536	5391.598579379954
11894.067448451107	2510.2116945568905	4914.032459847034
11670.885771278912	3156.9791325834462	4985.596244781209
11368.553609542978	1433.3805773746935	4983.389566346418
8651.470084515124	4482.0678897432745	5078.21213736917
10652.588124843945	4407.273867429074	4620.937200184424
9490.322594626201	3944.7148826414123	4844.436933281996
10538.705614542561	1656.0069958449894	5285.132109518521
12163.515832557605	1795.8262996295855	5039.227052062402
10675.636974191037	4235.040630827449	4740.093590383425
11504.660348150084	2256.4330827506524	4617.466369482395
11654.275911717215	2799.783980229538	5278.051554412679
11674.34959974454	2756.139510720848	4619.692471159512
11857.250732995655	1180.1170964633216	5001.750248980358
12016.181743759274	2863.0171941654844	5474.686150826448
12927.126516758102	1347.1879682144577	5229.999336499112
12264.72403103689	2238.1184434873153	4984.037576744346
11926.204083245666	2547.5574807807634	5011.581172362551
12102.037107187853	2206.6827790439725	5356.003757805821
11162.851628719602	2533.182546975863	5478.130271223456
9671.360975137759	4570.941292325793	4464.160150128982
12659.501304764934	1991.4463731677756	4313.414709819807
11346.199034770563	3480.533918672697	5693.673728621395
11031.045597392525	3624.830793583019	5400.653737191117
10303.199922190646	4036.920157445736	4962.338987807571
10795.209299246884	1486.1642085305987	5168.43542377391
9933.00720441022	1600.8192346573796	5311.205199940198
10685.790615665144	3394.6279300962174	4861.378109688723
11260.011158038511	3164.3887629591472	5693.009659722731
11598.964040146595	3014.0134179914817	5135.9507110764125
10835.413424074828	3698.357112071845	5245.921071200424
10956.93872420702	2252.485375270779	4678.82133167605
11548.0961313717	2547.8028532729822	5157.112890154053
11782.471854576119	2997.3402803356903	4896.120251976239
11476.029874832575	2766.388457209738	4329.085378475068
12680.611258704055	2635.956224455035	4828.5454917513525
11025.143297768305	2679.2819788393526	5422.649063460536
10671.07505039426	5214.1344308912	5379.318632991164
11496.571854957268	1963.5099349162952	5198.801859839695
10919.634223394438	3578.0715335880327	5673.090100923505
9293.095252299709	3390.819654947595	5748.5058404490765
11169.917739920973	2441.7658081768573	5906.871101743794
10515.929481789464	3045.01648129769	5287.276555170718
10898.295401870015	1305.113127306748	5753.588637818692
9810.938157625214	4936.087691093658	5736.087173341337
10610.05945786129	2195.861242512003	4705.334220683808
11431.404940090679	2954.0670012089145	5695.294052840029
11546.248434792225	2395.9166491410097	5613.584759664506
10923.017103762157	2072.933727840777	5196.589785221364
10582.138082484378	3378.7035776948455	5408.790206769985
9862.613053911742	3527.722124483764	4975.686104966398
11109.801617411355	3045.550923149481	5022.705513099565
11181.12912783275	1852.8364537793182	4635.1931724039
10786.299353217835	3293.9631498862823	4445.522692799673
10270.491501327055	2939.088943480974	4938.394807048957
10299.541491194475	2059.1693509194706	5171.595346358364
10311.307987234319	3521.5832719035457	5341.7023170321445
11120.6327195464	3066.9353648511283	5359.012001663969
10577.588661740281	5002.831943380754	4554.830202817141
9079.121830140864	5488.328430812618	5320.616108607881
9839.59501976343	4076.9005597706414	5206.932017058728
11006.811477021884	4724.155095364684	4518.486203126141
11797.28973559655	2912.338571456322	4948.193247813878
9956.941295046841	4268.8590641195315	4922.671652863045
9646.688187983445	4082.8783958772287	5624.270521983542
11453.865723475363	1433.1242970427902	5538.7060508299455
12438.603340537022	2521.484823598222	5075.513706694252
10207.20385697331	2566.4746055116066	5479.09226750476
9316.636544017963	3591.881246593357	5514.919696169862
9903.03300702782	3771.3810025541347	4901.950659613178
9842.204137194032	4436.757327644972	4541.5447580606115
9863.547413987793	1122.3004453741207	5910.716179412022
9769.106801560978	3453.1679306139727	5485.794046128751
9739.088046684397	2487.5137133593485	5733.800599567608
10884.491679052631	1769.7956278491745	4951.496715491589
12116.53493610524	2532.8950973405153	4977.638186555372
11253.394103840046	2819.189848093116	4910.601303331027
9957.260567514142	1895.5882807529886	5556.354617540827
10081.75361469248	4760.917187870176	4999.108532148052
10307.098444191945	4485.105565737636	4820.639600418936
11050.13428321683	4279.5943334857975	4373.347447339284
11850.370156354536	1155.6577660780129	5308.517900373582
12063.304991939864	3014.0427857687732	4772.908733922477
12341.599143622658	2176.228283846406	5816.426754134788
9330.643915680363	3401.9460444927176	4865.687428242886
11245.562768190524	2479.719637579271	5553.113767806599
9404.489143430306	4301.9156200254365	5050.314457784036
11912.815473560233	2027.9047309469975	4428.727980378398
9556.398190918753	3418.3105998554606	4913.795124011687
11465.840823950593	3878.2656712825246	5218.889086254187
11052.62227680243	1721.267386295229	5289.460528100121
12037.38384989231	4061.0788065844536	5343.354646638147
10742.63224890165	2723.3185729352726	5351.924296221292
7967.54571161655	5186.447642599594	5357.01364024927
9598.430168668285	4879.269049904226	4755.395678979284
8546.662437857265	3815.4615013353937	5519.232169518085
10293.473391234887	5258.315864978086	5128.346681409544
10403.026371290247	3298.432130539491	5500.85552583455
10578.277788912621	3099.237584707412	5215.573858146342
10886.207442075029	3058.2173831373434	4864.834933016231
10706.4218642275	3194.278473136221	5369.466733593269
12254.35422341135	2543.222695735302	5116.388029488771
10416.613814084709	2181.1363394226	5497.010769051134
11399.191950827548	2989.1167800698336	4791.840714673137
10701.014565750667	2170.0573088785186	4816.368510140723
7839.029555334196	4380.954053935562	5898.915680704693
11086.937649898118	1751.6093666570623	4788.239986500127
11038.013347005055	1829.6579290557954	4931.72756611253
10006.745475903188	3019.3871289835774	5037.554612826759
2696.9609725941377	11571.833017083636	5348.334160606619
9610.79362739555	3909.3237806457214	4905.781870934129
11165.361949307744	3521.1136055987413	4787.1276132435505
11485.289514554292	2313.306832623428	4976.683427338633
11253.4707141612	2042.5645860881875	5446.62021319619
10874.434847426104	3804.083186654095	5748.688726067489
12388.718182587043	2872.5836385861153	5455.78817586893
11909.543177831205	3633.7092144138237	4592.930722087836
10395.385098885288	2189.2317961749063	5134.746225178897
10228.049379779748	3269.865389316337	4957.6263481987635
10526.113508550638	3369.9650227566394	5144.9109136058
9515.026804339665	3137.9376676720676	5485.041737981959
11209.554499917991	2531.402996404486	4771.2349133459575
12343.028762785352	1964.4581934915188	4673.447501044426
12196.98284829507	310.48973749922	5291.044517925973
12037.424636920823	2956.3997442220266	5217.640049967876
11208.764693266327	4231.9538317917495	4808.383697018876
9599.734392764176	3711.436128849044	5307.644965681604
11130.161001851531	2541.3673575818916	5238.207610806806
11497.987156677445	2870.4103023397374	4980.539957950243
11219.959973008927	3007.2824463229585	4385.720773571453
11902.833123967801	2113.9407932088207	5299.465790080844
9941.128797429299	2437.921982324203	5426.463548949443
11059.970067144697	1320.1915119178118	5251.575591852581
10205.57815481141	3029.951897718221	5338.502833939919
13052.787437165403	2031.029688582584	4918.735933781131
11428.352640965442	2566.5743355375357	5269.186189446363
11120.050547339382	3098.703680307623	5332.256496407511
9663.275770300865	3523.532990016127	5581.737084612029
10142.7775803608	3650.069304032971	5096.054836793957
10459.39201772294	3530.463652379868	4505.91828489045
11108.538713191963	2072.1458463440035	5107.945025935052
11787.245408601259	1849.8710458852727	4967.136958590014
11759.701037257924	2557.7220928889533	5075.138137718307
9966.091756423693	5008.318905851686	4998.117394760637
10264.007346278266	2714.3964120099276	5089.8440284274275
9269.244778902847	4469.73121484671	4895.114202332593
11084.218006701693	2276.4346997420566	5632.898021647982
11770.248576554373	2672.157077787064	4773.538189018553
10243.232723464385	2443.1977556090837	4750.449644653705
12185.372321400615	1717.8302345772893	4512.444571891651
11468.135952624722	2962.2522563390407	5311.788937763554
11978.212828489812	2671.0761441594077	5120.248219109997
9199.612212200765	3843.845628835268	4979.162602236628
11219.994070700937	3097.6092836049706	5397.444158434522
10860.522724403056	1729.0016014997084	5206.251330625088
9650.290533357924	1461.949500976557	5457.706943463959
10689.779205678833	2880.0785270686006	5254.593098943199
9643.717492928554	3157.657707178527	5072.559063749706
9608.827018706661	4006.502027425182	5176.940671278741
10403.196500273387	3297.7614520100606	5275.442933694891
9621.205939473559	350.56071209752446	6154.128302344503
11767.340269608494	1786.2196437183436	5105.428369973948
12413.976100352611	2876.6851439276693	5538.635078134636
10575.770413004991	4437.013529620122	5342.996698525583
2610.6341617383077	11530.691627640932	6574.463178493165
11100.93641497489	3294.7967078465485	5133.192481751202
10087.487973155266	5055.004232839935	5052.43226873841
11637.333379594524	3055.1704568719874	5413.694807991833
9697.590332877031	3793.5710287791585	5379.0507861795495
10723.50423827184	2380.4230051317295	4605.042144303074
10726.552702764591	3000.2966614803545	4954.4535440776635
10351.75941912104	3511.6047473552167	4808.880574116639
10725.686027919917	2661.3823977071565	4975.930090027199
8871.474134073302	3371.9642093238153	5671.466426082901
10124.605230518335	2838.7119463842364	4935.879698179784
12005.564396984524	2293.9881052711967	4663.533474622951
9465.317106479799	4330.088919069005	5146.574421556342
12144.97833545654	3504.056436370175	5001.560401505618
12034.270560406663	1637.609681604324	5644.752629896679
9663.40225464469	3254.5071553534376	5157.325220998599
9754.365310804453	4946.9833984265915	4741.604817075578
5750.811945074327	5060.106871876797	5198.1232906498035
9301.903280975434	3705.204790817478	5822.289023144401
9839.092007060364	2911.8455311380358	5391.191945619019
11268.312802164046	3420.989649925425	4652.94615910559
11360.263205918585	2991.5600547637678	5150.506739724546
10367.67124146775	3825.5482490225413	4900.734081658244
12437.713391945994	3393.912833823312	4914.993879400781
11373.430004565258	3270.1803155265447	5450.139899272104
10233.808837492017	4126.86752062371	5819.634702412465
12244.49273310782	3004.098397192731	5222.361465497542
10007.45710641575	3545.087920848017	4607.736595832443
11399.483361301136	2300.9678579751358	5457.347567075433
11283.17595669525	1598.6300389180594	5709.525888941659
10867.011278153568	2514.29398034979	5668.260482117345
11313.795639513208	4084.809499588478	4925.079336924774
9491.442227141475	3829.9124017772874	5514.406695314844
10272.642033462449	2774.2692902714566	5507.94904518954
11691.836358408125	2025.8029584241947	5565.444337224382
11332.690473628607	3618.5807432266133	4616.097600303567
9623.295689872246	3136.0800030659525	5684.849398751343
11800.123089899178	3191.901045744983	4954.741991317661
11297.5531270433	3264.480677890076	4635.060035440645
11573.749096307369	1829.396937275945	4882.780901501223
10980.436998290626	2630.1842855023615	5287.93472152041
10557.112807178835	3365.3069289034484	4925.611761302488
10464.379683871028	2180.680661982353	5368.870110657801
10801.92967804205	1219.5598110431538	5100.27985745154
10121.821997027411	4582.526020814239	4885.006443123963
11249.535349802383	3784.6275970244815	5109.448321321224
10737.265353308825	4608.005703855916	5493.3879125502635
10457.018482140626	2173.004307909056	5117.335064996991
10296.19643983155	3967.999253110142	5493.392334610292
11160.28636965482	2314.15011769172	5168.246740084257
9809.819463573327	3871.5787123330642	5597.035147729999
10760.607617507503	3781.532824474163	5462.6798076642835
9985.00998244152	3324.1263683128636	5106.174045393741
10361.925971559816	1797.3377550891669	5041.254730935051
9380.251809625543	1561.3454782479066	4921.182812998458
10590.038071647106	2300.9524595385988	5496.450993651107
11516.387715553725	738.3067212086511	4891.020387766312
11150.67439270964	3098.8923814629925	5285.039933556826
11251.05166838667	1764.0057540592409	5094.828237599467
10117.131599663626	2345.920333689884	5437.409861011483
10335.018752468828	2259.4102613489345	4938.664785628795
12007.89894696083	1400.2401974326197	4776.084557260294
12135.622565408119	2650.557233999645	5050.397665530696
9142.41649531557	4704.885796662995	4977.015663463647
11751.417423334311	2659.5299285034075	5020.698078181939
12095.016323948686	3501.5957613656974	4320.100389649581
11106.227343466997	2961.2275110191636	4908.16325216011
12374.729254334037	1577.2791542123448	4883.106635967311
11278.530244097425	4462.965654122305	5339.384501974283
12421.918186306462	2913.5677227506153	5405.8481112226145
10643.286518608606	3710.9313103511	4687.311523997416
10079.200076583129	2551.6370634584855	5079.899764150284
9554.804482838274	4889.437427335557	4600.386550738539
10653.247022072064	2925.9669051302435	5147.4514093445705
10182.671007950501	3197.949609503385	5215.360333842842
11235.231949721183	1137.4297710822475	5671.382002618563
10142.767067058576	3782.676216196983	4496.60099992882
11569.852084670525	3587.3305038390968	4785.096982378259
11542.988985195901	2309.914377117188	4977.159477346464
11035.59088045888	1591.1426048807625	5218.482400540123
12012.363689514152	2610.8655023557812	4968.813764162996
10718.914856286161	4757.878767684443	5038.004622465358
12862.666403970637	2602.6028263355493	4669.267822286223
11128.646397973951	2667.0335736642237	5290.111926411565
2154.408849731374	12753.101674478965	6538.0518391916785
11755.497325003662	2748.586863411044	4822.0518817138445
10604.301156535717	3038.1131781246913	5078.151304285925
11109.065677822733	1821.9965748595023	5293.790900880976
10159.95698217303	2171.3303430842716	5570.899183094318
11474.811531462066	1800.4507896723806	4900.812423527038
11131.307648675405	1847.2314016984878	5299.280847708623
10716.81901783045	2241.0032983600613	5625.938390184879
9636.008252204501	3634.6152396622774	5346.761387154533
10310.164883437985	2901.5573881254895	4885.632671878906
10577.704219141066	3670.5132563825164	5469.9669721100545
8538.42347282282	5171.012965990281	5607.748041614876
11047.976750454105	1920.8978503544922	5034.162811544631
12561.864958762219	2962.7501501776164	5038.92931513933
11859.103598225694	2612.782439217415	5348.332874988024
10116.337040464274	4165.285417295443	5001.955054668223
10305.272161076737	1424.6044090353562	4425.418337597
11998.821070710505	4221.966480813834	5012.640331466686
10501.743458336423	2593.867573092301	5056.933788669765
10763.34776851931	3257.1337040450862	4866.632136213698
9718.374500573336	3641.044574379961	4852.137943769746
9840.916843473971	2518.085170988254	5480.191642431735
10715.040789819745	1293.723877416307	4573.499383825063
9764.346082092576	3212.3953274207042	4688.404956279487
9417.297407033015	2846.2464819086617	5006.734468736913
10774.344817075053	3507.7275866490413	5480.5032851411615
10037.000141104949	4848.090777276451	4482.173036298506
12157.853408569326	2285.13669693676	4954.350071911835
10660.134510528243	4404.983949714834	5121.932136630545
10213.509386477615	3784.8627071466435	5435.165614526884
10869.580528561448	1907.4170784776493	4394.54606669862
10768.478956593919	2561.5096393162694	5530.207775399625
11228.055611583099	706.2742124472838	5603.107089860598
10924.993139709573	2445.987739910492	5344.892252869461
11120.44318476902	2468.36684101701	4553.284439107776
10793.226055943802	2242.981845658343	4965.321810919012
10585.912636377027	1464.5316449606235	5402.059094150656
9933.205848013768	2560.1736821196173	5104.684049948507
11069.17977465092	2295.537950767011	5420.646711661026
9217.967926766489	6112.458381881804	5202.73816407948
11098.946727639044	4434.1245623825125	4929.678729871111
9453.327294855113	2646.9728782613147	5013.629326223071
7201.324015491107	4759.849027894191	4917.1685816672225
10559.284775758882	3824.582752349793	5200.51104065762
10568.022723584309	3205.385444381614	5244.036852377972
9583.312020800877	2748.7361621324058	4693.020600450367
3049.9517053704712	9771.837491313994	6430.740535466528
12051.137676861592	3634.1278748586624	4925.333726700959
10804.52863481671	2303.9228639727407	5278.958039264845
11224.520171470493	1776.5684699387714	5118.311884458571
11775.95380597015	3043.1809943118465	4174.704987629582
10883.794786539363	4845.532391430659	5058.994659167102
11130.31002219597	1994.1125695050084	5379.865971581081
12672.633951630114	1108.2115041092984	5045.655040321835
10442.375632071242	3292.2388065500563	5305.0509571308685
10470.247161190984	4684.031342231785	5483.54326838019
10832.673090370141	2022.187277189594	4868.687393341373
9995.170724462258	3525.4910173724797	5530.623830731081
11037.178139050173	2763.5632269899606	5718.9967178644265
10526.96318724642	1909.9167049102102	4631.860527104368
11288.092204172452	3145.2129957248085	5988.87949899521
11895.376854919705	1438.2127242350132	5158.057394693411
9239.082896461037	638.8398569210428	5736.745821471973
11024.709561086642	2537.136139205129	6044.030162108265
11605.030169901256	4206.312836601195	5400.228318797678
11503.949042725493	1284.7192848631805	4938.684216716321
12148.642074339186	1136.173525467566	4954.084048462254
11590.05873736448	3812.557204743654	4729.833655887341
10180.521235674132	4032.4195009698146	5047.952369149959
10971.865860089649	2000.8620634803242	5301.589368549998
10183.95590982095	3653.2461910450893	5120.78201447167
13098.597524873463	3178.349715700177	5252.4654130929475
10968.473512536651	2578.582348628749	5649.771845795167
8863.23982917872	4505.305288284586	5174.612632301636
11246.447412275986	2792.2203481109864	5175.691366697268
9127.138519351638	4298.249301119321	5093.222970087578
9607.787587765191	3055.2755355487157	5654.233735179821
10013.829832779158	3911.6518791682447	4855.398673820229
10866.343325030552	3250.4884214238546	5208.182226182454
8745.855553001293	5141.244474927573	4707.932530716794
10863.928791366574	2684.236216211821	5627.69363262447
10002.093800370349	5487.157524563242	5588.350675000727
10639.14118033878	3517.775595219219	5034.06841367264
11308.39651891961	3859.0959175842177	4394.101678111134
10529.150678690074	2524.1223888157815	4714.338219251453
9959.125747946628	3726.6057611990605	4442.304352878997
9568.213565443757	3660.2211781150268	5347.384025124498
11683.832509619035	2231.293547940407	4993.340609965119
12029.796882205663	1661.3911300039224	4779.76008261347
11677.701835038635	5224.9281445369415	4864.652333089936
10928.562651987613	2534.862606717728	4946.69335480861
11180.303056009569	3133.120214703403	5424.168772612218
10165.978423831335	2084.3199923971674	5857.02404891315
10576.316815751115	1857.5886013699705	5399.130251838768
9771.645543173896	4333.839441832146	4188.744437356764
9787.299363220098	2814.16661065822	6021.687970183128
11276.364287883147	1429.4440576673035	5518.227645148432
10723.47232570671	2847.8584275116677	4714.762617197569
10696.588308111133	1980.8280931982397	5300.1173677491915
8745.3778488173	3355.5015683769248	5916.884145760723
10439.687450105246	4862.311492106729	4669.043670266285
11369.480793429868	3154.34157608041	4707.319189727935
11725.858067889234	2337.822772584335	4995.406419214016
11195.972271140441	1731.3873767913037	4754.870757414017
12546.278687982556	2851.019768370007	4980.084781586448
11456.673700979014	2229.2192991159195	5336.580200032527
2816.2381297664065	11662.394285238408	6041.250464238418
8041.653788265179	6169.494934478989	4980.875607782665
8957.888073427075	4982.834375763327	5137.375784863015
9265.515201464075	4700.394031185716	4987.662443725341
11534.611030350368	2880.8519040024166	5335.0964747634725
9406.520295850789	2470.1792229944012	5368.152367672217
11294.96312760546	3136.3576231334887	4798.85815071575
10355.792615728573	4656.502425538432	5263.646485469965
11272.495440344757	2806.033847822731	5844.618304393635
9996.105206328431	4106.433937020842	4855.9913987366845
9882.57083598676	2254.547721509907	4828.236557532249
9276.199032023382	4810.641241763406	5267.925496325473
11230.662996916239	1775.9616262001678	4777.727178596244
12125.92915502788	1649.9430666459975	5031.852727202895
11237.06663824985	2483.4685584513445	4897.232816253036
