994.4044465991014	17813.769661960203	6870.294533657029
619.648834115858	14873.53750215537	8167.024738552455
1797.2125487579976	16351.54354280872	7679.755149120396
1717.4654285861614	18915.53739148642	7418.540751413011
854.230082568826	17632.046074349535	7630.604318841552
1419.7111832961677	15132.330812994458	8141.197202682455
361.26281443541325	16981.017060208596	7352.117049697081
1175.5979406481554	14384.574314024117	8093.254861743953
1896.547759153094	18328.206081152915	7794.420217355229
660.858489276763	17555.156037840203	7908.028196918543
397.8844894469088	15959.703256733903	7809.52816135648
1955.4831182083299	15967.56544428478	8038.589053092109
304.6160194708388	16690.569787026703	8050.612278434626
530.1836797481649	19051.92934644602	8215.081791736497
687.249352470549	16579.318413363217	8402.340031241676
610.0903931585401	16467.076532087332	8258.075437816593
-760.4583991636865	19007.129157322714	7581.5997640348905
1801.284798311879	16209.313190819132	8295.437926990784
1297.8000141429427	17764.414943332355	7843.233211334077
1131.2157837031393	16081.740050805083	7904.634299559614
605.491022282508	19497.01071331284	7214.513019606603
401.99993881702727	16967.71512220276	8101.609911216755
711.3959152610013	16200.651908817723	7778.841900532597
292.3946285824325	15638.675452605892	7648.538864921859
1619.6191514190132	18448.526836279805	8070.322336000104
1134.1250414328617	16946.957329586934	7663.322702514702
1232.400239865388	18305.314420356557	8236.800155150819
958.405470274248	15122.394487124384	7613.802037461442
2054.2272970290496	14896.326121375392	8256.629525067143
408.51728515601695	17996.748514723517	7626.812295344535
957.298216332552	18156.975958285082	7711.05753460256
2769.4344928645014	15616.251390515166	8211.775256491019
1814.2444393448964	16320.081954542533	7869.324098144129
2629.827890138707	14887.187972146876	7659.733886361039
1208.9632660933814	17546.676485809006	7696.538468500201
632.5961440678278	16853.14249304023	8118.776566345774
1080.0926576470738	16996.802282763812	8016.433348997271
1943.311613457501	14317.246762701468	7428.989504931002
1311.3016022443016	17972.62362307651	7603.180241145814
1988.8944439055977	17146.23914166286	7327.349358521952
1427.617113246097	17674.767725958478	7672.785094144602
2555.473083421113	17150.35731763667	8238.379760807326
1934.0904435523264	17994.501638442976	7384.807935138512
1243.2584808292231	17482.846931692657	7537.135954488222
2078.897128375635	15148.169271796534	7881.174530745321
973.7284147993437	17015.625395759962	7884.211653214637
1516.5548463265686	16042.19897747823	7769.478494755501
808.3193058363792	18176.668444774456	7996.919606744855
141.92804442185925	16418.672849381783	7927.116613981386
589.2185275520891	13881.316615888847	7521.5409054562
1750.251212631481	16981.06515591543	7978.597207306313
1014.8205315928371	14869.820880474483	8088.293344860329
1249.3199896317956	18317.25723202748	7839.7006566060245
1765.092548345397	15563.783326637857	8207.29560817068
1498.3922950965784	16497.324927392565	8239.543314014045
1886.215130735469	16820.855339402035	8184.793558737882
1818.8643224914251	16334.115521725846	7475.980779146534
1355.670223451706	14874.320235081286	8048.86476706113
713.5960318165659	15347.527529433288	7703.855228972108
1211.3465783865681	14119.676981074677	8351.973862560639
623.7962683868778	16179.503655889674	7374.855532093026
390.03692438992755	15205.475265316018	8281.324049794945
1235.3789774004215	18030.167791273434	7607.307475057078
-36.550848587308444	16785.541053702927	7915.613353711999
1571.1847855822423	17959.319572875156	8183.983103167253
1384.139474831987	16988.664369198992	8335.740069211555
496.10457302343883	16784.83098724048	7793.15782328179
493.788095369079	16501.68374656846	7826.7150696288045
-542.3708892643571	18297.810058820287	7907.708238329537
854.2193676343118	17901.994275741985	7939.692847147646
1745.2964143677839	18291.11647634578	8004.609705857587
1722.979052657148	16177.219552825774	7749.455410156307
1021.677735451472	16269.535563763153	7628.236097787681
1246.9164323692578	14199.84014677493	7921.989716685126
1478.3663124618383	17838.85242195797	8240.131492264429
411.28795171179564	16618.787683137096	7608.680436097024
2450.03224534464	15917.853016755047	8052.154222294021
1581.9646588060834	17822.40448765333	8220.719283489005
2455.7382343670215	17445.963317177466	7076.358214653043
1174.173171350675	16929.74132185249	7990.236460376822
1640.690472459391	17946.867258196035	7652.130354571447
872.4231267120921	16331.196901911278	7759.67707036676
965.0193268075892	17707.803284407746	8447.93530287627
788.0949472314071	16780.84361571382	8009.74443613848
1008.26304600369	15304.208147357802	8256.208643943768
1871.692168639039	15946.494571726405	7897.4894937388835
1628.1366436826172	16589.54257866935	7975.92170485889
1166.5109989846362	17789.32829956091	7722.43766499972
2159.1155077963676	15963.525655777557	7738.287834251052
884.2320065183845	17820.106114907303	7505.778785893422
1886.65258201511	17408.669738171426	8196.715400453277
1418.4016986594836	17276.727170738297	7697.83188870591
588.9833084634222	18314.870328553767	7857.23647371085
1648.4804679692384	15066.103760267084	8061.265437804707
858.6298279665083	16043.007867946957	7826.993892183563
2397.8052236223593	16158.27453971512	7451.858383000544
470.7745365059799	17581.430393702238	7958.665732819381
1258.728527508301	16496.17384406207	7737.399702550248
1665.8761993375367	19995.422550000247	7806.875097377395
472.6748153860206	15918.670217734232	7957.178134528373
1398.4923598440162	16113.796089285664	8116.03095004492
1167.7343805627168	16094.637231607961	7929.654359038774
1488.3893320647169	16536.613534986525	7914.024164132836
792.1453894628141	17014.12907821023	8149.5783098006705
304.9361846972751	16084.813940715172	7641.563558519048
-296.8934903983282	18681.667648051363	7231.825955252287
1332.040225421875	19697.431062472504	7629.117271080595
371.7223240107677	15250.039679973574	8175.616379047789
1283.9089734004783	18210.824576911036	7849.001307235243
1800.1865914119444	16140.587482420298	7584.019568519897
1222.0268720703702	15581.18975538733	7792.292975137948
1212.5283423947158	16821.419962133903	8168.95125542992
277.3707962388151	16129.9328341004	8386.154371121003
666.5805920761682	16777.362508668943	7899.0838081675065
1102.4812762819618	16046.398587159412	7630.4134241674765
1093.6976264403074	17541.465727901235	8442.646539140696
1586.6330093391543	17105.453670387553	7293.337152215804
1440.446047145729	15320.178346126162	7754.962347372748
1934.5043629890288	15628.379372003936	7965.560633569924
1167.8369322280012	18108.437505086124	8139.849941535404
1295.8022668245271	16549.700536865355	8241.99300501768
1539.3098687506736	17046.234403383387	7875.341891807409
1470.2488086220292	17335.40403624625	8232.128425274299
1395.8590777716877	15278.659074818363	7123.98976468093
1283.9819902542763	16338.98697655823	8068.539153361258
1466.6524447387	16602.293501241744	8513.901994602758
838.9974178988758	14599.57075825462	8512.252849060591
646.3242278757211	17257.253161211513	8372.171796989258
2515.336906777451	15710.860764355939	7385.926294225299
1439.9968243094656	15951.930355814364	7884.315054097812
962.5877040222222	16617.41481632551	7898.170170706103
-833.9467094843301	16426.91430735095	8193.671627571706
700.1345212281221	17068.090874943813	8542.449125379291
2105.3110171196554	16008.425263931511	8219.683639969224
240.12925161676768	14633.729356807398	8029.917876074744
2481.048920186388	18037.75927965519	7926.854047891631
1144.3496874937637	15426.957370632626	7819.844974218611
1752.6495913394442	16099.274143896557	7381.625022508489
1749.9370044171876	15977.003424793524	7644.890162853937
929.0774341444628	15834.894189845516	7684.828018037534
1755.9963386457332	15366.9801474992	7921.387570129415
2240.524684549822	18178.399328911804	8193.307314200332
928.9363515782576	18802.11793033412	7652.309195295939
1238.7085229182987	16673.93807599658	8508.78022670132
362.57522981963973	17887.16604695774	8006.014783309897
1136.5067351542782	15435.0201923812	8006.8356693025635
854.285153224553	17129.436028219996	7752.269752100552
744.9383321086012	18184.278314142648	8050.1858672625285
1933.552661379433	17158.47743730355	7568.942746400048
1452.4690123180544	16763.991321603655	7854.595303343928
855.1193081159115	14439.517110367351	7879.921859212134
60.56144380846264	17048.191292699405	8089.912372261072
1261.199152706073	16656.007130641978	7852.972945490897
2669.449911596292	15262.143464744378	8008.846909447204
1647.779976640817	17336.4268459003	8068.564836030829
1419.2051488403397	16595.255434889263	8017.251346853745
-903.6487695450065	17526.712640469155	7324.636377606833
1333.5478075624176	16270.69090681277	7704.191011723961
316.39657860183075	16694.34210539929	7867.945618981528
1276.7914274617972	16052.63649839005	7690.501363309393
739.2614132058404	16568.923308439	7766.409440086524
602.0160516234648	15937.548995021665	7454.8090331756885
1913.2378812650436	16037.256093434522	7786.769767644096
793.0940839123385	15011.092391608065	8223.199455923446
2036.2285718996818	14832.46195658928	7730.194704294833
2222.9766798229525	17181.340799836882	8485.913992577976
1432.1332413334562	16377.875634855536	8296.282112466703
457.17484898343235	15422.058049995358	7927.252541539378
1521.6596126302961	16566.063795669346	7605.240214879927
991.9309208986032	17485.49827112311	8045.88824831345
2113.3497326069237	14722.114288867304	7836.461232269417
781.2172508614569	14482.228922428045	8419.51993090632
1230.6662120465403	17585.42358671893	7683.433372371641
1424.9973917708537	15605.6356747495	8264.579322095893
1157.2780983211442	16897.610548088072	7811.5530159307045
975.3967655125541	17580.359022944147	7987.889825872842
1086.5241424956473	16668.697004155725	7651.63802277769
550.4247070835798	17268.797508554086	8045.109706136656
1545.742345366066	16037.243471949283	7276.134431763184
825.3432828282772	16401.762841163745	7868.867199949611
1384.6626583030948	16810.741301239537	7688.9842733002315
1255.4174045973896	16770.110225391556	7938.071570213367
7678.105882798607	7167.01277679951	6057.893317218755
1118.33701046064	19002.408034025153	7854.242085695646
1086.2010368715878	17753.96414707866	8288.248492563935
2376.078542458008	15127.911909159286	7886.055054285479
210.36778740768383	17061.56669875006	7895.4842508441825
807.0924005747585	17873.686891830403	7722.964758998593
33.49268763998787	17178.22974149325	7612.79733884972
2235.5964863559666	14583.94035608697	8025.449482860624
1873.5795025503146	17600.83667043633	7578.441762594871
1578.035516745043	15888.3966770026	7624.259533221706
1276.3529569741197	17732.009147042783	7675.894499765116
1377.4651166662177	18439.00524293814	8053.622966897569
2104.4194709492153	16019.113583930368	8014.810385919971
912.4135755238761	17500.32428552948	7816.905265745717
815.2509518331968	17297.855856118123	8396.32751624814
71.57013521982645	17823.580443882303	7821.692276766687
551.7074903860279	16867.862540765065	7336.0913244423755
451.65612851244646	18125.92255841416	7950.90308155987
1099.18558835413	15785.506995970105	7930.23601593416
1772.0935657516416	16924.594710255627	8515.88006951312
319.31590744023794	18235.877409449186	8493.663415799752
2554.5454876206104	17691.04996233584	7731.502052811205
1903.5261007798229	14890.06151616432	8208.802386273263
219.82272496580978	20015.35060458924	7203.253196977066
1543.5712612525965	16020.35378342991	8382.370583112028
2260.565210443749	18181.87103439632	8088.781730764708
1555.571262170498	18255.18744766766	7436.737459128747
1926.9309889785768	15599.501950060167	7431.195168807445
744.5643029178548	17101.876872895187	7356.114337076456
1688.3826329890285	16478.357352230447	7940.065153932843
1781.0929961098825	16481.77458930751	8316.872920512993
2457.259350425426	15638.813048793883	7744.006720340905
795.3251837961652	17479.148091368115	7189.318276809718
2376.2346473847774	14505.51419701659	7789.376829862732
1972.0697632925705	15965.362950802617	8051.1617522043125
2143.5852656985016	17279.789270732796	7596.148101135573
2022.5057073335493	16620.256444481336	7548.868292189759
974.90624873954	16955.477719995113	8302.798568719163
1100.0010583592543	17090.81759006358	7588.782197359185
1015.8923989604116	16387.308507345853	7481.586118862889
2044.5253630710324	16093.282428002036	7891.674022686073
2421.7159195970794	15334.533509385596	7978.723587760661
283.680979399602	15085.099249687519	7898.280688358354
2384.1904578693357	16205.64633817479	7573.260880562412
458.4288619408359	16760.516161123633	7711.443352408952
769.2452229739338	16875.913466584065	7568.664059956718
1193.3922660884891	15298.285096343128	8275.489821312302
1499.546019631454	17096.685584087696	7735.104286338504
1638.4379311267523	17044.6098787326	8112.160288694001
892.2087094640015	15826.59282223858	7236.733129568593
1606.8298286037293	16733.190686558366	8539.918985811762
867.0513379951317	15956.505705848389	8073.497704300131
445.0305338434064	16250.342376825829	7949.365880336944
1360.0640534825	18663.22389281839	7938.702227954944
761.1521369852456	16688.746401038625	8050.132092161349
1426.2680670408395	15060.293994279456	7700.575570904694
793.9431997182596	17776.386316113803	8003.19592560414
-530.1591266973219	17431.308327108054	7855.720628562402
75.69985946840877	16097.291816076973	8028.1627122693235
394.2045369366993	17322.72826943294	7770.567015944204
945.3243535362158	16539.897220956987	8537.014911422832
1391.4812382942994	14609.038207189991	8531.849842463245
167.29216317751582	16638.084316356508	7869.118406403785
-12.190664430398407	15372.065203483333	8284.312062535113
1806.9262118645238	15332.991600687661	7712.402492018514
1497.2930403935782	16817.983793624288	7909.6095536462
977.7176320827533	15192.580741538983	7852.087543766169
330.8245818290768	17142.045149314188	8160.556779125391
128.431256718247	17473.03026092842	7947.318551492395
2839.457751593207	16577.557403035386	8120.710207525524
2237.5292833188278	16933.33817697795	7784.459909752923
1826.4879018128825	16301.895462782444	8291.379400748854
1941.6408655421615	16424.341114583767	7794.342728300205
989.1133434869305	15592.326562400214	8337.508726983822
1267.5216826910762	16091.242634924587	8294.176414719672
1371.182022857971	17098.784105320367	7517.503649458024
784.3242543874377	16631.36179588264	8097.153667346761
615.6983627488257	17249.35402291029	7962.825977073688
2275.094160771625	18367.645121311914	8261.78633253797
2373.0541060431347	16855.343306530987	8412.33513009935
1337.6610700818449	14987.220452536834	8381.892972113385
2410.7569701621564	15966.76766444968	8134.50185674634
-276.3187717347537	16944.393926604713	8083.183162906594
1061.4582805887828	16084.528252139318	7809.966042139634
1515.7242106574145	15723.039032709732	7454.020759283762
2284.083539945344	16281.439695162127	7992.593682824962
10364.072079986203	5473.220159592261	5645.843154716075
1766.6188729026082	15490.057231577302	8130.785398145079
2470.7649807993957	18663.825170672582	7715.91987472178
1163.022307478494	17409.713406294595	8482.866336476267
2135.3233135166524	18177.659598288876	8316.119338434466
2346.0783041596947	16012.824197536736	7942.209646888207
796.0178517796584	17330.36535515894	7852.899579295192
3064.750859429107	16077.192138441027	8293.478971457474
760.4462087054915	18418.56797557583	7834.045878410192
1562.1684081857443	18300.124120474506	8235.936920517006
1577.717777051926	16005.829519657214	8250.260252928658
1400.280742206642	16307.128880091936	7860.411283625577
2205.3492053762443	17399.250424333302	8539.558595553457
1458.6602964400734	15469.238074997884	8257.069880457431
962.7891667697571	16927.19856565833	8212.012290545827
1685.0538815137893	16848.57839540935	8119.213108969938
1817.9296852209584	18059.703240129962	7926.449458788574
1567.4477737069913	18394.583678195453	7378.729189880376
510.7914706268586	19426.615250955965	6901.994413730876
643.4481825336196	16367.588628422105	7813.992991715316
934.2319233056851	16618.856595463705	8033.365975169026
189.80886292427593	16193.021424382701	7689.49649940782
835.2907285204933	17086.484894853686	7592.037165207985
2388.9845065847708	15821.12428715091	7925.346763782509
1942.2959716315997	14777.224490281	8115.846635283238
1145.3673541581304	18053.762827905586	7661.213639616402
2145.2048261902796	16855.365414859727	7553.001415381437
1482.2991907043906	15072.96863876825	7801.935093512173
1117.533195318976	17497.859754063742	8213.327335102327
770.5200967200309	15202.897910110316	8312.074504237286
2015.4560989611812	15925.759181441985	8132.568561626838
966.1203943679559	15100.204712674256	8334.287278770176
290.6652903630613	18180.948314533423	7615.401473359831
1832.0894931527414	17700.81457556534	7646.25312538538
446.0952881969021	15988.358747213806	8184.322126572079
1735.252856374215	16988.32031520401	7896.076686196581
1743.6854071089813	17159.902791345357	7485.350899066006
978.8314800477	17214.692282103173	7874.134629760919
1083.7638208037515	17059.17047396286	8327.051922472137
1845.8692972983115	16125.737610462666	8361.656479622132
1170.8551330683283	18015.13430061936	7558.748982864966
2442.0153382121316	20189.639551815635	7765.290765648221
861.6027035734337	16286.065193453207	7712.812379180678
2208.632022228878	17511.558863453873	7648.580380144547
929.55428791968	17005.008788016392	7905.992228446834
1232.2649605389993	17070.101238022828	8039.869163797499
1352.1699067366274	17657.512134578465	8105.927037797742
918.3500891559914	14742.72420343112	7946.361057276554
2159.1325337550024	17469.686672166445	7476.11418356765
1379.6931034333518	14403.908048015908	7861.042255356164
2707.5935475729884	15242.46199030063	7737.293413442006
1121.8912274121412	17200.72885764549	7682.668813363196
532.7721020445011	15300.658899029999	8270.01341449673
1481.3415837899925	16919.117461010566	7313.162634648486
1933.801445810853	17765.0106825798	7609.6836232996475
1200.178375424543	17366.303374098246	8149.200811943159
606.8325228197097	15632.138839004208	8105.877788489873
1204.9841432217158	15907.217973487988	8090.464717345684
1384.9730400237852	17116.3720624598	8411.520431688241
1331.6530752369626	16623.274512645476	7436.898541182353
582.872648593517	14649.962304529225	8030.048843319091
1432.3209849731224	16984.097620871828	8219.381977680816
2125.636844852755	17150.076133506103	8172.617861515892
2098.769654675048	17704.61146235385	8142.0844272435015
1722.6428347445394	15391.250738547193	7819.320037606954
1722.1013819911002	16284.817206242915	8023.670364855744
1030.7715607094187	15463.738052594575	8174.394888148592
1868.9529228989811	17370.51637070124	8492.5125762344
1518.2118504174982	15746.396367292202	7835.837866773303
1997.8915883522914	17099.3059366129	8115.606273417745
2044.776586315297	18128.102944448467	7660.156118259341
865.3477437777941	18443.76696842645	8320.240547405172
982.7348039137376	17133.1964692879	7739.544338771671
1520.6347487527698	16461.692028425357	8098.508273043073
1236.9846951368454	18620.14512509396	8045.720515379612
-346.1185315066182	15774.909172676977	7917.211906058703
1266.573868128206	17705.95141320118	8021.263940857879
116.6026089404159	17575.62305106631	8546.287072698402
1234.359601892871	15452.636844685008	7819.172466788429
1560.1710250396777	16414.942647036514	8059.47322911534
1388.0542377423665	16465.9472011046	7584.496414471839
646.1274352869286	18339.64887280089	8030.640886304613
1286.5746266199478	17978.12470357775	7684.556841670411
1099.226965324833	15591.344454760098	7770.404667199232
825.0180132752907	16697.537334360084	8547.409756795427
361.8476840448556	18270.646540089565	7789.399505925984
2572.652466710076	14934.65158893192	8050.131276818924
2026.654299314734	17058.054206226152	7502.830960554528
744.9366978320968	19834.78717946548	7549.941932056752
1746.387248694768	15082.8991724005	8069.26700627905
545.2664539719057	16223.706379368561	7557.33967437407
2102.9048947340566	16431.049283478318	7828.423902940838
959.0199764334905	16768.065000902236	7716.288828536972
654.8552618481955	14806.977391246775	8334.714167397631
2707.992080113366	18827.85551002592	8240.150667172997
1141.1882285835707	16793.0018094791	8136.106687916878
58.486693924941214	17658.190820516298	7792.605259883208
1090.2735650095512	18146.145551175337	7811.556105907434
1591.0835262303146	16466.688440450067	7670.260920452215
-971.1932204955057	15880.923959378895	8003.35316252255
1622.2483948000938	16371.527063753883	7798.3927577343775
2637.3715233878443	16700.84547149444	7573.172934458336
2251.146025056867	15189.902011339735	8077.9014612716255
1600.5852214870042	15932.565951304949	7852.281286219285
1927.8193909176023	16798.863926621634	7819.050451031101
3100.6093213115846	16148.713697307614	7645.292602743863
587.0894371979387	17548.226988579732	7289.190358943811
800.9385485414583	16742.821815723084	8057.811439648581
2432.115223896302	13864.160630121454	7813.368779137157
1213.958963681923	16213.95293288211	7820.459632452574
1688.4204931904294	17555.1844820909	8027.714752104311
897.8250745302819	16285.937214074193	8549.97080761904
450.18795621897436	18655.49402990589	7594.601232851743
1479.612757152155	18466.792066087233	7947.728958590445
803.443698797991	17069.93648806448	8029.155735296246
1794.9120757370808	16675.041930327876	7997.054809812482
366.2545055096028	15383.397472563205	7334.508246343674
707.7048407839177	16223.332273050044	8178.524803224804
2053.6430749985366	15902.869267755048	7971.13909018545
651.0682745511385	15709.1174129768	8067.691966799443
1574.6627039726009	15676.772566127045	7805.593676794584
1374.5513111548753	17423.857114210747	8205.033526132318
1224.4985887246164	17555.884442795137	8242.87399783695
90.47155936390375	17761.223859691858	7857.495640208553
1525.7172295014589	15685.361859316117	7550.817766885327
915.0207172138424	18534.533637074914	7557.904578273807
588.7005401552673	17992.36391672671	8290.121017942556
1358.750708704917	17380.775071887223	7802.987810288785
434.25044745883747	17418.032014032047	7900.2605751074525
107.13579102937216	17835.98246705022	7290.860733757172
874.8569016142619	16512.275809923336	7512.1848902867805
1259.4528545817811	17525.488596756422	7922.989089342027
2000.2563985341797	16932.00425670906	7863.242952088594
1700.7695826257946	16189.644536005902	7627.52884678363
852.3350814505436	17597.627563698075	8008.405736007511
911.5693734438405	14301.66323712465	7962.014365156049
890.4363364558166	17794.244027960736	8045.614452308986
1350.0569061484	15541.271028609104	8149.198318228481
920.2807618466662	18204.04456196233	7759.251245164608
1147.0370421100972	15236.704892800926	8513.347584245974
504.39650179070566	17661.290041516484	8357.342389497966
1498.906347790151	16746.60413430448	7569.265838992066
1252.8612696171322	17231.596696377146	7743.582870874892
1260.9602746812152	16512.27447345992	7961.226040270819
1525.7496485455817	16631.553454568602	7550.877507933416
291.76079033393484	16798.279280698946	8555.144056887733
1754.5658083216006	16377.506216249389	7994.595013217144
2110.1949761270994	16862.30866508693	8057.858171049648
1039.1060679012671	15399.590132833027	8166.186056436092
2343.476264365072	16861.550880632974	7937.982666066073
1750.2436862702114	15954.658154305691	8049.589072625956
-265.11703110811106	17510.37057673788	7674.403381533859
1041.6173883083416	18441.491499477394	8126.09622755383
850.1161180026039	18360.204080788273	8064.696671652373
1458.2496212610806	17737.462880273408	8162.056121763285
1730.7853787164936	18977.958257348873	7800.682492291903
508.6587565233941	18133.97392405042	8219.869640590836
2203.7696636406768	16947.935725096944	7932.5053802935345
999.7761444240034	17739.815941109973	7205.710197025429
2171.036196717688	14735.973260205283	8126.440070526944
941.9438319139874	14948.68160816852	7913.989443999903
2423.8367331418644	16350.248106579718	8077.505050384073
1227.3282995993015	16905.021536005766	8009.229452561065
1618.266898219567	18098.3377111811	7780.404594162766
407.0099575882887	14762.863614425545	7886.649831642001
2329.52195654553	16012.255525117875	7480.343206800006
1701.026808249009	16781.99463729182	7790.864339435606
1452.0743507548166	17136.44266635583	7739.283215930225
-231.41331102023838	17078.56632621281	7937.662705515152
1612.861082127871	15625.88927908175	8073.328815873543
-322.6504102476545	18100.854484021675	7966.241400999948
3006.584771395842	15441.20765001791	5776.491130598812
1314.1488823460613	17416.217477277194	7568.946364687569
1446.4176664641932	17815.701390486032	7548.623095087117
1705.5966156865004	17458.080736641175	8421.006878686887
826.3766788746137	18253.36699596087	7420.844855300534
1539.5045707674515	16715.333688039216	7615.192916621954
2011.5661445875446	15825.740460019091	7660.9906261805345
944.4284663950689	18839.52504445411	7937.230242250539
1538.5305680861939	18342.647004847273	7487.902867292285
939.4624148876212	17593.871774081148	8122.021068658099
1172.3082684965896	17536.854337448287	8010.1388995200705
1423.9435291124462	18044.80796480374	7592.415335485782
-617.7491299945458	18755.554232739156	8077.214741802563
858.9507444203571	16088.74483356006	7527.199248292093
1156.9550714236282	16443.353419522802	7243.411775730372
1567.3117708744028	17068.934646988495	8296.43109085413
943.110832949443	18082.955552420288	8386.121461379307
1551.0984367370438	15235.427986980743	7382.895024481782
571.1383579688495	17558.996215877407	7921.913176531011
1910.1967222387427	17990.9858123255	8628.157961357298
1041.1926884183706	14998.587376580092	8170.924065841333
1807.0488545487503	14675.190136458235	7788.913611376426
1539.8015783322012	15735.566434246837	8020.929817242921
898.9545873518105	16744.962714487105	7726.21667571871
1673.3631879687612	17971.91569621001	7645.43129202999
2082.5203856125436	15768.042940078976	8323.13854831908
1104.4597907817617	16979.010364799717	8095.827982029023
1570.100722039378	16839.747319239767	8313.540579100634
1758.3539011302203	17222.582928908334	7278.803150327717
1490.7273639430239	16664.408504100902	8016.3594786333115
559.7589362686767	17024.07271027094	8228.272860663259
878.0677702670691	16812.013175725602	7905.853082930781
122.42998593074995	17151.321186220666	8249.913245004736
1727.4848073109881	16875.514772967308	7379.991625070902
2087.9729811506454	18021.412087291003	8056.950774597675
1296.351097784172	17348.52878498198	8023.104401319695
2480.8824031940517	15649.373937739998	8228.818741220433
900.5935987104151	18120.267065071213	7930.730039478472
1756.5921580918211	15690.097921498782	7902.131080807716
1898.1281330867962	17384.99049736369	7405.87432728536
623.0392380108681	18242.387542658664	7902.811203784958
798.2773018532557	18758.34093579994	8162.859291670689
-129.70242460926866	15544.18700492453	7416.258506677586
2211.063001885595	16267.712399548305	7935.565378887099
2647.1265282164154	15547.1502588961	8074.084289563142
3012.53408909302	16533.033564683927	7683.6487114398205
1970.285395011143	14107.79420257401	8262.792205397669
2108.3251426949673	16859.269351699746	7945.606986643167
-40.080831662666846	17974.078303798746	7751.961962375104
239.84206272242537	17312.34826096063	7553.958854602633
1378.2790710000495	15243.504646371925	7873.855958218668
813.1582840510052	16317.969052496004	8043.361938533896
1710.9950135197405	16459.4961103903	8267.797118542288
986.2891298598349	17245.239338597636	7780.688402884237
1073.9943656872974	17534.35395997777	7901.75055069308
66.7865532786714	16855.204060271662	7983.890954699561
1007.8580228293926	15574.704929379537	7782.664865365897
2092.8940960400523	16068.936925060621	8385.82643159606
260.31340516779557	17337.270170886703	8015.538683371402
1186.6681255901822	17543.40470574947	7900.561245736037
1109.4571287347098	16706.35195965229	7557.468409533698
2944.5407050853505	17061.198678624172	6576.863731630199
1409.991864896996	16177.676501827293	8085.011766839809
102.07375064951246	18415.1504093468	7635.739158453912
816.7626372874021	16268.306431250016	8284.9256452358
1179.13840130422	16552.259774026363	8164.418875959943
1786.0898547288414	16986.34881573803	8009.693479856147
1258.0022356173706	18128.550910175607	7364.367287421011
1330.1911400705796	18104.43228674029	7715.599697856498
2022.6907185100067	15831.77798780215	7898.160282507236
1704.7156004020442	15527.78694676642	7886.1453219706955
2051.172137725635	16073.18994140223	7533.039959729319
1432.8493003963413	16179.527999826638	8091.002354661567
-83.49133577975431	20795.63032325876	6311.677924834995
1213.646334690381	16367.449496748597	8227.835390265735
2190.950058240012	14441.283227374925	7789.066824070809
1613.3857502948695	16035.42135494848	8123.186770580552
1126.3252751904756	17893.489952757107	7270.372425661737
2206.240547069687	14585.211657593287	8380.803448399529
1554.782733016828	16086.549650342713	8163.206092372485
370.9211285899533	16602.5320664718	8022.276476411398
1268.3596799744062	16958.238470110537	7632.569140676269
209.5880221598965	17598.566279106697	7996.385687242785
1461.8775652592299	15497.387896049659	8049.918203300019
1219.8302604136386	17100.626840605928	7331.775909063557
278.2815294097003	17761.61863424146	8258.29892516808
1792.762146500184	14421.259055619683	8007.005635840672
2393.341613720008	17172.621243604426	8057.022436933945
498.986042917247	14995.070021270352	7922.473172966469
1530.8332152466553	17494.5868786584	7791.080881577609
2567.2095594726434	16014.258052095149	7732.743297192243
1093.9789870427749	17687.335559043066	7460.434598230299
1325.1746631660153	14301.150614325257	8440.141470991255
2006.473400005741	15599.07413145114	8123.345552655063
1481.2812377352577	16138.730584634166	8293.212852184244
1115.189322922001	17425.373569384374	7943.723702575555
493.2967190385394	18089.315622753762	7419.22753610521
1793.9628786114952	18413.03812275368	7023.253539194738
48.41816803232749	17523.751056860983	7914.332190411749
727.796954581511	18432.952922736666	7810.07853984656
1586.7601439007892	16712.88477888009	7471.281323936951
1338.441314769433	16249.171305575972	8198.049465493401
1206.7613409869411	16529.253265779782	8235.11831933905
1841.3027422796424	17556.754346801732	8473.537702752506
1831.694923940306	15442.36423859018	8057.538290955283
199.69921324776658	16814.462607051664	8505.755525016073
1781.4365922214226	17018.37239048393	8025.778813560431
1077.0661661814875	17701.24533864853	8123.376831513126
1080.1760598505023	15833.128311509867	7878.056366246116
1436.9063312679452	17072.290386257846	7736.026123767889
2066.2934109648277	15023.91544724424	8325.654681242773
283.937219537374	17641.487691653194	8048.97385380668
2430.3153329614674	15975.718767288381	7485.239356109025
669.4173399704054	15243.968084434711	8051.417727774148
424.7193030691746	18451.622667573338	8323.08827849267
726.3785992438586	16690.152716949455	7983.091904787404
1074.6415478732335	16465.771330103864	8006.190061029034
441.261270610027	18726.548261790413	7490.093494664324
2544.452966365999	15861.369799108976	7843.130430419888
1777.9762196160425	16966.081986251414	7491.661778629398
1538.5362353378127	18737.486174020738	8223.583296359724
747.5942502767792	16054.217612438806	8197.393096068132
2048.544723505165	17181.07477637881	8157.22453007684
1000.8576221961109	15278.83547577716	7882.709936532345
1732.4818592239442	16445.492505932565	8105.272890349852
-87.84885207821848	15855.74945573373	7573.880368552595
559.7776423006035	16725.01596586837	8317.763577000189
1407.5435799369552	17202.919681136198	7680.742265032844
1185.871035209236	16363.294353513022	7645.557629800406
-280.53763207333327	17727.500105503932	7590.4913437371215
1054.643769227067	16001.659611818784	7920.052476444155
1507.736943781495	17313.372358863417	7624.610024642901
-80.11592753937029	16875.218417113643	8102.7414839342755
1671.6041098448354	17096.19652088618	7986.879967539776
615.0556545081841	20827.098143594972	5690.131414909192
2576.7660171141097	16722.81303281376	8396.469023244088
656.3009191425169	16244.260558602862	7871.016713028763
464.17350895976136	18335.12872852524	7288.81918202893
1226.494959154025	15624.693081376576	7875.742177148608
2108.493989583562	17084.399459344124	7887.66703373316
1088.6118514556874	17956.503880612217	8418.13444319946
1516.9740893284004	15518.793534441294	7614.185109658228
1003.8594098589244	15548.57317080175	8053.870449130703
1153.201229999745	16275.774615873299	7651.926682159137
1923.2288105431214	17161.41774576488	7633.683850338331
368.69902600351827	17489.246229533466	7905.920003701628
1779.6713285746334	18564.632384121403	8031.916835372853
397.36977273542493	15844.117544644801	8352.752301330245
3346.870884951268	16676.46526366176	7471.310734265871
341.93234692984646	17327.939882138016	7725.4934391613615
1542.449718435848	16759.801875563524	7974.507704904885
368.3280039910489	17080.581441269424	7681.359726592231
519.5721867145352	16782.91223118461	7832.844043298795
2706.7621533877764	15307.05219947249	8279.62697439101
1851.6287754407163	15336.359186696864	7979.750644746425
1546.1284918851038	17966.940657573054	7476.820656548846
555.2862380502858	18413.382854510455	7942.403617706122
987.7005116372184	16060.851715458199	7698.601421291999
507.20575131466165	16932.71316148814	8241.110213064741
1606.051680521516	17411.303115598887	7505.485332481329
1071.1167135603794	13408.145181058877	7843.836270874044
1225.8316280987171	16900.067421294232	8053.735513183828
2037.4529385874782	17215.008000462938	8031.492271697281
200.2587196284316	16203.104454508393	7401.919691555561
991.9284293373007	18511.247124434285	8577.004846506796
1287.6204226412954	16821.551849781852	8055.561278237012
1026.4015554166501	17327.811354528054	7815.7709400152
1138.3057049228853	16012.259447628086	8197.81926955735
2623.3864236792037	18626.324688168075	7608.8496161488965
2259.2849747625296	17475.736591417546	7992.514037031502
2186.2574963676716	16383.124450558023	7400.309609291686
1286.575095943139	16925.98522401512	7627.026046285382
1067.7730392438668	14547.828003774162	7917.854435782894
1348.3531350450335	14636.163600635826	8291.645532860452
1107.2769434390711	16709.142920346083	7428.581107566761
1395.6619219743973	15279.25656249995	7423.176482769196
406.11554877681334	16332.809281684475	7968.348455590197
1884.3647539337255	16924.453258640217	7726.895059756635
1336.4273439540607	18348.95483536179	7691.770303222857
1827.7433706892991	14758.612804215969	8169.608066378481
799.638276288872	15264.487164704322	7699.444983517069
1278.0223266887353	16927.470706306976	7908.290816172736
2367.7609908253353	16085.946716502785	7239.142791516398
1292.8160827253637	16567.913139022323	7918.944011964815
447.87119153474475	17442.763100413627	7496.083107469275
1320.70677125014	17855.573997089377	8098.966902822544
697.8276318994226	15928.771081164927	7858.61820722815
1226.562554339504	17066.301444065637	7777.8548526252125
1131.162674329469	15428.183743178279	8061.203861262894
1089.6532236650469	16563.495150385574	7856.425689967586
1984.3399967873092	16651.63771132771	8147.686736963499
2559.1038109073716	16130.798823220288	8222.613703206056
805.6072139449643	18159.90265046404	8457.85247730074
1557.3199780866585	17170.319323109903	7631.983810154602
1370.3537737608285	16507.34026474187	8022.29414221506
2405.766546042399	16180.618168179522	7775.628417277989
1376.5907537743094	17890.46664777491	8476.611288379829
1551.0092747388192	16264.086096774663	7535.635614948069
1400.7034484072433	17276.923061168844	8011.011528229407
2467.141930365645	17510.977691707227	8078.33487737139
1250.4778941297086	16834.65779140666	7763.513387510475
928.5856227258895	17195.487415441796	7753.535482496515
1765.1612687782363	15998.342812504492	7713.953625239292
1343.7617326509294	18432.412626345027	7552.854336611788
933.2962238730548	17228.854283424385	7709.194709975447
282.0851982453512	17919.256811494928	8283.52677111639
190.49784752602082	16088.62955667084	8285.461070297695
955.9610679268743	16056.30916324141	8070.783353978945
2414.1176418033388	17035.4361988574	7783.297283878253
2381.6359147143835	19905.869309394922	8058.128275558876
1965.8940236111334	16462.39987695072	7750.26122440161
1494.7049216944367	16782.391135981186	7534.079182810285
1447.945936952207	15566.035173693579	7999.440625441286
669.0619064868492	18329.630612145284	7803.181558311763
1465.6463565189656	18262.27663721602	7508.948692383542
2334.3355830593478	16004.634705240289	7800.091855053378
2685.577405592901	14441.514164651962	8459.457949264903
681.895637064915	18955.219563880553	7406.075376260252
1749.4978228490968	17172.54776956767	7857.455605655776
830.0174620261762	17690.051003882676	7507.181876272938
1445.7114970895743	19428.01862134421	7773.401423187161
1204.911900091363	17013.51127732655	7742.145689673262
3332.492675020608	17234.011085944356	8118.331529970415
1622.9157285981141	16014.217941293626	7699.0142033646825
888.1996316844177	17554.87714362992	7641.264351565677
838.650913766086	18207.840038852075	7812.050332533556
1231.7466394636133	17218.54417184496	7760.066793066457
2020.9346260043778	17573.192821225774	7545.792615697368
1571.213756798161	16732.104248256714	8056.173571433129
2777.034106283053	16159.418550609922	7943.16649280445
889.9057150678562	15785.44872030067	7936.265905655699
1782.7735246536383	16130.873176282916	7880.043151815851
2695.1674531162903	16286.487570897776	7684.959287790474
1950.4557034898935	14198.626779738628	8110.6505258495445
391.2585210022946	18085.46921034882	7723.967895387362
1967.5036910506024	16076.086574703295	8154.530277845553
365.3685699455244	14942.135476630292	7798.069930722663
2282.8043600707792	16071.440762052742	7855.311150464964
1151.9087204734835	14975.993323320941	8184.697180526219
1264.4185176662938	18365.831953038163	7730.504334510782
1582.7583991074932	18381.892457691232	7935.139309400467
1522.8137729238485	16394.015828648575	7800.2268691595145
1146.5053162791864	16028.888469109272	7619.687395506542
4001.553500572346	15014.59873656129	8185.098379274371
2352.327198830912	15781.405107956445	7628.072695292394
761.5177034272441	16609.534031301242	7971.835124703406
701.8163516456704	15793.400054865426	8191.889902972265
2091.447812441383	16549.821096747408	7967.620381793585
303.53592504598606	16345.160687870715	8208.694221328407
1211.3904248978024	15245.574531364595	8526.491507745117
2239.335061293869	14134.093607951752	7961.051515513921
2355.471175938594	18085.446503790412	7734.722758832089
721.8193666239493	15565.040044848764	7964.431523979627
2054.466050053173	15762.21665476415	7746.416440458621
2353.533350740251	17180.213273700818	7740.937854047099
1321.1269343498545	15541.13882239355	7815.397135008078
1168.7260842411997	16915.90686858893	7958.321900920786
924.9227913386547	17034.942836325	8477.558114310115
1605.3593404688907	16847.61260726932	7972.2426453952385
1325.0416022319207	16234.349818998724	7482.308266549554
1974.1351063985858	17444.51347743489	8123.9462310877825
1262.0304067397178	17608.834890241626	8063.676855995089
2400.5039448130883	18019.71685843248	7454.368343238949
2552.1685925736037	17158.582640043558	7895.944305210621
2738.3995580486676	16493.74067959551	8044.012088232999
915.5751208629956	16539.615209390853	7415.448024301676
1609.9465361697553	16547.240083553876	7858.12851841048
1580.3472658271323	16900.465395479878	7978.340203311424
1348.6672799414703	19384.233744541583	6266.70940975574
891.9085491639178	15172.74850554774	7837.826807940808
448.2610818026249	17664.82629841365	7988.018331104675
1623.357320612947	17002.44130525431	8101.296161931442
1508.4128693567445	17519.85177944498	7963.382850336607
1223.4022382425765	17255.647834717493	8198.198659956784
641.3598593401103	16434.75123044745	8331.803625764323
1440.7652738053982	17442.623349420806	8916.762967464152
931.2854386057628	16257.123360576774	7901.8439385612555
-106.45070171201981	17076.206757087402	7952.1742217695255
2931.667332489088	15435.774898548869	7906.322455901502
1863.8452113481583	16356.117904322798	8619.715115167728
928.536688320894	15497.878543106277	8110.460404476939
706.6087862758936	14267.954137089388	8153.642760373236
1065.390019514899	16185.143686821171	8314.916368475362
2288.7353588140313	17165.225412040556	8180.835255201714
1182.2205213236452	16201.848899847304	7985.380545602735
592.835242764455	17382.14746974218	7671.895823966516
937.7850191089635	16486.862447927128	7889.868004941449
1640.274900253807	15545.851355051258	8341.69321137981
2973.157289918829	16857.511748179717	8165.719767157832
2115.727588823678	15928.375895068193	8132.776432198252
-231.44013812323115	17782.065745639247	7763.667836036982
1633.9860793529497	17416.518712550762	8490.252781515235
2144.7438631072378	15914.150941258918	8489.789465075959
173.50481163039058	18226.864547623292	7573.119908386356
1998.4617153348856	13558.3421114025	8001.303133622426
1031.4458981950033	16736.36039767048	7936.63307033701
1164.9150199952483	17438.057837424825	7525.683525194928
2019.0456609117903	14673.178156293097	7936.468975583843
1192.9938770500585	16632.373349078414	7920.228015918582
365.0816973550924	15738.037080644264	7794.674826251296
1085.528188875989	15637.015543171912	8333.989861062488
358.3122762731395	16231.6847146838	7956.543839362461
1767.6467640075725	16383.809463707617	8073.27326270863
1874.3209132115994	14981.302200926017	8521.770562829815
2959.9915277387217	15637.93469535288	7962.081091403092
1557.5233698372094	17463.770242431736	7727.25366730469
2696.951802175934	17060.975641263263	7574.883447717279
1250.5133041577078	17923.450080082526	7584.191109520588
2580.222589241313	14458.03859401457	7813.851775316429
254.5892044102125	16645.522174661754	7995.383329191713
1123.0994846638644	16483.775785230697	8310.915242898145
2351.849122502382	14364.395447448263	8224.193109788805
1665.011128516179	16466.194552084682	7824.039747174531
1551.5114825134326	17314.815149539812	7823.850013553653
830.5529614737693	16526.332929087155	8223.766056172999
552.3531193866706	16787.6275062064	8318.49758679604
2161.923766533867	17187.422235103153	7943.633811003328
737.5743848474547	14855.404171864695	8127.612276660835
1164.545794057834	16779.77554468119	7657.146513897132
1332.8966894889095	18534.519887384107	7869.707523764525
1861.8614499218193	15315.550663548469	7781.826878853205
1065.696733075917	17517.340765697067	7817.031127405835
679.174368561304	17659.868405271234	7139.934543337915
891.3452184981757	16561.195635653905	7698.119895654958
2843.373893876456	17798.222668007464	7828.692626510323
875.4202938341743	18249.699664756467	8166.790045410106
2397.1699796565113	15734.321507408742	8562.676387336289
1747.1137199065813	16957.66592577041	7872.611437367228
922.1659863413366	16225.103946296731	8672.405504860008
620.4253171320834	18099.50248222453	7966.690790229921
1323.7575488590026	17992.666383284486	7704.806830474018
1084.717073930643	17671.843652741976	8095.439290894873
2125.290153057485	17410.983159689462	8023.5612005797075
1523.799961483864	17528.291843623287	7656.143975924708
1304.0697897095033	16004.206512223436	7918.124647145112
1438.5798255752186	17204.088146483635	7559.0540406680675
2643.086534781874	15152.229712673015	8381.218319857562
1727.4238485943463	15912.65158329515	7667.703340312506
1565.9698430393648	16224.22768959352	8281.184203079212
1901.0183812714647	15506.09133389737	7879.8235465570815
1528.2920484241981	17295.3174781422	7927.518180599119
1774.2284425258154	17550.045263345426	7657.415998844231
1189.6050838614988	16586.01675563063	8034.497977183081
489.2152159362506	16664.87191865603	7378.925487536299
1813.9903995288505	16958.789586799383	8264.684511058991
1624.6131404071214	15918.836364533954	8360.761242873132
1792.0530050698958	15829.538330451682	7871.032927769079
878.4355233197278	17859.46497924683	8178.85679710987
1729.3407660490527	17507.594714408206	8074.873672537356
1919.6320277163518	17344.77358919188	7773.294307028106
425.32716229920754	18746.422000625855	7585.375656641221
1232.358200679051	18339.20501688221	7246.585665786791
1501.1542966238994	16601.204192842706	7399.490558898524
1011.0269085673867	15664.884581593851	8089.0203057910585
1365.4497054584447	18124.965583572117	8189.158365082496
620.608035325945	14796.264465881462	8192.414467965013
1830.101236273728	15446.698763411392	8522.170374497011
1264.3640916766808	16945.336421201846	7744.038210789956
2169.7671814775413	15294.203434342206	8516.135372082861
1159.6274894441483	16202.736900877955	7611.621114819696
1270.111748876508	15434.791499548264	8041.203001529176
2061.3904541848533	16425.06335038302	7948.4025013496685
1441.665335936756	17553.972841632545	7723.148079535027
2043.1815680574869	17685.03130553698	7928.806964226092
984.2680628019689	15538.715207563735	7985.455220685912
2251.138442468772	14455.01572579314	8126.090026211525
1650.4926818540275	16221.65092646135	8113.937503756145
1321.4358929743921	16316.999960812429	7443.328982274484
-52.05259609308522	16935.10422033813	8277.991086746073
1518.5909740025388	17381.136508179392	8175.836079364974
1336.9784674901684	13949.977612083347	8054.426768921554
2505.1290208030914	16573.93425202692	8090.21539746733
1095.4382713078398	16751.78942601714	8061.687979776049
1028.8444307891575	16179.345781403093	8164.547259789939
1962.3025578090928	16123.77626830961	8388.499061284649
919.0145395336775	14930.10172066849	7914.848790142086
2384.3789019994024	17948.197236400832	7241.532396812883
1394.0624689773038	15782.916946437677	8417.126114367067
484.20839890572324	18755.261723863954	7765.433709924107
1404.6350738635167	16623.483802825303	7842.626555446115
1492.4719412305872	16272.705524037017	8084.250256962173
1512.6929798657407	15717.66502573269	7373.930973473055
1267.8891773544444	15371.840659319016	7337.898362114107
2282.265633017196	17419.26307394125	8312.898266109789
1583.0848445108056	17797.686670153376	7971.231721038816
2792.835064140065	16216.06390940461	8064.434425182785
496.6980150340582	15918.373059461685	7811.855855996213
2487.073867963865	18043.70915741474	7426.059707627228
1087.3941810614344	16737.822035931313	8511.079730781863
2007.3286900924838	15607.891057893732	7950.309794487996
1230.6460766242526	16557.409010862648	7648.8358448389445
1207.9118214435407	16193.611780636013	7997.843610554678
505.9435261856999	16804.297270576615	7895.800090056214
1739.52245406089	17612.308724818355	7975.051216577003
2417.646263196528	17480.856809551424	7323.697152049378
1206.7405964532695	16409.60942711932	8321.54355858219
2435.8103097386793	15286.9953117914	7928.994685081647
1580.5337326707026	18061.64131464683	7950.994284140844
1832.6135419366087	16407.275701043716	8010.572113563467
534.4224262302438	14900.626922371619	7675.88931944484
1761.0409449339195	19065.36794447975	7737.693846739844
1015.5281344614011	15656.885394803408	7950.200226678458
1893.128960701232	18876.32509221766	7791.385208112312
1078.5061610594576	15248.845029864435	8015.777715736745
523.2907763220866	16981.84141795813	7787.276553085973
2160.623383817774	16432.29544957727	7808.700171482926
1462.5608326801994	15676.160942634231	7465.501438460446
1465.9846053920353	16596.991181967478	7812.5928837720085
2300.795928632188	15591.74164140164	7882.992215676902
1126.2574781179621	21234.04993374768	6122.896581520897
1791.1814631259856	16793.209021956198	7930.76494994932
559.4145893726845	18525.94891089958	6963.601298434958
3156.306855719874	16553.691346811815	7481.2013896768285
1073.4595899447586	16932.494978449875	8090.303793912315
303.84989233939876	15990.80425858053	7657.189937225774
840.3084702229162	15395.35588256389	7221.32713563196
1131.4660917354443	18149.9524656268	7764.042725211641
166.2583003111065	19078.133314967516	7239.616506210895
2148.421265564385	17635.129008770622	7893.237982458359
1568.7686515882249	13870.683776233	7663.460603927796
2218.8159588006424	16653.3961512993	7881.976091826898
1116.4568475247079	16757.3431994919	8298.971517028736
545.9364191438743	15512.607633481752	7700.043718952144
1630.1313568082696	15744.070381829672	8676.97240227333
1027.661853682562	17968.872386876435	8122.1294527555
576.6712945697482	17788.037531361693	7471.86610933631
2029.536801346112	15218.733906503263	8059.629346917944
328.5567045610011	13375.802456300244	8184.174023560197
965.1904275650601	15900.447328883516	7509.879270245208
699.575878185719	15950.280088974228	7903.400271459548
2532.7589970054423	15173.53806688375	7553.473424678935
1774.3280922759839	16513.496528747924	7864.0694120974695
924.6230212219466	17060.09895972585	8063.263049753059
659.500729857406	17559.28880657201	7791.513424085782
1305.172699000548	16466.20188005741	8167.221124124447
1297.7288863534854	16761.23611079006	8048.010400996982
1585.8151348854146	16154.179633165715	8133.218153816698
1364.5077114533633	16655.92407249466	7578.054847318494
2823.463310983883	15116.964192898657	8117.651797342528
998.6211245761505	16321.632788047185	7508.85226050024
656.4438860900656	15552.50786846268	8404.949610800408
796.549545951076	16915.689113314573	7995.52957634124
1138.0186160814883	18091.45021854797	7335.631416984845
1309.2998492997947	14970.22866953448	7919.979288963254
1485.4071797661604	18429.412662564155	7424.545791695764
1497.247116651353	16092.606016610063	8394.815515117882
1371.628075565957	16340.898669047569	7722.449879798344
1934.2316805803423	17845.478677865998	7641.482981855019
2306.3550449460013	16600.262385519	7531.026486438979
1658.137054043263	16756.972288671765	7936.944443363617
2006.8308868852646	13873.725191555135	7782.163908375868
1034.5215069162596	16841.08722663161	8402.531207576747
915.2040587804116	15962.180320654852	7692.600539262973
468.7546843327605	18079.40916701687	7963.140439988845
1460.8767640303906	16651.11728920531	8005.449513530317
1757.3385935748936	17006.094688304864	8289.534854238069
440.8985650790218	16374.22344957036	7914.366170544194
2447.905678152121	16044.452835039461	7939.574459286695
1945.9952954460537	16889.28627859619	8025.338789588081
799.1639265059443	17765.621397155603	8013.4380424279425
1857.5567046771243	18942.57886386103	7648.20139873405
888.2627391672701	15988.203516982898	8318.425421652622
714.2604228044877	16589.36637034271	7997.937274485004
2011.6483809747044	17110.949878849227	8095.458352861023
1112.7090782404105	16912.771907785864	8190.7293739345405
1737.0980264026157	15572.579581946982	7927.0497083987075
1464.6531150192873	19270.840522881896	7829.703569538697
1708.8566436528488	18483.46915733247	7720.49709393936
1432.7311746606294	15769.548993194523	8320.039804829103
1065.3273179040411	16279.026894069231	7996.676579584665
1228.4184780853186	15972.767038618986	7843.595575195894
1795.9954045098218	16561.809659114257	8051.320116443559
1139.1747564822103	15474.998266456294	8189.430184626669
858.498854948467	17415.25937398396	7378.723405469474
725.3116884540359	17254.614209937172	8185.669194482053
1419.598572207372	17300.833859433875	7731.592250552117
686.0201483047749	16060.818042437919	7651.7307335771375
934.0988938304117	15192.736531487657	8328.454301534843
1012.8466644776487	17104.31313484229	8058.627262142405
-248.12107264064161	16223.532531752153	8103.726238743985
264.5905416918045	17293.319294118235	7526.299770254583
874.8595327429941	16126.412861901415	7732.6937952291
1636.0148851383217	14376.733478705728	8067.787061129664
776.4650401949382	17356.34625372699	8197.023887718908
858.7961569967879	17690.4164880236	6945.250432881807
1491.763552547628	18520.968138194366	7280.9398471827435
1252.8474071667265	16916.762532238925	8042.487764734933
2281.6890102469915	16812.602545196118	8184.331859436836
-215.17018574413618	18167.76983295174	7662.974471891579
555.911980008423	15782.042271154345	7647.758247601082
1172.9784259511023	16713.57306700669	7992.716027530222
1565.376932359307	15234.208380925764	8145.207375861351
1037.7506697598	16238.070406724471	7550.344045060958
1437.5783655631044	16794.379529825415	8225.777478818536
1850.3015167466635	15746.23241065412	7474.0138195463705
2386.9700556643547	15952.54261751872	8101.539495914668
852.7954532463474	17067.645144611844	8156.127433594197
1281.4964131370334	16027.830238299244	8098.392354793974
1054.7135190089457	17127.570961633246	8134.849274915374
1918.234384177904	16759.579158012104	7886.489061200678
91.01365294050986	19863.887864580654	7942.985119194804
1582.1341115044163	17053.183699926853	8126.258560897089
102.05117365750735	18102.537819199973	7632.836074913063
935.6390732634327	17690.095345235117	8187.98173019273
808.4296580263031	17672.125927922483	7986.810754685875
2517.2350890441685	17304.404399802213	7950.546710447132
1996.4260595087185	18256.51073471997	8067.680706803012
931.334278236332	17564.99386737182	7516.279025371762
1342.838655350025	15435.749166605288	8558.222823817556
510.9101017021166	16679.678868675408	7611.347354216488
2577.2695581251755	16754.52063361186	7932.256148001188
390.24665660993713	16793.794193538073	7750.612989302504
1249.718182838809	15196.438580580652	7803.867958150434
1862.865195441356	16720.56297933722	8179.739383892645
1256.3614410655953	16229.43894735413	8009.815246865524
1579.4087767796004	17506.784282476092	7865.377954312248
926.1122323529223	17301.458014094955	7992.232649393463
1840.5468111275916	17709.261107469832	7979.4996828843505
1557.1416839900396	18531.85750503298	7985.93850122
1010.3014057210323	20771.4331515518	7628.337422246357
2470.192014992035	16338.249209297928	7862.415648859309
1949.051285185819	14179.716032913957	8086.361689488738
1865.2894688506988	15697.077783187699	8434.953764613021
1376.1587154482486	18576.25435439944	7726.670568381859
822.8920405242213	18036.569613329466	8378.590583158126
712.2804492387672	15508.119066418212	8047.2188852980335
1975.973732015341	17632.91838095461	8047.660503627482
121.58415341132239	17729.178390772973	6609.8933189511545
498.75199147590854	17579.198378391273	7784.304250773886
1655.8397638762035	16913.855733316705	7310.610854994058
880.4972346183741	16484.435895256047	8609.268750997955
941.5204167525665	15938.976862944224	7989.949050580318
914.2161831937407	16710.536169351377	7626.967375612398
73.01702068250923	17293.380781657375	7291.880022496213
1694.0004422031582	15146.746393135973	8117.350786805158
1278.042352154081	17383.539506040106	7656.354182885741
1754.5651699637654	15665.313412273777	7970.0205176206155
2056.568704997593	15989.516805007244	7959.562475258182
1926.9727656326036	18138.21340674621	7314.274750253728
2243.869659995395	18037.910509060166	8207.348707628127
868.404550692008	17840.05898707009	8436.001041036061
922.9146227662611	14414.855911549732	7905.855865563273
3763.534595095896	17259.84937953798	7217.496375909575
1329.9388299459777	16847.663905790127	8278.673581950607
1702.5057304324766	16818.997459930928	8561.045204416876
927.213077645775	15117.243473026963	8319.314250072817
3000.2265112846667	16301.741706151419	8345.161353410525
955.6353649263655	16263.322114149569	7969.114010205914
1951.7067385025211	18123.342500281324	8082.504774922324
1153.2846195183831	16403.263479981797	7277.906861612071
1245.9004897050554	14283.314546882602	7895.78834954261
1161.405105182325	14084.881266949746	7584.200604917382
3278.289593811765	17464.31775764427	7611.620534347972
1528.5819213805473	14585.826632067814	8675.87366480503
793.7604370067176	17808.06531254673	7940.777631480019
1503.2486705630074	16610.884359213793	8514.909747213544
-42.05728297002629	17136.181588740412	8103.043042454906
2195.0466800024124	17740.60095289894	7803.504655478626
620.6112748684538	16404.41870842021	8160.010882308868
1698.1336385588972	16530.35097336805	8271.039543345603
1835.711640860897	14571.879380918952	8022.707747272862
1007.8865466445376	16805.996476282515	8175.107389659634
665.4963131852487	16941.65274465728	7765.16534285952
309.7145414728242	16349.118724295311	7952.028550390693
1807.2741520267457	18901.511247454764	7548.398520318123
1790.5591447988038	16638.72508224425	8131.184935801108
1417.8479590294055	16100.242567581692	8005.574172253242
1215.3392720317554	16718.14571168246	7856.31688858291
1112.420865537842	17114.769873137553	7814.9421422859605
1054.8024407941396	15587.96144023293	8340.827907696197
2138.247998888389	17134.580253960616	8083.225506896205
56.56322706147719	18830.07842483106	7638.541389217205
1308.2178615628363	17371.851080310338	7500.340489683066
1874.762201823659	15951.689326851787	8589.244084981328
1149.6548829315873	17957.013060602672	7542.648623623696
1247.374469753399	16675.40811662546	7884.1766795512485
779.0096106040852	17294.063992879666	7925.110345966116
1492.7357875660873	18097.035747997114	7271.304379170347
1905.64057555647	13819.404173667463	8183.491227894654
914.5980040956241	17254.595856184882	7934.397618739018
2537.7341944097843	16290.310882532789	8377.8392717277
1131.4668113650137	17015.914450447977	8111.078058975875
1066.594339751213	17286.72625018641	8010.712981286389
681.9211154385591	17180.970933751145	7995.4596823779475
1177.5536395925133	15591.288540528525	7798.736671715306
1824.6530395326602	15973.14007774566	7865.080365375978
2038.6380890315218	14895.030855079618	7828.444092468992
2228.7308319977246	14968.75858044591	7578.243128506751
780.932427138703	16812.321759341223	8099.943800339723
1541.0342906322537	16451.858080674756	7464.230840901613
590.3820903808858	17550.446633325046	7806.823976658827
875.2171987795076	16827.077498896233	7416.152277940877
2.712749593891134	17447.20127766167	7574.352354187354
2090.9913499653126	18883.60728421534	7845.187766495968
1176.9305474812304	16143.031535737748	7722.024705787731
2251.3554918726104	17388.850078612373	7908.739695803662
758.3853446947217	17088.751164517278	7836.466170197814
3121.286307763313	15879.973590990763	7727.442977474329
2095.466576940737	16762.99313867279	8128.1438541319785
2426.953220496554	16010.834481084861	7795.94455893841
1817.3544759174729	18755.08008507215	7566.657095404645
569.9628379621233	18760.87366479401	8070.012347353229
794.308797821177	17173.985043117824	8306.902983661166
2073.8362961195094	14685.550896720237	7768.2876503206235
2704.887494610663	16221.144590547789	8114.882570059587
1173.5521110059422	17047.640939013716	8328.031299149676
961.5198802090796	16644.819977282656	7857.2948218961
2386.5635895087694	14669.452371938172	7903.362539757625
1172.988142617573	17008.493966056954	7687.341575326701
857.6469431338026	17822.503572270598	7356.100916843087
576.798497876104	18189.854020651466	7728.945263676673
827.8937477628091	16790.367833293498	7698.206401615545
1629.584497424307	15819.173464670275	8078.398351164845
614.8494920663741	14957.285734562747	8093.235300166913
2117.1598726818975	17475.52717112014	7859.782587283838
698.9395831239186	18232.787704182443	7416.440108692085
603.5089811154302	17994.41570887266	7911.313718624493
2429.3606380658325	17283.48155561702	7619.840740028134
1880.1871286787964	16703.927566347233	8515.073848457318
1784.0582227347916	16230.335378611479	7879.167504739681
813.6170490329396	18625.333161479488	7909.870738474769
183.27250897157563	16248.810325038792	7961.934171320411
1647.6372967939171	15797.658673346656	7733.93764089827
1133.4804809499758	16978.93209694962	7805.958259095534
1501.0027364016237	18743.42410059588	7707.114220367175
872.9201434366003	16956.398645021112	8056.401291348723
1295.6636039562852	17421.20991213608	8210.951057767885
867.7383460018152	17230.105599287348	7818.489356160765
2067.491289451789	17332.919471584082	8021.639565039776
1620.2170946081003	18534.692405562775	8085.980287843814
1278.2604788627264	17183.04157902634	7283.3549348531005
346.14611987882637	19012.177887277376	7624.058058840278
2132.910917637142	15883.550782742963	7816.388653759398
18.97018652340064	16429.56622017302	8191.972040155172
-321.6279711299916	17410.64826427968	8328.967839969406
1362.9616250914075	16919.40704422985	7789.32547482226
633.6328667069305	16558.46851784976	7860.1292159952945
1420.0975018914864	15698.668469118718	7346.240862161431
1366.673050480869	17260.503181788765	7621.840426835998
327.0244187704604	16419.20024967754	7911.76883867889
104.58131638480643	17129.326110288304	7879.930843765927
1864.7011309750992	18422.654739159316	7999.232684697908
246.12563352045262	18277.16031974561	8135.804561491688
1577.1365995560589	16653.743792595986	7943.962517130824
1332.807390537315	16899.740238722607	7933.170349169718
1525.2522971440314	16888.882955889625	7798.860993577526
1689.7400081554504	16437.964006891758	7870.512607124066
1453.7381739824314	14693.41705987571	7839.898378112487
335.05656023559794	16858.72190948561	7531.9438883130215
1436.1256202162424	16349.312261662351	7888.567944606257
923.7213669332159	18277.601628896275	7614.154026961615
264.5163851367146	16616.78548072254	7794.17873553942
1027.170625379755	20478.16207172484	7936.444305598755
1274.8464965541668	12973.084030934046	8526.533800349465
2188.0645558014835	17804.02099718407	7654.861775869046
1377.530347067115	17596.431555603995	7807.439208267314
1072.191871640904	17785.69470496375	7519.153575190487
1891.7247866957373	17416.87436552149	7430.118659437232
-84.0283352802999	15642.742082138997	8599.50765723723
1322.8790957584008	15767.229966140063	7763.641268265963
2237.819804951977	14685.174862972091	7830.125686640641
-108.05027191492229	16580.166236084246	8052.3883838769925
-90.83867359798684	18120.64862019076	7402.106291483816
1407.1036136676253	16996.008176823005	7468.340344299213
682.1740672092379	16267.599707982137	7776.827303288522
371.42614307180105	14937.109918141134	8209.062770745202
1421.9189663546406	16987.115729214936	8114.54357054879
1564.8642529256156	16843.09266440963	7436.924061333816
725.4297547333878	17817.922220523433	7979.619766736811
3015.1103152144174	16045.806216864272	8043.722197433948
3606.0182798023297	14387.547244674828	7379.249533450713
-459.9824683244948	17463.67955287095	7982.542620510967
893.1044623496165	18080.34164284948	7677.328407845135
2051.930819878132	15775.43233507872	7936.357219015672
1180.6128794621743	17147.577687293742	8043.920526042431
751.1125352526587	18762.097585208856	6998.208546752371
1707.1035003450902	16810.826210696043	7826.992644253499
872.1384954175104	15621.984569149437	7918.096586680294
567.3074726823802	16515.184875147632	7951.90093044995
1639.269437218613	16381.533080245581	7817.280436349578
2644.053602168349	16596.513001866944	7889.786856565156
557.0585808564686	17856.527341073765	7584.442908964415
1443.1292114709877	18015.384873031544	7666.238258225059
1583.7215625623448	17279.22631294408	7915.874113084633
2272.403172629521	17627.497059879886	8098.280391105282
2193.6505844583617	15102.73291444484	8134.605673766834
1904.34502754435	16759.788553957085	7832.112733607558
1768.9979652160628	16129.564021979266	8149.1423464490945
2499.683201388042	17391.340304837875	8027.809971762904
1668.481478867281	14563.756766667957	7697.387671581211
2269.573395895839	16438.085105976683	7419.185781106122
179.62581097913855	16725.252301005672	8331.689098727706
2198.747265625154	16730.309210879048	7939.597814774979
968.6657041051776	15724.448905820771	7395.0532061437625
926.2969350994855	15534.84383637218	7552.011654332327
2513.3416757695177	17436.330815740006	7745.364237940022
205.07870045588152	15625.026925472817	7657.594066637044
1444.9246605226483	17029.625837128522	7846.531374171947
991.1663943102507	17853.754535403146	8138.75047475003
951.7692054602462	18488.38994757171	7961.613277007255
1893.9836514190772	17171.114888427233	8035.089799448397
236.1749744136111	16779.77965489749	8118.439772784968
1667.800111111677	15441.158986317798	7617.468167764909
1327.449144075915	16507.996739908613	7814.585079185878
1008.3394814284376	16275.898690008607	7862.411266546719
532.0718839357602	15697.523998204946	7874.944345251941
1970.1427893429873	16047.7883277293	7502.832029015111
1958.2714421624867	16601.57166088144	7860.153926705285
1683.5473992946272	18497.256235110544	8286.548561281357
581.8080499689029	18102.534259958244	8189.960987503438
197.76635809588248	18441.9469611731	6907.376607163917
2158.6080003362804	16795.16522825873	7056.680549696758
1175.832482972877	17703.092806778695	7692.67539957885
872.12071566316	18470.743493372156	8118.250985365952
1591.94898505223	16560.831814240162	7336.103641631274
1009.1306124098265	16638.443296394995	7894.601099381708
1931.626604908686	14790.419018670173	7561.0377518810365
1809.3250022560248	15783.664123613436	7889.777507797346
1188.7108748126343	17560.52865981844	7990.631952081406
1216.3300187119369	16672.62136885827	8173.434049650797
1928.9208301495457	16984.810861585534	7520.309185340416
589.6230226955697	17484.239618241183	8045.090121104619
2598.9668515192657	17402.887514773593	7991.1001817466
2374.3325250473536	15119.298694412864	7385.636160575854
449.5684802075529	18036.803746288788	8054.946152615138
2978.914672919327	17013.104254330126	7799.072472408242
853.1885820612329	16187.238792942964	8284.12707103505
1072.5842901654753	16753.487796594178	7253.658605373794
1530.8185456656572	17602.045002426745	7572.888013236259
1034.51325290433	16393.837510569258	7322.297332945366
755.2095216354571	16522.08904269372	7997.20330994321
863.0210948606924	16191.191665390976	8199.946963745691
1505.4819808651316	17337.855577924198	7930.951543547922
1465.3903884417791	14726.9975572491	8319.889388977013
1697.5429616549034	16117.06853210708	7880.435262571135
-132.6254363153443	17701.173260968957	7857.324977592549
1544.8491267889324	20985.364120009388	5704.086881695124
1697.8620638128725	17402.20162767677	8344.62535848485
1995.4863167686592	15467.993957955947	7804.302575430702
993.9190585863927	16300.137128794273	7813.8846491736995
873.1336216875305	14737.62495135088	8495.13438519025
2660.090765236099	17829.15915092437	8316.018865243173
1691.382275038855	15865.424704746312	7695.5796063890275
2029.448867113144	15714.594445071303	7659.847905781621
1501.9876295701288	18826.74047257165	8033.786580455481
2561.805327928917	16901.411963325634	7661.361576637357
1231.7812701955063	18081.165005598523	7841.741586392346
1640.696264388802	17528.96627468926	8388.31634989461
1884.436172845745	17702.471536289187	8075.432642684323
1480.5941314808435	14792.089603601582	7666.252114082045
992.6387903994002	16647.219274805742	8084.185730726758
2703.7008916722993	15576.062550923052	7841.404893523352
665.8720762563761	16907.928284908918	7688.83622817103
2850.293170043439	14376.071004508403	8443.960378162976
150.03172196106226	17506.342076186236	7690.7718229762295
1050.2075194935198	17327.644457788578	7774.367659663159
2102.815718295605	15833.725275004754	7310.644603686385
-3.581323191366159	17322.25819745979	7814.096409300103
1934.1106455820338	16382.260260967032	7391.145798155463
1714.5030336218786	17243.226440470728	8175.613501823631
474.11032137853636	14819.841813286039	7630.681942551216
