10119.183074793991	2776.1777021108933	6025.986631647163
10380.56651441724	4895.452924236795	5171.361058820508
10071.614992301982	4340.902706406194	5257.293031038439
9730.36060786756	5084.19242865212	4964.009529551021
8735.371015462506	2254.2912385210757	5487.701250532546
11739.26717199527	4019.872991191442	4552.530128016583
10656.415228527741	3797.2119230845938	4758.293247682079
11023.313594018344	3553.520370734906	4692.900661027864
10570.945317317635	1546.5790508486486	5663.236370048991
9877.911545314488	4612.766604293496	5985.1164924457535
13350.612172276344	848.3701112424985	5274.119771539955
11608.799589571458	2663.740799033531	5268.310836973654
2760.8552143863276	11956.22380070892	4899.727016802956
8543.195438624065	5015.137107679814	4890.715519329068
10690.134907219099	1981.4673991589684	6028.470444125749
10085.983718359163	3907.115540373116	4840.366330474017
10210.652744298757	3285.424396286117	4882.860817830419
11012.60351329873	3154.5818527454894	5861.886078423901
10532.388645262035	3886.841040462597	5277.1079094434735
11321.600426740508	3010.8109021216833	5405.950022504196
9463.001396586511	4634.771859420626	5595.463232212898
12158.967866827661	3509.4139161778717	5340.3179167088365
10968.787686797146	1693.0825413342004	6144.666095088061
11124.49804200149	5068.445994596861	4599.74883469971
11766.459292980046	5035.778975379711	4759.541324085489
10710.159607974765	5866.2871878059905	4121.985550287858
10895.421455403453	3467.790231527472	5291.219829066768
2333.134854842939	13545.129159862572	6571.771884366154
12254.636101859473	2154.1652547603535	4904.748220782371
11773.326046585998	2594.9385143851573	4714.463578651524
10834.468135395626	2986.6829476292	5484.55774047343
11602.990716827191	3335.510936510289	5244.0248926102395
11438.497387626549	2232.935573720208	5177.918537615016
10517.047054400691	3478.8962758590683	5296.82802690072
11096.286457872535	3657.562487308865	5130.381241744713
9231.642295070676	4819.48659988099	4716.668598594038
12946.186118074422	3648.139270067744	5025.587557430502
10078.044510585105	3395.7315566589687	5510.296983070694
9774.773172018675	4246.727345784085	5555.476439415663
10928.239940128356	2346.6073745865747	5812.430086589159
10536.223459068735	451.75197036296	5893.039583539335
10692.434487945653	3602.597108874502	5078.955446670579
9948.189726326513	3249.7547528819437	5313.798623274019
11308.07221829205	3449.7249764037656	4964.260830009856
10254.728473768504	2904.8861647106282	5505.3379516446375
11155.257646463	2545.780882834561	5343.889884681091
11717.991873533569	2302.8966583535407	4821.329185244994
10788.446801189013	3743.287609105595	4818.15208091572
10654.726246794025	4088.2524809932293	4846.538097271892
1249.9476528526448	12532.529203153606	6623.548253106874
11491.992747589762	3121.6031721389813	4742.192967389705
9514.637930996578	3337.838135698127	6247.004093517619
10271.360802578163	4022.4491990215256	4920.240094737288
10816.121343629287	3689.6199990568025	5464.758759416676
11103.450103171295	2073.849467347619	5070.423811186466
12946.578095744848	2860.9874630557365	4765.46487146855
10745.709765869271	3584.558710812189	5190.379248155661
10697.551992099141	1647.9190572236787	5412.099011406956
10103.691782120668	4800.534049205064	5201.202169113978
10445.781133076973	3337.163526050872	4909.837278855207
11438.261133676056	3912.06709080751	5816.990338015043
9705.92765820946	3472.7941580816987	5100.593846039334
10561.488286577003	3042.1510336575866	5671.256480557003
1670.511667230911	12721.108781793744	6335.066567868909
11962.72065024329	2894.3313488855697	5579.015826498101
9792.8784914095	2234.8080001589865	5218.617156909565
11426.335435978111	2442.8893639268617	5753.68347576452
11886.228577363632	1579.8531170070091	5208.881567012513
9347.983125450806	4129.076591078724	5634.214939020995
10924.42453083351	2940.460195680981	5282.766636961632
10978.795593184017	1364.0848834387152	5039.778164842108
10086.702734511933	3776.7234048917862	5908.037532798502
11026.027479663442	2475.5802777165454	5277.294619925491
9967.02220832553	4629.670290574926	4626.450034883131
10792.327168494654	4288.890819684326	5702.740879371325
10998.95185388069	2798.392758568935	4980.9811340357755
11112.240265546674	1585.2445457604572	5432.365865148437
10649.451183440018	4815.52488599637	4692.963089547927
11748.038302577605	2958.308265824322	5223.018987112314
9787.808658608146	3505.3198581368815	5354.772810954792
1581.9658331109242	12552.661961462276	5616.549594756507
11081.074811161408	3243.802106717463	5169.354193383364
11391.701579851608	3080.455497451075	5326.142039680827
8894.860183369296	3775.093660001701	5122.982891078554
11725.291889731565	2686.591270947656	5449.057329733054
11298.485496440331	3126.1204008520235	5444.091696227759
9694.165975080437	4504.117708372314	5697.361571412092
9749.6974729194	4307.049308109516	5974.339721489728
11367.862149660628	3384.6169909412497	4672.232865490362
8838.212208670784	6092.045410510844	5099.395485151086
12215.410863294486	4492.891023593784	5234.732845765996
10126.164101046485	2590.5111549770436	5145.707456985149
10962.98027966267	4269.285382234104	4721.278685035384
11102.055263466144	3646.5278920284263	5072.0298135067205
10017.198772003929	2789.424868528591	5657.44574073124
11119.641900786011	2069.055256556645	5070.976252021902
13022.15037462135	3645.213647574979	4413.1439004995855
10570.560721272126	3306.640082374114	4898.4974828101485
10347.329056557784	5110.072428286348	5145.649808549471
10661.648598637019	3422.27207929885	4976.063361617116
10955.791475750946	3417.119178626423	4919.886387159141
11108.118571722369	2868.143985011588	5587.469307981301
10810.069530891673	1662.4407124421348	5681.632507704088
2766.474420098116	12758.85572651078	7134.545010906907
9245.935412572315	4334.014032921545	5188.598290976944
9453.129299338598	3666.337622458911	4904.315015546184
12801.36709338229	3322.678112415214	5094.255080078604
9862.868570742445	4216.332131122812	5581.996091451354
9981.613577675766	3919.2702430413087	4789.408598496369
10320.739699046608	2861.116871773293	5474.531811225193
9634.64243345328	4511.876532500331	4962.66123522468
10962.086733254215	3139.2343772999725	4913.754073953033
11356.40483047311	2430.545415461227	5047.550143357967
12858.335880389654	2847.41170679149	5228.428248250768
9535.055174795956	4567.539176099521	4980.2298987144995
10925.35013447661	4252.145476021492	5016.098984689404
10315.462552113546	3348.908983158105	4280.905097747135
10946.97534836769	2586.284830948714	4789.050497123382
9676.908816812467	4419.520203666173	5623.027749978703
10171.339869661795	3804.6864765411506	5433.701169036923
2376.715054512121	12148.364002671875	6974.09758691338
12001.618628901018	2715.0124242735405	5218.307344680803
11532.504552129853	2213.805587507919	5219.128137056845
10922.466651681645	2664.5472720132225	5133.323120023767
12331.112880962693	3186.9419515633786	4324.153572814352
10802.139335215537	5352.8275093607235	4819.67620499602
10710.752503403291	4012.5501314068333	5677.680502605249
10380.389493330302	2178.3691717269558	5613.670292182531
12513.332527137829	3172.8537010905006	4530.265777399522
9490.507278217998	3893.6409193435416	5151.959820099772
10958.091278108177	1666.5406826985377	5217.322361387081
10347.783715346362	3653.53518314676	4938.53073700718
11250.72271750857	3453.4054046626293	5528.679103396402
10846.598629943588	2274.1123963548102	5760.098551819584
666.765539975433	15275.627577902671	6434.4244885126345
9001.087429500783	4636.61187280734	5797.012594923432
10257.762072262447	3505.3216681326016	4969.459253082384
12968.281249800224	2248.686754066306	5423.785632544879
9569.922053519886	2988.7567120184417	5854.095693775453
11213.212845738417	2118.6578280445488	4618.999021295896
11705.458128934759	2127.1909783057986	5618.305828507451
11266.167552653375	2636.2310003226276	4909.902555302357
13012.167163041086	2666.4044217424507	4863.2857762699605
10695.328031802865	2964.9460473052022	4917.028699305426
11039.481016293434	5055.076856463818	5313.850739805983
3159.468544899366	14162.804535951558	5723.152223736234
10923.64722067512	2700.9829217771353	5336.488887454744
10088.976361401232	3799.393483909104	4977.086930971678
10767.204400729239	3028.1513655565445	5386.636828238111
10120.01285861959	5413.4038528588735	5454.5761042711965
12072.76595839342	3953.289889595267	5241.681849148793
10241.224593292984	6449.294772277964	4871.116223985154
9774.958641344096	4398.3668402077255	4930.261351487853
9303.83891421815	4625.042897124002	5019.375448305061
8956.206943126504	6185.816547301857	5074.908389659784
9568.508332434507	3903.8732959710483	4623.926486943439
10212.079988839167	3522.852830685097	4861.100828126804
9924.022413210265	3878.6505346727736	5222.137011661305
11376.408406434553	2687.626952766844	4844.067270775624
11278.734134711636	3356.012301491469	4720.2632554701195
9295.08299978218	6037.245690005196	4560.98337257781
11718.518824625227	2727.2221107477467	4769.527510881625
5165.689748075755	8338.656806022	5067.566615344753
10252.040270456107	2598.929855780644	4758.375623234002
10763.688712247587	3871.3060919311774	5257.118455119834
10782.149847117522	3229.080656711337	5796.71781929517
9846.10153430214	3612.8382885443257	5163.211277217537
10356.003915620198	3945.4808787509473	5224.775719038851
3350.380681733672	14261.79395309287	5019.426899103521
10680.696223729348	3993.8942815019	5380.800773513784
11764.633852494344	2704.2831847764305	4613.355542667772
10880.758852114492	3119.1746314578363	4908.8810344522735
8816.12886360509	3837.680651748803	5614.176772697565
10207.48057651848	4848.816148935891	4749.557860967282
9323.476339026056	7050.7810046142195	5034.605515010121
12164.028638508542	2478.504778449109	4970.395719849722
10564.362884471791	2978.3748669388374	6050.230259847198
12114.430413423419	3034.592631245525	4455.259373508722
11033.701984607627	3554.6236980278654	5370.6993415059505
10311.98480607129	3437.4640199826736	4957.561484406414
10791.026712530052	1955.3304434166012	5800.18881875353
10111.58419237271	2966.4984309274623	5201.829408866804
10173.362855434687	4033.6630751399744	4251.393270877981
9660.64397389768	3219.739037781502	5608.795045167509
10597.699387871136	2806.4036911450653	5693.360215526986
10328.412724358837	3425.169099229024	5061.629848361525
10966.46530143789	2835.278578104321	5014.203033549295
9811.48751974027	1964.2702036421715	5822.880548102496
9186.766312353586	4455.736161442617	4710.971298705286
10723.35409584603	3256.401722102021	5187.53237630718
9831.045389461602	4222.490024565308	4968.405215888768
10242.672134416134	4974.597489931697	5241.003177987901
10208.870046668571	3729.777285971564	5210.317338477143
10818.457375045926	1051.6700030020286	5344.167158579649
12010.132708280102	2863.564581273842	4554.280905780941
10359.146282084479	4876.8619412141425	5142.833632905788
8947.651297685145	5378.332223716858	4618.339121684223
10468.33060597517	3791.7980700565217	5482.731625896189
6155.4812066614095	6353.612817565671	5678.284659787614
10186.262925132922	4530.747484568174	5254.790243762701
12423.494649866265	3758.6411480255097	5447.034692957625
10218.585496025513	2057.2103878348275	4777.1084311496925
8652.591920099443	3896.5472453059197	5723.390630810144
11637.042015750445	3224.2627075840915	4524.032397797395
10906.396818409059	2055.0598414412643	5540.355785016686
8950.299020398696	6783.618543299567	4608.788784846601
1241.0187234807913	13407.828356276734	5724.488597445616
12241.098966932752	173.1021689014955	5469.139858738309
11201.640251238889	1321.5505291707757	5454.995575433626
12376.732394840492	3318.7297872809795	5197.591488380193
11788.161874427053	2778.513061448268	4875.764141040533
11878.248919441357	1752.640625621229	4677.342461229611
12142.638255689053	4244.918559984457	5028.728177776656
11579.791704425368	3124.116227002537	5187.264976411615
8613.418030049921	3988.2485654628385	5329.796196918839
11334.981764042188	2468.2543257738575	5368.59203882618
11453.57109050422	1135.550370394999	4625.04712430376
10478.361204274124	4906.559065767829	4925.470689444798
1749.9878832331713	14713.163579770098	5638.366034241127
11227.456247769644	2256.498051417379	4952.7648213067705
8838.925082113663	4226.222840494016	5718.113912354774
9619.495693907342	4026.382996276864	5422.742984152257
2273.254118871017	12063.844617367697	6601.3501056714285
11509.418765187645	3597.605993367312	4618.072510766587
9872.945335295748	5393.926024799644	5172.898971734649
10944.695551509629	4487.339265944791	5123.923890284856
11099.148077180871	2236.994312598493	4960.519112862618
9534.053061279435	5218.510488125775	4834.322936047056
10358.90336823086	3367.064282892638	5494.631339780739
11934.404162390083	3090.1887672321127	5282.676075135492
9936.140389928232	1760.1385570537384	4742.33958181844
10673.79736224662	3790.6102627630903	4775.409840613225
12412.672688377936	2135.3431310917776	4946.815639266033
8215.502778699425	5785.256778881171	5415.534011596469
10880.226923225242	2431.679152497457	5612.842179814504
10591.799312843106	4264.424902991375	5193.741104530483
10118.32564094924	2495.7310195507966	5983.194591404336
9287.966615600588	3989.631776705706	4951.539854934027
12197.92580844027	2997.112259482818	5433.597088300265
9108.074576501454	4203.812803561791	5024.651717788786
10899.474049452605	3167.8748356666156	4618.359696407381
8889.676711758466	4906.865729235221	4810.315451110465
9382.041630756528	3442.140732476422	5034.272207081823
10047.315244220816	5651.945945403153	4855.511926287317
10682.856674880633	3727.1934539659082	5434.914384646602
5519.050057353245	8466.486858039321	5578.454338101612
9125.154494390967	5043.854453877492	5542.506458971006
10703.71393440846	2804.457295872364	5147.731029838062
9993.847120854141	2542.206182093155	5188.31964366175
11494.39879135091	3637.302942770938	4824.630566309036
9560.55900839907	4161.503216575744	5127.257646641086
10005.963343310366	2256.3089959908784	5882.732390975304
9327.024776648166	4191.651605393019	5542.234835738852
10007.333938065736	2690.365272288158	5040.0550850877025
12164.270270803916	2388.2549659318756	4732.936030145828
9818.59688704892	5580.25818093425	5274.389306257221
10449.0686577979	2874.5172711069836	5004.9245007788
9420.337744150114	3443.1138978451477	5566.726686933338
1296.0098709102501	14679.980487736735	6488.626845825969
10180.882410493414	3633.4680168168175	4988.185039412474
9543.864004744091	3994.3043848585367	5387.83977786644
11520.967590484448	3902.615548460458	5293.819768609471
9555.580627575408	4376.878727877217	4692.453421793619
1688.2155283491768	12165.328900642222	6674.435241689257
9977.655031210737	3457.6974212835376	5092.148371763558
11472.624119435175	1418.143627279881	5489.17065047279
10474.111972199442	4649.118152056198	5435.109191105627
8761.175340502468	6399.309592755882	5056.538828957347
7121.231318336391	7394.4179651954655	4932.369459229954
11787.12141401613	2518.8975136922736	4836.269072097189
9408.561123346688	5093.247447592159	4659.028897325689
10970.420375099806	3992.6127002173107	5013.523998787299
10173.748116099365	-25.23367428081039	5067.06617385405
11012.145433780963	4349.983071201337	5167.891907466963
10315.119520761666	3328.813787236414	5271.012830970717
6985.272756656808	6965.862594778262	4729.227465940394
10531.276090984651	3312.6065090660213	4991.299164767935
11113.78455888019	3892.2728970856347	5514.54851882222
10447.486144188691	1360.1422965783834	4656.819627093945
10898.672504806804	3501.7384047336864	6352.297385270447
10099.871410908134	4818.686278635858	5099.159944518148
9446.097856302524	4769.550959958634	4696.003011823376
10121.702686869598	2933.525753491289	5498.550168543927
10398.247644248017	2338.366034534715	5517.227839339551
11794.664355954874	3404.954524924713	5460.812080612234
10462.272476457027	1990.1329644550963	5566.119171581847
12152.911593626051	1859.3699761114221	5465.270490136354
11926.27333515942	3401.3956144795857	5725.1597189944305
8499.018805140311	6259.899208615589	5165.300281801498
11340.980896906156	3574.5111693737467	5774.295032877054
11011.240087287668	4327.864008668186	5099.780802266969
10185.464196360148	2255.7267975121063	5507.381810784906
11399.166257294826	1950.8611727271152	4987.375047878331
11626.6104158749	3970.5046956869255	5481.514033364401
11292.003063348968	4247.747389298253	4841.667313212384
9420.130029617036	4593.674698542227	4976.1071423679
12521.473661794056	1490.8258748200153	5133.489800815326
11819.970885990711	2861.9956811412585	5042.114058471007
10732.963756112324	3439.209941069216	5213.6995415158835
12530.950144354829	3190.846376558191	5442.216148919863
12908.518215479526	2330.150564503648	4983.08330764055
10465.656589529744	5018.964851701099	5341.928697403957
10823.669073493238	3514.133806315746	5016.295393728706
10185.974466967817	1859.2449593511863	5405.705350036987
10016.021171012846	2716.0643725312016	5700.978945398463
9625.51004050176	1873.326800946503	5391.414521314849
11356.7300186225	3541.7570736048137	5455.73069588247
10330.072365782975	5399.970786684964	4786.753144331106
10894.237883502874	3757.3155556507472	4924.084121310633
10412.310546761806	2758.241484263275	5812.942570483132
10577.828628196194	2732.013525186528	4675.712635627984
9939.734134448967	3444.3980210174086	5817.03529191504
9030.181455222237	2226.8440045360453	4885.009723516678
11663.096346639468	3359.4756548046507	5083.201199876189
11002.954219668261	1831.3765386494395	4902.730635880065
10769.633476679284	4359.777398648076	4587.577108483933
12253.6916606194	2746.1112441534297	5308.427519726185
10094.992830611207	4779.166007731242	4722.897455130704
10805.350690071074	2629.2942297445325	5220.495893250349
10083.582692640239	3372.008473224795	4704.193839288228
10387.573131818475	3061.2086871276833	5490.493314973727
10705.36286832542	2251.7327150129468	5351.764180068695
9711.773459713835	3071.1467500731333	5509.310365609706
9552.581665187416	4993.156383739471	5584.940711927571
10329.039598933643	1193.9373475441796	4766.657151813287
12290.800278912604	2563.293023427426	5007.6564089502
12527.97769906196	3352.768006350074	5643.958478787461
10037.740553626518	2710.763679699755	5002.837821021836
10819.548363323724	4004.925165853903	4562.5540236505985
11160.631560065105	2161.923816434002	5338.214958097716
11452.856985238035	3680.6142877374477	4877.921464942986
10313.337536120598	4560.038439846037	5239.782319134876
9020.09963725333	4062.807107068655	5311.700079722274
11050.101933468108	3814.034562004944	5053.293801598575
9489.5592536434	4268.058619832929	5150.469287707979
10187.501043866658	3076.568334782374	4999.742042800489
11642.703591950296	1292.9583005977345	5128.700684474816
11439.567959207923	2679.3946092973188	4993.345071091122
10433.686709257827	4421.799410465809	5423.613881992794
9853.638262002514	4589.027964394342	4483.83932258787
11141.546106758338	4531.7634090383335	5135.228546487472
9909.621364440669	5930.8799574438135	4873.388876166466
11743.424636889487	2141.2470482014114	5186.728110680354
11990.06768508034	2028.1200741215823	5472.221502139191
9823.770785445358	2434.022376892834	5118.990324029037
9686.625910516987	3723.3818007985933	5863.3737526408
11349.937411234421	3243.295501287262	4875.366141187205
10921.878783884113	3521.8401024356795	4583.160825220085
10310.603597270896	5239.850629428318	5326.952150772346
10652.256106875871	1193.9099372712838	4840.498226656486
11112.625506716126	2933.5745507593165	5053.223091284686
12844.305381718936	2580.3976048386253	5043.885451616398
7976.309784876487	4833.853512242444	4965.966258612123
10494.864896697636	5347.286306320196	4818.861238170756
6566.189856497612	6448.663702195253	4561.875248205871
10575.583728515867	2988.881726272275	4876.428621952862
11524.53415557916	2719.9242699118213	4938.423748314103
10365.24515023629	1799.248847642027	5993.714706950683
10331.113451951318	1606.6735624791434	5446.460881735482
10030.843498615573	4075.804035807792	5256.27286893618
11905.958761034146	2761.2921687615	4043.7002075276205
11622.707176129155	3604.0962981334683	5358.144333587802
11056.53378032222	5341.560102893103	5716.258486705944
10748.774185878445	1830.123499280227	5360.340564294644
11557.297587536761	2848.4467779266856	4495.952762800503
10963.815341430822	2121.3162408022695	5467.39176791727
11610.561309732015	2654.0602656831525	5269.114395452097
7715.250661359559	6536.474090538346	5328.984326779699
11034.348232220385	1187.1054652929784	5955.459167592806
10914.429862062374	3486.263192717787	5172.334061528674
10647.532332149201	4138.069956293346	4830.7644189911325
12928.954373946544	4277.0652570408	4784.597891126448
10495.558671433426	3311.8914065484355	5322.358485898441
10905.65896534624	1860.6703087148983	5351.572701075934
10656.852562814132	1658.658720236962	5196.132775287558
10155.551468584285	3886.11775724864	5646.853650876064
10243.279325318841	3308.685988042937	5049.618830097833
10501.54848518513	5571.34040770266	5297.741584092506
10436.908371141035	2483.178279430461	5716.342330008098
10790.811252146286	4792.204615743771	4849.459851090693
8607.377498652379	5680.651913131302	4955.195316126216
11955.851833136605	1376.1431624639495	5423.436509293659
10686.609482715898	3034.664189497269	5297.109375237476
9964.357522348946	2909.836228970625	5356.754697231937
10601.825716439187	5000.558070886892	4824.594917298582
11220.997347485285	2921.503654322318	5317.172418586804
10997.31880003707	2985.131395434765	5392.762440562221
10781.763785829282	3809.3056315124995	4775.22459455595
8681.189937373943	4859.803400015829	6170.7839377307755
11263.32369724354	2940.8329270306713	4841.07461366787
10659.921717061086	1816.4259524586419	5027.303720541142
10175.161830727633	2427.330462182164	5117.783855998591
11102.852392515562	3322.69609828183	4746.730498940497
10336.581711872906	5043.921455183319	5175.162700574917
12362.260156035309	2694.9077039241806	5342.748358398132
11832.077937399292	1147.660297280145	5371.45333028967
10269.264059532943	4708.24423312381	5387.576073922896
12396.027287426445	1556.286937650946	4590.003245556458
10672.98445358993	4785.990024216474	5028.482656909907
10457.723961294787	3942.442570188025	5027.34027456317
11143.514303348586	4600.020120122034	4431.595386583669
10832.271207511641	3629.6411812172623	5239.884493151402
8232.781856401187	5118.977608919386	5371.765748763352
9584.01222113059	3891.2272641048426	4937.657206919422
10340.28029460419	3313.934353237296	5334.233972082836
9530.695875246009	4833.466028821196	4915.321365345061
10674.69955913413	4818.7798696953205	4225.67332083873
12284.79862074551	2674.0922956316917	4687.435978313661
1321.8556694615609	14802.469456234157	5428.762585242988
10124.348244780986	1784.8153849127646	5084.07508156683
8901.933599384072	4695.41938963738	4959.718525987757
9983.713210925807	2336.700027816775	5626.653091646913
11683.862661538451	4023.081540101025	4836.117367031582
8805.402929847023	3850.389135427562	5218.698764792036
12569.309561883083	1546.3059338079224	4890.579385085077
2356.133761744303	13464.313345920582	6729.185973690385
11380.456660429061	3523.3994842921215	4953.6088082768465
10791.038075655451	2319.5291539860036	5238.629684361142
10440.323977881973	2583.329299991175	5425.170257646613
1675.3693930080258	13763.318481082753	6652.013382911329
6862.80956645685	6775.60598187279	4945.364897008031
10489.283474752094	4333.990258132112	4937.016962569616
10033.068776808876	2974.705699958952	5125.242418855728
11672.842758528519	3892.2144232607075	5249.667113353447
10281.504692801187	3782.288050470269	4803.013574122212
10197.687275876437	3408.7026210369104	5380.156632139076
9500.627352192088	3631.9761992232084	5661.232082301115
12956.513525510169	2730.8923439286605	4746.447195316649
2848.198025055288	13694.041454580618	6837.262593600548
2571.587284194768	12112.971823943564	6462.019746449436
10378.144447521872	4064.9016914498056	5211.016780364273
10326.492662516703	1729.9599199934773	4670.404289325048
10761.452962063191	2917.4852535599493	5064.197088079613
3255.0504957823737	11912.411791281791	6387.433015632565
10159.615856930688	3244.4913529337978	5691.864316991346
10790.823654191572	3559.523867846433	4975.6258227526705
10939.02165705985	4047.5007042227103	4700.938004017453
13123.452992555305	2564.9846468630117	4692.5706926836265
11142.98937087925	3687.7348241471555	5211.251208341638
11211.249796199569	2906.1219777194333	4810.072646287495
12382.783406674083	782.6658565734423	4447.879621390212
9152.614247054269	3922.0449304549484	5213.99116843083
11113.84085612182	3890.9919067949845	5065.4617918566255
9605.754315665425	3680.476063215904	5367.326836095804
11203.718818120344	3496.389582862548	5290.365361629486
11874.81743524427	1408.3881555469131	5309.2569533868
2266.2850960065252	12325.108928125877	6816.038639527523
11582.97830609235	3721.625096502364	4934.56699779183
1971.4469108955266	13940.828216961843	5881.739163823511
11346.10084269349	1833.6336860663305	5011.293542904519
10177.084430447641	4513.9186785608845	5703.10920193537
9490.90972802887	4514.872137718443	5181.355490314244
10266.874199338412	3917.2916050670483	5469.517160623435
10394.80363851838	3396.194046311918	4687.046333656806
1205.85568573938	13783.45159963117	6878.594789874756
9023.5063617867	5194.473431016262	4916.923210912623
10480.289237077981	3362.546518257372	5505.519406708299
10260.280176129698	2715.204436968551	5025.121239312473
11086.8654201866	3148.870597192153	5091.157122601902
10845.670434835314	2727.108447189183	4929.215837971965
2961.733119666657	10373.71783004878	6547.889740977585
11221.350415428147	3630.557369641386	5309.03763769118
11335.814931826175	2886.206103408616	5388.889910223122
10677.069554025042	2887.5935005533374	5105.96692581701
10077.290930253495	3922.641577518596	4970.099423473489
9721.357435408956	3153.2506958174185	5534.53658769812
9834.83263490411	4293.550051841986	5320.93222277353
11574.256351247159	2813.9038168873185	4959.654187008727
8331.65872486758	5991.221873919583	5418.007947902097
10650.347064562422	3250.0194201195313	6028.872823854676
10602.023711830027	3791.802588063164	5202.815950903476
10485.938971648187	4397.818203180949	4869.29712563974
10849.352729241133	3694.5488942303473	5096.899650611832
11528.59124906883	2960.7884157218195	5197.412564835242
11157.413744376272	3965.4675565613034	4924.969529359826
10689.252883735082	4985.192435595311	4897.029278362827
10312.47823583428	2323.3546380127827	4736.380978748456
8410.605657608708	5341.8059694937465	4693.632750381653
10601.764809473525	4339.684987101179	5316.381208078244
11944.67165153433	2278.5320466362846	4838.02637990061
11520.422692167238	1760.3037693718534	4857.068947573325
11896.348015728772	2636.1322241582343	5554.703004166268
10958.58719494346	3262.679233591691	5301.051806370268
10068.829114063745	3746.2288808550466	4755.550924757652
10722.918370182839	2595.940839199156	5260.747297619619
10827.472308344517	3090.294009870154	5496.917991994537
11370.902918029069	1999.4205777012487	5090.271857331186
11372.46462621296	2917.8650203990805	4564.4701430770565
9211.76970596958	5381.270200126209	5623.207444261646
11313.681445069311	3249.2519800235787	4981.309072031615
11905.937744917897	2473.0757206360513	5086.073681676029
10036.991911837047	3908.776631941424	4882.7791150167395
8668.240716720684	6092.179536287396	4738.941702449002
11191.188062195019	2834.285691256719	5574.4928331400015
10762.17129537601	2387.590925613984	5249.959798402072
9977.134115258286	5167.875603793548	5864.349010588014
10120.91416120324	2475.150048059266	4633.735171068998
10099.308890048807	5154.855309445324	4943.306136229828
10903.042943258315	1805.3305555083557	5327.183764208876
12894.716024709964	2088.8040356616143	5022.002535498221
10475.11702841829	3111.6758410839116	5924.93814462608
9164.237151573805	3660.6705187931375	5447.9662865561495
11160.404707613685	2246.5241050861696	4568.948612237859
10353.570507254413	3904.420253118222	5048.934169022545
9055.35069227912	4994.912704284378	5336.390179921172
9155.398550689504	4784.255419565855	4814.759909345394
1711.860128796748	12049.669054817949	7048.131315123294
11740.788055374398	4006.4186640864204	5373.3761294799415
11386.39929435051	723.671516510761	5240.5966375569915
8513.23274445979	5686.817407660614	4666.672860744213
10912.828962914129	3410.279495028421	4974.020977018466
10781.200008085596	3227.0811193086834	4854.954281997916
10279.917496902164	2310.176158246668	5121.462582814699
10220.28377833279	3992.480627842493	4950.412493397495
9318.319698073945	7022.586453746878	4655.838838853804
10975.713603703725	2040.4062817751599	5343.756968584243
11243.78038261131	3606.8464950635603	4942.093893072822
10386.469507237023	2899.711740961141	4454.99175456602
11747.597073694484	4011.3973728414985	5076.421390621563
9387.724615935676	4164.309122982387	4672.2585903193385
10031.833640167379	3433.7466550281997	4804.0849436135195
10006.227002618034	2725.243132448168	4961.752193702261
10504.671855262017	3628.8069007025333	5516.917535308289
10235.842786903633	3971.66144681382	5602.549162751667
10125.429678451559	2830.516518518208	5121.771606969829
10904.054182865242	4113.237474558514	5325.113159296748
9126.455036596108	4424.071963886676	4872.44958405584
10577.988675635037	3448.8486313509793	4835.159376300943
11295.907564565592	4185.003807241918	4773.26553642524
2555.526542940803	11926.0858184341	6499.433142734728
11211.01443033046	3225.4696749422524	4744.676624020134
11040.588108063459	1512.091014039782	4880.245409606712
9773.60207808226	3505.571008530318	5661.206794820433
1983.472130878843	13038.870795598	5597.454489284379
8980.973088302593	5428.674413174724	5336.649641105142
12312.839232991326	3584.5097949568535	5273.55583937918
10013.739095973211	4567.843894524809	5477.172287608347
11595.358446229016	3734.886473297022	5022.906269722621
11434.02464414323	3956.4852550819132	5187.61696153417
10344.403689866716	2116.170632202483	4705.111592781581
11403.731105279709	3421.333606184889	4877.393942045463
11582.144681583248	2824.050627650326	5006.147031021278
10901.351351336518	3189.1074765933645	4724.560588297322
12693.660233897586	1978.695656980031	4824.129232328199
10388.76024988612	3408.035024292153	5465.292286106047
12467.40445062453	2856.98702860682	4672.120430162406
13029.801649649737	2348.5858308465267	5248.809365763772
10819.991668764873	2461.600039137681	6210.225324970731
11624.885076206872	3735.6366702704363	5492.171213914993
11457.442626073524	2470.689958788993	5550.4904325046555
11254.991469043727	2826.7710856711	5291.95188911667
12061.24233252867	2949.4292474384565	5048.914626590594
10058.271082792657	3251.9758749216658	4314.0785207528015
12049.80066731535	1963.8938908561759	5221.470922257078
11529.422086882283	5369.910195339377	5109.412802030234
10962.77483047198	2070.055946907128	5233.2856301616375
10135.331836817428	2238.417832212968	5511.782094778538
11689.112878218193	1362.6236729487898	5804.185796309865
10288.335918782048	4215.123164665516	5258.8778993914975
10936.269605771055	3336.778997783853	4829.88642369229
1091.8980000980907	13461.131276047276	6622.361038695289
8964.643393222812	3496.5476995348668	4785.155797123547
10096.189737214667	4095.927077964993	4840.062427142638
10736.78969893218	2150.903191487295	5555.823244206216
10903.79944159632	3263.671648885516	5182.011720078525
11035.239140176871	565.0390827690654	4751.247322565317
10734.863225026538	2871.2532510795395	5474.973524507905
9275.996240251048	4962.615495621706	5163.583935945695
10116.918829576774	4050.759615941796	5001.609631559044
11563.73308359487	3160.5541075310666	5034.214069092859
2818.755556694634	12142.81600282543	6908.64624573897
8655.536436597324	3866.3181183879847	4944.6193659196915
9972.039621850627	3834.5358992214246	5329.969093416182
8755.628150032377	3170.6608057206186	5745.524024582308
10174.465760899415	4930.86297850888	4552.036540143765
9873.563271156947	3383.3061708197442	4432.827249081024
10811.322500579516	3234.1856027672497	4989.829743162256
11359.287899658464	3314.2716604732555	4803.941587052695
7900.082002951633	6178.9029933677375	5303.86250248554
10221.403076964198	3595.8153917393715	5006.754678978704
11770.212821386041	2727.9047212532423	5310.974241819533
9227.894082404262	2644.4333602278934	5353.518795193694
2724.9799143914474	13183.469371860383	5462.060720327853
11724.830761940584	2548.608754832116	5404.962409049489
10250.674174887246	3230.8176899354503	5551.79768257874
10708.639695065873	2505.0079630430737	5238.448763361503
10636.546002466319	4828.7691216870135	4911.343311891912
11106.347162797783	1407.9267430807063	5335.038509563238
10830.76538109345	3145.279587006449	5016.97263563898
9684.135813377712	3800.0712851034236	4920.295191315051
11332.510930085024	3373.303291503375	4689.907736435624
10971.015719123372	2475.783848015667	4977.227251674853
11081.915011408113	828.6978396986981	5628.905716122225
9516.87176606165	3537.851420893495	5409.46506491859
10396.14237179881	4406.980474497319	6062.933850005881
1212.5307759892141	12389.800409070745	6194.709120775442
10541.059816669389	3846.360191927093	5898.85133035133
10214.853128645558	3922.5170920062183	4725.260786063796
11979.580384167813	990.1599869693401	5452.091715237178
10035.116731680671	3925.1108092072773	5320.971592640444
10691.684737544008	3910.0419514429836	4889.5378647295465
10996.591731187767	1847.1455662805395	5155.7766205305825
8207.522209914448	6017.908744886739	5621.724003497471
9003.17326858865	4636.368741420206	4759.318370596066
11832.0288629833	1577.8270017959228	4919.410681972059
11402.295552683423	2079.721363027398	5256.937361366224
9708.132952200773	4206.362617854713	5097.995415093239
11412.669495801683	1739.3686196718502	5154.824071404326
11174.160244106644	3871.806274495816	5162.234147748573
12150.95997133662	4259.22105147869	5062.66538201227
10460.373176361645	2048.9818264235614	5098.215251901685
9030.592686696618	3747.483250188844	5402.521891722048
11349.97218827783	3049.501385433998	5319.598838365797
11414.284804320485	3754.4567509485664	5334.825340795779
11190.247694581229	2781.229431327137	5106.420436871696
11829.335699036548	1290.0420575201329	5477.830633820168
9995.474724540743	4764.531754771039	5281.751801804943
11944.642253731216	706.5952574842033	5111.70637003027
8437.135321644491	4165.08907796061	4353.6180856415085
12418.516182102021	3704.4452218220254	5083.118693014243
11593.64528843241	3083.4121153208957	5483.847625137271
12587.400514465664	1999.205387278656	4578.365331099002
11948.04036401243	1104.550917200109	4746.391017536184
10288.50056568791	2281.5725732912606	5341.347610826316
10437.10135835253	2775.508439446612	5848.847294235123
10986.085021430345	3149.234440929251	4604.26146101262
10791.01231642754	2780.0115980336986	5093.7548424747265
11508.560028748485	3869.462108116327	4933.908355403378
10667.283359288918	2484.7477309085302	4925.931130491852
9811.12857959342	3781.6114357688816	6022.372101550908
10666.854815289267	3558.2248089349973	5604.921389551675
11677.77561412256	3130.1788927614634	5069.986167860863
10651.85880219677	2635.168760347485	5687.476973676336
10133.403298255856	4493.314316482012	5018.898837489517
10718.361135953815	1472.5894173034535	5149.453873616877
9322.466908161568	4433.456454671159	5242.692322122477
10837.722293597495	2112.4697855723507	5412.733946002678
11065.10379112201	2581.0709381934735	5114.713531848333
8421.960195162768	5672.809053293352	5158.155315721305
12750.406506069736	2614.0121018333134	4860.568716764777
10359.330235109825	3068.307636024487	5116.447888631685
10631.869206935144	3080.921329456077	4688.876353065967
10532.541642705428	273.82322341467295	5228.579669927408
10512.775360817566	4048.470903178964	4992.33083917033
9688.124079543055	3108.0178821777304	4639.769948479089
10852.846437091928	3894.024535813098	5287.14579000708
9890.409099014056	2890.041999545617	4955.955802593493
10827.314277088377	3202.525599820292	4555.58228861491
9881.375838279702	3268.0909117947235	5420.704735931753
10077.286262359929	1744.3037251840083	5632.621757824776
11693.860681813401	4571.450917937008	4819.080619364331
2384.2807034888824	14846.102404918784	5694.1217714512295
9573.1283680393	3725.676605763911	5439.781535349599
11021.037357282003	2722.4062866268296	5016.96629150751
9040.584724395057	3595.5891587961582	5023.280914454042
11484.285553553538	1169.6742725491015	5109.255296839137
10188.303016375809	3835.5062234167067	5175.847268679418
10650.191710218229	3547.6694326924935	5060.592998615874
10751.295580912352	3675.435457238853	5171.800227355253
9534.412029790376	1829.1313676253806	5165.673715443133
11504.793240421186	3051.247491676939	5576.074780049588
10339.798102020795	1073.8872907945338	4722.335894444556
9511.888728623991	1637.1892965153716	5494.88798046102
11499.166485065214	2021.8059156200088	5443.033234215489
11036.990853065268	1842.2936484511224	5263.697432294647
10152.00200791558	4502.950425640638	5330.041442017504
1247.6845194009984	12543.262524426003	6539.985755534228
10259.312977478876	3077.490702327511	5453.68936403433
9902.185904600889	4370.847325803552	4912.580907753253
9635.678457873504	2885.1106406888316	5079.5941447549085
3979.5456909545264	10412.494176077553	7031.513060843259
11700.687627293015	3096.7710580270364	5507.077445582338
10581.574028374673	3176.150264380379	5459.564489896907
10118.507491532262	5254.995897005619	5681.100482225025
10546.073021602724	3450.0723647495793	5412.7743771078485
10858.893788025145	1725.4788137418236	5122.66943475399
10580.253896971235	4342.217350164149	4258.227130637792
10010.728159871867	4592.251436089614	5223.634761535527
10624.391563344594	2509.911995912795	5122.169362372147
10619.898930376954	2875.6200869830113	4723.250600881985
10780.954147830706	2635.537367630876	5505.062525046264
11697.499939207662	1024.810286169633	5044.307897545379
11696.531995272175	2698.783011169113	4802.115675626726
10628.306132076028	3874.2291789992855	5417.738155867198
10034.423883233825	3823.922666298297	5396.362593271019
10735.958547287142	3730.269613697602	5207.260824174778
7133.7082564438815	6069.299940437048	5224.252214496099
11048.984235883701	3236.45370478467	5242.976240600125
10272.4561790173	3551.2001824192685	5035.723168956082
11002.506722720782	2414.1776066294424	5138.35844763878
10703.027159437997	3445.7886666481695	4586.753179058303
9543.374497237573	3210.7888313152075	5385.05869510286
11166.973818129229	3515.3274789768216	4794.84081239893
10527.645759811372	4022.1162572489	4851.862583642061
10805.262161191185	4168.572334239841	4972.196279739371
11811.205485325825	2461.6365933915413	4757.163377063077
10408.529302061044	2749.6868858143043	5506.354976851621
10080.41444408306	3860.7667241117897	5507.137595279491
10243.113826026713	863.1029447986842	5219.688588795181
11563.416377730462	4215.966328156873	5147.393193230791
10619.08206907701	4703.574990335672	5400.56610182099
11216.780566191943	3719.700526059009	5325.58787713557
11699.04123849327	4946.118907942465	4956.197816127151
11266.760274752914	3895.2209892381893	5544.3789328105
9800.274926291313	3382.1871024895217	5486.785507571992
11037.959448021224	3400.6940846852385	4833.220341366874
11539.518285979137	3240.998137388068	4944.104297547091
9692.225532454047	3245.208811311162	5572.824344697188
8879.10240187367	3889.1100462797936	5302.158104205245
11083.25210623507	2111.4512684290567	4498.797396267864
9954.942184488402	3432.2829347739666	5685.034604816411
12006.622876888652	3405.817567434399	5016.628753572878
8770.392632522335	5296.74345033979	4878.208932508255
10033.800029050986	1967.8646949640893	5287.2993913684295
11293.054841211593	3757.063624888266	5059.623140598338
8272.861071645497	3477.838654425974	5845.3399446266085
9030.05667738009	4554.404533174568	4915.258778356749
10141.77104677585	1912.8964044241065	5405.610525467095
10934.47624174045	3084.9608709717654	5738.609578522587
1698.3033316148387	14009.967417495373	6333.220507088034
10858.091333874863	2747.7123696776075	4998.271260823428
10734.475788100808	2512.0405548740227	4799.6662604348485
11114.479407760005	4940.3180224917005	4847.925648610244
1130.4828937007105	15102.1919684833	6460.902698729515
11197.126668651163	2416.3966368029555	5631.59807230395
9681.823386975257	4847.258301672149	5031.106048120375
2100.2359944349932	12857.824171487578	7106.393495938726
10996.311927102617	2563.15017159604	4932.211451856812
9736.032383139362	2986.310093798017	5795.795108931273
10439.346757939707	1632.9885601577946	5089.945038224782
10467.389950023007	3960.0673126648608	5305.438694767757
10731.156196239359	4194.434554399094	5592.570337932205
9957.83219528482	4893.180004485695	5019.553835907749
10397.718233647602	3397.651772896712	5858.555720484113
9637.864649652032	5100.2700424694385	5836.328246211053
10854.146350581745	2342.5103026228057	4742.776695522226
12875.337339519449	2387.372910676019	5243.694255054758
9986.842598236513	3004.7208068984664	4923.639285022299
9661.986934814853	3888.2092251709228	5656.20825942291
9677.602446355113	4716.892694810215	4864.450426930164
11087.298256393067	2033.8638281272197	5350.0686431637105
10007.481203288246	4605.837395387467	5430.7405932256315
2944.191904980038	13326.661489365477	6005.284769155598
9958.91878499143	4420.915837065986	5034.758715177476
8188.84077509784	4974.219932538805	4928.115385545878
7955.641854261255	5276.63024970999	4724.66147270878
10650.35931928885	3519.494354347456	4578.416808299195
11705.637358566617	3084.7870049043513	5115.030804416309
11156.33823216605	2420.2516925665923	5293.068253766276
10671.29839505445	3275.1863288243053	5014.531197621649
11302.954611435642	4962.073137883632	5612.35492749671
11647.10262088385	3420.433109869001	5118.231405397059
10329.927831910905	3713.7091890370925	5573.801667587696
11359.034940870848	3416.739963985404	5028.747521147823
11465.151639962049	3372.2051081905597	5097.20802561065
9851.723024365072	3335.6282337785656	5552.384432450283
10070.816638813538	2740.5317091934958	5252.965370868747
11879.819634399611	2261.072240623197	5494.250919128358
11009.125433383915	2759.7876121032336	5297.5236765004465
10712.384543548356	1437.8162582967698	5126.905219997434
8032.435335379851	5769.645384556692	5272.234510606746
10153.013031869057	3409.836905444915	5024.441757428122
9785.148199669773	3308.3812149750065	5336.58672084249
11162.654902015845	4431.110980605071	5394.674374410985
9828.053157647726	3795.640033000317	5311.704457425215
11337.374037852422	3082.333511733214	4761.547158013295
11345.886760492787	3364.1109332369165	5249.724295058315
11671.428866434324	2398.2743368039532	5152.179493713487
9056.640250877299	4653.324421829232	5008.6628238515295
9778.478034982278	2779.636668896513	5251.207773572347
1568.2450476157526	11733.656497199227	6551.085213501837
10677.50227305275	2779.3588409465046	5104.975345691143
11441.907040642156	3245.1840283974852	4814.341458008202
8691.117499057216	5355.09254896974	5041.491022401294
9507.845540500626	2696.5463149467873	4912.217786942283
7680.623011516559	4664.117520752705	5034.955127323482
9002.087800710255	5092.245855710143	4832.349879248527
11310.265491492159	2648.0814906810356	5577.432561369364
1730.752524710308	11429.287481019726	6661.364533275407
1275.6478523646263	12390.804235767704	6199.2701859596955
10733.616177090127	2707.139383127647	5038.828982294257
11183.86547115396	3986.759576401497	4943.605622613937
10456.594469925318	4287.539145040922	4781.120959931376
12012.544297056998	1609.0159477221764	4986.092721411731
9986.227096662993	5302.76672821625	4895.298872164684
11016.280630514468	5117.769279135317	4956.0826000973875
9922.103202826882	3273.062407819193	5076.931769447436
11491.086668886777	4608.616270371143	4592.681016223897
11195.745428936281	3535.8583960479614	5145.339835850397
10803.612530915345	3360.065828752165	5259.153762143249
11996.058531531113	3532.2734863082683	5061.602238566706
2631.289534682334	11379.57794894208	6622.63248228952
10712.206882288503	4552.318698216493	4657.58200213025
10653.45502486711	2870.6990035448976	4886.108555638404
9060.302153448778	2468.5379194929083	5188.884896991483
10292.474179640947	3554.854385217006	5644.002727589398
10479.080458504917	4078.054866719675	5216.390420868965
10573.755851170983	5112.508482736086	4971.802660236202
11245.411066664756	2073.7436822912377	5194.076914952191
10631.62207959863	5396.073566348097	4741.294018683317
10670.585948018204	1874.133788372857	4956.207263259635
9833.471311912901	4646.323182788224	5296.554919331063
10664.652357618961	2767.074815446049	5443.5256207838
11439.889551967342	1326.107439513754	5791.237272552583
10472.358654882766	3161.1670666978875	5386.382345038123
11262.273839354419	3841.599443770231	5083.362450315741
11017.168964910416	3401.054117653707	5061.835788364959
9185.81534810312	4993.889353548062	5958.11960573904
11081.754750848506	2685.99465175667	5316.611851299546
11401.085938851083	2617.605684296146	5006.500497373092
1583.4376516145642	14718.572728758381	6254.216101235846
10025.26039946794	3482.4936144981757	4783.16327888234
10363.721481657922	3665.3604599334335	4883.114417470585
10439.465001179671	4995.344816272329	5152.036374871319
10968.828825511488	3108.5491297043995	5681.568925364463
10877.719971089477	4045.9026746964073	4701.905676071268
10518.66870111066	5262.69471328527	4844.427020310442
11915.920346342205	3067.462926375269	4779.220350516786
10349.333289499613	3356.252868726553	4692.203169428186
9579.851043961868	4456.668089947268	5405.281604846435
11733.366436038485	1907.4856218467385	5125.362539336919
2557.9683762481823	12182.041454730846	6213.854611055446
9932.683378193056	2821.9719314561216	5336.8105323146065
10425.401122806717	4335.552822672573	5355.025378836151
11080.451748982126	2047.930426532551	5103.628359046469
10672.11696266389	3229.377631255873	4595.953254958743
10137.18793166883	2818.054072498207	4825.842561502459
9925.22888435283	4841.924893961325	5290.32119231837
10880.652478628894	3015.089629257324	5563.9863570254
11356.84477239367	1957.6334824781488	5760.773013666957
11182.441282594444	2338.1846179895756	4940.707936715095
10703.817463531164	2298.613407422337	5572.105953224566
9763.560021102972	4817.0095373043505	4990.972535932309
9908.195532550026	2238.814158665169	5249.703699471734
10516.865270615695	3823.244780544378	5255.377368448045
10251.236466204939	2445.487294164829	5732.591195917966
10236.386948569121	2781.152985686872	5663.55330642814
10074.268948745881	4759.537928424788	5321.913988540585
11142.348403803197	3225.16257072784	4815.664319487092
10842.274617795536	4354.524206829233	4929.65390415561
649.7961299133683	15523.816914616667	6304.171055070056
11311.696292505041	3354.1972504615896	4771.5174474455
9104.504252377308	4719.383615221244	5475.535469915734
11065.049744469537	3899.5143848184857	5160.120688341676
11706.701894144815	4628.187743750362	4354.8865807610255
10388.438567906811	3200.6084698451723	5003.88191162795
10728.247003337372	3787.4711019270762	4654.633074331798
12078.644721992003	3265.722088469312	4882.382625023541
1340.3995587264922	13583.801409534928	6762.663065536528
8999.180361190687	4236.898779198497	5372.833494637737
11761.473757016853	2902.3280586795827	5400.954233650495
11309.785430321055	3258.5195784429748	5132.94223679441
11022.2241301079	3540.050560652273	5310.031678303777
11433.777537945529	1419.1184355937785	5007.200979058026
10632.7939964839	3456.516800923077	5232.87837774736
9857.831712803105	2558.2816940786543	4779.332331476952
9377.440708855995	5485.969349813105	4921.642926697865
8298.417982556712	3995.615680179888	5174.010492176856
11794.97868274229	2280.098803791955	5924.920317106037
9890.732143319374	4240.199902017244	4806.888420657691
11639.319946554127	3959.4700684125532	4707.9983179669425
12086.795934920186	3940.7268599879276	5375.369838496297
10381.64745900978	4380.693516060481	5175.484352049733
11406.004037177621	1285.093135683692	5326.401236350735
9998.28079399548	4028.692195242917	5078.421622272571
11032.359658215491	3284.9548665312177	5476.703169065895
10851.189382400833	3408.2907910635777	5158.2609559626235
10945.214750713034	4569.949727243728	4884.377958166223
11335.495339138304	1325.6693126959494	5272.00937911919
9721.42880378042	3693.4781417173695	5512.334482000159
10881.99731473925	2579.3698218388254	5291.816559655096
10519.584231442253	4573.70830656255	5065.325193866144
10186.111617090393	3818.257166324207	5548.678397479329
11088.756214660172	2705.2690758579374	4595.767418458932
11476.166675499002	2567.0417775401315	5218.087650502724
10287.086067307055	2793.697603825241	5472.1948312655895
11591.843906660839	2894.160634796923	5044.747958443423
10211.010879489442	3933.4677772991636	5457.563189040434
10831.18408569795	2452.5865990719285	5516.777473521641
10082.579592863509	3419.87204117058	5204.437162440987
11375.946893578432	3862.811104607589	4319.062677648176
11134.025407226727	4801.535241869672	5136.810682028749
10919.636652991341	3354.6566510699627	4952.4567605358925
1560.3333049519717	13673.939101018243	5640.622600938765
9934.729565289708	1880.8036785148843	5863.152422232291
10727.290671077284	3072.503108403866	4748.943178414882
9079.627089673433	4358.516084177437	5508.900868093087
10580.089243163136	3062.570898226445	5518.814898730171
9972.035200958117	5305.367742535936	5078.911414866084
10903.153345447372	2669.2720758934875	4616.192910224788
11108.895869052449	4446.737205654032	4996.464877335052
11216.389247600091	2363.515194874275	4454.321148692202
11535.990360215934	4319.626848824119	4465.592830322834
9453.413654178275	4156.890670196099	5163.888337909597
10366.569465542396	4424.353435227371	5557.422708317938
11467.473593733803	2812.099451183789	5305.213411414637
10035.93414331738	3256.617518173435	5324.641568446302
12825.509369952904	3434.45519165046	4483.324397062028
8777.019394218863	4866.889534418452	4817.487327801502
9574.604186762244	3068.1448549317392	5823.474659062143
10712.931365441598	1898.917344780381	4366.951090561548
10551.713308204282	4904.3705940073605	4797.769948522173
10047.569258838834	3515.2242133435616	4702.127976408731
10541.725429540538	3520.515628923545	5431.681176451609
11128.107054771028	3427.8891388485927	5569.932555046398
10902.24331082553	3013.3688062796864	4469.441311362607
10440.298075632723	2643.027796319217	5625.762467064042
10593.660341869401	4734.904400939091	5371.406113290299
1869.4937154993877	13922.35993822032	5709.577447814562
10611.664611330276	3364.2952640461754	5383.980495094847
9732.486429482182	2704.497069723546	5055.917980773131
9940.048089013872	2822.6103141682706	5272.004618994618
11353.787859262828	4083.40316018833	5449.2644954108155
8272.483053763028	3314.884833404834	5407.51635138905
11998.430514734153	3197.270430931122	4355.999261732497
11759.345869797186	3207.630073649318	5170.50894685831
6580.926453331179	6078.33452956295	5538.5452283472205
10820.450834851463	3127.9408672449226	6081.050123618323
12041.75098191211	2563.5202962382377	4962.16744262824
10959.42117652187	3030.5469597514834	4903.508626040189
10428.653907505686	3259.048398800874	5323.363522219786
10899.283250526832	2304.0353480788613	5491.696178954213
11495.489068012646	2102.5238577412997	4945.322146553288
10126.509822020938	3404.083711104244	4949.783737984085
9886.689419514805	4289.345926285771	5217.442108943016
9390.19139377316	5150.113216529204	4956.140059203678
9792.840702822996	4253.258103635132	6215.2944726846545
7505.956752172147	5102.230228792625	4995.2706094226705
11743.14935182631	1864.561026662829	5034.849314171216
9390.298374592283	3431.4666962091164	4738.93202697284
9577.08578172866	3112.9641882989545	5429.210242641457
8186.969862022252	4846.707419901268	5730.724046638974
10977.873202319453	2060.997731737321	5436.768856569334
9665.465824537818	3575.351339573474	6247.256883220813
9639.21707126238	4130.990397170049	5252.910331633984
10643.95031686496	3991.4973296458415	5581.711747102652
10261.786076244638	5570.676803687787	4943.11073473042
10324.978861305262	2465.3880975225143	5776.631360114821
11030.587150638272	4253.826885835714	5362.895415438467
10060.941288058366	2846.6548141240546	5060.325185845555
10034.179334081005	3341.0187091822745	4806.038479480898
10678.93301477238	3254.0950292770262	5460.290966009861
12518.016938120236	2769.118873629503	5145.639125214737
11496.08307777057	2154.739094095691	5383.6210754621625
11234.231507441495	2178.4099582618833	5216.823384577911
11901.849154898038	2969.7463445865737	4543.08030635515
10723.424940057012	3966.092886992937	5190.726230737189
12235.311646369553	2004.615130245081	5856.584190925462
11035.537917122221	3181.546167752143	4916.969365592302
10917.924746599794	3515.387282479026	5440.185595654603
10109.966649028485	2622.192460452358	5435.928808902102
10454.004984501613	1255.5636252802271	5423.415142288751
5180.918030670953	11205.723491716557	4924.862126417778
12418.738613903102	3481.3844979729665	4781.091171266276
11672.866509504784	3505.3134213384233	5372.438944424992
10313.328954388586	4550.277622049408	4836.056121317617
10383.65613425863	4299.34527077277	5126.9211388079675
12529.605119961077	3813.6478204786695	4976.803589234136
10921.282754625312	3055.959508665927	4759.2258067041885
11297.159261346034	3343.860469157084	5178.373741604561
11564.587258561512	3068.210416488752	5170.322689205293
10895.242723347026	3069.631491401204	5644.411617465473
9834.768622528707	4498.422499778493	4784.778971779788
9153.350247986535	5935.654082081291	5093.612666593594
11608.605887033418	2314.449573702007	4960.521184026034
10976.996537070592	1791.8370593137868	5302.929066891345
10443.060374624789	3693.2536916944428	4660.1000965329795
11322.935083128603	2972.392196649452	5936.35401926748
10952.32893323534	3691.429237693559	5342.48580305602
9795.668524112092	3969.92281792191	4929.23120321458
11307.850017418903	3881.0548271217835	5169.120034691738
9719.911399682262	5062.372010885274	4229.485959613125
10597.15415468284	4776.867555144484	4861.286380403418
9941.701264722285	2933.977768188617	5413.6333626948135
9668.78473274721	5574.662219815715	4587.588903301738
9919.79496378007	4814.03848525171	5140.5383964801795
10386.968910807303	2727.4708449923646	5212.0094009557215
9085.06497806641	3835.651877349439	4863.165951188438
10818.462484687881	3132.159225437026	5026.041319023154
11480.319042216372	3538.808965769105	5092.958278657331
11131.791462810375	3023.598281059339	4943.847930490857
9118.741613091732	5356.869540348962	4920.730473504832
11723.889154428527	3104.7030372571444	4742.882837816279
8556.581839080565	4787.7448569981025	5629.917012810565
12335.464008707437	3704.6912642540533	4528.76161879372
10804.80548007184	1146.87337913165	5613.450499255463
10162.873592371805	3969.994652097096	4635.42468832376
10895.870217221724	2489.5892620697514	4395.462024102271
10135.325132889171	3443.6075351294858	5086.662774925388
10119.547303053214	4044.4650963090785	5151.330538837975
10950.840442931816	2721.1128366283265	4223.691510385513
10034.170921238776	3292.387814828725	5282.285763932106
11428.56497287554	2737.2109156395463	5242.803905829642
11574.091884666266	2000.664204332422	5221.243393775128
10789.912004443393	2483.3614172174234	5197.939475587117
12282.878222145162	2062.0753116251317	4783.3572757776565
9324.730906631003	4734.40227205847	5191.461781981114
1333.076992495556	14348.963823401695	6290.942323622479
2550.7546041310484	13638.044619192764	6665.755550228941
10915.169309536126	2927.2594397844978	5110.758182350357
9986.511521992848	3514.2017290522135	4847.654229748343
10512.294845550607	3545.738857798149	4772.1716773959515
10811.151096414478	2965.7524490315905	4868.470614398818
475.52255044701457	13647.680954296244	6291.489023407636
9609.295980133544	3580.394134716082	5149.316660437532
10526.817090512392	3685.6137799183552	5126.708835498052
10257.124798496992	4847.935811900984	5059.746488311767
11746.138355881214	2062.917576206321	4893.488407918741
10487.435618649279	1251.1485337703164	5034.089851093905
10315.8026420005	3664.2908900229277	5462.906263325033
11086.320102802229	3174.6395483914966	5367.844215484745
12733.901337620924	1189.1241770624067	5121.165024660715
11023.34474601022	3066.3947698632683	5335.649136905683
10207.64736246652	3189.8510137373128	5030.364844464616
9658.360982244852	4456.17164513853	4808.490246418606
9079.00430534979	4334.396208434154	4980.073806238634
9706.383536598349	4493.42138935993	4968.517356942023
9656.122396549365	4158.453070651584	5279.085593764102
9823.693751839624	3732.1703191535294	5929.800825942973
8987.723184321469	6475.246709634498	5349.570187287812
10162.463034445054	3228.282078080585	4990.162746010411
12204.449668538806	2017.6567515930983	5033.336858727343
10511.013171728559	3453.6185417882652	4625.9722549983235
9611.39832751404	4467.132095723539	5344.97853119982
10369.266472144358	3010.0680489758342	5783.004008104141
9792.755448452355	4731.462206235714	4979.481464764582
9972.412607321512	4146.638801953445	5573.985962787423
10168.30661624681	4742.62560307283	5169.368836696637
9758.09012009256	3809.43268908178	4793.400600495592
11183.959370991286	3121.4822918663203	5775.324404321443
10691.954024103434	4153.853505687243	4558.9136403339635
11795.912741827122	2708.3954272677142	4728.962909385298
13101.081305136202	1520.7193883856912	5023.029319023041
10489.20290436169	2006.0869103098933	6149.288415821415
10467.09726545116	3945.229858753645	5032.12867140297
10381.079060374805	4293.713965668318	5017.804741765977
624.0305117086283	15365.324449272066	5814.14429409208
9889.750825889054	4480.905941969867	5386.59407971211
10445.696033738432	4810.471827404858	5166.915581253077
10494.193718708444	2984.9567177595145	5043.521782179035
11205.209005783046	2204.689042468241	5373.063169092319
9220.808651752244	3893.847302768223	4865.356864383159
10836.056419690765	3113.0493304009055	5570.997996192282
11242.404011083185	2007.0502108430264	5117.575539237614
11051.752146758541	4937.615465635681	5241.442117256822
9370.135523128703	4194.83817868888	5244.909597497115
9860.763789766139	4654.440880487808	5218.530297193939
10912.363505031799	1937.2054523544793	5998.44989670824
8831.863575587919	5490.768024485909	5009.941757694913
1415.0591557563166	14286.417508132983	6818.625919480218
11027.370521443996	3051.5391010229673	5602.907270500807
10996.657430157675	3416.04060712413	5444.328363040427
10859.534056087234	1292.633524959543	5546.608791456405
11676.98336974646	2882.578702396411	5133.887596801327
11811.960160314271	2660.3881850867056	4786.577792376265
10595.920219337866	3643.056284951984	5672.258188080364
10082.705633515698	3226.8978543940693	5149.002373293521
11734.622013353757	1139.3117875495352	5470.782721744114
12140.227112855264	2855.9075721431254	5493.593242363816
11089.683039130385	2969.825254596502	4836.764429367122
10054.595186822326	4505.04963844591	5317.976721293156
10960.168949958916	4166.2991134833155	4814.280380687165
9510.07851442344	5565.3386174413445	4733.476500935753
9586.332455535945	2796.776499273709	5155.955220847117
9865.265428843348	3902.125089405724	5023.858425912195
10863.538250175192	2776.9972386832715	4568.898701006806
10006.623995413067	3252.8760472085105	4937.361735152161
11408.619873101254	1775.2937084318498	5315.00471107896
11274.504712332811	2539.7479949029384	4499.393431939069
10925.575753772651	2919.3991145983073	4896.375827219011
11365.108834409604	3294.404801753462	4787.387605595633
11412.661207846344	1956.1494581505056	5432.1308060134215
9684.774839354977	4277.0178683643535	4676.696128160277
11483.984472110631	2837.1015318079126	5135.672189792361
11931.21129676761	2622.0500372847064	5103.332692638081
11890.926313848613	3423.9406480883313	5212.650006209382
11788.715243353447	1423.7109095919827	5510.249681954315
8305.309334547741	4245.716629398503	5262.560420826501
9628.046962756922	4601.27453062304	4833.788027727001
9595.126144155332	3428.956198806196	4918.816081880356
9336.139476485907	3696.8252749988305	5287.902700375982
11638.39118185301	2036.3999168705711	5501.1845071680045
10779.875266538687	3031.1398589978867	4430.769965368426
11186.519535119623	3811.8624555406363	4597.5801642961405
10632.387667788542	3249.8822483600106	4820.284780977298
11343.63398386729	2455.3097725764583	5012.482006326472
11461.697222210743	3474.5803816068737	5440.0398592389165
9681.411215272601	4326.938177170686	4697.027824795483
10989.39810316617	3599.355316938426	5111.849832749411
8897.842147772653	6542.455481630826	5583.077729094767
2548.9806859021696	11702.488278679053	6909.177328522562
11035.661841329762	2983.3419562992076	4968.839644445136
7988.363762548098	4949.41893551882	5704.892351548847
10459.47429656035	4906.1995449727765	4510.969539677828
10307.895179373558	2923.379989491852	5073.852055069718
11485.780224045242	3094.4107981609773	4953.143661792496
10804.6581668628	4163.767027741279	4860.204912906689
10195.704168281814	4471.4177623267	5128.588515014898
8974.40979651527	3792.7189277957086	5216.65818743639
10345.591729663513	4783.464293810856	5439.9181239854515
9662.119085121487	3351.8717728443726	5016.0693816392795
10613.134712784533	4396.457377736693	5582.182664420235
11812.986350404764	2929.7076766409723	5094.7670725007565
4850.152106592152	11362.683948095917	6714.822882177165
10756.263576168663	1552.8887446946917	5088.987362179236
9759.082822060669	3233.059847409415	5768.45966316439
10255.501799239595	2901.9503877433594	5085.705109072306
11052.045204486207	2522.828119479062	4877.9470645068695
9373.251317025904	4203.8680288940195	5646.311816003797
11654.295865047505	4396.794151231161	4890.451293138903
10918.23159868144	3432.054331163845	5416.153199928927
10525.311102627358	2860.794512616106	5778.289084477252
9300.04642589611	4796.522997340773	5104.314214575369
10684.690553457134	2425.7153724920595	5143.423931726655
11933.221711341352	3262.5027316366422	4653.6590702075355
10900.189308089808	4221.441046607999	5036.940424262772
9588.639895682094	4669.6989499654055	5457.970139428631
11992.613565220108	3836.6435603989185	5271.967673550233
9427.938441987313	3052.4320095579415	5109.142600865139
8437.902824664929	5628.61810296465	5579.704245625127
11316.851054357865	1859.6219562487806	5498.873914329279
10716.570129708938	2460.1888864759076	4660.775893712414
10791.299287863036	3805.4164239840056	5021.7549411205655
10932.333618111816	2774.8594777857525	5445.590000100265
9332.013879373684	5275.8282241026955	5706.565104922459
2388.125124651397	10414.891296184946	6467.790024302248
10799.000853639012	3810.2777334441694	5156.683059671373
9793.922551762262	3653.8198535370157	5422.534648464371
9447.1017260815	4317.534762772795	5058.7174330368
9844.422619867533	4158.200315158943	5466.988192151056
10025.012189961773	3579.803113784156	6268.08101560535
10392.172465030562	3695.503797542075	5311.750376900629
9728.331247685577	5133.377392984354	4979.575779933377
11250.271089882372	3003.8529761825353	5267.377881361112
2913.4593213584676	12289.189854943748	5890.507778248643
10887.076703696881	2485.5721139909624	5133.98326533147
9815.46374358459	6344.5256646606695	5473.9361500139275
1916.9121012589696	12122.780301540413	6365.39108301054
11279.07366365657	2986.560504398203	5213.037197062063
10052.051704848887	2354.494292278373	4861.5451495201005
10425.847499411104	3715.6212817828687	4975.056279584369
10282.848174131046	3673.4864961302783	4586.556084594646
10867.51646463472	1588.5855157783817	5176.454521565196
11954.850573853682	2614.7176251812784	5266.409355094155
11932.165891168659	2364.7164007327924	5126.659111964395
11278.763186925898	3032.9890838546726	5342.4047809561625
11199.413341263275	3170.1958258661616	5027.094635549105
9510.08001197399	3440.03345262059	5035.383483213502
10038.988685439017	2079.375769968374	4925.509018750551
10398.983815879646	3552.1047700806416	5693.085660706255
12467.894174108491	1888.395140106879	5161.502933687384
9046.666299112916	3592.207271780715	5596.914024891493
10617.989035763594	4176.6934477107825	5459.51619114986
10162.032359467514	3478.7954609682492	4478.488310220147
10125.452436493406	1955.877248014551	5139.786841262988
10585.887275691653	2644.365529940499	6035.106678570995
1938.014890527553	12037.556854573571	6740.809573927508
9373.172027993818	4768.19924264612	5226.469397402315
9839.166919367193	3845.1333180217794	5162.1546872879535
11139.918520836323	2739.8723287976145	5245.4963418017205
11181.571156909014	4861.196843344309	5191.969867757779
10638.588478677508	4000.2473086558675	5585.978896836726
11066.596220525642	2843.528147051007	4973.434859636472
8558.609762834922	4886.3887751526245	5438.710954489729
10617.522026569195	3673.7404384880965	5313.668670315997
10889.577225497838	3885.91313801929	5869.536472841194
12037.479446237374	3785.1079366926137	4827.023772829596
8692.63774382309	5119.999919599178	4872.490890536345
11188.46477455959	3125.3970239309383	5096.83650067455
11072.185547109364	4028.2249109782956	5134.8620977453065
10045.872207899874	4334.324109211128	5548.135045793015
8682.658000979527	3432.4836427374576	5351.7352696599855
10948.033208432225	2846.8688370164245	5397.924800414017
11133.803576990573	4543.882267475806	5242.256832548711
11631.075513343143	2852.825042390674	5059.805055713809
10495.745130425337	2202.7710449138635	5338.955759615934
10507.454455323807	3938.6951785800966	4910.931973253941
10589.676237816551	3093.660660041879	5093.384214220197
10239.376224590143	2433.6953899474565	4754.972200399051
11881.208362504914	2913.9089432483192	5247.217501760247
10794.04978500369	1062.4518600084157	5122.13664206541
12820.638508091803	2512.529913273154	5723.390243737969
10319.136918265543	3657.4367868520785	4997.701100916487
9683.94556475316	5200.712940537993	4817.114328819343
8171.152950638268	4302.594378508436	5256.644494928766
10295.186359200228	5351.048161553034	5138.737689358736
12310.405336042952	1363.540941111578	5282.053133520091
11193.321151947264	2604.9064941092192	5382.692498133684
10608.673206425845	2899.6909251204293	5008.4722842846295
11298.261751877842	2742.9090841665225	5167.27932470489
13147.941413636432	2498.640596182074	5381.040615290249
10592.728114474154	4964.705985141368	4716.995922711618
11969.54114892763	2427.3957082240427	5075.476864691693
11271.245939771565	2965.1116093661058	4791.346715952219
12004.531947117777	3474.0314137247365	5250.876305948382
1874.5103328101084	14054.262770821115	6215.1675305171475
10937.631578107224	4073.6464897049864	5181.391325055765
11121.092609148382	3227.7920964117093	5390.35352903485
2050.1016532847884	14101.010494061491	6158.608701240991
11399.432754706935	4073.3999382457737	5091.790861755014
