12242.595588098766	3220.111377130564	5819.151038081839
11744.117969714789	1635.8659294170156	5447.9402326672
10814.131316117786	1527.1880650529547	4866.507267452472
10353.096154973693	3493.735899841543	5023.008831786679
11114.34552231306	2699.706864375735	4795.6602349679815
11554.899167750678	1894.1191372847568	5135.556538573381
11227.071166060925	1829.7572637316296	5381.678822772896
11406.310317516653	1901.9475972856596	5539.2791790538095
11708.695504929616	1850.9668796683206	5209.17181269032
10080.038415021621	2189.404953841067	5582.101344664362
10901.722040145078	1883.1646935869935	4673.615934968725
12695.129839340929	1864.2364845110644	5612.983238398344
11600.217245631638	2410.818245545783	4362.625090396548
11175.508992929465	3481.9569265363334	4696.905908033386
10472.56575906443	2771.2462371745714	5546.9727805280445
10696.399855117366	2001.4503728040004	5221.723628152696
11604.325380608381	2605.9584291005685	5022.137265964831
9446.265946153568	3638.3236536071277	4851.577602213677
11619.190199040519	1930.899701682835	5184.212357787818
11658.292228853486	2268.74171248317	5279.221600521092
11086.119762699249	3018.305948180124	4973.292572476012
10759.9700706121	2157.9587735329765	4997.501941061778
10161.50071095755	3032.7749890543855	4398.508917948876
11265.248436872767	2155.4603648613634	5042.444376682246
10492.442870998217	3222.9047448344513	4962.453482295209
12099.106224815532	2040.3000053649075	5339.52981779174
9782.252469984029	3756.7631626162665	4815.630660128245
11880.013323242081	2404.0979812450464	5136.366043242392
9816.771952434694	2665.890315453731	5210.417354341635
10341.851799670561	2340.846431803103	4795.305433530165
10032.796385746902	2332.18250959216	5697.31637908366
11287.587236853276	1732.8714345808037	4610.947763625151
10676.464380961383	3249.3329554606216	4948.807017536326
10807.056792759266	1128.0141968007986	5156.026686183628
12570.734963176687	2254.7866746612513	4570.023577648607
10461.26237155582	1534.7726740563487	4892.395586572935
11135.638388524241	1625.020965447187	5248.402054206612
11204.894828060698	2589.985194677137	5165.971196393896
11034.807538313753	3804.902110000992	4861.436263324799
11042.775916361477	1106.2073712558326	5348.970657396393
11248.80867382476	1840.1905751631061	4986.142223723016
11310.074202455791	541.1652099205082	5610.356617000077
11650.922970780577	2244.104253798302	5101.668327967882
11108.350252334041	1361.7711453545562	5163.620783870553
10839.759173388615	3169.498024648256	5584.175923723406
10397.05657092995	2696.754905412908	4835.771348137686
10402.148132903674	1916.9345591366168	4738.328217003209
10110.766690178969	3211.7302558335	5360.943816007712
9106.20762201438	4229.183768919315	5364.279071522865
11600.33506481205	2772.1484340040224	4357.742237559
11236.13853680738	3166.7437196708556	5850.5924335177715
11124.108681714068	3322.548946828674	4928.405442959609
9682.56046227651	4110.708274056403	4789.085223161213
12505.465426127488	1160.279909004218	5485.838355834857
11644.910109655582	3769.397958784333	5299.51013008312
10266.261728527827	2406.5034794408184	5216.040312421962
9629.524802274005	2078.808216307788	4579.726900613313
10935.008097960048	3031.41700730468	5319.005381233106
10064.876470378931	1934.1138339758431	4853.958037442379
11051.681741770184	3642.9061805297983	5139.463270611031
10473.125208693518	3658.2125672352895	5363.004896918919
11062.456860064261	2314.260804637789	5075.185609760756
11541.514427343314	2567.9360544349993	5328.5933986618065
10913.362561754024	2289.352258838611	4967.675760684921
9650.601699832174	4148.672741426923	5296.661660681919
11845.31133017545	1704.9306814074512	5072.967099470142
11805.452958481706	1615.2370451331512	4561.774551206679
11837.933572751834	1822.1929571346618	4914.641575553819
10582.371521232428	3243.1233739454383	5086.382417619845
11370.534080402562	1661.3851070107896	5204.5537183094975
10677.813452526478	894.738914243938	5320.147960110582
11748.060983898948	418.7812609489603	5234.942254727901
10982.205482285384	1153.903888379685	5421.479665047981
10418.7536222719	2935.9242569864514	4983.769334504251
12301.50924467531	2949.102728940732	4972.457018759109
10518.061412205476	3225.677973419047	5353.668106037127
10586.923040216689	1746.0006238418048	5044.436194072501
10287.985021156817	3933.3529246587095	5116.962282484716
10658.05349763136	3095.9604134100646	5130.556509946872
9581.405730613287	3154.7266186868846	5430.121872761419
11265.507567707973	4287.776415443157	5083.294519077765
11242.043182267495	2739.236390077509	4950.22036872178
11473.049025888477	1026.6520369937348	4392.93474491492
10142.582830794001	2628.5801642992415	5465.762692450348
11182.081188257369	1567.8513186508249	4744.5939464528665
9951.865080022437	1939.2512431791629	4842.940162654502
11186.83231721856	2045.2782317012293	6134.352453367512
11487.728830544385	1794.3457288971456	5293.069588521233
10432.025034148708	1346.3828540072775	5131.408240132948
11338.455534647197	2904.6713613079137	6007.433653159077
11147.456876039798	2154.3851230416008	4859.645202786235
11525.51005533365	2795.264569808735	4666.29409071433
11635.629295654173	2468.71197983838	4191.289601019113
10845.058685992974	2852.486688627507	4963.780177559688
10897.608585065675	4609.470681395264	4911.770831281529
10905.529618945664	2308.8851793649546	4603.902226618581
13031.338828284093	1773.325324906416	4985.426447649327
10873.536201143486	2768.111674709041	5413.222234405861
11676.74244675458	3465.801329460595	4641.326697216574
10907.090725257003	1603.90183157207	4964.750613410056
11726.142794855185	795.5310391130658	5060.232088245933
10244.917990662876	3603.2934426968936	5068.787107282038
12082.043209831785	1373.1686739476152	5212.511266018665
11986.599029643827	2624.3457093049715	5507.260131224783
9832.768063781146	3206.3671014224783	5229.922119555592
10713.883918522826	3790.348239114408	5275.663311550663
10500.027431449142	3246.527662659349	5133.03891796087
12038.701555128842	1926.9169440359758	4955.071209855765
11184.45116390663	2754.9357452485037	5606.573557149871
11654.93703193842	1852.7605646429502	5026.894870374189
10434.295039616083	5243.586629904799	5496.228348207813
9849.328029937009	3800.416680468904	5166.21624404443
11652.32798855569	1312.353651177066	5082.522887021725
10871.997686569317	3692.4271017626907	5361.232874550723
10471.36428172355	4482.379893698879	4785.445222451424
10891.200741798239	2307.703200138192	5486.4788253745255
11842.070787070974	853.2432772568095	4948.680377095285
11033.888297044821	2276.227647005432	5467.062237380123
11588.744287297784	3567.858541285436	4700.518343204301
9853.670067380379	3068.3832393781286	4937.023510778557
10870.314754925283	1113.1209339756117	5242.564442191555
10939.814492318714	3906.3498056221483	5328.429010457449
11125.309334088042	2807.1069092838266	5077.8173544370065
10391.589072571927	3158.701025554745	5849.77117449045
11946.300590077057	1238.128547701447	4649.490805841964
10675.568344595851	2334.3052978866162	4904.935147616548
11697.24965438747	2802.994743058895	5214.627185342613
11469.944810170473	1291.006240931532	4688.994155505292
10766.157008940232	1964.7187499583542	5049.7685351599675
11372.94701556441	906.833546553022	4891.467785784652
10984.04030540498	2152.5217383017157	5154.9574529288575
11604.654203743714	1444.600180531656	5608.455674880958
10172.768230216358	233.2540084405309	5156.1231448338995
11245.466674059477	1009.638309377846	5360.678356044354
10897.710420613212	2272.362633382529	4824.483066928147
11697.31603226779	1809.3499407785175	5411.715000354457
10908.338729046609	3893.0088622834146	4708.363984578879
10109.387130260746	2213.017850427744	5642.901275694601
8252.10113879368	5101.695364685522	5515.53187399136
10840.760204571467	2072.7513228099297	6143.185609835284
10829.84912522284	2054.5983334465004	4799.724711064543
9659.384381611144	4587.217076694734	4977.760831702404
10209.032751083536	4751.144078926501	5729.341107063516
10365.349979175431	3855.6329034616783	6138.342422576888
10960.64891689965	2230.049617556759	5155.648938353001
11690.149289374202	296.0604426852032	5410.1538833681225
11221.673369887543	1956.8318961063649	4795.794693678246
10764.142227975753	1806.7515929142476	4744.168255915042
11797.46890873821	3544.6992832775	5150.048135097431
11271.278939625632	1221.5979601449012	5400.401932779586
12501.092611643044	1144.8978673045153	5394.009570513019
11512.876188456174	3264.19363362045	5659.579723944521
11948.192918011573	1845.2156330608977	5134.212110407926
11105.06585885611	2316.781164533162	4887.892093658395
10127.245853464321	4777.799617531915	4619.459523076714
10779.689552344105	1218.040835829711	5504.82802903029
10794.211306683937	3061.7160403173675	5470.759921858167
11530.695594900966	2663.8315753204865	5214.202456023674
9848.484307076647	3398.596754973506	4990.738340351742
11404.446748601686	3259.5244844666913	5478.996982152091
11179.640895284925	2406.7321471684986	5158.0221047038085
10430.85027485861	2065.9362761845196	5095.78079198941
10835.186081887916	340.17883533385395	5569.366897725342
11125.545095742254	1935.3615105896336	5429.8112661926
11218.300516536247	3519.2186067819803	4729.300835774801
9892.762286341593	3409.2903742937388	4765.137792112212
11281.186421506143	3353.27867644622	5143.6671600947975
11613.291317392708	2916.1515162448245	5363.611175010049
9770.122452226504	3278.632093827376	5138.472969361197
11339.32245863482	2434.8266579570827	4853.599743950117
11439.963898745938	796.341729945451	4730.364965393146
10952.956300168678	445.02445460720554	5520.308210848608
10401.343453606663	3755.0665954911115	5272.520405691626
10587.525494762935	3804.4463474136674	4970.643124246804
10326.774051878967	3136.597530724519	5297.280268212698
10662.969937825192	2942.922846334584	4844.897549273632
12019.544237521146	1582.8790874002866	4939.073301850725
10991.126839270324	1346.2568836544872	5866.072616291769
11282.206800007554	3851.728500252147	5051.136912442211
11452.879677051786	-621.2149212801177	5121.896625877107
10936.018941759265	3014.6305191653614	5051.082214070102
11175.639680347518	1520.1536721888801	5510.951065463374
11391.732480293218	1577.855580491609	5325.38673908565
11174.879450598271	2506.2125761928496	4427.767392394904
9467.392081386857	3193.128504167127	5332.861222232212
10307.481328387326	1151.126699028117	5729.381339093332
10239.864460589068	2354.8970515446563	5715.497523021463
11852.93523532149	2250.6636014560236	5134.689941174674
11809.018512360935	3717.8464706861364	5208.6543943092365
9993.249321088664	2957.828856094828	5133.92611861393
10193.272083768068	3748.651729321729	5099.364756920898
11579.957713092539	1848.2677325540305	5604.481010000378
12418.335766451453	814.4240023234673	5275.624194769914
11002.877019952059	2211.3190516233926	5430.178910059721
9416.49583323072	4622.221912392832	5325.810377960842
10215.394991577135	3957.011973888936	5141.652868849211
12016.311732860131	2172.1729271410613	4558.455376868525
11200.032718381197	1101.5622304642375	4956.939455871864
11562.23961014511	2145.104590158062	4735.015039358507
9454.461968097632	4519.045357650811	5001.520445731908
10489.305753171479	1705.1941828225106	5400.962528168629
10948.591736211578	2205.739163550865	5369.608237210122
11230.262320122318	1210.3689057337501	4976.833814930692
11247.838398772416	1083.517215045542	5240.067810970677
11094.83717126449	244.15853301003202	4760.220857506364
10064.158804614826	1941.0498306856252	6277.753506113138
10209.121505617139	2453.8192472579544	5052.885451186557
8950.332730115924	2817.434121030689	5213.5308008368875
11844.350544289377	2185.158010324818	5939.40959230007
11735.442290099629	2933.976690676217	4838.741898143338
10459.870761824252	2237.028582455869	4771.549316423558
11495.42924512452	2546.9678391638167	5611.92656492535
10841.27067898547	3555.3891697812223	5231.2126793463885
10553.681514896447	1180.343404818501	4809.922996516267
11236.858410459956	3222.760447742494	4759.663273512856
10761.651819064344	2687.299831647867	5500.17277137696
11509.959745587792	2584.5169289295145	5375.388463583748
9876.482929323109	3884.4662935399097	5441.480035438794
12037.046472544953	1531.4511085100835	5497.835598193825
9721.653657845702	2827.059449748989	4700.713335740573
12790.72376786205	3249.2543556235955	4751.00194646812
10227.180302642402	2471.167263848795	4791.480410809446
11897.304656126771	2172.3518435370866	5331.789577618801
12165.748624435346	1936.8371822336883	5427.880604543168
11709.66798011993	475.02414444222177	4689.648681342844
10186.962027832138	1739.7107914812789	5396.88185348032
11566.184612233657	1083.4562877976107	4618.913749015044
10585.175831696528	2666.012606818475	5004.103086674478
11826.296557103165	2708.8571833617784	4209.3114883568105
9053.21683528838	3622.014405547934	5298.691037157632
10634.308662430123	3336.907971290898	4632.9806041987695
12338.550871876429	2305.459840038233	5540.314387148018
10364.002338474347	2152.2026216432846	5060.6322629526085
12115.926375832469	2209.7852980052603	5514.195658987798
11939.417477515573	2333.6837611968485	4635.992914201306
11363.006464747745	1662.1298136961968	5682.499731052006
11959.639237523377	1376.5740042750656	5210.344762135742
10651.483890580193	4257.820512798298	4683.767421017462
11235.156976516104	2886.204202519968	5121.476157896405
11631.629975708613	3180.190482700872	5690.467153948261
10253.93463704093	2603.280497238187	4484.206093222257
9655.035101431824	2887.145651053262	4787.384722444793
11359.156296136074	1626.5923503340691	5855.828418087356
9637.362361005466	3646.8776715541544	5893.922246326683
10724.766989872449	3780.704450324535	5985.104081198411
10738.920956356678	2473.8337157114997	5927.3221368202685
11203.326233916121	2129.2991503713615	5223.773549142091
12113.452232167196	3146.301488615944	4885.41059887712
10594.957029741054	2806.4932586091913	5258.19124756206
10707.484383986599	2975.6502716337745	5324.919493178588
11955.553744881174	2241.724227600314	5208.5443889310845
11062.347975585439	2189.0624660854864	5464.181004602327
10693.698669650097	3153.3903699127154	4773.558155840923
10618.269361953795	2371.4991225820772	4928.917163301949
11784.108999526	2844.3245126992015	4982.057124883872
11820.051232541678	15.897461114273302	4627.535386827925
11558.558189858035	980.4945871711942	5490.539622355626
12992.650099006192	1898.469046045514	5510.269436062481
11146.94393842272	718.0512443367295	4762.545561101306
10907.240503721618	2793.038410504178	5345.763639571675
10705.748365017605	1166.141417759314	5217.085297374947
11807.380084121749	3083.847087917064	5018.711049525206
10864.332605341353	3982.8349783173057	5371.740155442888
11059.131404126458	2987.1008962225796	4813.226151404948
10842.954669132143	3274.3015842019167	4596.561402495567
11152.622326419309	2678.8811847213856	4853.651820301906
10779.076392820232	3077.695803886956	5501.642979424568
9116.860813035382	635.5053088423432	4955.842063866155
11823.380401945014	2464.752779589815	5724.240811846888
11798.493740156327	2455.098788811248	4688.660313799526
12191.997050970958	1839.43086965574	4630.558375624408
12033.887166358743	1427.633632260153	4962.812155757537
11610.80660521919	2551.869553712653	5216.054654973521
10114.357392157368	1692.8936164813174	4746.092186919163
10744.360687372968	3000.863708123832	5183.015497012293
10503.098995705512	3323.389919700729	5421.736653662112
11288.563026099331	2002.0405847086618	5167.682759766482
11375.528953737548	359.31167122631945	4862.769757528923
11827.144727980292	2053.062135901033	5549.097727728315
10568.661428563993	1877.750479088179	5857.729775260107
10920.327100639319	3461.1852662881047	5194.4283257013085
11611.55488289923	1033.7700030811766	4674.789555398597
10518.365994353471	223.3915420810474	5474.143875886017
10765.657505170571	1081.8714626713104	5088.242543172497
10961.54522013888	3494.5332162858454	4898.189058039914
11638.76562863437	999.3964351913484	5283.191267592733
9173.287227283905	4965.38410598916	4875.468187841643
10166.414018806589	4010.960760751497	4668.969922312281
11136.572704010092	2702.0614826358346	5479.776904599894
11120.298711527492	594.9575109431582	5336.335382510854
11490.137823463461	2936.8432200691173	5007.484777571951
11192.957284876322	3510.972228846055	4743.385833588798
9488.807485162186	4467.1575153585845	5219.12337642219
11491.923859550521	807.3941911494043	4937.5370463328745
11991.855348784055	3445.8647361291814	5119.24428154775
11883.598805854896	1495.881784357555	5206.9290557017885
12359.047321509985	3139.6946625614264	5050.127662469869
11537.949833932284	2453.430129266523	4858.23892101083
9873.242808855795	2274.8331839279754	5362.584628797104
10268.092975532076	2793.6245361337956	5159.944108114959
10726.552397590021	1158.1208614986808	5427.46196737474
11079.72957836166	1519.167456008676	5714.924818465943
11882.580198183687	2963.8670395275803	5224.294835493428
9815.776249613775	3307.185022084355	5567.859823966407
13000.19864614429	3173.559792430029	4929.795772811112
10731.177104852726	1693.0787714939802	4515.066354794196
11837.918737258113	3081.2522509667106	5274.121392238979
10526.180019596288	1765.4353370780425	5237.351622558632
11841.30786861853	943.8617929154134	4814.609353220349
10438.659485445554	2416.466958884448	5565.540621913518
9369.195602042835	4791.794734695517	4990.737025402593
9748.501589770363	3820.377214034192	5088.806878602263
11286.514091726332	2053.1359646679994	5465.582200690165
9397.802750522862	2223.871204203344	5142.524158278734
11777.18535024529	4803.315363226179	5476.262073115596
12437.962075605566	1383.7839203203155	4360.4555596785885
10422.708321002881	2543.7443483490943	5410.85449221091
9126.902902253261	3926.7539980476267	5281.321635790939
11099.80956421325	3720.788030803125	5355.2961831163075
11863.065768889779	4193.187346638644	4703.482229654217
11550.120585922119	1823.5178416289243	5400.389467785674
10267.122218935385	3000.287537728381	4969.953956384056
11755.189784660426	2083.3915110771304	4486.134740284237
10987.111014448437	2382.04515300464	5102.213143879428
11143.182044222707	1856.2397082763111	4314.34562851057
11980.22389667502	3359.284139599611	4777.387944840146
10630.690379933678	2869.876505305236	5433.325735268091
11395.392823228027	2023.4589611014226	4742.363884823892
11477.143270428527	1759.7939509398657	4722.381743829127
11982.82547501783	4071.7802793831643	5373.177985066951
9913.724746592163	2740.123638147745	5257.4523517421885
11194.647449487678	3114.226574338245	5155.8000252121565
10534.53220638536	1362.5248788126871	4952.445416156118
9413.037902631257	751.5731877041258	5571.085345607791
11258.196453201179	3227.3450934946773	4935.746314251388
9705.058761575952	3639.64695661829	5067.46527881547
9106.265334772128	2511.0427573938787	5279.587318240132
10821.719714991486	2181.501116504972	5188.7137777408025
11143.14261943559	1393.5591228025548	5043.870754797592
11450.340258553404	1223.2606450454123	5026.634667448422
10695.494793696565	940.8516133552698	5506.629571954882
12741.856611387528	-165.4819918737768	5004.5010683240225
12044.278641588904	1267.730991164335	5205.654102587269
9374.582630536435	2859.104234210141	5131.225078610562
12199.06757000914	2804.9141590663426	4941.409517448277
11959.874819568047	1913.2225590112312	4707.737472450218
12973.180777178839	2253.2207479560825	4210.6172219727905
10651.96460206298	708.3620872606571	5829.328776712186
11235.46449896861	2641.9406839792696	5135.2684955791465
10944.411577335355	3070.7468267408917	5273.804398646282
10484.176930877898	1799.3103830836958	5147.53636459711
11421.080853783411	3901.938488211017	4544.42720051087
10515.987192133289	4518.54479873804	6342.571791384989
10237.634224739562	3458.9178807249414	5456.038675123709
11285.062067489289	2448.878199233053	5096.71280175584
9928.975012704082	2102.3583274564007	4767.028602615169
12262.262229377902	1276.7017158742872	4786.785745246823
12490.588134601792	3311.5055714961745	4968.197165635975
12028.559005132964	2071.7850654718936	5061.874146217902
11151.599708924405	-171.49618584815448	4844.420044494491
8789.238246383013	3963.8368255806527	5728.713929025449
9847.353612210638	3789.9329734141425	4506.244222592259
11375.527717045145	3995.2080290775525	4858.570947581254
11272.492018718434	4198.594405842019	5090.369592767219
10253.695967439333	2021.6327899725832	5301.662735918633
10355.73277280523	695.460663658651	5750.0890243596805
11596.221329462589	1744.1359375870913	4851.313640576023
11267.298520888076	1924.6283983618212	5788.54274238915
10358.988018930975	1294.202324895619	4848.349599507746
10505.836553381143	522.7196546730605	5190.7417902556845
10489.832918880022	1535.614843286861	5333.3033751591365
11436.30338433039	306.5616097488815	5341.002470425659
12288.273820652976	1913.1015905718966	5116.18147902084
11706.452090604678	1801.787194340344	4878.183698263624
11880.046930567827	2205.4239490885298	5110.145091249722
11734.27827853756	1735.037911811659	4375.651205468743
11377.231482272296	2205.189824809726	4699.769514916922
11615.019985078117	2421.8250047709794	4913.070726042271
12331.557325960945	1410.4227306142634	5796.817661936164
10363.974726870614	2105.8339895397144	5497.691593033627
10722.072858713296	4698.750801674557	4455.52246049906
10091.0051713501	3905.6017378664033	5488.057470846011
11901.983568128451	2507.560555603481	5587.737128052308
11057.268173922852	2593.8091496361358	4713.604334918968
11114.555566446068	2542.581423067406	5166.9754261067155
11451.358759172806	3848.5252231723434	5307.217857942692
10243.488711529657	2784.3064917743627	4493.613769785164
11081.596449406037	2704.2214897232006	5724.541290536546
12091.91157468146	3367.7766101276166	5057.939407496555
10074.8888338917	1881.8266696601052	4852.999828717845
9792.481061216018	3300.210984365642	5212.639851659307
9760.715896107507	3822.9494467004356	5028.061376684719
11346.074614303963	1458.704429833845	5199.042533255612
10528.611981862592	2557.7636071011825	4526.1921260039035
12752.796654054262	652.5661923334524	5394.3516504942345
11023.398971506382	2535.879092586592	5415.687744318602
12810.779294242995	1498.081804625048	4813.262335998531
10647.412783235275	3270.3974135800845	5378.0767384642
10738.079322218618	2959.0762606578724	5421.913497662916
9884.419260977875	3489.3374840435295	4559.605215699072
10678.618753921413	2143.9529027213584	4542.357044084016
11120.803004440228	308.9821342024011	5236.38179824211
12002.88811416839	2974.929423469688	4734.283750893272
11483.943701039678	1692.4271267803783	5364.035494147994
11450.353072802403	3124.834635810988	4772.62794230223
10634.36401706118	2597.921800437035	5637.1981688831465
11104.877533683819	1047.616674307797	5298.352723537618
11199.83199812454	1993.2678719515563	5160.81666185861
11582.433643656312	2704.052024040328	5439.5001904202845
11888.581656035423	1372.6121283314724	5403.3795807822435
12213.101946549466	2440.925877209066	4945.270021709738
10633.398073855788	2513.855230795933	5391.826335257659
11394.737137392718	3392.8241593036496	4965.115736678617
10289.599555089027	2998.085760788896	5097.911721613357
10809.93396457073	2627.752025064307	5081.067808865796
12032.366781259578	1967.1190316137124	4633.443703401278
12132.565318688316	1753.9830734238394	5516.0418670239205
11833.837963402579	2560.024412505203	4997.8579978934085
11521.154070491704	3733.641324233204	5487.5480865992595
11541.545873669127	2630.253903411554	4628.974845589137
10474.347045597702	1643.6645120141588	4519.533205009674
10627.8256933742	2457.8789456129225	5046.192978825351
11145.552141678276	2062.060542763879	4911.414479601901
11536.377080405213	2307.815542667267	4505.568815292586
12321.096932448067	362.491015005399	5137.31654942708
11193.222968015902	2650.4697605579454	4976.3388377845085
11408.956089897169	984.4479722108398	4876.388356160963
9102.174944563967	4242.709267081894	5108.282166749881
12316.603726242629	2320.928639576076	5387.315285063101
9743.956611037642	3423.8383671283764	5131.642025831866
10360.85654891905	1688.5675098917532	5232.3930854073105
10698.35053083663	1620.2634216797253	5209.698562043865
10749.265939214265	1995.3054927725257	5670.71700749925
10612.425455678373	3157.767012616204	4995.500565362131
10681.41596445609	1671.931704983285	4877.6951180024835
11432.012368223155	2573.271230977984	5086.838974070384
10194.059199232723	4628.431817114892	5434.335003106801
10812.090580621569	1395.1274139114669	5062.528405502186
11189.908268577707	1307.6405290736745	5782.432524512166
11639.809153287508	2584.2244172274727	4969.9182839876
10848.257454255625	2096.054565084588	5062.394778641994
9604.867012653342	2080.563191223968	5463.1105021004
11197.833485740735	1530.031554141191	5177.117287290611
11271.571662226077	2086.422882522008	5066.412567938696
9896.559671410236	2315.6571657040736	5267.011952807295
10544.28208016264	4217.974612289144	4770.621674529306
9673.690426610774	3946.9169961997604	5529.6456389528585
13067.843958254047	328.3505487625766	5515.2128359633125
11076.743947359702	1401.2242959503903	5181.666141755324
12392.593833619858	2401.1377515506047	5281.32171224702
10835.060847478813	1996.2584260751073	5346.333907146113
10849.604097289119	3279.5014869910283	4994.048265613539
10541.715152196004	2765.5171328628976	4878.321018136073
12117.843209950193	3202.62054237137	5644.492072605084
10929.906233476833	2698.566951216774	4431.121328238375
11419.679314034187	655.6938790116561	4941.7004166512115
9776.6319123964	4328.791105888971	5434.590179914838
12097.752488758852	1950.933699977205	5247.237522093457
11124.439988120235	1536.7446288091624	5616.878109364867
8847.669606906516	3575.5360429284387	5200.8981477659845
11528.069021649975	3386.770205528106	5153.93523992498
12061.093958324223	3197.6621603287194	4606.42887729854
10969.589384467969	2653.897110424518	4775.8489732279
12014.778946462653	1203.8002143984204	5176.140252402464
11237.596827631764	4467.0554221427865	4581.661194602676
10356.270707072004	3229.5703956005887	4819.163206167908
10706.934933647406	2163.98870559541	5394.386575843862
10231.163518234915	2842.0587468141252	4851.564324733666
8585.37881882658	4166.8667750412715	5315.463542432035
11626.344471801325	3206.445189362328	4802.194467666515
10510.657833798696	2139.821921929416	5247.463575331902
9943.2356757154	1123.0996242388032	5625.307654004219
12096.75745416255	2335.3783284859833	4946.964681143257
11809.151840771108	2170.208671663204	5666.036809278407
10594.417465311995	2048.6327611461384	4843.496195461262
11615.750522091994	2282.797707859529	5692.388069103248
11767.121300381094	875.7445232483254	4479.456225719844
11985.479265445822	1750.1555875983775	4795.495278620162
11460.118266421801	1932.2696983011322	5589.386953295311
12225.39036445914	1940.6371693354693	4905.76252943574
11918.20045923272	1261.9254102304226	5105.222803662907
10287.419851901417	2601.539322366252	5840.261033835978
11236.814894399611	1495.687970804373	5012.3638577307975
9975.861330778647	524.0701806430641	5315.041023180861
11554.776295045242	3854.4773945561456	5244.93533485368
11702.716266333615	1443.0198208594	4612.141404104716
11352.2378979872	1448.2457302410314	4833.237312538564
10664.773118043991	3427.2849286464857	5361.641519394346
11087.97094212552	2083.312946058574	5341.01248749485
11727.912954904466	2760.8421967162894	4963.561602070036
11997.795412161171	2712.5901934837566	4505.480291185818
10231.18504868425	4014.194122134508	4882.0335502286025
9446.63057827077	1875.5906058705211	5899.385908517839
10385.467966104985	2195.5042959902507	4913.514427232764
12106.110029624924	1290.4991117199183	5722.396327013571
10948.086138784261	2504.7130221954385	4922.626804247707
10142.433293669967	4230.064731170268	4992.634573409282
13536.604059829247	1846.1002938543638	4866.152200184841
12453.707743291909	877.6740788494138	4318.404418645189
10562.704386974767	1975.4639428732642	4685.668616087547
11830.773277206876	408.1155115221126	4826.830229562816
11379.643401873303	2153.6448728145424	5493.444660371936
11906.951760272515	1791.29228654058	5461.876095067834
9945.792351384605	1473.6108057187803	4948.741386070471
11193.24070477643	451.92774818274694	4637.76130744356
11044.183444471704	738.6350966220633	4943.353061458832
12270.315713939846	1968.0758541462071	5061.429452521929
11889.226672718003	2983.7172245198885	5231.716925174178
9941.373792236107	3497.973400384851	5050.945570863334
12581.771761453949	2545.9502207675314	4717.347438868928
11723.32002881725	2263.3975567680695	5171.70720033934
11982.839728139223	3757.2113206099625	4778.7807485382655
9294.000837765345	4125.59032635391	4507.3564412129235
11931.520229665522	2207.631147519945	4426.932001950429
11709.05441783949	2840.5309487291856	4856.103365699213
11094.297549179873	1174.0514426794512	5236.295396001729
11218.042106420366	1894.9821385207185	5373.645647950353
12447.71184341816	2956.5191907968656	4736.9227658613045
9472.175509409699	4157.503284487652	5222.4300052280905
10404.942566084992	2944.156342507353	5177.8596247721825
10963.532993571927	2422.574534633853	5030.508360992706
11677.319610911225	983.0935078083942	5685.167528165614
11048.802381918813	3642.807879389039	4816.118091850804
11901.758009767385	2446.2667755701477	4991.736188591418
11537.220268090925	896.1541009844816	4927.830453482347
11229.856112610076	1008.6782599418974	5513.4274890473025
10957.238273066025	2535.974319481262	5328.776253539648
11149.773564877218	2416.387751169187	5448.955919013052
11965.269940675846	2517.356622881606	5345.800079656454
11037.414440946497	2112.919504485257	4889.463920465344
10789.798001714413	1798.5741999995967	5063.9572510615235
10290.469111785435	2572.5163692848623	5252.375301381775
11387.473112045549	1649.5021486473222	5757.771027411043
11517.629973992476	2303.1442011466966	5615.109458157674
10933.612538414342	3448.2654433226235	4616.47156874849
11949.3650298267	2725.00491372774	5269.876406289312
11379.035467543235	3560.5560802762416	5267.662617652606
9514.439331780099	2900.8619183355077	4885.737252918653
11469.158276806127	2343.373047514814	5052.60020658607
10292.628418664983	3675.7545119871697	5240.6956843930375
10976.88607304587	2593.139654500741	5757.684100843527
10968.256357242173	1467.441019508542	5304.815973414717
11471.647873848702	2812.9940803316526	4550.752419561116
12174.04542235829	2494.4105591274197	5008.864002845167
10140.341859046302	2678.3223143530595	5135.675694659456
11790.513598486183	259.69368002789224	5389.53245188199
11920.782416044038	1985.0033480834256	5655.595021541018
10648.371663084617	2538.2985809631396	5489.890404053343
11592.288367918942	2775.0144220692496	4936.324790719821
11918.796896857995	1715.7765039966714	4789.7678940986725
10793.509871976757	2600.3192392354895	5146.962327292705
11478.545761335743	3179.4066939306763	5367.492098420558
10717.070210481652	3739.4765512828653	4373.06850780883
10208.836667162046	3037.030956799795	4987.802982136907
9853.914608495406	2991.712843706335	5009.3265178472675
10831.511421960608	3783.069830838185	4840.23259210266
11002.09057642642	861.1906554845024	4821.453354809554
10099.050587127202	4618.594172143615	4733.149305268721
12408.021735013723	1833.134018302638	4892.908061426796
10763.828362415605	2406.3015079792567	5277.074948456398
10122.18887737129	3159.917894719924	5292.343871127434
10631.053160436815	2578.3552960607967	4947.835856552893
11683.37732801494	1301.3232096933357	4887.068698781001
10499.915891420309	3961.127606125017	5400.6185865832695
9774.59353452894	1244.9868779110463	5297.205562838779
11835.75504739692	631.0131289907048	4710.592279921598
10492.555810832635	332.11350360720064	5242.14777682347
11373.153310323343	1527.1360587978568	5244.061738180722
11232.13320646024	1674.8298123254528	5142.489495082674
10811.618653009615	1596.1748381298269	5315.0063985694815
11657.289839851961	1906.1028706290108	5551.3801217784185
11717.027848312619	3138.1221063428593	5214.152910836544
10892.084699450626	2480.331302084481	5086.923207227386
12421.698858914157	2401.9965031540596	5650.959551368338
10125.621660658493	4390.755072702754	4999.950924857429
11067.754725467197	735.6172713604099	5557.553834378872
11270.871337555902	1849.9552291680052	5301.010134714257
11385.298193854527	2346.9301125012216	4562.0642644681875
11167.354721720752	1333.108906418319	5711.994468373588
10777.316780903468	3886.5076515447868	4867.6003213484
11818.336496082742	853.7736110667249	5334.179244842533
10895.123024143366	2664.0734346395675	5381.3685301939195
11891.01223279961	2112.961918121774	5147.639226119187
11830.379240633325	2004.792569040401	5430.394657330121
10396.80834398795	2193.9812631818627	4676.827224310227
11955.331070682138	1293.9113010092901	4827.195059173402
9773.088460735782	2965.0128765057493	5129.808290149294
12251.926884311537	1797.9486048327394	4758.3551960694
10056.660228229874	3063.0234227276974	4960.301121334557
11838.871238036318	2676.045023618583	5395.1479068888175
10115.221648716775	3330.8075856060873	5463.037822402322
11713.208509591997	2272.6155390125928	5703.809703070685
10507.645888323443	2948.884718395471	5343.105066283182
9375.754557502165	4052.7171974640964	5534.064110775062
12687.00461217815	1661.9298079507491	5327.120712330201
9501.419369529323	2851.6570536437825	4432.713849031008
11843.68062847676	2889.5512377249343	4930.506787071375
10860.210339727884	3488.533518151265	4740.337611220566
10734.704625907547	2830.046372688927	5304.21579006372
11954.08815863241	1084.9673437122492	4514.222661169755
10690.743051252319	2727.7421631528427	5264.698586069897
11089.033385908348	1723.6807674337165	5270.135894550621
11883.40574265381	1742.3617344330341	5077.49564163812
9235.880957714602	3498.2025673826765	4865.253515111267
10913.09182792274	1890.8069437363065	5295.227442112288
10353.58972328796	4279.225111549828	5196.313334574517
10284.008759812405	3335.8613762989125	5718.670069864845
9911.306445737031	2355.7694965195174	5187.327987742593
11831.21724554311	2660.218639667451	5581.323072863946
11200.863067675626	2840.205660207396	5176.404839074353
12343.205778809137	643.0990065175964	4854.370472354123
12448.748836598694	1694.1345196127875	4743.995865810542
11752.132768220075	1855.0388317619684	4983.233576285015
10777.12305766504	4389.584183107337	5442.080244556605
10850.049235761693	2829.406198061023	5370.914876186184
10647.341305082206	211.00003532583634	5029.748105227075
12217.178537448066	3813.8729394109096	4989.578591513432
10872.382718059624	3165.448769469122	5137.622418192883
11682.641925305845	410.588334367495	5171.822850059365
10687.100880973445	3583.3200090261203	5844.591151217669
10914.024580439276	3024.8280806216367	4970.921946584826
12275.50262978882	3623.6062992612588	5461.278766467913
11969.029584961763	3923.014947478783	4874.346769520844
10354.861141677513	4189.359171134902	5033.4920484901
11693.67982835131	2196.8851622537923	5257.377262942347
10981.051912574374	2667.7262901202826	4719.330297270513
11347.924013968204	1923.4450911214933	4833.0781816833405
10234.47517863689	1826.4559695479456	5066.491170932625
10843.96430225838	2101.6321337671143	5626.801229631366
11792.806522001101	4236.387396513939	4905.846628283094
10624.961505911126	2000.0605335115013	5677.64644706213
11623.455479760321	2991.6426787703454	5458.015869624532
10319.651911586125	3034.5403318038757	5329.165316199099
11557.484496038354	-1073.2615666490826	4822.878795955239
10863.527057763016	2408.0528513976606	5280.3802292643295
8973.900067596205	1577.2219056076765	5768.23538216878
12067.639539175634	2908.729241765922	5227.780599187855
9365.35203487487	2910.999693965879	5526.420452528209
10297.16093932701	1965.4328368367194	5066.4324231887695
11225.249360309415	2618.9405248882176	4609.384932839938
10209.212228065435	3148.664668685512	5254.054934530272
12281.93366993845	884.5124702385547	5226.673733224314
11139.354972430956	4057.2070709347768	4867.794519866768
12590.14077882163	1259.5163291492315	4698.754901784458
9617.674739196365	2120.4254001779123	5596.576582482021
10976.833103787936	2900.904548809269	4696.370330797824
11481.512093724472	2912.3678987371327	4979.707290711002
10151.282780219344	4224.106029470598	4569.194742831502
11638.071602548827	2156.812242211481	5503.249382225026
10985.300605701113	2433.561913966915	5136.017517158952
9845.527104697765	4257.843975807551	4900.3937588579665
9971.8195413869	4428.76301772854	5338.010073212375
11095.47232677158	2483.7200857561247	5225.800907346445
11581.791787874057	747.9989501551938	4669.650777642841
12248.399577105123	2520.6595701445654	5374.496399537476
11239.42417922788	1897.4611159807253	5968.9465712501915
11414.419682921272	3711.009344969988	4837.841422398514
11327.955446698057	2663.8386308070326	4957.2949443809675
10081.767115855044	2343.013986715159	4710.442021670145
11445.070722423092	727.9025817156612	5708.507237366233
10189.40989681736	2385.5467793155453	5155.653392212006
11590.765286125536	2446.1789693749597	4493.947601898644
10414.156551643244	3204.3351161789956	5560.821820379417
12257.679428233536	344.03152296164114	4836.062471498271
10097.474974595978	3062.76991485366	4750.654738655579
10682.581707525358	2332.250258781298	4705.479945898583
10964.509912920346	3292.542719982679	4750.2269593030705
9972.361549429075	3955.645516172387	6071.80638452654
11277.397700116517	2177.3130190872866	5086.689205008839
11250.779411082594	1106.9254125586215	4729.743442837852
11215.854141009102	2530.503116655181	5576.733783114444
11511.671950986838	1133.6258424925281	5293.023722654939
10694.34698112778	3412.2065338892576	5305.0749836818495
11766.24226922238	2569.8424788461925	5052.273252925137
10193.153121816076	1057.2219365700803	5932.027949375418
12036.248897636271	2509.7809974355155	4958.68545193056
11307.151753114356	2923.0886697221067	5172.3891946999975
10863.140294629235	3508.95170401511	5218.340922856626
10067.468621168508	3514.0036918253136	5156.943187729163
10031.186082377086	2413.3433728792907	4747.100830342952
11002.215264695988	2426.558015925207	5197.711864375056
10824.281612225734	3884.180852920371	4662.592390975543
11319.46311523595	2323.01645895723	5322.286902303781
11284.371600008062	1714.1991935722513	4102.229118697135
11549.286759701161	2660.201815847592	4847.4538530390455
11140.341532111695	2154.2778391292977	5216.569423953502
11273.479226128124	2265.044940808821	4931.63389680377
11556.499533093307	2425.48323487949	4869.926695821424
11661.178467288235	3309.739316018506	4638.363167388072
11893.889993391553	2390.259648009438	5559.976296301068
11078.5805102031	2784.3053222990957	4682.516419146751
10556.579063963842	2898.932290832325	5436.430650284184
10490.602431475267	3362.7654547590287	4518.721976591018
10144.559544328917	3084.3495305368338	5395.889178070139
12211.73941348844	2464.184285774453	5365.939932058512
10871.26548067106	3796.5332338616668	5741.478802279084
9762.871693761443	2353.7890876831434	5739.791084612484
11063.211925537365	4659.65305732425	5122.814793102123
10925.579381366411	628.7936781187794	5091.4744451283605
12217.20603219613	1950.659576687009	4939.868994336149
11589.894925850636	1247.7599401095833	5188.076442746638
10417.51705184824	1900.4658111392687	5230.464015964627
12331.161987043017	2626.4214420333824	4747.504271078962
9334.309047583187	3318.193657577763	6224.933318730059
11103.647047189259	3290.4157606366743	5059.282837309594
12195.044055547723	1701.8120504612089	5051.270646030135
10628.493546430427	2196.4491960135133	5388.559214531282
9930.446346550516	2951.6001126639912	5651.9576057779705
11724.972143079642	1675.7099584019259	5045.102501496086
11274.533301088977	1189.6333282007247	5223.313408254465
10650.466516074175	4122.690444043076	4521.99059592835
11604.884260040188	3052.835646030105	4812.449760926286
10686.631843429856	3150.3286016496118	5054.031400330287
10509.40377977914	2966.9701927868796	5678.746996359394
10867.877704930335	2634.138852090321	5039.464964215669
11181.888029192798	4444.389522001352	5379.839285320637
9504.188302252742	824.752332828169	5653.371326481673
10524.570901281824	3113.7023635644728	4640.31659998085
10563.050099615173	2171.1614293034845	5455.463504935
11729.59355469162	2700.5530911280434	4531.378525637583
10716.32857181182	636.2327965162698	5580.037493832649
10662.751746751219	2089.6824902894946	5615.261469415198
11897.219464111795	1922.1898305068503	5533.694333890106
12058.666933387472	1097.3437348417806	4781.601459364674
11567.821755420226	2547.800723073963	5418.764026151825
10388.458557907108	4008.489442095408	4810.399266130001
11326.88624442961	1988.3441992820146	5221.9280116085265
10903.070106731057	3069.1769429488936	4803.864429883684
10249.814740695327	3638.8731280256184	5201.16273595379
10540.207097283	1348.4978144700217	4652.842638138825
10684.036410339699	2357.5858163539897	5872.498827789414
11339.928297178367	1702.7194984254418	5378.44352795511
11253.018653070203	1669.1136014797614	4734.81016662328
9889.817642398937	3632.4687734435597	5208.495973304177
12677.895163252759	2608.1449956002466	5443.511825377869
9624.605047005405	1532.3969682865143	5236.888812297092
11998.790735827071	3606.244954619025	4774.418494171455
10716.628166456003	1172.6081509196545	5033.010013848286
12027.15540724471	1659.1101246123171	5303.605156554941
10339.294276564817	3529.7250312592496	5196.6789509959135
11249.228051054743	1521.159359466887	5308.104209509518
10998.860270073277	2837.3214623474228	5091.680237624733
12202.853706111811	2179.5639091468497	4542.8492743009365
12444.02158733015	2716.7698595733527	4661.989277041183
12284.793624639904	2169.031137680569	4672.528610646767
11396.806054777455	1269.233536248906	5648.947179155363
11960.282305322628	1371.9814273263992	5238.433552333394
10465.066778896977	884.6829243247075	5687.989060834221
10896.65013022756	1406.6470683155599	5367.661736734472
10843.63435559746	2644.4752748835494	5442.025233153244
11468.910664730467	2085.5363737919815	5060.254908295653
10148.138315665097	1542.4847900286045	5317.320123685804
10975.138033153447	3816.9320632348836	4958.361504237277
11557.369416117692	3170.175383673579	4466.432278279974
12010.799565458086	4782.1272676607405	5030.456463055357
10066.820305863359	2006.6999432844689	5260.268274348118
10200.380028164596	3726.8267378796977	4994.841240568855
11577.6437388515	2983.977843258689	5115.06526823185
10633.494847191425	3501.419924460223	5367.878814145357
10287.781165889603	2712.5806335333973	5369.158643202712
11939.865566754925	4052.114233958021	5159.338948198111
10567.7290026355	1813.574599555702	4828.95237874361
9288.586044654594	5833.2721547898445	5134.150013404048
11928.665833488902	661.4314376548779	4679.487281731274
11556.240664282506	3053.0142346311172	5163.285956658785
11306.207026525306	4317.494648454919	4851.7761730593265
13364.122362794025	2168.947929746156	4388.365933792037
11493.489219669465	2809.5400666164687	5286.494546129755
11105.516159183317	1611.6981729776585	5214.192206524387
11539.073487424412	2202.573911094688	5126.871731409311
12054.463517422704	829.596966190435	4903.940434322841
10488.820352830764	2907.548158039971	5614.3175659719445
10730.113083395725	1523.0120791106056	5058.963154686486
9949.34151485386	2179.057318428894	4965.282632230757
10817.365761787572	3240.8409030257567	5452.788984897734
11084.711152933221	2492.5491338432403	4839.288351031919
11342.36503102489	2729.295843550423	5206.031057720517
11285.557220563975	3281.8503247658236	4985.679604910864
12490.25121333203	1797.3764315948895	4954.281023082214
9749.678788490999	3457.094153200438	5984.056549300399
11137.51404882363	2204.421726908687	5063.792238995552
10400.612891377463	2383.0033251678447	4771.517393830059
12390.340805610476	2690.566372335562	4902.5111569153805
10398.864971592893	2791.932818890254	4733.902886346352
10739.928840386725	1902.305720680638	4567.878361784661
11835.218717906724	445.9156070554328	5240.935527601477
11836.527522965946	2832.8219005532083	5163.063555026191
11832.37248130217	896.416766748615	5234.753741891987
12108.079850813578	2557.123487771305	5280.523577449696
11006.508539624834	2058.7375585375976	5231.677786893828
10580.47933660783	2860.138974908333	5041.275329318284
10127.22543943851	2594.134651840082	5347.45322612365
11325.896659125412	3094.664760302688	5313.672049759523
11416.284075044281	2637.944973744041	5932.051101438747
10540.678127074432	3343.7065928868524	4966.697412398573
12049.27675300676	1281.7272947135057	5173.336415871281
10094.79599249729	2027.388643477632	5728.999729369905
10721.211197966019	2005.2867093702368	4943.114596245503
11536.782822604366	1990.5797302018566	5024.955899162997
12004.879675751812	1367.3771197157894	4732.4188487681395
11811.150691374145	1526.7539453366257	5410.064662558479
10027.444356916309	2002.231661572525	5145.744452774286
12073.480556592893	2255.596260325323	5124.7040802892925
11421.318232638461	2416.926434761503	5563.025984104438
8820.77598213066	4828.055157449533	4481.112927884833
11209.325457888152	3059.3481987974837	4839.563805955658
11506.492072060999	2055.763915758743	5208.662258467521
11286.50047971282	1296.2296097588921	5178.169542408406
11789.10303225292	821.6164255934463	5344.816265851339
12430.069786735256	1736.966159359009	4745.116288399376
12517.111172115432	1997.3148739737676	5257.3464545229035
11070.551359970961	1700.0090280707948	4633.239389971851
11911.706096092796	2068.780250863139	4814.202876227768
11797.217731451246	1760.7263586211138	5309.4967571522875
10650.977908281628	2276.669184583101	5418.599081492726
10478.318443965652	1429.838444375042	4761.674311676974
10657.291067386826	2206.89969176025	5435.835718331591
12967.42371590412	3576.40939800307	5119.357171051447
12726.039771558791	1878.7507107125923	4818.008129681557
11564.575136601743	2159.1191439431727	5282.531456505956
10661.865053624033	3458.7242009523675	4549.2927590677755
11113.747022963924	3161.01497508337	5427.725241100458
10366.192662362824	1954.387635642771	5324.342887364376
10970.909422648394	4057.593245977684	5347.222169103252
10751.067705205009	3822.2133370488764	5149.967120344487
10654.837098198197	2445.4998853410525	5258.350087208548
11750.473297970579	2166.358934082348	5036.224658353263
11147.882634420781	1827.7058285626456	5594.233511822316
11380.967674577074	1262.5534752479944	5179.591186360457
10958.286600805493	2938.405619252711	5372.20460297457
11075.527401416177	1915.856010117909	5279.167882379606
10906.611121531389	2948.1783838667693	5146.750876640979
10496.053183935528	2026.970194897755	5492.4606744503635
10679.573597586244	2286.929728647039	5638.607331741425
10783.070640365673	1963.7729863679006	5040.035156546815
10521.882222516064	3296.375072676627	4752.567817863426
10100.03642803593	1180.493632686787	5394.587181010823
11237.069311213625	2675.4153702851863	5156.670197805559
10300.648264822828	971.8124079220097	4596.5866284600115
11331.050822714076	2541.657251819943	4886.3604753968875
10327.931869951006	1994.50219828375	5588.764289064125
10869.789739853339	3282.7133214487	4535.708673809376
10187.621252439152	562.744769967257	5789.975521097141
10868.915016530396	2505.663327776771	5279.303152101501
10915.52449779921	3597.5907454085273	5150.013764476416
9920.97058116847	1876.516949584347	5220.22899508306
9754.403137384616	2501.893123449207	4995.431280467232
11282.822758275881	3359.825709644064	5273.056557761894
10793.039989685543	1704.19813136585	5172.70149432673
10856.035451980091	1320.141839930211	4850.202666352536
11137.181516139983	2107.145173566382	5401.423039847468
10603.297211788373	1558.6146962430728	5071.3053111030995
10586.196694322323	2160.515064566437	5520.327961339225
10971.222872113822	2373.8402250574186	5053.941917414203
11234.745044880168	2529.6883226662876	4914.590253499036
10939.15628902622	1030.944634824033	4879.886066441345
10857.490469904744	3068.487223313256	5344.028054197921
11056.218296926909	1630.9997397318855	4761.921425771776
11801.226908858958	2310.9913297876856	5277.919457379795
11010.106381943207	-199.78509952783895	5247.64090912849
10523.342806532215	240.74115136670562	5481.319119405857
9873.783088427055	2795.887630366693	5764.957820273048
11741.767836348361	986.1761918602072	4871.060913909142
12802.58224132933	2876.031103746095	4561.462144842512
10828.50563192084	1617.6079667670533	4874.334584192082
10094.779809555683	3162.9921667073386	5327.646274910317
10146.057795060782	2752.294696194539	4629.3131230942145
10882.136727084662	3062.6999100794974	4908.928449741571
11735.50991524041	3548.1856207096444	4790.173577521467
10867.850337409818	2833.87451935218	5020.935660272275
11910.188940246777	2340.537345576302	5930.505918429181
13032.772085168077	3789.5396155652134	5318.663085591421
11446.665068627768	2823.735656764345	5557.045265164333
11121.788885472404	2648.9352753261455	4651.072849304811
10958.770188088414	1140.0514220708972	4951.64439378025
10511.628204737022	1724.104204870847	5495.671946482105
10684.578913226655	2504.9918848878224	5204.002222378262
11576.372114928252	1965.9105789889145	4868.986800162668
13316.215304868052	2454.339200898623	4749.059981483306
10422.259358548425	2216.4030706667413	5657.96595810669
12956.581771117751	-137.92026306086123	4757.2578933439945
9667.18354745257	2643.477585572852	5924.090681022498
10318.691662329285	2656.391167811366	5281.371987808679
10029.29864662182	2512.7220005468976	4725.952785538958
10733.673959500175	4063.6848336154994	5013.257402996671
10737.156189112593	1434.4743044554057	4355.608017380626
11361.222270882246	1579.4589849095769	4871.755531469239
12035.551619300802	2402.720601073795	5837.559953205824
12860.428882497248	2337.637024306905	5640.248041344681
10331.173670102093	1827.203589124753	5720.614097882455
10682.28354917858	2612.444332198005	5124.886207574693
10743.222179528486	3673.8600693745075	5178.318201364128
11556.687938436893	1611.0168991859864	4554.26010926407
11175.22084651309	3304.8416100293016	5749.272710135458
11256.599776399313	1189.0957467037663	5337.438404736987
12168.664121834883	3114.762268906984	4769.6673649221275
8307.501851311808	3976.7795214119583	5621.510298936972
10302.290197668133	2742.7642588814165	5130.7222852900095
11663.85658229493	1209.5321938850293	5329.915388034903
11885.336097569858	2851.884611052458	5260.96512113038
11221.338709179616	2035.1019936933835	5149.978041717577
11074.760399180062	2203.770264936709	5785.485161856903
11721.213041047346	1307.8724513970124	4389.902592745847
11721.503208371167	2479.163901830572	5605.769502816042
10764.557822121347	2837.3676772687622	5657.810018719441
11332.376181206224	3176.655681488902	5366.844540914308
10183.895723287977	4071.63761257074	5629.379103424455
11507.355808779219	1875.4895336697505	4867.858820930955
11537.812319592902	2625.7827839008833	5363.687545997469
11763.36343953018	2822.3337562752936	4724.202378865351
11160.98148350486	3789.284083980227	5316.398867365799
10284.864994971533	475.7521879838352	4979.817772365111
11554.907058325587	1960.057720073365	5948.351984390202
11490.335138675295	1759.3424769184144	4951.564250838672
11865.933396968068	2402.3542850556782	5568.7263117053635
11423.690303620277	2661.7883930782064	5352.487728349326
12286.710319698246	2466.010362443288	5621.282297866255
11611.18708752349	2406.951029931296	4657.363171418897
10823.32656622079	3007.639014732878	5300.815889147898
12185.134140064627	1801.3435244041084	5004.2530410472355
10568.863522786503	3184.0354239040357	5474.108011070617
12282.55167446071	2508.535792082952	4765.857423805686
11641.32762093188	3374.3205382863375	5071.83630556396
12166.397900048973	506.88957501355304	5191.820144222123
10605.200604464022	3848.014681250638	4920.21296184195
10507.972052174944	3019.4777204331317	4681.5313702519015
11378.815743075274	1630.2509440273932	5022.63727489111
11406.922324821915	1674.802724888918	5042.951956448191
11735.83876151904	2643.5002799441963	5609.246337933814
11547.954110047946	2272.709251442839	5328.0670888573395
11043.016996519009	2761.939048841754	4847.20755969984
11752.906418534967	2063.6025768871777	5028.858867932398
10988.971602034972	4005.3925449906924	5510.531802436351
11226.14676154261	677.1874657494002	5833.220835373528
11528.838477612695	1397.9440481841068	4806.910098242166
10931.340835814959	1913.4362931819219	5204.952004290576
10588.693433509863	3805.002364155849	5514.199283919649
10569.717040019419	678.6341632050834	4862.569423859867
12059.726296242547	2544.0123035338765	5693.943694241774
9661.747996611284	2167.366837084373	5185.428733198861
11192.223716454166	1723.3379348063652	5315.256374775891
11685.79576734427	2833.8612278429587	5405.540149746157
9721.501948302446	3328.924969337371	5980.151977156829
11063.497058807667	3065.319494205397	4687.078264548783
11659.546856079434	3053.2709047374005	4538.734664702404
10585.90504972312	319.4398394343918	5321.347426393536
9974.850894764439	1463.2958861049774	4903.486931920521
12083.364263743137	2438.156826522889	4680.95882160081
12006.254407530716	3897.253333365729	5016.006517146445
11038.384597898836	2376.978015453962	5518.493007057721
10370.503578990061	2278.648317168648	5238.47641513585
10063.761582478788	2555.4633382090983	4751.039068381737
11312.891564607693	2815.240539841379	5233.69759831197
10765.491422825058	2538.9964745990947	4900.06967316968
10486.965786008004	2337.050065004752	5186.24629952016
11070.784845242415	2331.893640267404	5090.366882745476
11480.081067280587	3416.2388462442923	4730.897371735493
11005.521414498766	4272.231904002447	4825.493045110818
10238.555188809596	2406.476658003899	4724.4883668660705
11456.7823433477	3415.3995750530075	5211.519750032226
11142.06652866972	3609.4720130586284	4783.53234920958
11245.369589007527	2670.2469240204423	4761.242048603026
10662.978359100425	2772.9899843640637	5493.360243673998
10957.244621126138	2645.1009772337634	4835.678259649749
11047.690724566452	2490.84447366844	5160.448501601321
10206.352987585642	3769.1539297642476	5028.735672981789
10159.047969602945	2655.9212342899496	5792.9654149050575
12240.049053052519	1824.3936193293405	5038.160224064004
11110.24166851107	2723.579418569153	4789.776599237133
12155.196652034867	3673.393500200365	5235.596798542894
11464.328363886074	3077.568861377258	5761.347174525365
10038.86151013823	2091.912825217311	5587.918342496117
11566.2011953484	1972.7523210716313	5127.67442839567
12366.614754350143	3214.17492929559	4819.583549842264
11433.393866228578	1622.3897808498612	5119.769424717826
9469.260490297815	3605.4443065268006	5140.964436769863
11489.313090684293	2757.344799893447	4819.798762412372
11248.2530372369	2701.3859671613454	5787.202273806728
10917.515965383605	2328.4228974439898	4951.205827813507
10560.241517749178	3882.690556801813	5278.097219816947
11043.676226920808	2301.086902967067	5086.880130924892
12070.155392008002	3058.193229137603	4647.718254369137
10989.161368331052	2395.5668916588115	5600.485341204891
11710.348400835488	3180.769289897066	5263.276360420455
10925.225088554882	2329.6803235825914	5121.337419403222
9695.017102554531	1016.6118786505866	5111.135892463877
12405.686945572887	2306.4559680071807	5366.576776623198
11286.59435372445	3158.9182697948395	5279.828509577594
12277.19189827621	2651.1554738096384	5353.910360773951
12148.375217571402	2934.467968898082	4590.344938054969
12424.92385317426	3305.5221076546622	4482.623492691099
11762.722004742685	1574.89016695196	4833.678836627581
10173.235159823178	1964.9322397563112	4772.002967871259
9643.788956623	2412.160406504687	5560.806019087641
12044.781868472433	1422.650050032343	4570.463628803221
11309.955872966051	915.4306411884069	5337.684281905917
11363.221737548485	1868.707995853483	5002.671728652883
11852.39285429735	2477.7216761440636	5405.632970587556
10684.652762468557	1555.8472866455384	4510.995908817322
10579.555549234063	2088.637374396455	5146.34443462895
10648.587607492827	2406.213749510211	5583.310385421008
10509.919360217655	3715.763848075345	4746.987302734761
10734.048701966567	2592.884630075057	4758.43361173187
10890.89786381844	408.0544776001875	4921.207114756287
11126.44698939685	306.41149737923683	5283.723256623468
10172.826265489794	2630.8913342885585	4785.935629286075
9731.616995472787	3621.322716537773	5402.144168024966
10881.633072036564	4299.101056663542	4925.263332829649
11815.472634604934	695.5761925007663	4400.048970593538
9827.410914924165	3056.258538358768	4861.073941039277
10497.98614058193	3830.665468778143	5507.817296197598
10069.089297359516	2868.774614388373	5050.204959416205
11013.035183875952	3286.700887532502	4375.211922722279
12933.644811879783	3454.1367605737714	4606.970023525627
10786.794941983519	2950.8397425180806	4654.871401268912
11485.525791172504	1655.9351367802492	5043.978100952287
10664.292394869733	986.2381134976691	4923.167539375745
12020.910728399744	1393.5870930965	4474.346509582243
9485.919383663144	2302.9645132664623	5141.491329147279
11200.917002060112	2190.943583207273	5201.533602284448
12030.856600584084	1544.2624356029978	4870.371095276299
10878.565588557714	3682.484260081424	4841.906621214118
11865.930380589774	1941.8969644646065	4837.172972462541
10724.168078007933	2836.7308868201603	5244.031377414383
11908.543569663974	1944.566194927298	4798.80987088667
10330.780876201381	1352.3155696487556	5040.391223045846
11913.585579598941	3358.7112296651453	4808.878891845262
11606.672707967651	1042.8548197180216	5472.528663254576
9498.052527230317	5285.257895547103	5411.7225635718905
10566.110905091007	4210.791011739364	5186.036466129573
10409.661519659641	2986.8288965852603	4840.200314565614
10550.658144791876	2415.09804256733	4965.021285671027
11032.944441946687	4616.665386894741	4863.158742915577
11556.798684675625	2582.56777363124	4804.500035922915
11578.296616803735	2592.001305812669	5066.453102501834
10840.411949263065	4490.776178313913	5632.371497343663
10327.196184816652	2497.490951244683	5062.928718751504
11310.167403126195	1450.6494692487524	4913.591066954962
12012.984736938797	2219.800437245632	4701.4568860115805
11400.569587272697	1987.764807801335	5801.694377273474
9790.83537155926	2074.9739398181423	5610.619322358294
10997.305195956742	2274.8332443839695	5049.063851395748
9614.15117947447	4162.603207783251	5017.28075223551
10691.97940509116	2882.5856841944073	4621.593736861943
10636.999958044944	1213.4959306300134	5311.21525198733
12064.365502773668	2171.883244412955	4703.386613436567
10639.580396977917	-276.11780827286725	5763.087024194678
11606.597054102465	1473.2706444730766	5133.715453905801
9850.924648072207	2399.8055192246175	5396.186950946455
11313.407935721858	3591.568258764777	5167.117257211916
10020.830355473528	3365.0344819250445	5728.083260353196
11213.709654309785	3167.6051004857068	4782.106393701762
10887.806055869876	3048.223579291764	4435.501513927603
11596.36880328641	216.75888932224723	5703.597629373105
8897.63309615988	1162.9963642664031	5711.1391792755785
11906.610554654048	4071.2452407587703	3974.869154296057
12719.939213688442	2567.9232213911705	5398.4489894508615
10310.298812738993	2462.1173452569997	5354.8286509133295
9879.72566580361	2627.4192968622533	4914.454626457807
11910.35475035665	4023.438975006011	4434.375372232171
9566.521074623504	4734.5827116292185	5477.322664818288
12081.191168445102	669.4090526715637	5016.5073464357465
11501.705569874724	3008.7582290574137	4832.165749521104
11893.97163172679	3417.3476879022396	4731.930576017764
11041.598222933031	2780.5399850087365	4642.352951135254
8057.766431266662	2077.2963037327463	5482.863644760666
11476.720457253195	2838.7464284945822	5173.855851510461
11390.479083402332	1876.3692524097974	5535.733899802399
13577.642291787655	1454.7070451871691	5230.9468341552265
10308.053629940996	4324.464683705727	5101.898915292036
10895.465099261104	2522.724501721258	5668.382911938659
9787.661354130842	3379.2518030023225	4863.096000190569
11636.431702243242	1508.162293148944	5613.59239419906
10309.84481554349	3123.5780886834896	5069.654264350206
10722.110171104247	2046.9685106312716	4945.241765351565
10671.483197290116	3119.1486896235933	5781.261358545968
9596.586777332674	2725.5766279466634	5647.330500052059
10702.598938391993	2308.5966867890706	5252.595716618382
9962.45591952938	1274.5302818379414	5275.8824745173615
11212.537831879119	2000.0302727278206	5011.4450345988025
10202.828700078373	2169.2540582795455	4928.557859048925
10878.811740352914	1157.2755882703136	5403.770550120003
11263.030532192219	1783.8626389935687	5219.944670318906
10594.05624630071	2691.051936068017	5198.866116641582
10106.458542583288	3971.2585808938784	5586.196296130146
13141.364585703317	1284.7252075666293	4592.221764683846
10074.338872481936	2983.0352985444997	5144.6912890999465
9263.386500048926	1199.4308358463497	5793.4518488766025
11001.184402881052	1871.5204914191033	5132.045065719359
9749.690762560329	3962.0823784765903	5557.392640086183
11682.804289844033	2239.8972253486836	5065.287332244828
10091.696374636505	2450.4621767450362	4986.709580609148
12203.435857693681	993.3688462664991	4704.58535728503
9900.080017276623	2350.139378109427	5566.287909970277
11445.506532949319	1088.8264612718935	4414.779521347099
11145.162336932053	3063.557449764713	5058.284949897519
10981.566294461269	3226.721530969056	5472.1131596786845
11654.645971621681	1974.758133344954	5140.215568281531
9270.492637537094	3589.7895800275032	5273.434562180666
9764.277909129009	3395.398543637869	5087.163571465316
10745.528938704038	4081.6260652650167	4848.608777223027
10489.079821239322	1938.997603998512	5130.375095569246
10304.847647263852	1538.7251936222772	5054.936967702374
12498.396989015384	1771.6568413682269	4143.03348854483
10104.078283723373	2543.2656251273675	5100.471558930977
9641.907204046784	3131.070124513788	4495.2864962377835
10809.22531294959	2839.111322558576	5055.3975063336575
10003.387033297304	3918.0352605884173	5283.679231545478
12078.315371108973	2407.338436213472	5608.753914510473
11137.789346354259	1553.869891194384	5064.2729312865695
9941.36839939001	2729.7310252655984	4839.282243288416
10873.629772748018	725.7439354722163	5508.298596353997
11370.825870039092	2929.5512309665705	4716.2790622584935
10729.459125721536	3658.8100897238105	4908.244490786497
12398.507797549722	3011.129882508211	5712.6690414142995
10742.86933212644	1848.1355711975648	5085.151050495222
10628.327841441109	2718.790068970047	4977.187414762948
11650.097565231654	1263.7650157999774	5738.703712094381
10074.225696375892	2794.6000570539145	4744.110308202674
12111.533909486196	2165.2087132057936	5214.297732907672
10315.136752665023	2104.9337204382773	5136.841377454557
9948.44363064294	4920.353642179449	5062.415969261739
12261.321145836439	881.4126581174131	5166.499501395951
11736.290647001462	1834.924659336537	4902.381582287563
10397.849835953555	2772.3820033387906	4965.033076601703
11164.71539111022	3333.5883416030824	5322.64166720779
11637.734931078112	1520.7926046160005	5571.049693172028
10009.276923018117	2596.1987778117546	4825.025522525591
9867.540146410562	3612.74047052799	5448.110406385187
10875.954047743335	1301.0512645711558	4953.987397695314
10160.161763611466	4902.595404203865	4672.572960763998
11671.464284700529	3051.2094961661387	5137.562210804438
10902.645765647962	2512.9430771239067	4768.016860860708
10796.401456981093	3048.957732124675	5123.443486441395
11207.523526167197	2130.4850172491188	5111.68341804834
10230.547846502282	3729.4990154914217	5276.730135440753
11969.38454597806	1943.2362691569592	4017.8712792162646
9755.898048769523	3028.4985912481907	5307.870231086679
9818.279212996109	4197.857042528021	4524.937812057026
11178.301379451457	2276.6687476481334	4931.893774597712
11753.675687916086	615.7150184939635	4708.389978943433
11251.402031103607	2317.134634676766	5353.699977755362
10848.517017075283	2411.6470050561943	4767.080680409366
11781.226844037836	1159.1390997389994	5796.794701586301
11921.185565159423	3605.2418995643616	5395.368404313925
10764.044532000627	1864.6523247586879	4981.013877962008
11514.875723811692	1139.1256155573394	4908.2639053943485
11720.826532107501	2901.4564790745894	5197.50890823913
10187.271130444979	2450.945321973947	5105.340256309095
11318.028010091277	2243.383652583763	4666.926068427626
10988.470888210291	535.6129572548867	5520.786212838963
10389.537604960662	1867.500187814751	4961.861338965682
11952.054419516102	3518.6099774789122	4955.103451239935
11664.46765816908	2166.59916148187	5714.157331260319
11902.716929927434	788.3864789655461	4962.1716774591605
11578.40424419573	1291.0810589733787	4491.912844964606
11527.134404700233	4146.150124098645	4943.144313224823
9677.00347091924	3189.089909251584	4936.804348414835
9610.068184789752	4479.59823533981	5533.137778284736
11266.189295495413	2259.3031098175943	5478.383326991838
10574.389917726876	2134.319233260174	5661.82392154716
10375.073453420371	4000.279631319416	4985.559099596291
11311.264459878672	2634.14677039219	5295.589839082546
10615.74796391489	3418.164475000196	5457.347237263271
11661.391508840105	1988.4703479099057	4734.96173663099
10814.53327832318	3025.0764564211154	5164.042501758843
9726.297604812868	1874.8202079699688	5499.785005030755
12397.860725662491	961.9715642242087	4466.767244759053
10826.023308999622	4331.745201960386	5321.414476487217
11291.7120260733	2043.4135091611618	5580.18670655703
9840.184808709626	2300.3278361696825	5390.918670214271
11225.320642212779	3076.42218203687	5291.475810021605
11076.958307583802	3050.6930286118077	5444.8791211791295
10647.625343264628	1571.7576507992412	6157.44224856406
10576.501573860152	1799.8282268335481	5215.854235901836
11096.015786674065	216.68653129105738	5425.883406217665
11419.551429833975	2531.4931034663227	5504.867864138176
12073.864794425835	2109.921554522695	5570.454466849322
12570.59565449845	-56.113910737665755	5256.9002075317285
10912.184361642287	2495.2464755656697	4681.48229913899
10975.026448948549	1176.7376688843378	5483.648623763257
11793.795175610838	2764.761242491722	4895.231706396292
12336.298808289568	2709.3225978558517	4452.745381228917
12223.300329402817	1445.9607185527536	4837.9771397476425
10962.267760232298	3053.80630419368	4367.988377515469
12888.118163316458	1598.655512534531	4602.328506417063
11336.08286520072	2663.3112648559804	5247.055637743748
11799.912468853681	2615.2748289228243	5078.216727072372
12026.572913965807	2073.7024877163212	4962.560682337885
10266.684937336475	3957.0348925107737	5076.173996292395
10821.174644977926	2258.6250632367496	5295.881503304016
10349.005583526581	935.3850462335193	4974.937403598326
9906.577059039433	3334.5104594512227	5394.790413311437
11704.90568629301	1313.8019746930522	5098.362862447961
11521.552023663939	3041.3554002789374	5045.53873562141
10531.537874891797	3615.078166200417	5053.45406212975
10390.972442477914	3133.988439848493	4542.54100051152
10992.302749007242	2989.849406397789	5358.225190635615
10709.108538814042	2717.8426537924133	5722.737018060486
11352.72573007058	2183.0587866202213	4847.950513059348
