728.8461783653651	17413.023326502815	7698.588363863848
614.9713941156206	18951.638443666347	7959.421801497823
1235.5781974595634	18155.994257316102	7839.543560013065
431.2823220034167	16039.952297397878	7988.607301903618
1362.759014661737	17813.08467867448	7691.490536161402
1435.9221988559477	16437.60410001042	7959.642703745032
2800.5119133261364	16971.26557203668	8105.067676890791
544.1016080423842	19526.00015845992	7648.958899627742
2808.457305114614	19145.193759165344	5147.53396489964
2571.999108873904	13032.34748575035	8160.485095793206
498.0523482469547	16894.997214368625	8019.473165094278
1113.685783864493	17510.94439105637	8122.186223654148
1032.8557024470676	17042.199671907885	8278.247047776646
1328.3766509943944	15715.358141936227	7751.882938568412
1126.6742485842885	15803.661170226373	8286.570970232793
879.9888927471187	18730.51992045498	7986.551453734825
885.2487823996705	15737.69196167696	7812.500912301137
1524.7487179020386	16901.40655568243	8016.866272639579
1350.1747065090203	17038.17625954203	8190.864561355644
2896.9530121645753	15415.137411027592	7422.801193815157
2577.136246327163	16266.676661665448	8047.184355229185
1076.6957262051985	15108.284053675798	8235.615076621087
581.2280006812215	17168.670949161533	7907.109400809027
1739.1596550032816	14591.233701717212	7774.4375742563925
1386.4936471668113	15564.83910186131	8197.979642698836
870.9742447645524	18106.472047463947	7951.862032228087
980.7306633809378	18845.503774947938	7639.407707466922
2094.4970186908804	17121.228567502912	8449.077827229261
1371.426689662714	16604.216218352434	8538.652865966153
1608.2558634825816	17944.2739965035	7400.5138054601275
1719.1995370726577	13728.593923806393	8058.590273129896
1433.1266892510287	17352.245398310944	8010.69008568038
1524.623141943425	16594.324003891612	8006.905431972902
1018.2363259754694	16998.724956275633	8490.639637553748
2696.26371440799	16788.717565252377	7529.584158893915
1920.9748704642143	16975.059213054505	8316.534868861016
642.8337419797607	16374.557518306123	7459.953916853635
1863.5182031595427	16825.162381699374	8090.381963395587
1227.9735474264016	14313.43194221105	8168.067840234938
1488.579373850719	16499.715838155767	7872.916703092958
1509.558801894791	17558.98703003385	7363.936503027706
1734.4083750452328	19163.002876732342	7648.095355115028
85.90599639272023	15095.650526460771	8363.816908553896
1722.2834700534477	16693.138336886175	7847.4991467653745
861.5979748685545	16669.330666787977	8194.520929310283
1186.9243468791717	14720.18856262958	8231.923697213573
2005.3906765363813	17939.646507621645	7952.874001093601
1167.5933662190794	15739.312458115517	7473.960654211828
1450.8083143927565	16717.0727065796	8110.137887450926
2043.1782510974945	17442.565960842043	7636.870664857879
1016.3060249272785	18320.539837169217	8071.939922659327
1287.3914789260955	17708.642899223618	7851.236457577336
1141.0368737623965	17227.108524608422	7893.48033363292
992.5130953530081	16669.563071060365	7792.577456738965
1471.733384990061	15644.426850942316	8249.587965440354
1357.3929842458567	18471.331730961367	8586.005025130878
193.99879399433368	16953.795818434526	8465.905331464199
2098.2724588019328	16099.709581921416	7571.694699315469
499.1548571936059	15010.214045177243	8810.89341107325
2052.4547670520355	16685.499771586805	7708.284251729534
1072.807613267419	16471.305230849397	8089.746645460402
1662.6022963106655	15633.116355223854	7930.470525530226
1625.8080818216451	17331.542739264994	8323.229565182119
-886.3120676379181	17598.668073793535	7468.36096518362
1959.8781742686444	18614.529889353125	7840.944509324356
2233.5570371648682	16550.208863038362	7414.921474126085
1487.1042863685084	17559.494404667603	7751.221435425751
2948.2403228048956	15093.302086184167	8420.716066099727
1725.2630047210127	15525.788983527811	8000.892926302122
2001.5937327924614	17324.492134759344	7919.678028613797
782.522878713842	17029.124189693575	7601.726673185402
310.8832254964589	17285.800990353113	7437.683316183774
1542.6935297867317	16904.256580941103	7639.563118892256
832.651947819859	16540.585853871882	7999.282344605763
1300.7253844709514	18275.327317853582	8477.898697816565
2175.020274782499	16880.01964937014	7686.823790764648
1688.634010048708	17455.432801577816	7934.933880165692
1273.5450051195235	17675.97667027479	7459.490347762894
2898.207159848161	18362.55050130483	7952.890795995694
1801.4741885545284	17567.950924198733	8013.565312605489
1430.4594731478044	16291.268013012632	8609.767337756084
9.942275945498142	17269.327035142494	7985.96073173334
2318.345971368776	15312.70866065783	7821.271572580638
1492.0994168648983	18107.194885143548	7666.537968325109
1197.1825007122234	16511.095560345097	8240.693427739701
1429.6006447100958	17015.22122983611	7947.407707323384
1731.6249738009562	16371.853906110138	7902.439015021866
2014.68862964514	16381.977430511732	8195.594037309773
914.7502918631742	15383.838785032325	7659.2243714252545
633.2751719806091	16695.722879973295	7386.469113129705
1532.959806388993	15045.481855769473	7827.142406691953
1515.7413710691164	16130.592064565173	8217.222513706969
1367.2686353409426	16915.090385512318	8102.990441455075
681.7093478586089	16736.13716031841	7868.891547234679
2051.637679376173	18043.86919520135	7795.6190956638775
1038.3214155945234	17659.695904637927	7834.504226437078
808.5121860883503	15628.215090501213	7925.703010244564
1469.347307592194	15841.435066963424	8641.29928692301
2365.8784078618773	17718.001291732668	7653.013884793931
2009.6995404095917	18111.647879119457	7416.279712028009
74.76418640506769	18640.05855941931	7500.78674896711
1926.5517785985671	17658.359618988732	8027.096631440221
1690.5084208645296	16884.315631848425	8119.807069901872
1354.2718861864137	17601.538682767066	8600.89098443538
1810.6241410795308	15999.837876003916	8228.995940235176
346.15976605581994	17577.64286357406	8078.264987035605
235.2646163824866	15163.610104134113	7843.138097298896
1793.1788608378668	15436.484966835545	8033.227139578837
1416.6810235361652	16009.659150320056	8279.712088674565
2253.260618076406	16019.87322600682	7919.284262977761
1243.002101800011	17029.310863090286	8120.6648927241085
2086.2953024356407	16092.459736326395	7558.051687702094
765.2744860269099	15302.992066654333	7810.535412162308
1248.2881627811855	17939.77350790124	7658.400362489382
1771.2637020009558	17919.95039568197	7886.516264670908
1648.8067972001327	15808.896347641003	8090.018455621136
-128.06226182594327	17618.56190618521	7517.4795734666895
458.9962083718263	16451.182605277827	7778.9813126057425
1725.8682991526343	17220.913989988236	7770.9842875299055
1010.0641177890483	18379.964133752037	8695.186537104244
1315.496165363768	17471.60453927081	7461.4723112295005
413.58676602080027	16347.757810590212	7918.9855013598135
1277.6163979934222	15718.707835009898	8026.15376257343
723.872636571032	16073.477248191533	8243.248779579988
787.223487118973	16126.050130617354	7711.814978129328
2050.855507409348	17673.109464624835	7825.5875010491345
1464.6892080935595	16335.665755656211	7911.63336129754
2303.8171350887505	16725.37895928923	7461.509001043499
1791.2717337063013	17049.186673710992	7876.923818163714
769.9623434432712	17677.355544436025	7735.272157954115
806.1018636426489	16465.179301739045	8520.723001642064
327.88850960201717	16579.24178417492	8035.68415695576
2387.6848936718243	16260.106625099701	7954.141753102474
1357.0941595909017	17041.766325186825	7864.087255977096
296.70091680713665	16163.833902372338	7888.282156441492
1126.851764733473	19396.098383415414	7481.6741547298925
1308.5418676370402	16164.019399822459	7897.057434113432
2658.362397787632	18184.848389544895	7797.889486850421
1542.0388674719916	17938.59336946659	7814.105429517394
1106.2786651800322	14782.831409104158	8236.306100624712
1651.640789225995	18046.830045485018	7865.626764548346
1046.350010534266	18702.107896255184	7524.697292152068
1305.3090111095385	17250.790194789115	7795.859025012807
1038.7922055517122	16690.36715074582	8019.53875015556
1851.8097602710818	16559.249131145305	8216.481901779807
1694.1397908025003	17398.219929739935	8398.930086513463
3121.437557724232	16139.87172414273	7521.859037174805
607.0440534158689	16257.388541341481	7728.060890921415
2152.633497134913	16654.953820564497	7814.323403727398
2441.4572742626656	14136.598449859777	7835.393703633807
3523.448458538199	15763.144958770949	8468.728905281341
-57.23659512515958	18101.772359845796	7720.127671862179
1370.504851328777	17169.440064032322	7485.503396190638
2010.1822612914896	15965.3321867006	8180.0331316627935
2333.9135044569207	17507.365705955195	8099.3739174866105
1410.511868325538	13314.414510007211	7876.683130330782
1449.2566168459134	16346.0929861823	8069.269770799523
2055.7877816475007	16592.497497250206	8238.842075177628
1637.562040757328	16107.925548207837	8332.705950797632
1849.7032187061072	15019.302966046467	7865.781341735022
286.11883768296514	16793.69335039776	8429.552480610355
12.760013771046433	15692.661067303861	8132.721520651172
1518.7919011439315	17125.250542594007	7358.590823420224
-260.0255041878732	16905.76478281627	7966.74167242971
1965.5353406284387	16029.479049751579	8106.193066053805
1428.7213026656902	16042.97893942916	7917.737189303303
2653.6154203270744	15960.934855366922	7822.794491604561
1954.3505972287562	15974.33328930913	8464.550546577271
887.20813616008	19090.407013040134	7856.171358199364
714.9907579014802	14878.358270205095	8085.347530740794
910.075483913701	17245.772414543935	7807.0831921053405
472.82519075158876	17061.904093846006	8734.496262099527
672.6739478766576	16058.885945736365	7726.6045523212
1964.2833921316105	15117.783354060693	8311.829308103279
1364.562484162033	16809.854409303378	7756.278546050353
1178.6217727490928	16911.23818938714	8143.523188191042
969.0447137438357	14455.172895194879	7920.636191173389
1663.0938241029148	18849.73676888821	6957.628698051136
1972.6648005229367	14973.104227548123	8064.787927467625
1100.0268028807373	15324.673819566373	7872.844956370302
1128.411983154269	18826.795466166997	7970.006730970908
1008.2435579113506	16962.540283525672	7696.185549119682
538.1966183529184	17252.64699408778	8286.707574819757
1746.8077509606358	17502.842494445336	7915.605005201891
482.49796969698804	17686.056531784594	8217.514599635459
472.4992595897889	16480.14764579579	7919.076030778665
1269.404097016029	17479.741414938544	8285.07181620202
831.5065952710021	16223.430176781714	7931.609294375025
1586.5483669811072	17192.24142202835	8096.046120587035
1828.20593324402	14699.913241089334	8593.519478598057
894.126133889676	16589.97867582968	8471.288434751816
1589.4552880477438	15350.994947920753	7881.421074818863
2344.2210330179055	16050.913626527894	8030.044399298031
2524.0196137582034	15349.561898702868	8206.784653380548
781.961098235228	17296.123150073086	8102.415270862242
3325.742323563452	16620.003675652024	7870.07601174548
1096.5547597288012	16381.178333192294	7659.215383533649
348.5578672088558	16765.2326890363	7809.108942939668
1480.799594208445	18182.73120699353	8175.753069824989
9651.226294159938	4090.274839096152	5467.732707383189
809.3969801528375	15723.74333433504	8053.790575799645
872.4230764633963	16174.96715799748	8058.711555626953
100.15323766502665	16771.81685800349	8701.315161177383
419.13465495852074	14936.158628866064	7922.622974847017
578.3705850669045	16710.006362873268	8153.481419521961
1246.617538434184	18256.389419653802	8192.763567755454
1929.2934567946998	18079.38473799806	8205.26142513663
703.7480544943222	16720.207118719976	8324.914274572047
1027.6774246125037	15185.54296891677	8012.800571147251
1509.889853186343	18079.89088170007	8113.555320662952
924.9915227599953	17156.58820044778	7801.111570939182
1362.829169162135	16160.277234217132	8035.441955279726
2182.4563424664457	16861.456900197925	8172.0095337650455
1370.3847553739035	17574.540019010794	8208.0715725807
5.6323233511257405	19397.209221064648	7517.520066731817
336.07614535355066	17158.546224366415	8282.35168164248
2229.8743206038575	18275.074788806865	7452.879435040539
1146.502457802686	17455.775833616073	7438.075036862943
1499.9363992477327	16712.30530111995	8000.897524472293
2106.7145975226304	18466.8322385311	7821.364086064125
1221.595865930616	15256.526947944472	7830.499261438937
1131.4146793259833	18301.308866190328	7989.603607811829
1596.271500381877	17703.725048792876	7566.379626574471
2279.394688312652	17007.805758836676	8105.044201844522
1760.5679584854881	18177.90384382481	8086.722240063299
1090.294330370038	15130.905196949441	7942.797766564993
1181.9204274560177	15528.72764271556	7931.816704168749
2445.789811812198	16464.886315134412	7571.521730317672
1012.1153719830246	17000.927909446982	8123.444141956359
2049.9617513041426	18001.21691662277	8090.490522110568
1418.4405931148203	16263.225304052132	8044.1361202598155
1745.1480135595448	16720.825296681658	7745.864377396598
2126.1023523680756	16190.948132329913	7786.737370241492
369.26961728209557	15784.582054138174	7909.261445289816
1141.6850043680975	19063.27895994288	7700.720978462346
2182.8608389591554	16376.144758916535	7470.7883116632065
2047.8127275437644	18344.458665422175	8121.841320964631
1480.1691500923594	18369.203588068696	7036.896477825432
1327.9518261493329	17464.50723203464	8100.890608137335
1315.668807038818	17155.504516805857	7735.208726278828
1925.3120031489964	15665.050582461241	8423.804927784688
1656.7596457696911	15027.066764533854	8055.0183085557255
715.613020794063	16902.360455042075	7971.677416390998
1012.0638396565311	17461.833000442035	8367.820883407643
644.3840546117345	17212.476383079178	7738.492043970081
140.0764503135319	16194.791421054926	7818.482319763271
1872.8043983970856	16218.201432276705	8395.579984051426
1848.283818246585	16399.275429372097	8189.040355522995
1498.1165647302405	16434.35812150334	7913.157115162217
736.6263969918099	16377.114438396258	7911.419523572322
929.0160743733131	16472.779274490993	7560.375107966133
1698.992849667135	19458.223553191343	7957.3506129011785
1862.5876270064202	16649.69457012223	7993.560087576638
2165.2217011189623	16144.146259445972	7682.549433699
603.922044408906	17341.56331489333	8184.97979747172
2675.9227575515974	16679.020078767982	7840.268052599273
1822.9511721333602	17559.07171883211	8157.69859493335
1694.4113915390021	16940.506432505812	7872.8345085472965
-328.04870696748327	18115.48907221376	7551.191235323573
1757.0154653125294	15594.828924584663	7929.71866513536
514.9512193269857	16595.809480483113	8203.483463155502
2448.0339573367687	17327.2777003778	7915.873961881145
2069.235396099357	15140.144911559133	7762.809936753201
2293.83019866979	16586.747293392214	7872.916913291447
833.4750338172444	17135.11071922669	7820.7237883824055
914.4639092564972	18400.93191931202	7803.975101533463
238.7618320916697	15494.012406391092	7881.102781191703
1908.4343538097032	17848.140181393537	7831.8408151982085
1496.0371746472276	17189.830388453385	8249.406051072001
1349.7395770788987	14780.613223579516	7555.686612337496
1064.8809060820545	16134.51898119162	7183.172715806309
3850.83930915102	11438.050906310727	5586.161316292012
775.7164455706687	16663.172592748473	7890.101057635278
1187.6630827399424	20081.136604809086	6388.269430004975
62.447371559107246	15929.103548015464	7711.243342896549
3071.412594517372	17551.832514114	8016.2053676451515
1753.9677583017105	14265.480622860861	7761.8172125887195
2345.860688840207	16248.25782913779	7818.071957024872
1822.9978519317756	17722.015414379588	7673.796482957648
1511.7162736428752	15075.944249411785	7890.303062305206
1440.2868887119923	17775.15493090173	7993.166462069078
-967.6885414781583	19524.215225845226	7525.044393489362
2195.194642198633	15320.349829191773	8014.606095538556
983.3727694595265	16662.737145625357	7976.5296187934055
1483.0709066352051	17260.871848546383	8099.832198580684
2107.9908898305275	16167.76685777562	7858.669777651812
157.5942528567453	16207.996503773356	8236.55012807251
2088.391785164023	18094.830916454815	7494.67890928426
934.8609655892637	18014.250791437393	7944.434475865503
659.3387884337741	17511.47508102465	8007.477313596982
1294.3759758350784	16654.263835220452	7963.571934995952
2483.937388215373	16680.536868328458	8100.578593640599
534.4741582238406	15452.456291447887	8031.745638225236
1206.7811938489776	15954.40215478622	8007.193745186388
908.9776116980552	16881.961701631695	7807.275310787956
1026.7506993410857	17107.35441628279	8306.448050882282
1954.7915765710866	15572.38758077686	7798.785488853338
1301.3414081213296	17971.065482067825	7485.276289106467
1097.5949133214838	17725.82517947588	7875.918569928047
1173.3302309186847	18612.64301026747	7543.9466255364905
1218.8215142524994	15641.852496325679	7886.7545061043265
1790.5768603739623	16460.818585219375	8040.691320272944
1208.7103987079	15999.992483852553	8090.094884128479
1630.074766337407	16216.415065648112	8036.431209935744
2251.404682841116	17539.409063596093	7799.820294603829
1545.4920422973398	16972.312071400516	7513.633263467437
1747.7302740465418	16490.96917133442	8211.73467737003
1877.077302704901	15700.362087583244	8371.973762005951
1519.3701459540207	15929.352362237565	7946.426762833697
895.8462989315528	18510.92703582724	8130.157606929286
1320.0497858909866	17244.602176826764	7595.394532707846
986.25621820035	17133.82899172843	8281.623036662739
2479.368016351967	16835.087499312267	8049.046452785415
958.6496528249836	15642.196523688102	7795.7403252635295
1064.1265566388295	16866.184790001123	8042.182894471305
1327.5438283650808	17030.3175603961	7568.8003597278075
819.8304036558827	17602.826757473926	8253.070612714819
1203.4984374096282	16571.79900863949	8058.316157441609
1747.159372034605	18672.04548778729	8137.479894283028
1740.8377236827064	16468.918185153692	8567.139435226547
1395.2722087046895	18520.596678865895	8355.986538007226
-538.3331187349638	17986.16392701537	7757.400996763544
1293.6919669722033	17134.990119078186	7680.042996229206
971.5172373571719	17730.51029603514	7896.470266432455
1908.3289052828386	15642.818587928703	8102.572149701359
1018.8704836619288	16918.966272361115	8327.962903254276
513.3043939955144	16259.819640070276	8080.002873650141
854.7358038312232	15551.576380836552	7912.960314342384
729.2877700618425	18511.201866843265	7625.283153918788
1450.8623740303897	16847.85858329241	7894.1093297288835
2390.071602471486	18032.572685266114	7549.184834599175
1218.145621735876	18899.342401769547	7809.130783406005
1925.2079534825605	17532.95809288869	7895.165355189496
961.6658856184704	16583.544287469234	8045.971270251965
2657.975718898656	16471.373514083927	7946.675822795192
1526.3996220088193	18007.078148294324	8001.761969535973
2641.5594352553508	17627.345033989495	8305.947214906675
1320.4954444568884	17148.130009967103	7792.90837974935
2092.076119342229	17575.66022820207	8091.843807398468
1051.1853245770026	17112.70569812618	7409.1705967694115
1545.339223251722	15643.099291951947	8345.735356033472
1074.1479923797137	17785.234750636242	7963.895084646833
1636.0392057592671	15919.848225664475	8056.590151179764
829.2274178308965	17021.197680459238	8367.561529427954
1331.6438615935558	15635.624169825249	8256.166100509681
570.7039184968576	17745.653300357484	7602.692615098296
1614.7472259541778	15087.985087507523	7728.298998808899
1355.8068270128813	16852.141583482502	7504.128788337422
932.6475035951186	16655.864715164236	8039.867255293541
785.7850903528938	15757.800268100651	7905.5814313756755
620.946973844115	15335.323090374714	7515.550868059511
651.9835708924818	17407.542327242754	8128.852839172562
786.4109236619631	16939.903216882878	8127.5602371273435
2579.7126613008027	17006.891559062915	7787.278440739635
2299.3681855643417	15892.162167577697	7661.065854507903
2549.2844406953873	16313.273583688017	8098.965586277848
1326.061210152418	17151.872284774512	8350.290900628761
2619.873465297042	17195.426064406063	8272.556603245805
1280.576405332752	18413.322241955033	7805.886712835071
658.6132383360796	16429.507069031068	7866.528007744663
1180.5277464476037	17340.831430144128	8102.354824918698
149.61842350906542	18758.643236538046	6867.325958766058
1398.2131568090613	17932.407173896838	8565.18278548009
2366.7048209260042	15899.573523342779	7761.238185805438
678.8639861538749	14539.21231574864	8200.21215276806
1954.9123605231787	16946.52500855324	8553.826847843131
2405.4244644980954	15780.54766787301	7846.092842716373
1576.3044028703584	17791.83357697407	7970.615720153784
2208.2550768708184	15120.511656953491	8325.00076914368
1645.4170946993786	15237.356719332118	8194.689461211694
687.4208757151106	15686.281028054033	7921.859817596755
0.8474731940534436	17607.525116849647	7886.477621273337
-690.8280323128002	15803.907058927165	8278.348304064413
1401.5230472434264	16460.577153330552	8252.25366866181
2227.45078060958	17900.940753346793	8009.538709869236
978.1477957525987	16955.858575857394	8082.182460610871
1855.9788114301157	17217.467611000804	8040.479951350005
1965.996949521783	17244.305124966162	8082.139450867752
2246.1530534576	15796.648435805357	8311.131885236788
1195.513280164412	15469.192517967567	8159.566529491605
2190.3005525447716	16291.72223279896	8055.084589034247
1012.1529968127259	15726.862299243317	8308.329424411495
1102.751954833263	16729.70722588463	8031.580981746959
1235.370396992795	14511.90598708983	7575.909297262758
1435.764085057652	18666.395355377776	8190.811044338369
1504.1791006959122	18313.001995765633	7782.353550083264
363.81401581459954	16326.20344797685	7775.036841064735
1588.5627103071115	16056.269337769467	8178.13177135979
119.72576412150856	17203.15524238841	7877.406832065073
1401.5067791431309	15971.4358098738	8384.58430667716
613.3232024322485	16031.62207379258	7889.882847860608
1558.5721495765704	17948.751019336807	7250.920948249503
1773.3674744503935	17147.728532429275	8457.96564985621
1639.1852308229588	15450.144960821362	8368.870193424367
910.6894360207536	18178.219911265307	7885.338386468612
249.87026831552717	16687.32230307133	8610.956737917722
1011.8521226737491	17859.285410752756	7463.312002034155
510.44553741205806	18239.852807754127	8005.376490952347
647.3243894352856	17793.172305677625	7833.766263844236
2284.02763948839	15813.742334780609	8465.998666996778
1365.253546225578	15883.847294498053	8004.874120803857
986.9739560374469	17972.266777748475	8070.729979512038
1463.69556090073	18015.468838286295	8453.026657851271
1611.4878960653348	17123.928384484327	7921.4660841364175
544.3476411192123	17392.246861811083	7675.895102732999
1713.8452140594038	17672.82526352491	8044.525537059539
2339.373872484062	16627.083409653143	8023.360684710229
1067.121333835516	17633.094618556013	8027.92796004384
1673.4816224673011	18470.090003150297	7781.279089391094
1564.7218147187934	15905.228426960311	8469.428553284797
1692.5598980728148	15524.779104761901	7740.553618501778
851.6137357455617	17167.020909561634	7769.904256188276
195.2244037986706	17740.2771021077	8100.962030448493
1958.11083828524	16713.75360932638	8472.079586230231
2293.602478443192	16183.526752977836	7891.677229654046
1695.190751843303	18146.113622006833	8154.913813916946
1747.259234400043	15688.667584508814	8117.55168363412
63.775566175065165	16479.27525646353	7980.64086670709
709.1868286538328	16668.280930954887	7635.947471950309
1734.6791271982624	15809.988174624532	7947.460348090658
1825.48361005469	16061.587529036073	8010.010576455462
528.8657682447815	18095.67286030673	7870.6886230190485
2142.6632952490572	16339.193196691662	8547.598469983826
992.5751570866987	15835.730017339813	8034.733831434125
1708.7515503506113	15814.112622769528	7824.915182830902
2022.8550510055284	17143.13444417172	8169.056347309516
889.3513226764692	18015.975802794183	7809.602192189399
47.961999459184085	16587.51019152526	7942.7945281414395
1810.2140696597412	19077.101930129993	8349.369709154042
1211.1331996365702	16507.524618850548	8062.156385232996
1630.977572182596	16986.29884809888	7985.4301801473175
3092.5903253134907	15998.031513819427	8407.859315968992
1332.2127640494618	15323.40631995804	8117.738710937191
-601.7305173592362	18900.58946131989	7867.360086839888
3019.4559377188784	16435.43255283394	8274.529124623321
875.4048524418645	15818.799092876043	8014.3387459428495
2108.0371470380655	18202.723530464908	8011.9882897819925
1493.3247608013614	16236.035578454173	8120.225842367876
663.0615430577122	15729.276004933323	8049.87202016277
773.0618894727992	15620.810740333456	8208.929471216627
486.2205083378337	18015.336122079832	7410.555628676257
1564.2440713643505	16303.055201596744	7363.345199250535
1244.8922560103183	18740.734896759644	8139.1793044738015
1322.3276979932518	17222.464882875207	8429.51681363684
1078.7766490656857	17535.451107747194	7561.204835086289
1395.5947769235706	15859.707401672693	8016.226377319386
907.6965554264856	15492.194359288034	8666.859703464464
1835.5082755320088	18230.229382045094	7995.6442815701075
1066.4710118063304	18912.50285273342	7665.775110216733
317.9155452535968	17371.993515897928	7445.968340703171
-384.71254743153753	15566.995679729263	8343.853161226714
2186.4081937633287	14407.073074305797	8558.928288066922
753.5866719095918	16471.076949689104	7970.334544011383
577.0926645760127	15694.391923395015	8206.229734478571
1148.239499491222	15311.20538669581	7772.908129565842
571.3783938940222	15278.077920707827	8359.953503111763
1290.6135728708439	17315.833497893917	7774.513161545188
867.2022019975741	16754.29204738785	8033.49722956274
1255.3356107097911	18441.18814613628	8334.530835779105
2083.418885345331	17615.05611642246	7425.436636125863
112.54212003102165	16409.14489603403	7271.326496284938
1702.0527689603744	16641.8732451921	7855.934115013483
831.0619345515182	18363.348928906606	7998.061339855763
820.8505581855211	16675.069939646655	7466.249531157511
1296.2725766953697	17298.99252482106	7796.995392874285
1989.806730287564	17421.66284107438	7942.727255901339
1600.3664451754362	18029.02317069724	7985.421807206215
1790.5781948457131	15757.851397784001	7665.526363135953
1048.8863549510738	16608.088683596274	8042.79760016867
1914.0608563623064	18794.758527468664	7598.159177348428
2727.5313501354153	16311.498261576004	7534.455057665463
1495.8194002385114	16640.783571772536	7671.648771510239
1648.9405406579172	14730.452481782659	7613.640198527462
940.1360867956776	19185.023894128757	7596.667266795402
2202.3184255259407	17771.103524159607	7938.845921421045
1089.8223447599194	14590.636631562405	7994.0082678086665
455.9896731080233	17810.694263014542	7825.082702234588
659.6069624252151	18248.887529964548	7805.244118963215
800.5385463444468	16904.1395866055	8280.189203089085
1832.900886621368	17427.64386688545	7527.318183382721
1417.6223919508325	15603.314018874087	7918.824561289461
2150.4662119526206	15072.054259136188	8230.46570662215
1182.7779468554595	17467.7438454861	8026.581544070149
622.4051946840324	14907.776426290204	7989.179957924719
2283.0803166552073	16248.814836581652	8563.596978703741
753.8710983709201	19600.94703555814	7032.242118966606
823.0989830625883	18194.397843634975	8398.384859564947
1318.5880343502904	17980.83428886822	8067.031882081185
2735.666382465625	15441.396582580295	8198.68944882901
738.2024371655175	16669.09920532271	7534.672967114258
1617.8398953260162	15473.594481457907	8082.80733440036
1565.2424428230368	16933.53541998765	8125.880006809029
622.148608603807	18446.40805634521	8081.538146613567
748.2839035987985	17846.875384288156	8296.71247675173
1283.6567242586939	16227.819185827515	8590.774237319445
1110.9884226180982	14853.515075440886	7655.404849287775
1061.8188927854917	17685.81377192733	8191.942783931021
1410.842558771409	16359.791355537685	7838.456524740014
527.8325740196506	14741.140411669556	8228.67047135225
1997.6587473898642	14355.644413751741	8516.954629202031
1200.54548941098	15140.806090324088	8492.238009372151
778.6754592125787	17187.482172086075	8189.181814398502
856.9309561110399	17883.79762944288	7461.125361772575
1349.0915273269147	15369.264887436646	7665.859750285703
1099.8950837343682	18060.1332680818	7473.3655368940435
1359.119833150908	17133.055796850247	7758.847811037874
2220.1859133400417	16421.35871547166	7836.614578875371
826.8958106749756	16855.901104393197	7397.522047252677
1736.2559959261055	17163.34060198802	8382.726806358949
1535.8683548236406	18231.686161933358	7566.304687894025
1832.178689486485	14884.223251722058	8309.540028887997
1893.2719675217334	17598.128428471362	7867.7019449502495
1243.1871405714853	16994.57598447235	8295.57731444437
1464.5846091395788	15058.395018097144	8187.065745603919
1461.6593164879798	15822.273692017714	7983.422439144054
1513.8412144799493	15410.238874490857	7451.402263490252
1910.6830764033414	15524.549817861618	7977.098136200153
2979.0351153796555	15376.316296221488	8038.869767019161
1601.818740420705	16473.886679972496	8056.970672670799
1872.6607784794192	16447.12644966862	7761.542499001817
1882.5989453904135	20650.781205643525	5718.471491513084
1660.6533849942261	17773.67790882705	7315.296076308539
2053.3748049578435	16028.456426840949	8063.072473480112
1509.6827120021605	18313.898623547553	7922.27976126572
134.1302469667666	16925.01423884226	7699.707879170504
454.91662145405485	17633.91331070676	8013.497546420978
383.9635396307287	16361.59001691829	8461.27883832163
793.1371282437005	19335.07873250224	7940.541677356044
962.512458060783	16724.83690846124	8059.487697826911
1359.4545681108746	17338.090619878632	7818.346778820889
1672.563056816077	16234.620186333706	7877.6576432920965
1064.640873359225	15546.143387551389	7895.830014015313
1289.4329211756883	16870.016020500116	7828.814083132886
2059.6425704240187	17321.963439290445	7784.004020473397
1735.7140129992747	16946.689219602835	7651.122426484157
677.203162239452	17399.528012384286	8013.121950436297
3080.2381937860623	16460.145143514765	8735.098942481474
-700.1606445530417	18147.037676058306	7787.665380722608
1963.6374027485326	15634.22083850005	7768.084939145718
1166.6046670682003	18661.075380409417	8366.039359599881
1088.7840864428902	17568.081446344826	8230.096062530152
2000.1051509341178	16050.415587166119	7714.951688012806
1742.9013855143728	16508.39121153026	8282.607262261665
2360.1127374474295	16533.170228223047	8112.544274503035
732.7306046086951	14586.283034151456	8419.24286087651
1169.218940074867	14402.85817735889	8373.080874935577
1895.2739774288668	16820.248736802267	7764.734119767344
1799.7407436521746	17993.91785772804	8323.482911048124
569.8078478001339	16935.65974808811	8016.825363793486
482.8517695201639	16458.00046013321	8192.238969977281
332.8619038296743	16083.06952177142	8274.525937977836
1418.5841482956805	16704.79852665639	7649.604152477432
1187.6710667055777	17383.64893573525	8158.926448490403
745.3124853018397	17234.613192901266	7802.917926618905
2765.221441778864	16404.714430648342	7699.158449986001
1761.3792537666939	16987.79710208148	7859.392523451178
126.03217488049906	17806.764243884067	8162.268867458257
1960.232740729	16167.366027024322	8250.375198150572
1266.4053282141704	17188.759300095993	7295.351217993181
500.46901997407673	18038.054090413618	7616.030575625725
1155.867299864404	16737.98187744571	7612.905718940464
1640.0182226091201	16888.64455063131	7964.567234166382
3066.2037164612047	16880.77376355953	7703.762017399683
1091.0794333634542	16982.990987706253	8126.097844438379
602.5251077931782	18570.60223614362	7798.307981623007
693.9406275967976	15124.640331312285	8556.578493655323
2770.4893878271905	17015.44545906178	8184.102093779123
965.4660583416444	16698.12233751749	7925.542464706228
1405.4563429017692	16971.939646915987	8083.57824045415
955.9994717027917	17908.057128830565	7502.570832886929
888.2702288205553	18508.736063848453	7619.222410884142
1749.923587823256	16099.707156094582	7824.033985995266
1114.5688123083755	18084.964729641073	7974.193340708338
2754.590654479829	16191.760937261644	7983.976767589166
1284.027000445422	15980.00525692738	7992.7896787759
1756.2646690376644	15774.880552753228	8065.225818100775
1326.9510322059452	16072.222419154272	8135.031233998575
858.0954793077378	15950.633778444442	8263.526311412943
2084.0923879219454	17051.602712276755	7838.595345480473
855.5994413069934	14748.7426036662	7431.408017366246
643.4870205006099	16896.17084148517	7867.827508769504
2124.935614940181	17172.43272641064	7930.257367420498
2817.1527406530363	17724.71247901232	8159.912820852022
1236.2852199833424	17608.781771334252	7736.35762275117
2558.286053569589	17367.326875055485	8318.08839750501
1088.8915738748458	17965.029613361232	7801.3232991721
165.91267148737379	16590.402832928838	7922.236744219899
1590.8168219828783	17368.708150561943	8155.47748571549
1136.6778705744873	15937.18087389186	7904.153359389705
948.7071242130273	16431.783914949236	8363.246901665505
1471.0906487043037	16687.365220972893	7700.182958016287
1279.7499948200818	18358.522414603412	8106.628841318989
530.5958882267545	17320.31595292235	7923.188196925199
970.0350930534966	16986.669047027928	7931.258706382624
903.1614702333532	16920.833082179113	8431.929501642187
2158.22220318277	16009.369781138988	7865.426083040067
1773.3177388393867	15734.313395807429	7762.985159136524
1433.6043738865578	16839.490143851355	7966.7110785441555
1029.939362295329	17080.502880901582	7730.3939672113975
765.6679569840717	16994.18343539292	8177.617523811102
1959.6994076343833	16198.840427891686	7831.3135369940155
57.19468370828864	16491.68755196318	7514.763119715667
646.6732688530793	17290.040351441345	7919.807093561882
1357.7333373667316	15997.673882694504	7979.582014827559
2384.3960781127307	16083.724017593531	7776.224507353277
714.3115190071509	18765.417946916656	7968.7762995717785
632.9651703884399	16096.933566449641	7696.790320044316
2623.299282915162	16789.256022443256	7448.513971202122
1310.9901019721767	18572.01684941923	7795.218517661702
810.2277019213612	15671.73210511395	8071.334345135697
1660.1598629241676	17175.741582119856	8277.825905657737
636.5115205259698	17432.40567171572	7711.957452452435
2787.670716375727	16663.526889026125	8144.961501351533
1837.419320907155	16550.681667165107	7817.064677396534
1711.869501275063	15995.753976601867	7956.739482562544
1200.7297406060081	16746.064811104836	7893.749658687619
2693.3071132226933	15537.314396423119	7737.796604748333
490.02497800399794	17002.90294139363	8160.6684090361505
1547.1652542450286	17566.317426710306	7436.506361128164
1004.5020466629973	16273.22976889824	8142.813775654195
806.3591942253022	18476.433574917908	7913.520558451475
647.5546396902105	17142.505267987308	8446.216162920064
847.9645673031332	18142.842932617466	8140.602566468079
2552.0490546801843	15298.99659788253	7817.155337648274
2147.005291357402	14714.38275457899	8406.892240430072
659.1233213010622	17824.63643242752	7909.4467044811945
-134.86937380079078	16373.3513850131	7770.575959634188
1619.7857716115238	16143.35974802862	8036.312858855117
1972.4112548549201	16713.511196494994	8295.153533614464
1674.8488432294278	16571.450525803753	8168.979003436021
384.41126257445603	16944.221210023476	7960.207919361433
43.354552295321085	18439.60886284974	8171.486353549385
1730.8450157671127	16311.016886249374	8011.832442246992
601.0257756965735	16877.105387905915	7810.805434940521
2286.056382580455	20553.4663880636	6724.377104860074
1845.63178474891	16776.076172828965	7801.66374091312
309.64541855766373	15871.857841307865	8012.332892153967
656.4954598025699	15852.015894395943	7999.654236722499
1494.7106518359394	17153.58179117818	7999.127642748595
-726.6132727244164	18386.757298170392	7778.780926237841
1135.3497950413114	16506.68012145463	7848.105804800317
1052.9752923323617	17425.532057055632	8042.509251346497
1655.838831759127	18308.499516672528	8499.525220214271
1932.885050462035	16469.555697928496	7685.812835517711
2018.9617446651002	18966.861022364807	8064.117299322336
1884.5849084982135	16010.63594036532	8196.895715193175
1803.8034206041373	16722.257906976185	8088.00216411872
1527.750436484377	16341.811381812518	7735.637921789973
1085.6133142430187	16681.99457404969	8441.814221553128
1467.8710337144257	17254.009972123986	8127.111336521919
873.9335063575134	18604.791920147512	7043.156714049364
296.8542005932456	17306.353042979314	8379.215250714185
1720.6366996430445	15803.851759193865	7873.4283872107235
1490.4807049357623	16076.662305439419	8219.912807263265
259.5403462929487	15753.73552299205	8399.101121881833
2940.2307273530187	16852.540598313037	8473.41398636162
849.6137879874524	16841.226354827577	8045.479306308878
1566.6693933315075	16831.90345902275	7943.316836944695
2489.9294162876945	17349.76076598777	8053.10430876988
1926.6281830622206	14264.185882908258	7569.37203489829
1044.701820562985	16019.539462023586	8095.159826074521
1515.7681899312256	15750.153567111634	8349.332663887208
2375.028156463004	16093.571364610143	8485.045137684123
954.2310335913875	17397.34565081576	7810.317921974588
834.5957679088464	18532.200858943183	7673.602888686494
918.141376069243	16409.110242645434	7744.807607096013
1955.9585758700166	14850.018785435605	8098.690678608705
1676.848075174029	16900.793025540162	7813.474682105775
1841.3471134079873	18148.61909345231	7997.42896843699
592.659396683464	19543.90765993372	7306.711349665692
1986.830131720076	15427.372552187418	7877.999725945894
1711.0512032696151	15596.42580884936	7422.413913795291
1287.7859608432245	16009.470871694843	7736.279894697054
-409.6136018107264	15585.205027422919	7469.417272093138
1085.99830257481	17993.319839021126	7466.8777827347985
783.246620780556	16173.687336338573	8567.757666275855
1650.3874220367265	18312.525706511813	7985.151749844703
1466.073072957989	16759.750518257722	7779.353354289921
1365.1596611784141	17986.04689679718	8021.523939145749
1518.50929652561	17182.816330271908	7830.205754341627
1856.189674045544	16292.653209632685	8180.938034939293
665.6739879303448	16924.72414700139	8099.151095168761
1157.914897802992	16772.795467189335	7490.432727291689
736.9081609884424	16268.615766744128	7890.33208073019
1223.8552512030292	15704.118190336127	8308.067099126398
1809.8226338322033	16934.04153202366	7865.669110067627
1954.8015675078102	17692.184070919153	7897.306667409336
2560.6703831942345	16978.982722559696	8053.359721609529
508.02624034481636	17976.765986454157	7676.858100536095
-514.6625679988748	18246.75456924021	7887.395626345165
1878.1157576707524	15630.291343463547	7773.040380113908
55.59852004275543	16581.81557873754	7963.5576813833095
1217.1335316603709	17319.372825032835	8049.20151621392
1473.974426689505	15404.64329677112	7391.487449912701
1035.7926430076807	16101.585913912684	8059.744063618731
1965.8186078809695	15445.51090224496	8081.85635776273
561.7190300911027	17772.53249083435	7464.037811887974
1346.0766585180265	18140.908653568295	7866.202395236252
777.4074528386176	17203.19555436508	8220.650557609079
1499.5523760380386	16300.579596062944	8374.890026746089
539.4905530026066	17366.922176581615	7834.057449438163
1915.2754801793833	15604.745511248144	7560.857799322734
1231.4156497204929	16288.934130375346	8059.805062898728
437.676445561712	16854.51252404554	8110.0143150277
588.7601857090209	19369.777117982543	7370.7791110373455
1961.8921619007556	17524.8286801349	8277.076232660187
-233.87736801697218	17301.86704862026	7617.948436988552
1012.7201853796488	16818.145882919227	7787.7026949788
631.1324605929561	17259.24075160009	8075.459821007772
868.2300805033626	16790.965231337297	7768.680610810131
1661.5359485618596	19056.823675772248	5622.322988890984
1069.3109898202838	17161.067641630274	7389.0827862551805
267.5379941521519	16466.061179265635	7797.7318391818735
1462.3299355390361	15357.349046519694	8323.504702200897
1861.0603484588753	16063.514459468624	7787.538295325028
882.5617054444833	17375.96933855886	8073.590542086162
2748.7212297996452	16515.58962711965	7750.439510432416
43.38235199253599	16895.538092463274	7716.155197314841
1297.8823181273065	17783.656060693662	7977.588657713941
2019.1749997358158	17997.813398917107	7996.446720936549
186.73401622111794	17180.252243588115	7858.9368532241
1456.4304779008091	16479.56058029375	8341.96853685328
1609.984552743866	18082.354642933726	7839.382976145864
1548.5649409112957	16539.337169461232	7979.216230503994
153.9885230939028	15912.805392423661	8358.227248590492
853.0301103671513	16692.178381279162	8135.238944545841
1246.9258340669176	16572.049543448225	7820.044514692026
1429.7759544754856	15966.428935846612	8186.267910933255
917.9208750254455	17111.556838938	8638.912501433468
1555.4979161978788	19836.87098338286	8264.379460191767
1065.6227095164184	18600.456748692806	7635.390144207667
1922.6310590791288	17892.044081661075	7969.450956713088
1986.469905490731	16918.954610462075	7538.930748277155
1151.5305547421015	17226.303595519046	7405.21363329771
2894.154625126623	16163.346636725584	8352.111979105843
1093.643757053541	17750.580628256015	7733.406261478448
2482.259299506223	16586.506487508777	7616.059402388169
1139.3431948922762	18397.630769452182	7851.9998921105735
2024.6045817316303	15182.681480981879	7954.246585936143
3415.8395111807085	16573.658077470085	7708.074112209544
306.97951458961415	17378.299223314043	7309.871765687735
1166.064346271589	17414.025099923492	8372.064172963537
347.12961659395665	18145.409216203054	7879.0831812355755
790.7793777597823	18626.759947402497	7572.692618613174
1182.2147805472794	17749.816594623906	7652.13430062767
2088.651918520336	15604.778907817159	8099.757852584889
439.4135534069852	16531.305661100276	7587.2010428684725
892.4646512541515	16352.314617757274	8250.4232890567
944.8832468866934	16980.139425113695	7707.545748435354
936.7985052023586	16618.477165471606	8686.13627931599
717.6321101061883	16941.72643896275	8054.970725184208
2155.7679483511142	17571.407304741893	7698.995917692683
1591.5009450207706	16870.81530779991	8505.047992782007
1612.231955457907	17300.318991260316	8342.809014077959
2095.337239066871	17329.237506710375	7910.32915631996
818.2085063135074	17654.110433654572	7512.849977202494
1265.2783665377392	15064.240500938531	7844.808151876606
3316.4223481279278	15106.895584969674	8109.095459726134
1524.2370892377653	14903.502187741582	7683.379959393176
1013.6307379792833	16326.703498028093	8287.252327987524
392.7526692167535	15918.694393917162	8188.284094703035
656.2683963116125	16475.54313294143	7847.15888024948
667.0139685002431	18912.473718015615	7896.377492991565
76.43015327364351	16628.882118989648	8045.356194295733
1018.6604433251479	15988.937211356439	8193.064688734217
2518.0271391491888	17399.528937208204	8066.794622525385
1042.4729689079593	16530.518006375278	7832.392614135125
705.7274512383553	16312.562815739146	7342.704594354165
23.84396886432863	15904.5858164243	7687.841505018687
1143.5606271463766	15002.219014637489	8181.736943923439
2485.802567957017	16169.029817983435	7836.739580096712
563.6118895492287	15594.505500924746	7539.933224963733
1854.9784190672267	14980.763016217783	8428.036035592326
2467.512130808799	16495.777191744	8140.35068550524
1542.8267179284899	14753.83576657318	7558.120811448435
1538.412971842765	16501.77331746221	7849.30597094518
974.1088758420185	16936.825834930387	7676.534355008232
434.5903768519406	17877.004034831127	7881.70190237043
2424.9252548261625	16610.287496321507	8053.725552556671
1711.2882115424422	18112.52814820924	7887.641374652744
1599.901309239353	18129.871615788983	7849.397418763991
1035.7280132362296	16573.830267058	7809.286726853571
1015.8390203599798	16515.46720341283	8085.7691791522175
3075.7298655515797	15923.959581818086	7918.084371420286
1299.0796214065797	16942.112428668024	8492.66780308901
-73.43955046342111	20098.668356676673	7344.639274226279
799.6579042670614	15752.345015850182	8365.591090495967
1436.4245438651528	17917.06532674323	8131.598959353323
1248.4124942983146	18376.129594911024	7828.698770479039
2070.3075782155493	18525.852659877026	7691.66985584674
1424.5438720603738	16568.630944288692	8217.179406560417
1787.4689126879487	17253.440967814073	7531.500210822444
1611.2131668938457	17225.836599041188	8021.540662397444
1315.3192090561915	18551.810795971232	7580.398155923432
1578.2218701337656	17716.658457515885	7836.954277991843
1049.1263916585594	17451.306442728808	8198.631090519739
1410.6076142125805	18592.476463168776	7984.482114693291
1122.1383465440626	15810.137048481996	8068.037559775527
1354.9874584804256	16952.942025691576	7647.450477583635
1951.750001447253	15237.215622598533	7521.146987622794
624.0188789286458	17026.79170340594	7376.3096514276795
861.641699826243	16930.459132516648	8143.194514857722
1793.609983151113	15920.828525881203	7411.827235573976
2373.1834008558353	16212.794953602077	7740.872322130129
1234.0845852784437	16423.15938879421	7694.9579114009275
1867.665801839242	15397.036999982223	8079.599835481884
1572.496691701609	17407.735584414473	8011.454371804851
1182.7741564463443	17736.76832840238	7942.778354150272
1208.8286752784509	16461.371306305013	7424.226173449263
954.6305704179189	17422.402508294133	7853.095931825947
2685.382836382611	16578.858661704857	7679.201663196876
530.3453075863449	17097.880313977745	7784.049979605322
378.8273269903565	17200.915077917136	7656.018158515064
615.3718326274933	14956.383914173135	7737.150426514191
1208.5873847336613	17102.034414367543	8394.359839505418
1497.06500718398	17276.15050564157	8102.467512074874
-313.81201866455064	14800.385419806078	8049.717267429969
1340.5533723504857	16298.271801337829	8454.104056127104
1481.6528251239738	17396.28745528485	7929.30684936637
686.0517314875293	16470.94892079548	8142.765998185659
680.9634072019359	14788.137659583279	7907.505823224699
1203.948779094405	18147.225525468515	7636.740761659502
1649.288812027562	17676.95674938946	7732.084149457197
1727.127424510994	17436.165322868193	8015.644215827747
1009.3934171212213	18215.12013460233	7410.18205579772
375.8895739968063	17804.55892756317	7728.80350506355
1093.1401940910594	16737.867355059712	7425.39418145867
1548.401216453772	15361.801290772717	7803.848021854263
1650.4861714458584	14796.683996652884	8119.498996311565
998.3749158743117	17746.209441572755	8634.973653248913
796.3560182472012	18864.57391996744	7361.1543224079915
-496.2661961910325	18749.17293329129	7266.15850800087
1723.103156452869	15283.097503467909	7678.893702961585
2665.3108728012025	17129.8992780651	8012.521136951483
695.0562522887036	16446.72718979502	8406.010034719668
2116.924205667579	17675.92162930192	7328.739897414078
1398.9507314845614	16847.72470788032	7745.096868710191
1088.4888680337776	16086.731206804594	8212.676122274075
1032.166653973473	16063.502674901778	8271.067585466782
1216.3602539552473	16507.61055878228	8250.710436106967
2174.0200618680506	16845.411454681434	8218.014319718457
1533.359138075401	16151.140933416573	8166.287501541941
807.9231355334101	17401.41539767523	7510.776842026018
2107.9730615922635	15395.32598690544	7955.335606634522
1306.5831981597519	17757.24206355817	7587.856854755149
1668.8508446392511	17320.273470249747	8261.034358824834
1118.5869137741174	17099.11369630534	7728.128413659769
2163.357665903872	16996.437134925134	8170.898109166254
1625.990466076792	17469.849231595745	8036.565089476054
2437.8054760300342	17205.34192270999	8101.406341359569
1319.695400682083	18664.623917884117	8091.6568191204
558.0726984659982	17654.471525320438	7731.01241351332
1800.9136641867333	17729.472078346313	7700.764827412061
1635.1238735663292	16811.35856751326	8124.989686782099
1980.9209069859678	16901.313002726605	7549.099688708864
1520.417380697743	17273.845340320542	8072.115567752426
704.68966717623	15646.918549695503	7890.835501096883
1642.7973017701001	16245.67884891606	8121.922761565272
498.9406190040518	17914.248489652018	7776.023609649131
1508.8046189147713	16290.271528767027	8034.858694432819
3357.4525263337027	16832.470485079702	7787.40012570227
1955.0205200462394	15979.1377283836	8656.222973701595
246.54194301686738	17351.544078384934	7664.774710948464
1845.0590452454574	14848.615314720642	7704.235444011433
2153.892887290981	16110.679582627405	8354.556185449668
97.50862728129971	17135.00010771136	7893.601695249677
397.94808297513947	18031.41610463374	7520.466925377135
2567.602728734842	17448.15444732737	7671.543248263048
1766.5885722464427	17013.314233306195	8056.600757920577
1702.9327569060147	16090.274083853521	8074.266419160307
824.050442211461	16035.612506960186	7944.063006712028
1994.3925897425215	16438.467304961632	8317.37478125747
670.2308437826885	18416.445077342338	8050.857451570131
1524.4965535889453	16459.01881311274	7465.493544916054
1101.4396547236684	15998.415104239617	7782.661485197568
2179.259364732379	16896.736992793893	7739.754660897079
2056.839089808872	16383.085524041877	7827.221947680003
1469.3178720291921	17100.939300403043	7973.6643103881825
703.8505017416621	19253.526061001165	7592.44834177521
1256.4118214296732	14228.323181131622	8103.363896548619
1855.9326866346908	16308.019858028309	8235.137294607095
1546.8537840842791	16502.75344730702	8424.612070716446
1997.3040830636921	17249.740194839105	8287.247714017225
1869.456358204188	15595.92692571338	8167.855610040231
1255.7816384424457	16919.078830762362	7711.983620369086
1642.1913779573624	15602.337975513472	8154.585321170998
2506.104071546036	17796.162928710277	7956.246448230292
3009.864647468558	16352.649293799315	7936.229665429421
1848.886889077498	17022.334857407513	7792.6762843920405
321.2013411769749	17267.465804896798	8432.953895774048
2075.856623794615	17577.682850933525	7735.665211317623
1381.3381646103658	16894.855038748385	8280.033941348003
363.22374091347524	16954.68522115157	7547.682959342196
2133.187729455319	19541.659411913064	7088.221426029062
1431.960899582477	16778.92357127174	8266.524901155999
1636.7315781011669	14718.022798201317	7755.953175578481
818.6016595288502	18297.616343406036	7525.21118757028
-153.90173979504223	17378.93041304849	7935.074109521497
1086.8000275166564	16781.006912901812	8020.246128505071
2161.3353611590396	15052.189778232541	7761.161658158956
1320.3558982228449	17802.204944054232	7595.830254252083
2423.1859365526784	17380.961884071978	8283.62794739743
573.3669572669432	17693.127008151743	7633.652564365748
-27.806583474594095	14969.167217387443	7538.700224361639
338.4997310921899	17558.479280633383	7471.666872582132
1194.4043179706216	17060.338691485424	7673.680090166968
509.7766421071915	16926.40135155034	8366.504547871931
198.05181541416601	17019.71391918066	8260.356504665264
437.8465902345799	18265.742029016474	8061.7838924282
1624.4659227813454	18052.694090744175	7280.898277735316
594.817613680275	17045.757029717734	7876.91184731881
1323.7927768924117	18773.10273319386	7923.433192988723
105.22163577842295	18844.162470588635	6883.78777730621
1694.0644791862435	18105.887929658507	7479.527634164198
1299.994955490328	15591.577928942854	7037.429501529721
2025.9799388634349	15687.681515920733	7964.050497829844
756.6706730420927	17524.93480057776	8505.019144126487
298.9324569378654	19361.59798798837	7381.722926004917
2124.7290230733474	15263.970412576951	7996.074936006608
979.7889893887204	16574.169270546736	7944.070318304534
1845.9105119612937	15006.842077292138	8509.387060884643
1837.71571572866	18129.351373401394	8232.933935895411
1431.181905462694	18555.289791879233	8403.213371865464
2284.998082275252	18628.66979848242	7356.42279163969
326.25150935873535	17902.233122604623	8033.578564016964
-73.91908442605478	17701.810657830298	7495.203616762575
742.1810125152211	18222.112268835514	8150.067288846136
1395.1656134300456	15335.160620734447	8013.745668082765
2466.670140975993	15268.24882732207	7703.484581776175
1152.2674577724051	18232.676554437363	8042.877369734181
685.2130018071701	17506.44267577916	7742.059857694244
1673.8693888789765	16606.42908471656	7740.206796988742
1093.6883437342874	18001.50756053539	7387.68823655604
720.2106339050184	16173.022633827619	7809.7579781607365
697.3808704783629	20128.151905469244	6089.377957734522
572.520988365951	14669.106059562433	8108.679313230578
1277.8690789094435	16694.04496592233	7728.911629713962
1572.1872939113753	16532.08459602537	7956.080825668822
1953.4704008421636	16606.280234716847	7859.205733802617
-363.3033523314083	17017.93894154313	8030.363931783651
2843.813961884305	14177.09254823152	8143.281308609318
598.7743935074319	18221.9867798566	8303.149000992033
624.0961462842331	15975.156112747007	8091.1865448831595
1235.8580996874018	16532.46512954952	7843.219367751508
-232.1871208348074	17792.10843638297	8129.0259456897575
965.0983876332618	12881.13608849115	8060.302134833651
3136.231664838196	15919.866959140849	7863.306912994739
2080.490992426769	17107.483249403234	7639.850351253834
889.2562781048788	16372.94943385176	7924.748055894226
1881.1522259588216	17833.776876979984	8118.700835897349
832.4670415069137	16850.408608544938	8042.863285241355
679.9151515526285	15981.274193898724	8249.594708159322
2174.702675002615	16219.052638366702	7979.732451412949
863.043812861952	15713.360457349554	8317.935839543285
2686.150592899106	18555.47807309208	7957.979293023693
1175.6045340856333	18229.168872036003	8073.32020395082
935.5866958248108	16468.64167789136	8141.42560686012
159.74488205528033	18428.87045811373	7492.814769530197
925.7010247279751	19040.770453651865	8222.078931300275
2277.699793249954	18826.35004112137	8098.811693149345
142.3584461391358	16977.295258240345	8274.681134241706
1737.1997014443386	16341.684663351187	7866.645470054362
1524.4959806078596	18921.117510973174	7340.30474193352
1106.818680902862	17684.534790692098	8454.59473051084
1326.3683159627105	15175.208306056335	7807.179183612263
1546.1220064933077	16054.355102363244	7651.5443127586395
1766.3022400802045	17910.84966395613	8086.851610866255
372.4511762710009	15932.243122857984	8300.855778881032
148.48862615973735	18195.007789596242	7559.107627777449
1431.4528677485196	15713.541662391654	8305.127195746243
533.8796239184179	17268.578509039642	7931.288146808732
2750.672548503123	14162.73909556384	8173.250003823432
547.224199230108	15446.025028313354	8007.225696680636
2148.6585071661525	16780.998437347615	7940.284152311158
1995.9269083303407	15717.553205509335	7945.280175453117
2267.7528227000967	16615.421804709655	7890.5094618896865
1586.5756030434102	16483.246921654118	7955.2268563017
1100.799355995462	17361.25954570332	8095.319191751755
1903.2109107012925	16520.589901779156	8308.909103938859
210.6038881859847	13876.797683242121	8034.381528206593
1484.9897014514886	16373.955277273348	8236.971116543571
1420.6434772068383	16822.097841754083	7721.348064054134
1477.2499088455195	15833.87658870506	8140.6047898028355
917.3238887434676	16621.29274398425	7823.12760305551
2273.1746546892414	17197.42306637145	7791.4912658599815
1392.7629593676843	16709.564524496654	8041.571672706735
2180.0536510678544	17034.956185629264	7922.357002037272
1513.8228796270384	16870.567815546987	7729.301261810614
339.01598302127354	16821.583486468848	8317.488470895683
743.3526360358306	17299.95047312963	7532.094827742627
351.31798473169636	19050.779025419703	8161.6027002331275
1836.0677713762618	14219.296466367383	7852.002145835421
1357.7845465492212	16635.31005768472	8077.88066083434
643.958295647012	19343.16210978259	7476.092584267026
910.1613066711371	15156.813805162306	7831.396900622206
1604.7304765607319	16412.806466513037	8096.199508260214
599.2440838806723	20406.456878166788	8327.957853554735
1011.3409921250372	18856.6828043215	8066.813466499694
1370.0842325787867	16941.595862374634	8128.227835351434
347.75609009303315	17555.159136990605	8557.124313040415
1988.400811609489	18614.81003085707	7072.388533724739
933.8640776997879	19204.175394183945	8143.35030162299
541.7312508734145	16579.20644617631	8397.324327534714
2312.434965810185	15780.106525639763	7836.64048950235
572.7436573736998	17614.491492679957	7738.71406960653
-678.7630974135874	16772.199307464307	8028.499724055777
1765.3105559071982	16098.25337448435	7550.024255328716
385.2237603647289	15880.930244623056	8362.970080623054
1356.461591568243	17761.46366522259	7741.3397785895495
1133.5925760454857	17839.722110100527	7677.344968690846
2331.5759978710716	14627.597476524164	8323.6851627097
1535.6610557337356	16915.365178783497	8103.72796794351
670.6561407543526	17331.861260035854	7342.343908066063
2285.3794858376828	17290.38711805392	7748.556278596156
2195.8335979833178	18660.838741123385	7868.3318576914135
1985.0071870294562	16791.80501597719	8267.501998827254
851.9416864051057	15773.244621903063	8158.529954621221
907.0311907397829	17514.42977185207	7742.1463682635585
293.28178367096683	18171.973791671324	8420.485443391677
85.3899134252989	15622.231888173386	8470.490484989356
209.00661247761775	16801.86193451908	8081.756566936942
1652.4465713923803	16025.308786397758	8707.579913772966
1073.341151111045	17236.170692671556	7290.033551137156
2267.629070137479	15301.849046882975	8235.251247530783
1761.9250445365963	17808.57799983808	7618.9053138313075
2308.983456690234	13730.62708660273	7865.409121811397
1445.431528598479	15421.962069911084	8171.131515477031
1005.9710305788456	16336.146598910509	7650.229968848217
312.8612097218226	17271.365167360775	8169.702910348059
709.8592092893873	17416.73107162892	7854.561757141459
1753.3531817246733	18743.37245713386	7030.038943669079
1174.0667882860253	17926.996639395344	7207.4443024173615
1501.6961587436958	18347.117129157443	6884.176597112884
1347.2753481696031	16935.217078216545	8051.348299557596
1847.5034915818237	16495.158338661324	7817.624204060523
2477.109906439266	17403.50073866029	7909.565611085725
3178.716319539028	13657.153722148927	8239.741573946809
484.199493151004	17368.82142999006	8187.710566779072
-535.1991633448583	17050.009718286947	8029.0372247186715
1044.6606813394317	18367.853541218854	7757.148239264097
1131.4605127218772	16405.34821912894	8011.1740525448395
818.1222196571086	16414.35333732794	8091.304683654449
575.8336673643349	18101.957388285366	8261.772185115762
909.5138921755395	18102.890084792925	7419.189087837673
1819.473726575944	15739.498482854407	7602.1279107131095
1911.2672452621014	17755.228700074756	8078.444567154505
1512.2232383242253	16379.613968999045	7702.515230281625
441.70745334323703	18708.835994254452	7092.489629502988
747.4304200345317	16921.550822142995	8127.614742454027
1608.879460718991	17013.3579412399	8198.207797119492
723.9589628337538	15381.564755414402	8118.15469485227
1553.489292517498	16852.314990338113	7546.030612667126
2419.1165648486613	17117.35287559373	8119.171934239235
2091.612055677433	16336.293043882022	8267.694459006674
1493.1149180508176	17670.01444220891	7505.70228996792
1222.3175426042721	16239.111328570727	7210.905577027091
1689.274220577991	15907.898222999875	8121.377083112947
575.4419135365395	14909.857355704757	8033.43723289048
696.764793181255	16200.005360263918	8093.75886642502
1476.200953317118	18005.87078541095	7795.010747578281
2303.8855416750584	14421.270702730417	8197.050338018806
1010.3585581906841	15452.273463421701	7341.807598388735
1641.835957717779	16636.267637761295	8554.886209362143
1959.1474178128474	16103.212683540762	7678.461293393069
1877.155232056182	16837.032445268054	8044.224199373455
1395.4091761618927	15759.109931783483	8325.13547665087
1654.0236173645264	16192.448739208494	7994.31365897587
1682.5260819782975	16359.739589106448	7670.656445972007
2655.862712774674	15407.126842932725	8236.314447722052
2258.5805312852167	14247.327400870836	8085.410415941864
2414.1733900212917	18721.36269048708	7986.12772933484
1667.221065995569	15493.48269786941	7714.736423042738
939.3733903821419	14971.01818247701	8193.031120759868
819.0876026502128	15802.736910685511	7751.858583290116
1637.9770000102483	17047.96415954246	8358.459660777042
234.54556800742094	18381.0798139643	7947.834725852952
2707.38727785988	15187.692741775574	8652.820693006157
2084.6882810557963	17078.74503899906	7985.458060050324
1872.2064497334154	16463.17683667127	7551.361844699656
448.91711336189195	16861.6105739448	8423.925532151772
200.56001391485776	20025.331873392086	7379.310042847303
373.2241569000552	16204.51889621763	7897.241901206883
1001.8584869568461	17806.253817727167	8064.987043145529
1188.8745408237226	16081.632860277194	8635.618382167148
1336.3799283669002	17723.00193292685	7646.5339312561755
2267.5753401322095	15694.959398767	8017.4279908100525
2759.923392481426	14489.47558727084	8188.231751296419
1336.9594124942334	16200.71709449511	7971.517359365815
1864.1911372574834	19060.134635572194	7830.30063947399
1635.6130269496991	16903.443802482452	8340.491576758497
2035.2700459897949	16482.29247632294	7839.457433472287
2009.6210097024082	18296.87239414414	7871.633949082926
2376.927974207463	15371.530813758049	7421.123153093674
567.4436951323804	14396.469531136023	7929.425069609137
685.6515082343356	16724.104914714775	8025.799805478169
2091.3422802739447	16955.112777622224	7783.98661931143
876.0622358025995	13533.731496510149	8268.77661441441
1176.68892830229	15802.12834628841	8117.809288774752
1896.8982072017927	16366.925852942451	7817.990586704807
1113.141673711738	17035.30964122517	7186.458346329973
2405.2045321028895	16401.392683761227	8030.86563308233
288.1318308776245	17198.573523772448	7999.081238925223
1874.603591189234	17292.704071318192	8372.326012282394
558.1844133882495	14872.53680379906	8163.111050799132
2431.3882943957	17253.9772947345	7846.50450751151
1111.237741628233	16167.42831198222	8326.270320147109
830.911376302875	17765.372437570277	8129.433051946656
1816.1706915128061	16107.872873981629	8626.446158979403
395.0767521738003	16134.130328521955	7890.114125461736
105.51349769354866	15016.791551886425	8306.439975660056
1334.8492466591777	16707.470315645027	7694.2418886789255
1550.2072783838169	17242.965836684063	7870.750084525462
452.52353266038233	16786.692539178886	7933.242568069221
1574.6799717711215	16611.08774725445	8245.206731051938
1277.944980516745	18103.59443838032	7830.037989424679
1953.6012989545159	16994.98586167909	8173.884880435914
1679.0472781014191	15657.370431287853	8035.724357107011
720.3067266233253	16968.81973469419	7828.697063480727
358.61245359246203	14937.550815199369	8148.526855112615
-304.2110494765931	16553.205023177128	7822.808453970693
1744.812499188296	17048.565584090753	7752.655899127818
828.6480382271006	18363.323714092894	8373.358130787394
1034.5017986142702	15553.673323263718	8309.59686085273
740.0439914341189	18077.058956381086	8052.164307596226
1161.5419779470012	17426.074560627443	7878.78589429286
92.42990013774799	16609.838647456843	8042.221143190084
746.8718321200923	17046.799469919722	7670.298417570636
1258.1119923434314	15284.963093507184	7801.920276682413
1184.6625117371022	17722.385910676414	7661.761130106469
1042.4888845496287	16843.664442693236	8183.307303245208
2011.4881701745155	17016.759197391126	8031.960826986727
1172.7257358592851	18329.98146850511	8012.007961746459
1883.3401292027438	17889.28175906238	7604.440264530943
2236.0513976762295	17273.498104519043	8229.18451955645
2015.7839956775665	19188.07390834715	7956.413857757816
1178.0747969738493	18267.722369057203	7907.5277149847225
1534.383643890632	17507.4306059971	7640.947904263876
2712.3396638096856	14261.179440423119	7773.296333713832
2276.2357148295355	15961.849061899693	7997.949745105386
1355.0069495916853	17494.551652318973	7895.336705593312
1271.520766323847	17391.727481485013	7674.526937688455
1070.379929212819	19188.125838605294	7826.392239459667
2044.724179982393	18512.587446989986	8180.001219180419
-12.54217196996627	20448.096040913075	8126.738382469029
2276.9235513751687	18263.11429022617	7054.906275570457
2138.6335965290255	14992.277576030134	7704.997242186809
2050.0130792613813	16417.65196278122	8036.325555186124
1907.4020508785752	16916.993419442377	7805.863092349637
1237.5560919553084	17355.816585153545	8289.455942429699
1429.6162724479145	16324.1247871636	8286.225918247927
2465.8890639258057	16114.823724067175	8207.227022968744
-118.58238172024032	18116.29533942279	7807.820877459257
2041.0001270691769	17539.804836721938	7431.6419713515925
259.6584358286551	17422.67541828866	8112.205444086719
728.291005949799	17444.202429357763	7841.899988247439
2164.0888944315834	16435.354604036027	8073.104196423367
1527.6666697248418	15857.943672442623	7817.3812735072
1332.6154402683387	16920.07626399526	7479.177740516589
939.5209883752381	18481.5961603975	7753.246048957621
1734.0640706875904	17413.181209027298	8210.391695562697
846.9822237521873	15724.535525101317	7648.106000014997
771.9150609266133	16091.720381246658	7917.795451593549
1147.3656769893569	15972.171508554491	8176.325278906833
1350.3475297147656	18069.225250715735	7904.093511994799
1392.9191404942158	18449.332210396435	7763.316898894368
1325.5093666027476	16708.167592240883	8276.156799695682
728.3699722889769	17590.093065499987	7609.784919113779
1576.7994221333186	18299.021015212915	7811.28619585269
441.1721535844802	20375.611067742273	7056.699264393743
1026.7376506296616	15920.762368214228	7649.4378148488595
3340.966548802392	16089.155982101496	7714.4401546588
714.6585509897159	19388.88282850934	8021.4409124562635
709.2695905770356	17658.349913792004	7485.015724592826
1736.5236824733433	17901.60922424868	7568.600124625171
1669.5232458545563	15901.753489274894	8611.66513805297
472.0151139750012	18848.059953199612	7959.567092036689
2883.420794158666	15145.874263986452	7418.605436794448
453.0948935527078	15465.059834903046	7822.833577514776
626.2453812643781	16535.2787942031	8245.454035526223
973.7572519102532	17382.127972166065	6543.174914590153
1107.6617943620295	18212.406412997785	8209.375999712072
1322.4519650116397	17413.176131636326	8219.67097307034
-378.6223790207346	19145.378740904285	8340.798663439
1513.1490209900735	16330.292890078676	7740.954206823882
2769.8040672750462	14318.901573756382	7698.9021771709195
1891.0177960449423	18025.623019452105	7574.577446157787
2252.693230724218	16809.310482442703	7206.856789962409
1838.2115346984945	16389.963128993408	7925.948670983226
848.6712121010777	14951.344581291534	7736.444909252996
2187.856040521704	18203.98539901405	8131.368089677277
1696.4952696904581	17365.137435190336	7921.785975517958
575.1646585013007	17391.928122811107	7851.655792814061
2206.1973674906967	17613.255344122605	7858.968612770466
241.87494226020507	16296.795385272097	8172.050633778677
1849.9829667631334	15328.639379383912	8180.21587226121
1970.754992285851	16331.244432671934	7640.644750653829
1681.7595079412094	16272.062707191253	7514.199558182693
1208.7867446203816	17581.480806421725	7726.214771207676
944.2245711719432	17222.172869442842	7648.807929832441
2630.243252190393	18170.90425112178	8169.10191717802
