9505.259355699527	4228.506020711874	5513.400405859458
1939.8173643772054	15229.268288559739	7713.02266331187
980.29274621724	16565.638774602845	7775.6467923311675
1979.2979595489362	17769.5845872586	7468.118965068199
1142.1369323179922	17011.891892354695	7434.519031630078
714.7475240640588	17149.037790898947	8020.435237095367
1396.554493528912	16302.637507405883	7789.740337794901
627.4397852624228	16756.74553269748	7920.129078455766
1912.9689034198839	15988.636890718659	7998.193242835108
1411.1830617567716	16891.400269498972	7376.313640271507
1195.118007189699	16992.742137471756	7182.900461812829
1969.890558532996	15804.07538434781	7900.962083755614
1507.5007745205023	16849.660752144606	7157.195096989684
1333.5719146787058	15513.843945049155	7390.4474806558155
2626.0479107838305	14402.762205291301	7537.876201502265
1907.0665861752584	16651.782110617565	7583.667192963908
1324.4056151206833	15628.42765986527	8248.926543164042
1906.5514401093033	16428.37775564048	7593.631572448895
149.87242393444046	14278.074431892679	7620.08614395083
963.8042323474307	16194.668699980943	7794.82194937752
1457.2320916931003	13430.46078079283	7646.137323263954
1170.895781832857	17116.268843741862	7899.778998736612
1083.6147639554797	14251.881746734884	7812.254954195821
46.426510607761166	16664.012107015544	7635.692568489092
1440.5893920607225	16437.612871670095	7770.503261447685
2523.77679536528	16137.379891500977	7672.713300408569
1643.2602988220337	15616.700236766817	7358.404554998824
2258.334791989847	15071.632566476328	8003.1636786995105
856.7144840717557	15819.84165403878	7535.359583458742
1966.140504644766	15399.47120759138	7637.760638379857
1007.991388238656	16851.953887688825	7377.983118118257
483.28060114066943	16768.865496729424	6507.31460826483
1104.157579441065	15272.555421280249	7446.48800454457
2081.8627389282237	14787.443456126592	7509.419834468889
1066.7236175352928	16057.00011468409	8006.366854294727
1165.5095052080928	16308.93548998949	7762.6659501808335
2030.756796828033	16907.117835626002	7378.822850400409
2494.73125361761	15792.575658126096	7566.064338257516
2260.5569376567096	15737.906472760485	7453.555373275532
2201.747247963585	16106.839613356015	7654.0857994159405
1435.5063680760306	15559.002422659076	7625.425004035301
590.810269169052	15449.805075143175	7705.544501874273
1424.689746825561	16581.839544885726	7878.103578301367
-301.5129812937681	17656.14733135613	7187.950829763584
2222.2245831104415	18309.889688727075	7469.651050495447
1583.7401267167277	17482.907398752068	8179.85033094527
636.9669601429406	15044.876245413097	7204.9951005879675
1198.3379963312934	17264.19515315967	7396.391586697038
444.17995495045875	15852.732449641735	7207.820545015079
1220.2047711675887	17653.383677568585	7732.754911645608
2093.402683755073	18303.828898605072	7498.9444659483925
2426.305762080448	16072.644426139603	8017.3019114752515
1987.9996927147868	15587.290357926297	7409.8524557259
5.951931780453689	16694.810841442006	8123.906288091426
1420.7331516137874	17184.043349860975	7547.842889610288
1934.4610858516548	15840.908353880237	8447.393058605057
1835.6407516609497	16235.78188085906	7057.531954675003
8196.783727671556	6926.27837009048	4745.294325108698
1616.4206123262713	18288.431313766825	6996.479186647808
1204.6727955678186	16354.787785443741	7932.354719974825
2405.9213509897972	16507.92735824914	7637.915628414145
1437.9225686210982	17200.354655115603	7118.238259051838
327.0581393437306	17233.882903673344	7296.045175198562
1198.0368611635251	16289.478359377954	7208.124736668836
1140.7332671811785	15112.439123876487	7240.802802750071
1657.7334906750236	16299.627648077672	7467.084379639821
3045.3774483899415	16295.518745161076	6826.257232618107
2224.1440500711706	16506.71673462352	8074.914623078444
2035.4799255245857	14813.169865305075	7958.619004928019
1366.1432937363418	15780.609256060676	7925.364860779617
1621.108628331145	14646.90510314611	7535.026299526462
1035.9931199094228	14804.812612628522	8134.962509895492
606.473919208895	14614.288291719491	7730.015645791939
1754.6301694638053	16702.975311631777	6934.67543882148
991.1768617560965	15188.440085591383	8228.191047024267
896.1174065950828	14129.916755050464	7492.26420241786
1140.5717968448498	16153.314172262339	7811.727785941784
1230.22149497315	17680.781051361668	7238.752618586389
1234.603850681684	16274.690504386595	7444.892867602685
2120.0586865509977	15367.646394669633	7986.818358167553
1181.3587386038885	18233.674469043322	7577.71489812652
906.8437282096864	17183.754359601455	7834.628544574762
3071.5946231832495	16204.737380452563	7882.231532760305
2680.3019131535752	15263.590752528475	8072.886345472628
1308.1575205014738	16080.334020615268	7707.38400570729
-183.9807870846889	16413.66847147981	7577.447855417455
1522.1034392001875	16287.108912014215	7834.981680202554
604.126194689526	18144.880611394005	6624.1405381991835
-420.79872210757316	16753.9249784641	7541.038658514949
824.107232660388	15803.163495679377	6901.3694198438225
1290.5665425189493	16110.50490165518	7206.95655562581
1762.2200453677751	15751.85618792512	7488.679394426086
2316.7696945651464	13793.285911009667	7857.520150635281
518.5201362921695	15575.10482380539	7293.4923091750425
1010.5772674872679	15114.87888524153	7931.20495525527
2307.7141113872976	15720.203561754035	7681.247668862626
1084.9471318859114	17044.201033195775	7425.205027019844
1995.4943815838362	15129.06262529274	7156.94080773823
884.901617344239	15359.86318824808	7710.338810254287
2193.3797181077653	15723.148488891775	7859.03223401084
740.3097927636393	17547.2346637669	7367.7246138821265
1305.730924249516	15198.51187702958	7979.240679762206
-72.41599254414838	15204.755872720043	7834.401874505497
1495.870660196177	16100.257996461616	7924.704517010362
387.9040103471825	15364.304485019717	7954.8071692799995
1188.6842316551106	15662.814143262976	7432.783104952054
1373.662038942221	16690.260889219742	7404.964689251951
1005.2386046280925	16291.062769324335	7778.3382290175705
2107.063249583512	16660.809065743102	7866.2594419887355
868.9376753281998	16320.664243636056	7522.847946131979
1619.208219099935	17169.639412989585	8040.2238997380655
1027.534491594934	17671.891828225947	8044.644069869836
1941.325950344065	14365.030407824293	7953.225398285131
781.004004343348	17002.813257887865	8187.55001440537
1462.770810576712	16431.018106247397	7753.884291241228
1388.4103775755234	16310.04568234702	8059.584623804002
1930.0315763002955	16823.02467286974	7607.5775390862655
1751.857526833553	16993.163379316826	7418.875080608047
189.2903237514806	15926.354552796845	7820.783523891427
7617.724764789889	4680.211208439154	5540.894990894439
1731.6348048011307	16976.44713511528	7662.152063243167
110.73486253569602	16570.202467988693	7433.302828712683
1577.5143519359565	17562.475028875986	7858.969220489128
1052.8950379942314	15149.217608665553	7657.3809703734
2419.335189570156	15866.839050385624	7578.51980572202
991.0349201353407	17527.108800016806	7804.043811052902
126.82674261575393	17140.94547742313	7570.3315850892
3075.547145390362	16259.14128469553	7398.164021934614
88.99385201111221	17047.785867514027	7455.309865934193
1863.1013128944157	16427.41991078459	7733.622502511818
2742.5743680163873	15681.401610614523	8217.650843291693
2321.3877499028986	14877.309613490585	8193.531283037806
664.511896563555	16261.744645028872	7110.326501345337
2220.9698788335645	15299.921829426743	8044.926383904443
1613.4452130633215	17028.039300553526	7430.618450942425
1144.9757462912028	16846.163145039685	7946.527247157089
2044.16473582348	14904.505585485262	8419.230309095505
3133.77899746924	14223.886538161894	7826.344938618482
743.5432923483871	18077.085822783272	7145.661609796181
3223.2806906971286	15295.551931285429	7534.799368824688
2219.5666633426313	15348.852788620354	7528.111128094652
2093.9972526084584	15761.093276752901	7486.635909878655
1733.5612168212124	15444.641988317288	7575.396956956172
1686.5899284004724	15340.502639103757	7951.179472440136
2501.646714124839	15941.885991446057	7737.438764540989
1775.0047883784353	17192.701011587364	7405.263943158644
1976.0743913049757	16723.639119181655	7535.674577653906
105.78100897199188	16071.396786688852	7560.909783289735
1019.237927307167	16669.465831987705	7620.699653141298
2102.7494520254954	15441.457973734981	7645.347886775183
1929.2194567669262	18112.54552542813	7584.279304554513
2103.757014097744	13988.622163627382	7889.136696921798
966.0333550037794	14940.027604054387	7458.221378890808
2355.80920799208	13893.156612909013	7264.465676102579
1316.6216892321884	17445.18214281224	7402.2396330457295
2474.0190180866516	15075.454299985111	7600.544685008909
1045.4908395840787	16451.500717898227	7323.254289876598
271.88411099584624	16227.488691789253	7788.740648041609
1247.043669221738	15571.798179905025	7616.8432599634225
976.1788869796267	14695.213549754886	7736.937089557688
722.7120801241904	15006.600099271931	7309.74610910087
1442.232044590833	16876.39872723037	7860.952159443123
370.38217735856716	15889.206926538238	7493.70542550644
1655.642887468206	18374.114432439594	6413.693565851575
2198.3209893129465	15779.270663534746	7661.604511554263
987.1570012205952	17205.11266072324	7491.901042546737
1915.7135300718262	15949.81779147882	7431.630446683671
2622.54351228123	14434.995213244896	7349.784939920882
1856.6571481241879	14037.73402469788	7328.318765723833
1576.4746932921748	14974.924061319027	8046.165951907054
1138.6319958061963	16969.0409798542	7873.403742450325
740.1199035610754	16157.018806928665	7563.645753864036
1203.777982014672	16642.150318744196	7733.2290246118355
1448.7403502766358	17013.281964480113	7913.5641768614205
1000.5453730436432	19123.869907160268	7436.203458561711
1000.7647580204297	16328.78186646236	8107.007028414556
1479.1302524566293	15979.714020159687	8044.988763219104
981.3879531546269	18870.950873068887	7533.674919267346
912.2557841165583	16092.372709314186	7647.283182412452
1601.564702070243	16116.870831888664	8445.115250686365
1775.6873577614576	14156.481711918801	7227.434252559042
2229.3697631742284	16408.674071459773	7580.173644325658
2277.678231079341	16482.598526892252	7768.809658074107
1405.4510293901312	16501.66847264142	7650.911451358842
1579.127918617234	16657.733582558718	7990.029512645576
1620.3384942207504	16103.723412283929	7541.277302649903
9871.029570169074	4116.54069053791	5398.127194739619
1485.7417891209916	15467.741077888477	7484.925481015481
2011.6655766119432	16713.6233480558	7577.983196094711
61.43159687702306	15976.58138104065	7753.17673982425
1338.122802384945	14704.699339833775	7679.125986788591
2458.6221439562896	16370.531219806977	7999.84488531269
1507.3791166205697	16339.061282939918	7579.68684382054
1881.1072132314464	16628.282102510537	7675.311762193565
1719.3599711308877	15341.234426969799	7867.21598166053
2084.815601655249	17341.01026133676	7520.279579638806
1543.369287569631	15153.336307433472	7702.386965098948
1706.0211867777227	16088.341340400779	7652.309758646011
2392.141917662829	15390.64487540891	7511.496336071256
481.5474860397036	20355.769793369058	5801.30640867338
1971.9128421646628	12966.252291787245	7992.799215368007
814.6139570876895	17183.820402153346	8065.838821647513
2740.5817116907137	15428.259133664613	7702.537289498275
582.7710634873562	16810.98357669366	7114.621594454224
682.7736353671704	17114.18056883822	7698.955170425636
785.8798667582369	15864.087411467815	7509.863985157201
1991.2180304203712	15254.060143636569	8091.488631743664
658.8898770772041	15023.343582230988	8010.256724226377
2211.366713657337	14235.804781905856	8145.281149219378
2347.9303536065	14932.99911528718	7820.351067000241
964.8588866199731	15883.567824058815	7707.091002796341
1241.279376439667	16141.240764833266	8207.684024165788
930.0129610588289	17491.81005156363	6891.1036859365095
831.1925404210081	15299.47843916403	7911.104508113123
2483.76050026707	15763.352194370136	7518.653542035751
921.8232498657998	14510.118475843405	7875.3677132559515
1245.6705551589466	17028.836411280776	7170.608577659001
2654.3339589098764	17797.757545485612	7486.195441070741
1946.2880267213122	15205.690970960084	7722.713899361223
6874.415662346222	6696.967305627085	5342.409739204804
1845.7583461790707	16327.01376600084	7433.900111256257
2172.2383070476835	15513.642709059543	7997.717915863366
1403.469794694764	13786.270980816344	7863.418649473075
1498.4059728166997	15871.97313531109	7726.384796080332
977.2548219888241	15915.699921701495	7405.586044887957
7976.962914173738	5982.002539666662	5157.880463616644
1679.3518189803149	15257.251879444535	7754.800242798853
639.4456752424447	16949.60367165179	7641.704660902812
1174.235469757157	16210.385265404737	8286.2635102957
853.3804349523505	18180.125303475295	7784.810957499199
1677.3956600530817	16997.91779395812	7265.387537659064
210.81370386392595	15706.145673181205	7157.505068885622
562.643907442365	16510.52085116004	7666.100317713877
2085.641896456493	15144.542267233945	6601.818904450343
1730.3676395849002	17971.73995794619	7121.675326182192
402.1106189475283	18231.561435827505	7439.202794573489
1987.7928961554453	14818.628268670414	8089.405943416944
1236.3053890848812	14566.382672137517	7951.685421615376
849.0263233501838	15428.559914444842	8303.882233683542
1368.1469207918194	16208.329380188832	7448.637547498388
1191.8081062936315	14482.379746937824	7620.96237733178
1782.8157486075288	15478.128868120042	7943.540720946876
615.2927893728395	15532.107694392136	8056.6320762560235
1311.9640425998184	16616.78691252299	7332.351296273164
1653.0363688172977	14889.14887843038	7920.6776449187955
1263.6175798923837	16199.362069522185	7546.61332290055
1720.229504495389	15829.620914413686	7635.689311091285
3303.199412484355	16658.158903032516	7336.656534584531
761.8216232670372	14757.053451589425	7821.899706635482
2193.8867021920296	15190.5004203937	8263.107878041357
2010.9340288386252	15649.753416884158	7975.026635847899
1210.1780416292852	16728.24463864742	7738.6534693993135
810.7181096611298	16415.964826138537	8077.008194838827
238.0944077242686	16415.94294268104	7629.397114095662
2357.3687807884608	17189.58037193557	7498.8481513023535
1740.2229364505654	19164.432633182227	5769.519918222598
3679.221631898295	16111.484388746016	7135.770479112717
2093.875566618579	17497.957687028134	8127.127131977248
15.075542450210001	16977.31190998511	7966.490308901375
1462.2706817133258	16534.235220303068	7720.401503412951
642.9353285397412	15607.157637095792	7747.192850188824
1157.8465238324566	15140.526884369468	7503.9619181542985
1594.8137954068718	13803.257990108656	7965.322811602706
2131.2213232481395	17266.633056553466	7902.507904349381
1411.4032118711864	16474.15990862766	7624.905172006527
928.2736527838068	14817.257269412825	7596.748562269763
2020.945809972915	15916.989565707818	7523.482322529816
7322.026576024294	6015.568578628293	5571.6022213943015
1596.0791774241657	15421.99373184506	7786.183474898631
970.6066763453255	15623.640807852997	7714.609589289837
675.2975336895123	15631.16181739379	7947.34033989733
637.5043044596183	16698.019879982243	7702.338206207093
1471.8386385095107	15406.962135789377	7881.80315939111
3137.465582440027	14501.731641564733	7788.666195694355
70.34609721993273	17671.635121098097	7925.387353580704
749.6125525615325	16803.133037368534	7560.066845607158
1350.548976781843	15273.769881853403	7365.721082303271
1492.2257444614597	15132.932424306366	7998.511692088928
9169.00719776147	3723.2652385533474	5686.895847796847
142.1821947179149	17261.430073729447	7648.456299078159
2842.989127314914	14666.181221759762	7920.351098419499
699.4423752819002	16398.1282653676	7504.924260426111
1588.4036646407951	17965.95335495102	7443.011017782228
-172.60794762900764	17297.335640857884	7497.536107816389
2615.1834487529045	17665.68456838792	7582.436368331014
303.5382196122145	15143.56673934949	7480.952538764703
1449.897642416282	16687.750716387978	7682.185339100741
1076.6077760886567	15597.388335157822	7574.962797242046
2130.6507718869425	17526.85485264903	6873.572509723947
404.627235661667	15641.166883266684	7906.278430822097
-29.8723208493535	16463.03379135105	7698.218447704538
1342.1030241469377	16127.27562995231	7196.387792925375
1537.5467336942534	15567.105506129137	7300.63752914735
2315.315365802108	13869.341245639753	7511.229194234718
3792.305345008714	12450.278858201847	5173.5990338844385
1167.6699059401778	15582.818357473281	7764.883819439318
850.0153842635891	16253.909364747267	7724.421793333943
1512.0642669626911	14354.37706562166	8100.897985582723
1257.595451863334	14984.769908449776	7420.87735251407
1441.732627479262	17402.31289639137	7778.517847296201
2203.5540064078727	16876.597652331606	7579.134748105041
10253.037105494586	4133.355185892435	5313.060462452988
1222.900318153691	15073.252653716321	8194.064123385539
443.6955316234793	16714.504832816685	7848.016981081267
1670.3508229645652	15701.396181580563	7152.513520655939
518.3784597151991	15338.87058374835	7398.327604652417
1195.7118341710286	16586.209840893902	7405.749449522085
1392.9930862179897	15053.790486846763	7882.755043781675
2016.9426085737712	17599.764919306148	7424.743521551825
3549.1545963834105	13973.146282854676	7487.273199957286
852.3919366742847	18388.712119513093	6608.510713063912
1149.799287101262	15936.087498452187	7640.611977849102
2044.044941360062	16963.40071970689	7962.849046490838
1614.6910627344087	14870.29801084919	7642.999582118218
1444.3047237581932	16564.478224009064	7560.416086781185
2176.394509533803	15684.092289639206	7769.847564711289
1454.8928211825516	16183.956984414486	7413.547719934777
2281.11867826524	16675.024459796194	7631.305154591878
1234.1932570025358	14999.770009183734	7499.641408378405
1953.1815548183545	16961.69817843213	7554.775847975179
2350.08175896512	14780.407055932164	7412.283569779814
1005.8316783070472	14133.734461037939	8258.16252801651
489.9006264581911	15413.417780822823	7829.983322552227
508.14139556644875	16037.260358801048	7459.479796624933
518.7918173793445	17536.686287882767	7185.186396255272
1164.0130979698001	16485.917774526184	7887.021377918254
1530.2923989150365	15833.445431146594	7592.168531138392
2450.5698684206304	15987.36299864459	7168.8386612983895
2225.8199729266516	16467.74999866471	7634.776452690021
2187.4870972785247	15809.382548831518	7821.864448697807
1206.4128334725403	16560.72362938855	7859.334332497543
899.0116684456555	15049.020802437626	7632.208279237071
1125.437706950451	15511.828225561334	7739.236322204216
9260.337955862771	6202.359110181846	5312.731035287511
1167.6849367050215	15503.09327598997	7955.262551047703
1752.6274049202805	17879.865605989686	7427.874300920129
358.83587498371446	17069.09214390842	7984.335935838155
525.6080894558758	15282.20585409916	7521.453751674056
1405.1070052058024	14735.329698924294	7508.812847366878
1497.0166915275636	14189.677858061359	7421.9751143815165
1647.0996006296969	17542.128206718913	8046.491820157404
2605.070172831021	16485.499335318484	7589.551192180171
795.9541949630124	15602.138977119434	7820.086675713647
2346.259538857375	16598.625843785612	8270.5632058215
2782.8337176654427	16440.33906319357	7449.864453285596
216.88092594816416	16337.238113908788	7640.083702169827
1682.9404727048077	14137.549149430255	7796.771100627206
1098.6488604328226	15185.206359133535	7244.177052834712
1065.8472954832282	16214.248582115564	7999.155436304558
902.3394933712397	15812.562026616913	7807.82798944331
642.7654051475998	16300.3128484585	6994.786482841245
1246.6829650756613	17303.996422341672	7474.296758764179
2632.4406183019555	15513.627935683244	7730.653872643787
1820.7868613564856	15781.01772404393	7340.680303854821
1756.5286857948415	16850.30222783404	6836.945510638667
2317.1205843203766	17777.966942427403	7658.896502197608
2000.8354701820513	13180.675264308118	7920.136020019375
2742.97595118306	16846.686978834405	6556.780364085526
2967.6639782243365	16892.37561758203	7491.397100589359
1445.3575069039453	16256.883107317668	7726.527161182673
288.52099488825706	14735.62668517268	7651.776077290249
1269.4269633382007	14827.085074253924	7987.272656534919
1129.0053747194893	16430.36864400857	7703.009063682806
2483.5093256066793	14848.448602161157	7563.805215822275
1281.4080533372385	15970.191204481087	7617.834698369395
1543.2639192411798	15131.404237607856	7217.617883187723
1824.776473037061	14228.455953062863	7435.700995794206
1089.7866326470582	15899.398532679252	8258.569342871924
931.7211906588667	15945.91629519798	7376.399824394544
1427.8960667402657	16650.46574399864	7726.818971789596
1348.2225994205628	15825.51513654349	8201.179792353018
2696.1572085838284	15751.864633116214	7670.851731313303
2079.7111498354775	14903.967180625854	7658.292475283492
1589.7572389842437	15648.04158113274	8092.851748308443
586.8386010435419	16372.715137095774	7665.263588952767
367.15839767549	17253.478289028535	7560.9503669421165
2203.31830783589	14034.413295612705	8181.269749567636
2473.4309011090068	17448.7134153077	7552.539039766132
2691.236186812724	15403.460530344351	7522.795595968137
1051.1585595445308	14051.574725809523	7656.324623163508
1343.6001778687576	17502.63050668886	7710.500635223395
1875.3995189581694	15515.587047570738	7907.588848180453
1934.4217226831345	15325.985711160583	7460.521440593803
878.6309051168123	17946.628373035503	8053.585750773247
913.4852967599072	15620.629225296478	7814.097726273986
1363.0597142505787	16883.291048895397	7074.112496904224
2073.4624140389424	17597.113428169127	8307.840510561035
2613.2444376443304	14627.344494521727	7582.011632329829
1275.9758034560928	15473.83143072733	7765.998116930631
1260.8160365250646	16106.23568786526	7826.029118282013
1995.691620458883	16810.95258343701	7437.474134762693
2144.8449952526435	15956.781741187893	7687.644906789934
2547.0749399817555	15721.3652993059	7878.501193419497
1018.5404439548945	16885.34417080444	4760.516417294124
1955.9614700118962	14680.779967361577	7652.569035029432
1084.3055930374087	15958.02312074128	8028.645610777905
208.1906100904167	16815.489501991688	7904.567761938974
1716.2273109114892	14193.830364422085	7577.09732691252
1656.6429894578423	16432.473434706684	7728.251311887974
992.1610285118937	14824.696320184392	7654.572800641983
1606.7620478868823	16450.477583134154	7551.137262108356
2247.6934121606387	15439.339253300757	7797.625957775761
669.4189130648199	16856.249314328175	7287.877750092681
2502.266962801563	15637.793175102359	8007.394586576001
1511.5240170925606	16073.97642899633	8362.623911256418
1399.011319722728	15990.897763176803	7782.506029246372
1126.2149413839259	14010.768897669943	7670.002011870324
635.39420026462	14930.427504920825	7989.130876792878
1113.3047760769227	17105.65850427869	7754.192768420452
2973.004741766608	16742.966118793465	7756.245350644258
1302.8464650930086	16125.53857710478	7015.731515216047
9354.737370039104	3651.182768128568	6175.2819431139715
687.843751844203	15365.907346186963	7639.876143263063
1880.5679108246327	15095.9881372219	8236.850250924765
1764.6529018056383	16368.618629328528	7324.574736999893
1280.805076681523	22258.43045540754	5628.5119901305925
493.3799362922384	15466.57074971507	7896.394647783347
1878.4488370951485	16032.428754799426	7566.424122135461
1041.3896894203456	15624.124487453084	7369.16245648141
1983.6037953264604	16359.604409163807	7839.402117346821
2350.645879413501	15954.266582779343	7887.396469623494
1845.6558252433947	14702.978806604217	7703.33526873184
2825.567662790131	15416.759975181005	7939.464273093067
858.7309111286056	17861.136228605545	7353.01919318561
1407.7651028420335	13877.25344224801	7773.11893206121
1992.8157971785645	16117.769086763712	7755.6483834218025
889.8868853328861	15012.10500277602	7625.185038367908
1567.0946862588157	13896.543364337527	7878.358167946573
1142.645171740744	17133.088150553467	7602.266279633635
589.6408317051306	14712.58205626048	7597.822103676517
362.8066537256291	16526.141788692203	7687.394883191917
1984.6007136200126	16436.442512673035	7518.637183712998
1129.613394089116	15258.699373780557	7770.423801417639
2059.618808270094	15493.332587130093	7553.974028432402
525.6104768699887	14406.048779843462	8260.336186963343
-106.38576821537596	13610.520416402996	8054.742194461964
1019.7210058618806	17154.160222375063	7947.794326435361
1139.0270066216347	16844.797046700605	7266.672234137702
1252.729104090605	15036.053493894753	7496.659489156224
623.3294158954275	15548.285514214647	8012.49982401668
1909.2437429936765	15859.080498305908	7809.089664753464
2445.6914114777182	16275.74203821199	7843.3992993712545
73.33693170841293	16821.477051324895	7508.7334053151535
1032.1378293388416	19268.646023305213	6736.49531727592
1563.330551961676	18174.20778672344	7522.87109070159
759.6432853064942	17236.68038425142	7656.893892905528
933.941836230055	14156.591912271293	8698.424291583251
1505.2239176741953	17689.926995019672	7865.771120926252
1762.6695297149988	17946.347127454785	7009.585196557547
1560.8057692000207	17392.04750175394	6925.437633190111
1073.0328903010356	15620.28209326117	7410.919013941954
619.0641138311714	14279.049497274878	7344.209983470641
2195.5592236740426	16398.773849636313	8200.08177103927
1316.4649950998717	14011.66851566354	8389.330439601872
1779.1493936014663	16729.32476278574	7339.085708414158
1536.1656960041719	16283.743947921967	7707.501968735544
889.2679119822656	15766.154237873086	7746.2495482445365
1476.338704885079	17510.04459013925	6886.848901878413
817.123256887247	17703.32072087895	6853.117173015353
767.034736499202	14719.410595174086	7469.8310192356885
1962.591743086098	14068.656966518407	7388.649461205438
628.6454090579364	17157.184120285052	7409.093812942532
1935.5777923700514	15364.456090526292	7591.853811424161
839.6467771702855	16458.846781475222	7650.779359061941
9396.813507356239	4632.733615205747	6208.674059715596
958.1135439030425	17970.01885127736	7393.128226524429
1919.9148822467423	15041.988467336327	7837.689334390145
2364.4739228889316	13319.469599441973	7501.294349755245
1422.9850484971012	15801.570350777616	8105.146888324906
344.50456213873974	15565.389538989932	7687.227129438544
1011.8206666722821	15245.868599494836	8132.915715435821
1601.4427976361987	17725.281845732825	5741.772532857154
1487.7444871739667	16205.720868018741	7697.090286120559
1636.486080980453	15205.335238795544	7861.6467893883255
1756.5164142502983	16952.677166112517	7534.083221217673
2070.6902366183526	16523.628119739744	7756.075416423979
824.5524194389504	16853.943462312265	7582.695925290119
2053.428592475413	15878.848091748536	7412.412788301996
1981.3981897066194	14953.866620534247	7820.478351989386
750.3169433007573	15469.374000518781	7467.690571100802
670.5027812635784	15254.512779015558	7919.219756461601
10578.867237332724	4662.879193248349	5444.171522994571
1842.014010769128	17046.55036590585	8271.783230022258
442.4019399421996	17609.41745436764	7777.327448856208
118.6510968569343	17775.28604917637	7642.63904895033
528.6458804558371	15777.06419089098	7634.384536971906
1933.1016411699165	14811.512382093959	8085.384237606917
741.452319455124	17632.159132126497	6203.1432961619275
2399.8057279824084	14480.69684508354	7567.161068112034
1396.1775594957326	15516.29450588138	8082.269748088
1530.7484622346515	14852.621672851996	7674.481182629203
222.84035892956558	16125.084795486735	7771.543521104664
338.50842651281516	16871.11507905853	7398.918639342033
982.0108048616602	15130.40628062502	7483.882234971916
1188.4677198382383	15617.354053584619	7893.329233188788
1615.3642470741806	16752.16743817509	7743.438852664499
2275.3483863857227	17001.588025640496	7373.818497173362
2705.705249252262	16210.276740014438	8006.829027208296
231.1388225882422	17619.234507733854	7573.388709376035
2358.4719121368853	17553.293588561148	6738.587641911824
2214.1708541875596	16046.482581335724	7573.936989790987
972.7636046752069	14604.855527200943	7887.481303229007
564.2072115351692	15337.723664749947	7793.981653576341
1258.2506639349078	17530.7483263593	6992.895277046869
-676.2037520209886	16477.186696859637	7800.759790298273
1133.0846766451975	15657.535430373213	7756.517133477415
1920.9296984154785	15237.395319126339	7735.4050790162355
1679.7079893725152	17102.156444180502	8156.844922900977
564.1429281593349	16163.758378787566	7785.726497914736
1649.8793432642462	17221.932108310033	7220.664348797015
1406.7522770919409	15753.717317132256	8005.012404131048
285.36672333077985	17070.388809867116	7673.2754581638455
2624.2004127828063	15076.750306293912	8092.221103765034
820.6018233019374	15122.16914602673	7298.845339145218
893.6238895109547	16229.855752087056	7598.148896003147
3104.5925411840317	14254.104746346304	8010.102475755073
1917.245390945949	15897.910788468993	7787.459136276976
1013.3926069874732	17968.002129660767	7079.107079886653
-492.6315275252021	15415.413596702396	7424.644993226064
2069.031681988343	14560.032325579787	7436.815414236267
1295.011395512747	16945.210419160874	7360.877111833234
1457.973109624869	16934.22373932416	7563.076638618143
1793.9788260591886	17511.511990442417	7463.057889988295
1716.227779684966	14886.933613362706	7694.2061922431785
1617.822477259792	15135.357651363774	7805.4894211580095
1529.1002893472232	14391.467694602017	7766.037003533385
2386.0867488707786	16394.629702214228	7737.290262193582
2213.71140708802	16408.360165215854	7731.586280646548
2467.656973312595	14439.662310296673	7680.435665957126
1225.0191824057742	16759.54497632901	7911.442430793567
408.1760799614575	14175.84475518238	7927.978427262166
986.2414574311761	16544.79041128709	7940.756578783026
906.4715647742105	17255.31361601348	7473.419469450432
2172.1418568618583	16517.28538131076	7003.805755214216
1841.5035576159569	15816.509397906575	7293.516403759244
1964.6159270632475	17562.869146307836	7328.765579602711
1830.887619194871	15078.484129313998	8015.588230868635
822.8315510600246	14183.536984250462	7322.090969245582
877.7220259635286	16913.11595288199	7923.300459678686
1021.16953424551	16883.581855743847	8022.355435059067
2290.9491112639894	15500.85159612647	7610.413339479976
1666.538572542451	16422.00094660413	8037.5563167060955
1047.181563833451	16539.53459822274	7218.804075713019
1304.2043791476085	15600.330771080196	7706.307569270946
2618.9016800814916	15578.468177244014	8240.44853341795
1839.0037052773025	16527.850697882557	7935.831999168842
2052.5812481395683	15942.111356943185	7934.198180417533
1373.9038895989431	15907.398365061767	8004.143805125938
537.6196226272683	14347.715985000414	7759.072363287769
1806.132703087738	15613.193694503785	7936.127712190206
68.75170592351057	15668.230864224977	7550.966589486257
1618.6052907565115	14424.560924766281	7918.350260193839
890.8910155377065	16966.449091345203	7497.8763127030825
837.5077341096347	18013.030488364606	7658.353697742063
1850.2305871807464	16690.916381835308	7877.294101388902
-734.305168295153	18542.519835788044	7430.662851443176
1539.2079485125666	15499.96560831097	7732.865591406472
1864.51300557135	17673.167393785705	7923.676965812393
1452.7716948838236	15808.73771588627	7276.7122253694515
1875.0367135420004	15152.727150214147	8336.631673049093
2237.7908882095126	12936.0390335328	8206.644138898202
760.0093363432951	17304.03284946355	7670.6281527243045
1042.8933444434929	16497.256543551415	7550.441311835044
1505.7624421326123	15507.864050001692	8163.316677648079
1879.4103298775456	15846.754986758433	7463.833335745697
-547.8040166927423	14568.860360410155	8181.6276878895
968.0725039453993	15399.369905528018	7566.197147747499
669.3506027405739	14035.740388384118	6909.947024103998
-155.9981314206729	15484.715609696561	7511.544116344531
750.3334059730767	19425.841606436876	5628.48108712985
643.3734578058716	16064.733938538875	5624.2556660363225
1107.3143792688456	15861.575237312378	7185.22695347893
3209.4422187279706	15318.148004223689	7547.050177546218
1446.7482856547072	17903.13585099025	7242.513345864092
573.6605637355025	16097.475369973221	7391.30481728441
983.8860542119069	16944.22522053792	7810.244832307574
1367.2097568177899	15705.866985945473	7592.491713281783
1168.9460734402148	14277.684580351779	7799.200554535229
492.2533416635354	16180.216683650488	7620.636036100442
650.1067647755873	14991.778468833198	7266.4688055916995
992.2773912946008	16198.441977118167	7347.2307484194325
1974.7745050502767	16527.76278093667	7784.846355746002
209.79224069405973	17207.864490014224	7324.18359121939
1246.6056739150233	15257.503546033606	7618.89252664991
1806.679783710458	16187.290131466078	7696.307438911177
1749.634707399468	17415.63453499962	7898.752209528244
2325.6285778456086	15127.60015302048	7511.662562312066
2466.0114273588947	16594.329656089678	7725.985838485734
1893.324712719123	14836.229368120223	7295.889431214002
9125.734021555847	4773.567510009646	5351.784541431656
2009.8759464455852	18003.960964502985	6962.943094586391
1099.2766381457836	15106.583399713889	7545.9819786322205
1368.3966768287637	15713.723617883648	6989.254058272173
2108.7808171976644	16135.17127224899	8116.221981387311
628.0783508935763	17261.40596717944	6677.560163942078
1904.497207043874	15385.930000300648	8107.062846581534
1264.2004405776931	14518.244951252378	7907.892557754014
1290.5675508978286	14913.257040419983	7599.9445803186045
1734.0771374474514	16765.794018138084	8060.447073345383
1024.6710624537332	16702.18951207054	7704.670055055639
1410.6872693919643	15288.665942501242	7918.348371608174
1847.393513056839	14175.593594584721	8379.182426855032
487.92782384711785	18764.98275004724	6867.217298463341
3059.6798329573608	16060.89551419147	8049.810266088239
736.2146407605209	14991.980003961457	7222.983019587819
1863.0351263036268	15938.939307049068	7438.62665889734
1381.9208299282923	13412.014101260746	7501.430666463398
1531.4053671828397	16672.931392170925	7676.956971796761
686.6801814263649	16510.876185184414	7494.197851657198
1047.2357491474452	13763.76284370599	7505.852278707206
1658.5602270286977	16989.86692860644	7655.033035744777
1579.1731219760586	17206.258430780323	7182.5785476115125
1048.7281212797723	13962.910280324524	7296.696613319722
645.0027049990484	16503.496823704878	8181.750568068016
1997.7657211893286	18526.245064544226	5989.285272989692
1612.5737908971819	16879.63397974762	7712.224013722854
-60.72771216640757	16972.95783072865	7832.0424167744395
1396.8277679680639	18558.058564476047	7349.127809896862
2552.057743360477	13502.525246471694	8109.788718924524
608.0307064371594	15364.303092245238	7764.322000388725
2313.4377443015323	15997.142497542241	7535.083562066969
928.0653392011044	17046.909147824324	7325.936331925563
852.6624124038179	15794.077333728888	7838.578260161515
2226.0099373392404	15710.871018096124	7601.906034263467
2307.8733581646566	16880.663702328296	8161.143121247585
1931.5803960993494	15206.455566895336	7730.3437656119695
2309.2369977363714	16349.440323068755	8003.78744897103
1222.2260438966766	16645.091881969416	7655.278972643143
2787.144000742618	15497.401668787556	7860.3518167639795
924.5489245937293	16364.582919462235	7599.513453866015
2157.868751339093	14953.065854798433	7949.554301221789
2035.5343141634337	14978.123808820506	7354.838935892027
35.97106221060226	17215.521202598866	7405.198440565461
535.3166653056502	16146.714954505122	7853.28787751827
672.1920932793628	18599.734581067016	7287.945169521611
1440.9680602306448	13530.582875697417	7817.59552175922
877.0270845096252	17298.772881883455	7396.808041118105
766.1850957500156	15802.96663510925	7822.058029694198
8776.433906943532	5475.432682717926	5568.820928430335
1727.6156846169938	16726.502373114945	8205.489108465557
1670.3557108680823	16310.337584185969	7521.329959975803
83.06177196383545	17410.106807369473	6668.741429391965
3326.5126447699386	15809.986927844406	7608.713917477404
-168.2223222814893	17448.420819285122	7320.098424711757
1256.8728714844578	16304.724611426045	7652.493688409955
1502.4454692836648	16388.440910093417	8047.292333195229
521.0234793852806	18400.635812719913	7581.654645341048
466.2165330352778	17106.933188699655	8001.954551209359
827.7061542952646	16007.940120765152	7199.626866286179
1035.0104860488586	16356.457572614214	7017.881483557071
1843.8857693148657	14319.545441645325	8062.114945136745
980.7031845574438	16959.917706074342	7392.48722653389
954.3753080608462	16557.506098632457	7224.295820778634
3138.47136741802	15490.77308566111	7977.092273355824
1327.8186494821427	15082.552650725034	6924.875720196809
1106.531660221141	15977.67611380494	7570.962971221667
1722.0682840290137	16978.41270765447	7587.824785969308
131.1774653576927	15931.388641186644	7470.082704798826
1764.411257401641	13841.783394265778	7689.089544401412
1708.1119986494705	15560.99511993426	7825.918908887006
2328.7468336744846	16305.195194928634	7937.823110685318
2566.586200662359	16201.18900959319	7947.814154434401
-127.63278153396165	15921.511010652319	7841.4921210009325
1866.084026220928	15200.341621931466	7864.943356611136
1222.8784591985589	16279.832251945483	7492.140981312282
2279.0412088196354	15836.04244927794	7693.0982521407905
2330.4354369319444	16316.130825512915	8017.271969835464
1080.558504990078	14261.744529790994	7328.327526526053
1004.6483863016313	13847.355740648334	7649.980581165448
2212.3148959427276	15764.649109386195	7996.390910541474
485.6921271571124	16743.409542978905	6840.9981914877535
2266.523607813775	16118.28071672227	8128.109293758981
10651.185109414066	4427.784986736446	5571.592451560081
1270.1342940990855	15170.485317638142	8065.87040984461
2423.150863099191	16709.293643761423	7072.42759029035
2021.1831155611922	17388.897193783796	7822.2542839923735
1226.3469201780433	15793.969963413725	7542.646240655817
1796.7343797916074	15510.158264933958	7283.766968513387
1433.4607631236397	16963.66759096458	7162.765885339255
2282.9476927690057	17120.579348242016	7083.896033220934
1167.620038055187	15023.679193098522	8189.212031494703
2034.3464334475905	16224.323042971924	7376.89806000234
1558.8276326697683	15774.113500663081	7695.842384105744
10461.091858076508	4681.940497168668	4920.771197579485
2043.7153708962187	18192.844810926304	8010.330590541138
1527.0601777975692	15610.210964863758	7420.320124579572
1190.9714257499777	13594.739904624455	8276.995255302496
656.1965567247098	16399.111025917293	7903.52179726811
1657.5450801855434	15625.073804357584	7908.442645261098
646.2431668973313	18149.833840988787	6801.418713503337
1887.4014386818346	14944.08713737762	7486.104491830116
1763.7273958900378	16989.92600746372	7671.021856920993
1013.6789521206188	16134.59000781238	7276.718630685099
2240.40716081821	15918.003857636602	7469.1195520919
996.9398181809396	16268.73022653365	7698.482188671419
2371.8274472482226	17593.45206810021	7812.144219637081
2141.641634445918	15884.448237765375	7406.553466352961
2292.722015873072	16091.3208020801	7939.5575994998
282.9159174252422	16303.5800049728	7872.77861132839
1116.0123029506162	15762.381271258731	7665.228708153521
1136.8624609789827	16234.913192286487	7554.072875035001
1162.707373063813	15290.305937097392	7337.676787096712
2348.053307415125	14158.610626877997	7895.075463072066
1848.1891439303013	14773.03490254476	8281.089437973169
2048.4560277710393	20092.271288722586	6017.30063192371
2502.2376810829037	16154.462996199934	7633.048395878137
584.0218668327924	17059.073985282073	8004.887865131433
1495.9551251118448	17304.573975213953	8021.588750032672
2312.4723454699047	15883.921150824332	7576.329929449112
1319.0569467520525	17190.00358778246	7677.2450067669515
2529.866981881241	16979.4203635566	7679.875938655636
1070.5804868994824	13850.901606771677	8066.697944102088
1100.8982041441486	13766.894201584688	7870.8991514046475
2402.832282385563	15740.6032641536	7550.3808710056355
1831.905852948202	17729.946985907776	6972.61336497361
253.79378056214796	16756.944193490577	8337.594709593468
1556.141637482958	16691.654090109998	7862.965306854861
1897.1240845188136	17363.024478545103	7559.120653565842
1308.422455305461	16837.904115392892	7712.074799111857
1484.147485471991	16021.107445588625	8049.907286484835
1749.5175292410702	15548.934331694367	7757.365514397769
1592.0047362050548	15150.694296645095	7818.775988853202
1729.0071442825713	15077.69763594008	7619.737768215484
1632.9134299859634	16614.136025244457	7747.52036105215
1479.4259982977478	18826.667876975614	7638.47298638872
2449.0419893397725	15050.274653483531	7370.061214505185
1922.3856138315396	14857.664643252421	7573.335676313656
897.8349890553377	16415.42863298602	7628.031817988291
1048.7244604973246	16915.948739875294	7604.082303229734
1176.2285359340162	14380.32699130379	7833.522769033293
1923.4729674860034	14680.664549415187	7839.164333152709
1461.1508474655627	15799.041645648153	7350.893076179074
1939.251683244972	14353.919110957138	7737.728726759765
1636.6842294020166	16683.36160446055	7834.014917117136
1570.479906709712	16010.22834281406	8050.940265434072
379.7106306242463	15700.059951807538	7364.417650003685
1420.2693109880888	15136.887936589032	7481.767221826681
851.519368161851	16867.83135334367	7610.648870790114
1906.265961011716	13292.704455167896	7691.803565033248
1270.7817818902624	16951.74819259113	7500.606696010059
790.2878756342581	17003.57012165005	7964.3704389131435
743.4424679496283	15049.488884215125	7787.353468777926
732.7163248436832	15472.412609200026	7723.954667403885
1394.305939607936	14457.351608014218	7625.631417224729
3286.189869233708	15546.901316239562	7434.1440069420805
1377.5254064648136	17953.23663732449	7471.059618784633
1603.3082532779372	15798.049890049391	8038.698939255022
520.9998033639635	17193.598981729952	7627.435787525874
2653.041234282673	14558.860149130058	7770.672627384571
2282.4663507369587	15775.685440738593	6888.583843648912
999.9192349585228	14658.981726938096	8231.733466517677
880.5841489789647	14948.82658541168	7710.915887454954
1700.3645971128078	16952.92959794767	7620.457349973272
1267.2745152928092	14986.64346485195	7562.514869746246
2280.6604313968464	15658.993531698841	7478.853588530898
2399.3965839287084	14960.090268648992	7927.1522399449295
1786.4907725130188	14092.061614495524	7460.769927973888
1097.696080044267	15510.053238964732	7970.88114678286
1798.901895058776	15138.381835830374	7860.01549302299
478.13730236983025	16456.13158296668	6860.30418551386
2378.6327640846166	14320.208408566034	7017.74072485762
1751.3142955417027	16996.034828932054	7247.015532742519
2335.088563176866	14846.637478758774	8019.366183076356
698.5507864357199	16740.59483654039	7862.7946591129
704.1653670554442	16639.004091488583	7236.323693009308
1827.3868036150752	16834.380345362217	7495.061939710031
1569.119318972356	15753.774206207134	8047.762572136581
1500.9965039478209	16088.490188312826	7627.939580666392
550.2169429631074	17317.431888807474	6921.778470863077
1630.4080731377821	16992.431104216343	6258.730861725949
1753.2327796881866	17547.77826403555	8343.536829623683
2681.919607875696	15343.304885632317	7811.042134349773
1815.8239435184719	16625.691246368795	6769.960418152687
1954.7803171858125	15091.462704044612	7248.618113097576
1040.2947077055303	16173.74873791664	7139.258033478933
1056.040865680376	17730.18899498093	8201.524352847378
1609.280738365518	16554.03103413972	7841.482515845502
2636.597622745075	14705.380609695194	7831.2659835869945
2664.4278955656755	12903.63322977418	7863.850727488089
724.1173463786989	16056.73016546802	6933.027383199227
1666.595734274452	15888.656871441137	7672.282649640434
7632.119171119711	7945.097219160204	4771.177969689651
721.3093622810517	15615.828847657556	8182.883360283412
1786.2984844741738	14987.890037960076	7481.96427931704
1415.785476457809	16090.609890766418	7494.8162759870675
3231.7075716950612	15789.82160285352	7070.064644849628
1601.3276851917449	16428.821552143283	7862.029862142977
1710.7756529901935	15286.947705629906	7706.163292913025
1704.9937123239233	15334.97708136566	7523.648575213133
2172.7353883177775	17860.89926635	6127.754015491822
2542.2105479678976	16725.265198511865	7552.695648290547
662.4797962729016	19088.10218838515	7607.508765075869
3371.9407738621044	13753.374980307237	7407.036259693397
2231.443280980227	15579.217081709006	7636.190812378878
1340.9784735759067	15921.152503027613	7427.183182834548
-52.3100392990471	19999.056471726763	5574.776461809431
1123.0610759557862	17005.105763006533	7266.049982263927
2227.2665903188054	14131.979076593929	7858.647675179069
2138.9966337759547	15375.108952107845	7374.8842888242025
-59.373010646808794	16075.342212112262	7942.378859074318
1567.1056979873104	15390.646641592242	7601.07934383186
1385.2393895759662	18270.58383335697	7713.256295510899
462.8488634838793	16076.03045936484	7100.914936160633
344.10843093901684	15728.278189253553	7937.027090025472
1412.4111279713861	15526.945742980151	7895.697555626615
1957.4789420501622	16187.280342651164	8209.41506404635
1385.512304626897	16543.286574218822	7639.357204647651
1849.7689760321296	13952.160533395803	8206.082886865248
2052.73175540287	16647.279530143132	8192.67339892989
1106.2383239494382	17805.087487919885	7552.835161342808
2195.417115162127	15158.669436430859	7297.837072782794
1099.778758448502	16656.133790363674	7766.988193216203
1135.7053559760227	17568.821900053026	8017.193359568062
2423.0423952967117	15496.361670662414	8187.782564521093
822.517714927003	15382.619797034633	8152.407926553793
1560.2458572772525	16446.986977232045	8048.7247228993465
1838.0594870726577	15529.357125989589	8243.551755270848
307.8338250061978	17850.429538366934	7821.655104078992
1127.841581031308	16412.960887584843	8282.229468500142
1871.109124178852	15238.276904435726	7723.652048975404
2714.7805994440705	15533.015501557025	7511.27469997033
1881.1751067695955	13517.049272743574	7668.380750082825
1194.0605370081907	16909.215331262116	7951.11744378968
678.2852892708943	20288.38534261107	5916.064032699306
1128.4405810569656	13503.982735992699	7423.270427254486
1992.3417055056009	14390.452158818263	8035.362806029369
1642.893542163997	14782.671100915319	7511.760198199199
1386.0235085197698	16776.328795977777	7958.334766881909
1584.2598097797415	15751.142108998214	7501.415310124274
1950.8104330326257	16240.366468022201	7348.612533825634
1952.534068597241	16531.240682082367	7530.556848891004
2272.5677101603674	16375.473357654288	7716.552876590833
1152.7652005302928	15293.643192314055	7446.515043263681
2171.101425063772	14103.18362265332	7750.803255075327
1840.6041480336357	15707.525207896217	7437.937625429507
1221.7191525110823	16471.00897758949	7463.664207295235
1468.701403654941	15172.786615971134	7768.540918241007
1736.4562603560973	16505.7658209416	7697.994029861101
1600.4559079534813	15129.21278494914	7378.26212294441
2085.2189563778784	15984.112302783338	7732.467743072201
570.7277103672351	15816.825245931317	8019.0026999676575
2031.145469904541	14764.462117517929	7951.98687867147
1705.6580333410968	16491.179940102586	8148.17831312573
2463.500102229147	14422.597857055613	7397.810294008718
1781.8317164270113	14765.8353909	7766.300438088334
2125.280497753685	15456.187481221343	7708.022705648989
1843.362769963293	16427.121673421672	7218.166029404055
811.5640686956433	17337.65401987088	7728.645814889381
2077.0149782950193	16805.052596546855	7462.043394794844
1343.7928651770023	15853.98314848673	7553.221479686363
468.55603926211495	17906.44173210072	7319.330676950525
2050.7368132524466	14686.553007388944	8159.3095692800825
1057.4750624620162	16155.960283330853	8009.436935752082
518.6218190320633	13674.439583746866	7669.129710151871
2114.879859575972	15758.726965004178	7574.154235873842
1213.7560257380123	17935.471074191784	7723.322697245716
1227.603162289001	16161.779550101995	7873.796547626821
2475.9816026288995	16743.94192527051	7240.836818553553
1966.8341588967746	14594.642203189504	7008.310114329421
1015.2963227097013	14440.237444641429	8003.189568184936
567.5655551099969	14169.888153714199	7825.530749781217
2627.284346957218	15355.02350091042	7747.178905799514
1487.343513244736	14018.155122555658	7821.464097497114
934.0173548233297	16321.892945394091	7588.57786577414
1072.9407150619518	16044.520013167474	7950.567705291557
2818.733720930703	15657.376418025657	7813.251409615113
2721.3087536755356	14948.662473638706	7687.019134800489
855.782324500149	15864.755051730199	7927.720371007747
92.5070190177881	18100.632667291822	7484.272336419624
1486.757146771576	15784.699611378051	7258.684480827986
1451.7732625808992	16551.432179034342	7564.491320752796
2031.5222930686778	16371.218627498585	8068.285640532401
942.5352573282041	16795.006981901843	7576.75482268702
1959.1855025020468	15970.236066935635	7321.3081769526025
2319.7048387617847	17930.65722319289	7802.539339676216
1196.1565503301754	14306.926540636658	7338.555271627124
634.8354556792439	16746.22675811533	7813.422816579589
543.7594201348146	15399.371010461467	7790.477599478365
907.0809378071255	16145.9286404995	7935.816403615285
2188.0941274044208	16774.9963606167	7458.732553310478
2057.689944708857	15355.707644369284	7441.054534047976
920.3204857108416	15393.611917297447	7997.5567741028835
917.7974699130966	15547.09380719524	7572.562851619789
1320.394316320599	14358.31777644487	8189.298264867894
990.3128189665404	15901.530032676721	7627.19260330123
1148.0292688471573	15588.349780404582	7597.490314923907
2158.4206779419983	17834.654398789524	7529.5469615287575
1300.0305017995572	17953.503056296096	7526.658542294173
1138.7129645617065	18291.911717164363	7379.835978850691
1108.322794848118	15198.104510522007	7679.258653855823
1552.0353524178265	15972.909309788269	8310.753123149618
1624.878547492032	18013.03655039382	7663.06547395736
1298.4121310712137	13836.359163707177	8121.177498807132
3248.052944924732	14398.446981647563	8282.464807066011
1070.2984996890711	15289.85972619061	7279.595483348668
1342.5538196057353	16281.671668818752	7502.562239805219
1947.460269815443	16541.63326577735	7386.983910183736
858.1984946399512	15961.319809262206	7851.550941968057
991.2703166649625	16248.831503937146	7631.984464203876
1788.8654488465777	16402.771890722917	7463.742314258172
2565.7988236711344	13705.622785415142	7584.633857919023
1869.4751338263143	14291.570507851608	7750.8608630294
1052.5416393627963	15220.077946293657	7384.35041813821
925.2524915627228	17296.70823252251	7452.948571648297
498.4109884589882	16025.423555071384	7191.616318446161
2410.997865466616	17142.81130629285	6436.8422294553
1164.4473808981022	15450.016284624555	7160.162795338813
1047.8747400415994	16198.194356771983	7783.797446134045
1132.9849058104478	16247.916224038478	7589.723702857282
1258.0050777647607	15640.234507525009	7912.1970601843
2646.4261403492333	15241.252385196869	8093.545730976376
1411.3324724660872	16410.09343714342	7880.959806753393
1522.152055665638	15159.114093800616	7649.861395024714
2692.1450563996327	13769.025268645282	7970.346067286707
297.4309089350831	15550.56351982208	7389.3240158805465
1651.3386581082048	14390.703036360033	8115.602693999436
1420.474481662653	16048.17708545646	7621.125994752072
1158.540562869045	17923.780094754973	8055.184316581266
1939.1460835292148	15568.045705813733	7957.697510641306
1808.187868682398	15637.650306913027	7860.311017514468
2329.050803014889	15797.536203056066	8108.608118025453
530.6460931235617	13089.091925539764	7716.611923271609
909.4899588398222	16525.538881811874	7594.894436756025
1151.516352189964	15758.390504721136	8181.913597417075
743.7555883167402	16677.654722677806	7529.203484034402
852.5234588444144	17958.22250023457	7532.889832239407
1050.4371189120864	15215.96126924393	7840.678873115085
2484.7326723409656	14408.957803897478	7873.928722999607
599.7337246683725	15833.064878479174	7542.83665399762
1006.9688221205176	14141.28926580191	7837.957705229874
1828.998594948071	15570.280127802864	7421.171272605319
1095.6443216361938	16054.78637715328	7802.772472022732
1245.3581580315115	14732.352054601392	7168.742413813121
2893.418730429855	15325.830644249525	7961.042893598278
1429.9178664062338	15356.65652787731	7849.507935955568
1005.8807634866636	16007.892062892313	7893.558608569333
1174.1938735739718	15439.965110992252	7665.886071512125
1080.8502860780525	15198.21449650471	7683.974824241869
553.001932327114	16870.503694024657	7807.24509611389
2507.8862574759687	17405.06964628794	7462.769171319344
410.0826340848514	16227.568782197139	7832.749782000442
1353.2758051855656	17159.776869438014	7876.882974099145
1190.5360453780186	16356.055589969907	7369.347349440817
1562.0022375953863	16964.54651734868	7530.4949320301075
1218.3289044643327	16121.947680642063	7743.39984614281
891.9614844557542	15012.711555534193	7686.9012535190295
1506.54964283103	15030.15132680778	7228.90238216968
2411.6087780875687	15408.336082002423	7915.199219518218
1871.0370636317598	15782.84263725971	7822.456334738341
-52.63712780127714	17650.05626039391	6913.610160683177
2174.949485232283	15028.481472244928	7205.531332206617
2593.3005558559175	14479.954367778155	7738.037082646332
2625.6283448955414	13253.626023315586	8058.491430176918
785.0390096734303	17433.548965701622	7900.717990413411
1171.8127886717846	15634.743278614369	7862.733637171518
1420.3085736509283	15422.615712842464	8181.322087815975
1511.4727954509578	14699.25679727413	7847.664969980483
2253.778647481942	16091.29835128887	6925.867126763505
1317.9348204621688	16553.52229768782	7654.50849642032
1274.7311938158011	15251.217835893585	7688.4138125156405
1831.0551076170423	14368.353334984698	7602.245323049378
2355.9995294649734	14605.716930778493	7542.441618167861
1814.2120681109002	14627.077853381496	7264.71628645764
2138.0474612509784	17138.869016468565	7276.918698578546
1938.7939903889176	16825.37955882795	7413.454207289263
478.6607828009659	17171.52500828692	7448.880432786187
782.4292716109582	17337.258916588373	7488.707954351587
2190.4605326293117	16649.665711493235	7813.844360014032
2239.9841480476757	15680.814888355639	7949.488220300752
1136.8291384317436	16948.560916063456	7921.491722956875
1295.6717586240645	16129.376519399693	7862.9939360811
1944.3788749115604	16773.43587876986	7961.586812619065
1867.8668992695416	15464.52008716159	7696.729600626996
506.3319133633726	15849.551866381245	7246.753215659623
10835.255244172644	2137.281922679078	5397.757067833328
1365.8085681127907	17600.282966190265	8185.652678269957
1708.960630014098	15803.639903100473	8316.981011428878
1717.5307850149015	18087.084720632156	5837.237278343182
1862.581843187885	17970.118768147266	7203.586539436132
2669.7841520150514	14742.720960009108	7758.063150449327
677.6968402643025	16377.17480344331	7964.3974554652605
2175.0832267341257	14839.072882359364	7973.788782713061
540.5292781809231	15638.647874384229	7518.256710191945
2252.4401876778957	17279.544908999964	7743.166357584019
2083.2590116978495	15055.913646718313	7323.558882498988
1881.5464657437283	14477.291084543558	7596.703569106506
615.512745744582	15816.473849323658	7694.644009851189
2532.321757659995	17080.559532175976	7447.862777350002
2240.836671309991	14913.222247104288	7520.157081102884
1133.3809728809788	15010.451661608842	7812.242139395913
1523.973089339725	15651.629912229166	7178.39353547538
2020.8146912581906	16313.89256464224	7792.019506698264
2449.0072054752354	16443.26839082535	7728.260004279891
1327.0664831463364	16858.919256554113	7571.836475452223
1559.609828088391	13676.044735454876	8359.824183820047
2041.607583025931	15256.069157897453	8233.505853162807
373.52089250257933	14148.128941024393	8135.196136328929
1128.0949060510877	19807.212584408313	5181.116643179951
2365.2246584488544	14178.833817856796	8033.751658906408
2276.3020872742195	16502.006692109404	7587.655326112313
1518.963702295428	16031.884619457667	7888.213920030689
2170.732673455719	17373.63757825908	6915.740349928092
337.6082835826587	18749.82433601458	7344.344632255362
1845.8457085110103	16765.885636998315	7943.93106029601
995.4306726154364	16105.587054654858	7658.378557892088
1141.052650995721	16001.104082210413	7367.113104709445
1921.076407424155	17601.35774704204	7464.3582783296
10885.268363781928	3352.3781061983914	5669.824778321525
-258.51139547690553	16483.101102643886	6965.363189690674
1138.0939507134055	17773.663682569924	7034.010761316157
2004.856390541049	16869.914736305298	7197.3619817366925
1273.5896505684193	14388.595908198362	7534.197461333953
8622.999406457868	5832.680925073315	5263.844855388944
955.4447191923591	16379.48465523028	7688.404484076131
597.0257743055864	16722.64627800014	7316.452600857377
1288.7658765663002	17251.556870430464	7469.6082688506385
669.4371056029564	14928.33786436701	7625.325490332899
2375.088205272374	13649.621584644385	8589.47789023011
1413.3603889849608	15871.353587553225	7512.66502693029
1435.6436765363187	17358.035338988466	7493.897844906893
1686.221338661187	17155.20698295468	8021.904771932315
1064.9536432291004	16773.69443429862	6736.466658443274
423.0944590213119	15361.945337487665	7508.743329451489
10352.568261242946	3235.7494361476374	5057.327406711572
755.2496290057907	15157.800383635697	7962.473496234149
195.71874408993827	15563.42370575329	7774.387299257428
591.3171180998013	16613.26533558214	7974.143811205943
1592.4736272204455	17067.697902812495	7913.259108853175
2868.082061425316	15130.339929983727	7849.858792161928
1167.631270410093	17555.302478233683	7582.617212637312
1420.4314337854482	17914.842995374893	5875.961905924471
1524.2297877608123	14935.144983129589	7509.226534915211
1052.3966117318685	16866.276573046056	7678.812795066678
1263.9992080894192	15687.852005104012	7822.911037975202
-82.0936985993812	16031.138346888738	7500.024083045492
2785.0100856770755	12519.373472558886	8101.850462671015
890.5767666726773	15022.289773471084	7384.450123308428
2512.9889973636136	18734.726212620233	6420.054865378371
2039.6333413806713	14686.949600737826	7969.328575684982
1716.2236324896273	16235.070999409278	7637.194298365516
1694.2425218830588	15273.696223960482	7553.375983694382
2889.2442986081874	14742.965935117558	8108.403650165762
940.7698500025592	13618.524729515746	7966.189150248787
2071.3599168127107	16637.753177978826	8054.459915680075
862.7983775743744	16599.42985492044	7618.958724676928
2486.406552867844	15517.780980525093	7533.721923355856
150.99348402009755	14525.99494404965	8042.13978392252
653.3204645335986	16783.391465729605	7658.035195042288
2080.8845413917415	14235.4246620442	8395.55559833264
2388.704998233372	15070.057713958515	7563.834214435936
1035.4775409429194	15306.270183050628	8066.530409699669
2611.725662699283	15147.299523583679	7695.9972454450035
1612.1855088274717	13808.525789201633	8153.766312730705
1803.4143894541112	16872.69304896647	7313.8563260600495
9562.422014500873	4943.602975737415	5406.958916227067
2046.297513570962	15074.593604926049	7759.601541401609
463.0688145565154	14169.309704428866	8073.712115031031
2408.9109134473183	16075.435573763098	8072.413369228245
1409.8695208367392	16303.81736723292	7762.138867174463
1946.4481123767969	14134.362927877355	7841.164323875404
198.34509059165634	17895.76947855829	7414.936222051849
2645.018021417791	13992.307211940779	7990.298249588544
1589.9267196855997	17106.303904475713	7395.222541615724
753.7580563078965	16847.926077594115	7523.123244886446
686.1273389952995	15927.494208066353	7403.47713535924
483.25039504215965	17522.86060635292	7344.789916403561
1815.8277837420246	16740.878339997344	8249.864263181418
1928.031187589575	15767.291964104466	8051.640211033499
1669.3358227897645	14726.749987813351	8265.805476770545
2186.427973692597	14111.289172502193	8046.606827768893
1264.3127855980542	17028.88920895786	8093.120479726891
2889.46288298846	14158.685649598721	6928.922478672993
9657.507273268317	3364.34194796528	5213.271395064839
1270.8546785150147	15704.19199987863	7762.029197079739
1592.347453720923	19232.849820970412	6788.881580287337
-494.8141461083141	16997.31492595785	7528.4053206540675
1014.6801384493141	16890.673700222604	6676.785808797017
2833.4524804538846	15369.811211445107	7886.513002671925
1874.7771937795917	13804.37043489695	8119.023473263214
2461.0140732337536	17394.406627025473	7332.337344347037
2082.6874414116874	16766.11519349962	7688.311895531043
1040.6211477331938	13661.405821229007	8069.788691873217
997.8053145091937	15972.831881026019	7500.4584562153905
1139.1933000633212	15815.371769364901	7502.93523651674
2124.2854894706416	15601.13779507057	7944.311658968364
1320.9205727826902	18737.659693237634	6448.480105273868
974.2927193593853	15775.144697356252	7371.759194180976
2756.8315221671223	15491.133738450791	7573.572512967512
2259.656264075289	16211.892388275308	8003.852387241515
1069.6856891057141	14831.325362802383	7133.465757951427
1412.6815839401154	17742.191993119446	7758.841963132047
1762.7187657632062	15277.536923750215	8200.200994203828
-300.1073826889848	16650.148272018356	7776.028006461401
1869.303430505085	17344.674560382024	7099.4386649509925
1329.179580282506	16015.868585821438	7455.555737545141
2085.158362138492	17049.375395565996	8180.333988189378
2184.276851961936	16137.721469616252	7961.359990455844
2622.328628267332	14032.592752963332	7521.185155265876
1346.890734177538	17281.82963962943	8019.00207998072
1764.1955209524017	14724.926216380065	8004.189083569266
1971.6540391826477	15689.574722554808	7454.472502160971
1039.1217274120759	17010.145301049037	7220.15659217572
4064.4202245058514	15504.681099766132	8011.736579887713
2395.9670231572672	15911.140863985742	7960.771524204385
1728.3356892480672	17646.21218303858	7948.89772885953
432.4904426149317	17073.562510141175	6878.188631062336
1407.1358707571858	17108.019767084723	8160.850830279827
1944.4765695006326	17125.18307759717	7530.019690535916
2116.081651761034	15480.215096889244	7818.124871491043
1265.171635649084	14538.408163598146	7877.146847453812
1470.6228678879113	17615.131288101693	7275.20277435093
421.451473846751	17417.253488057053	7933.3222410309445
1488.710733114068	18130.117004332842	7151.6421531771175
1288.7681264513674	16171.731863623865	7970.673513223221
284.84902284381855	16005.538161977569	7818.485206368012
974.3041110892149	17754.89666880675	7384.8580353414345
1212.8314635320905	15404.140936343256	7295.07528393782
287.2407344157816	15166.771606646467	7718.717061806881
1858.5629839878713	15376.924108780238	8235.361642400116
1229.2687037391015	14704.39182520859	7528.489788430073
1593.8127959440587	15879.298055971733	7534.753861282414
2717.261244674779	16843.198978943874	7514.976822472919
1548.0497613231953	14887.408239575172	7756.078089134503
1109.6279403638455	14673.440315736441	7170.002390669897
1967.7238442176754	17538.688096926733	7825.970505143395
5981.560873124048	8294.46653269598	5096.433566073442
853.7056136264499	16580.714390318928	7405.4142823499
998.7767221398558	16961.957782514593	7505.098724887739
1105.6542188261442	16061.400546064415	7926.956563939423
2104.433920257555	12832.28489685143	7403.1157340862155
1958.5577555467378	17579.12325024615	7585.932421692575
607.4712782367981	14995.248453644985	7697.320389193347
1233.3512331795805	16126.639027513165	7601.028461663424
964.3164730030135	14100.151615246728	7628.337404693161
-184.37856494670595	19037.915389093818	6839.757965582814
1697.9466065866566	14994.887965037731	7750.392396584312
877.002862587452	15282.438088066341	7719.816324656247
1190.3533520001336	15753.312462001499	7908.761745147717
890.3653375295008	15411.638891707009	7866.837975926211
658.2932122917068	16014.354765046906	8376.274591325671
2037.232878895096	17121.033046840075	7422.092788861449
2329.3677647445575	15883.390785390582	7521.180502969006
652.3479758071812	18554.088914347893	7241.382497462031
524.139315599378	17248.50979431517	7634.284818398001
864.6991797549456	15727.36978295535	7389.786034149373
3248.274743558353	16885.256484410376	7750.618167233741
10421.92753869281	3315.679939940114	5390.5325541092325
1722.903862457815	16012.560538729907	7672.94463211407
1675.1856664276615	18679.5200823237	7350.607938293805
973.624411598889	15523.26944462962	7394.4718732544525
1455.7024786476713	17055.44301710647	7454.4781998724375
1276.186759172251	15700.029467439012	7334.960179342368
2563.050884132791	14081.759321391053	7405.429030799699
1015.0407927719803	15836.049375001343	7549.525224938273
557.7325983910852	17691.24483435734	7280.102778973997
962.7056874619868	15028.424523575153	7732.4956370053405
1607.3869009790556	15931.71377355012	7703.333488578362
2305.8337779940452	16299.875385126343	7696.028146142905
1281.1949064269904	15363.424097562214	8042.68290272574
1455.8818703811542	14949.762101256947	8224.308815254626
-222.04258788722177	15724.789395423424	7529.174416114454
2874.7438052629486	14822.869895154454	7526.617343385205
2855.3155409743636	15458.85428852835	8070.696399541383
1967.5158290673853	17058.37725089677	7221.7539040207275
1355.7811042375497	15651.486011099383	7991.347073986599
1041.8275738695586	18426.45633457415	7705.990235665751
283.67865520347914	14497.134039613267	8472.8282530164
1001.0312420926276	14807.255590612203	7964.637531201019
1037.4313170904331	13584.888099037425	7767.856794769218
2568.329529833488	17173.322255978994	7610.260557957171
1865.447460974562	14945.206765022727	7717.925254723868
1106.978269426761	18647.31562566678	7540.882422998124
1463.4101580846232	16375.832034476021	7806.319408629556
1616.59946904562	15453.335616519294	7836.057500716444
1964.8162694094863	16258.888433341339	7655.726881106712
1089.0215194532454	15815.663274726521	7443.634041304911
1737.6740957815043	15988.05303491883	7523.2001863637015
8017.380721506038	7955.511152739114	5501.977407364236
1972.7069877915394	16706.561355018755	7592.467732124128
899.4505844951573	15474.227476340146	7882.115050948536
900.9889680673194	15299.166658443739	7736.578536930477
2133.7928668176883	15488.464255222714	8006.962550991272
1085.1170652854103	14879.998346019496	7245.841273510567
1945.0663691522648	13084.528228260424	7863.409372581341
1054.9869035669851	14532.012218681853	8020.442613114492
1809.5128642577433	17029.615624512073	7460.064626715936
1041.302678480975	14162.038567846559	7909.98621072692
685.8179723120385	16349.683281384345	7724.975897255375
1852.4458984900011	15898.466061729945	7264.9155322118595
1231.9810456244206	14896.444255005385	7858.348856464152
2846.399080208976	15797.088184886929	7905.527097340373
1813.8187412504392	15892.444615564245	7926.967838772193
11050.693981508197	3550.3568080464192	5063.163343377072
-138.53103007451506	16233.08188543763	7657.791850524922
2986.4097425240475	15311.20996035445	7455.642196636202
660.1622280435736	17849.28709029946	7775.679912329299
635.6647713865223	16443.48954528239	8119.036038154082
1373.7220060257373	13829.234883306837	7675.382774262853
1414.4194283858808	14691.944889162321	7907.346566727737
2722.1032444554735	16171.567693294464	7099.011335653076
