11483.458308961808	4339.433463204476	5964.378447811511
9923.938630365741	5502.9073007988145	4752.103399537298
10522.547512410227	3503.3425204983278	5443.241071486413
10029.206274000071	4496.960280628148	5166.043686932707
11241.231428020428	4162.595246996603	4877.3062680139965
8248.52915281561	5461.709069367993	4625.79748644215
10723.171572288627	2060.011715068151	5335.42031734447
4052.8847673356095	15072.428836237386	4837.557959818863
9284.050432781374	5654.141007857458	5120.889309109006
1176.3594257252785	14725.922927293786	6691.858639976465
1075.4834317664681	16415.426822369463	7454.011750561014
892.9892822156256	16693.345729484437	6542.751737740368
3063.8324834030336	13380.547548688663	7440.821542735712
9937.806414610015	2663.5355065969325	4866.188865403659
11341.523870974403	2669.9352424597914	5421.965235735023
12005.904302718356	2144.25506953795	5175.132926236264
11310.53310942238	4163.764110582499	5119.324168353343
472.6754261140189	13954.769612681896	7131.02901489935
12065.204387608566	2409.910655948768	4798.775088122989
2323.428996020054	15106.514089268114	7119.254499773113
1088.8370019420909	14177.176188881236	6999.219847415083
9406.814415171903	5300.892232035299	5298.222986463161
2895.515457303436	14418.850959956671	6203.219729293253
11001.220717471057	4255.263289519534	4655.247139123423
2104.1555012053195	12963.511334231156	7424.120431681038
1869.588299289012	13052.032514081147	7168.819567629011
2641.477348421114	14637.110850283565	7162.441038734681
2565.0592794886093	16373.33956751991	6891.724803871841
11265.85158854532	3351.0401124456325	5229.340044603915
1695.7125113492768	18540.72479755045	5087.090225187173
1936.0158416160284	15968.041507839436	6869.948115466489
395.93663081807074	13576.812067597586	6672.631934610455
809.2742763687619	14204.338239175013	6964.919337085306
1200.6977030729201	13632.248385974865	7820.64321973091
8915.359105312167	4726.379103819395	5120.0679791067005
9497.014125462198	4436.745672829344	5292.8379219837325
1305.956026601294	13279.15672623639	6929.627772202662
2010.1188619433376	17076.115548309914	5704.813075822332
12228.961528944476	1530.3282326739377	5328.4293355700265
1759.5109235428888	14088.412896568809	6915.501728138096
10575.567244317695	5939.996036445836	5306.654279158877
11489.577006096488	4706.113545812744	5508.405523015043
2030.9753671161975	14576.05572115844	6650.558514379827
2007.9641782739097	15460.59988637245	7386.318449418037
200.15575811889926	14010.892260356306	6877.421029033659
792.7316607366955	15971.455577959086	7581.79524265998
1859.2313615392272	16643.650795781374	6507.1083193555605
1328.6896223325648	14986.764285838926	6695.607187337592
11139.988799663593	3944.8709891418666	4763.145510610869
9938.666288148754	4889.288833512341	5231.378745241717
912.6763199620951	15144.772601114471	6711.273506871212
1955.8107362481437	15893.585711398928	6602.856089002553
12395.48251845979	3506.0769295964537	5107.442796686036
2801.8294218185933	13189.856205638698	7259.519442457065
10365.260099132573	2903.174307047664	5376.127710653251
8329.390530303705	4968.237118985684	5351.8707258439545
1113.2622707116088	13438.804749198185	7264.518825443168
8275.051406670897	3689.2134621604	4647.722047287957
2765.8784118507024	13772.711790258852	7412.0604512305
1815.5232149713904	14581.219148599555	7779.963800013817
11660.416350049083	4960.026012386619	5022.457940570632
1678.8544332261597	14742.642579556288	7340.861780302496
9307.27723922102	4345.709662541616	5901.364808809111
1474.1557138692206	15550.656403621462	7804.276499545972
9836.9242786962	4737.870621267284	5270.195360480601
1929.5491377074065	17904.130105579905	4778.551488978462
745.6285811761868	14537.381824473454	7132.331668232148
10478.71663795804	3826.8603241850747	5463.944415122376
8862.80659846306	5397.294466830403	5035.839557793916
8543.512420285075	4400.858725704208	4883.085755782028
8732.440730120323	5443.151598025122	5638.805245839325
3177.2371460758536	15503.86562901171	6708.169310815812
105.45842693643591	15257.841111644848	6838.409512052893
1557.5025994590198	17875.337496698576	6178.751321941849
8826.478379539574	6324.371067348908	5397.575924587164
2004.0290077761158	13944.330110699228	7526.727637505508
2869.4437089516523	11494.871904696909	7458.88331969979
10883.91456223371	3173.3580302864466	5542.819553505255
10922.350818405012	1728.345881910149	5189.969879267566
1303.2884270056063	14791.850184234601	5985.450307530048
2478.891526325058	14394.702984298574	7457.0089812016
10868.529030758313	5406.461017027804	5549.978876504066
9695.236307753059	3340.209096072651	5063.516403312713
6475.215954890743	8715.23350492518	5373.634552670457
1313.5730376907222	14983.186983381156	7404.857921223437
8619.21663847401	6212.462726716566	5696.943383056313
11604.856417448906	2533.8386880688063	5669.421376653644
2861.755224278958	16107.770123409604	7632.279530532753
3505.093786061695	12846.740101276833	7996.948651192648
10305.98733435019	4799.604270637973	5276.398979042192
9955.55405072715	3234.5608336266932	4983.987241124404
64.72987431815302	14106.294004158022	7637.884550071114
2860.744108995835	13999.139639414341	7054.957325197441
10123.433703255901	3832.06194424181	5755.539358677727
10477.26302699892	3708.221573606237	5443.125624923343
11153.399512898794	2048.2891205683513	5891.723589268997
10871.767661005359	5877.525574312388	4906.2436799104935
11777.918524386856	3913.643048206748	5211.727801052818
10147.59893771389	2831.4285090332846	5253.6367197477975
1080.258688719112	13676.694821789117	7224.174052795661
11058.694053429053	3587.2390048090433	5423.708337656722
2449.598625047719	13857.665158713198	6717.725297116297
10040.509223344705	4497.235306022867	5157.562376150075
10453.034206635792	3257.9946509590163	4944.656114489448
600.6527445502269	14169.790382303665	7493.804159140014
1753.7003079898047	14174.233086754153	7025.362992348351
1716.9734667150167	17253.63518572082	6439.000475099262
10413.858855255587	4654.523615384303	5390.553669092974
12721.289089446233	3651.6298513563083	4916.07599769549
1250.7254455380491	14164.60727034094	7458.48192600501
1481.8506526534932	16350.56809050395	6582.265159675895
8804.946304141024	5293.148823866556	5132.970793263455
564.888355790831	16276.073721851877	7406.402824359556
1938.1177595870017	13842.786025069086	7206.604049270834
1791.3221695412574	17605.264140859756	5881.278853706032
1585.198382457171	15397.634716496774	7438.496214272178
923.0712322526575	14172.793418259716	7633.949835422306
9656.62257923802	3055.687977599772	5346.7557089204065
10959.196782734214	3274.1652704237217	5853.946783843672
10760.961902987545	4464.040481207814	5732.368308908805
420.0296880296823	11621.121816749013	7875.868442307699
1638.4268459655864	16022.045888191878	5649.667658236216
2920.220700549717	12489.173261753394	7742.663497686701
2603.0482752264074	14021.091180417247	7078.565336861213
8844.181626546128	5579.096364544521	5125.579148755607
2532.98485578889	12172.711978439867	7618.562460599901
2365.0464263547933	15473.245432127424	7187.301245584474
11067.97627425681	3942.7761387448463	5482.289416018602
1081.0451356356257	14655.471597500873	7584.603302521858
552.8211544920824	13691.443274110712	7090.168369496006
417.8372412080541	14365.465815670601	7217.243167238948
9300.827236677203	5040.170548948963	5446.99915258055
2125.556331649271	15737.250169561605	6603.470862569654
10936.20100700345	2451.5136673329157	5963.628831818889
11237.958400744003	2695.3663465391983	5476.596670049552
9430.332705692863	5188.1670753523495	4597.174928865462
12579.789815405538	2301.2301037653074	5816.561275448597
1353.1458221702214	14685.905206128615	7227.505070286423
1024.1089038395996	14914.467737562569	6990.089419670002
2781.72539550414	13966.057435052975	5557.131072658019
1541.9934971857137	15791.553220214206	7367.907350645027
9864.814096305281	3230.7568422155177	4955.966139051053
982.6306923967524	16634.26352515413	6055.801908932084
1858.0847198367537	15737.886342214913	7545.09133217818
1746.667993329556	14184.686389694243	7582.510759472426
10610.738874630664	5278.933967206517	5007.63843035828
8816.019923934502	4120.63178846246	5819.9679942756175
2366.4153599005117	14932.694079537861	7423.143706843131
420.40745598628513	17052.20879056429	6267.925578585721
1211.779722006081	14796.112335344264	7279.962740466037
2398.368572038785	14504.439642372652	8124.863479985644
9134.4723046148	5571.607755859933	4971.119399512941
9493.303641668472	2414.7975471303166	4808.200251064536
11249.873689781036	2901.7134636605647	6055.71325968589
3018.6189188763774	13941.291860838175	7322.609491109162
11520.74644104819	6250.881833374395	4763.538018053586
10740.159046314244	3519.2744033258805	5362.751017946623
1963.3941374592246	13144.413773023884	7786.917519652148
1876.2218476974485	14560.81124999218	6306.629876902483
1399.1725767591786	13191.434661048488	7512.702004852472
10533.283168178526	4154.168127408281	5540.950337101525
9527.818196465096	2950.6357364721416	5074.081375980186
2320.1942233677414	16067.435769514674	6899.026643834289
9904.080171583586	4779.118237207304	4863.764538922733
9797.383379988773	4346.375124111683	5746.817040965167
1421.0824590977215	14297.028889173438	7325.265887689725
10683.165188417133	3032.5138609344044	5597.544257077592
979.9163149656749	14354.21072612064	7553.368764912756
1955.3107076615001	15509.329598590011	6456.038369175735
8697.521302970337	7478.002063169558	4169.2730053998575
9475.939943808058	5921.186050104282	5101.671876239932
1862.8946442871481	13327.594735809744	7040.8702527309415
1285.3048365082343	14582.613673933449	6626.795649378227
11039.113374710549	3883.743079817954	5352.967270678407
834.0422961613003	14577.005667016056	6212.177696356401
11100.122534692764	4505.365074660174	5549.777684006396
9970.543533625816	2021.7508331342258	5380.805731971484
1531.324639291921	16123.707332696533	6685.249658085674
11067.492925649063	2611.8276983292244	5534.84384392524
9015.866752794997	3621.2491587951745	4906.445096695223
10716.729298971699	4688.9247747486015	5193.83427053354
1967.36709833474	14543.366236947903	7761.666080574106
2123.1712199894955	14556.107393911663	6662.11410355424
12008.09116859014	4264.231846378931	5160.211623636982
2323.648935667529	15757.669582065504	7506.725680439581
1892.939649157953	17313.519206270543	6976.9771389192265
11267.827832788264	4242.161899163173	5328.048187312165
10750.20143664329	2648.61101836831	5270.445772998876
8830.634022166962	4470.454766391616	4927.566357779991
1285.5865868883325	16149.065769476761	6980.224580006886
811.1769700248292	16160.18865343031	6129.026843307475
1748.1299273345455	15881.944070750586	7352.946333169472
7527.226863997005	5302.165682961198	4612.355671470182
8689.940244311734	4153.10655001381	5403.878599764413
1534.0510169764275	13128.033310611572	7248.242583006573
1949.7058712664214	15153.396156470939	7267.1596422158245
9515.996728023461	3045.8104199271365	4795.5945888403685
1503.5602269859605	14947.192035906724	7353.977796159059
515.5505723480723	15443.47114415552	7311.932183127316
2503.93393859346	13987.071567821136	7322.257903865356
2001.6284302848674	14244.107134194033	6603.843037406883
1729.5550680835877	12890.92998565027	7198.71106140019
1303.9565617549601	15041.106584592038	7220.590277654423
539.6968808147319	15315.072228415695	7490.442963453166
1114.5372146603963	15456.789157202384	6733.248462655353
11730.958223510119	2969.9406161146558	5293.077157129833
4937.053157644645	9399.5683087171	5150.577691111764
1850.5300053454143	13116.766046951865	7180.687457557936
2330.170981897915	13519.849192252828	6976.608570725618
7563.27109868868	5602.2137753344405	5793.506743598809
807.5038230083918	15004.589451558231	6904.205912579317
11302.45986334279	3508.43464117728	5732.9035003109075
1171.6924009547638	14134.801319957869	6741.15618020277
9883.156976050457	2675.9431195056522	5332.249622080483
1562.046691666483	15490.982240408426	6800.004690165397
11322.076320527798	2483.737163058567	4606.208708902111
-94.39284398453901	14125.431423091433	6929.737814170779
10918.67609258181	2692.35543638122	5632.782133782194
1974.3384572982948	12475.008652285014	7491.542803440293
648.2805970750961	14829.37116940102	7422.415920565024
2532.2901014224935	13850.532997168193	6584.643711002515
11639.237945435481	2154.763217477964	5322.136076438078
2132.106291210657	12207.943213759429	7294.881837509286
10106.261406148027	5676.410384371659	5053.7654886074815
1474.6748544540499	15248.97564841974	7414.903704598837
1707.1089546619667	15760.72048867484	6947.554190356486
1210.384914538864	16058.327873199492	6612.233492663687
1150.6951658895491	15446.541912869478	6670.67078788256
1854.5802288908073	14984.489818160553	6845.43529142052
10046.767672739052	3909.4342198215413	5773.732158829859
2344.67353595314	12776.167705766822	7757.44544519131
888.9008799244185	14783.846559689488	7503.9711026594205
2837.3251001034914	13282.499337489558	7331.799039089773
1521.1828449274462	14519.6741163615	7715.871522245178
5631.362245607041	8612.467723229121	5389.943797981794
1634.9799502839294	16062.436405985338	7303.889326439279
2229.362011117854	13997.562229711682	6805.463192830515
9462.070115177015	4033.894344176278	4981.047089836999
1619.889149847705	14793.522774376555	7362.6079308563885
9464.08329392954	4441.57495845477	4617.010842582716
10883.241527433787	5209.297769539418	5327.3592437514335
1833.0103754841432	15801.701110062893	7840.300357070976
1653.9452180319117	12842.044080718668	7079.119329938393
1599.4526404357316	12659.442114339927	7523.505987440066
3124.6217441768217	14807.559009567982	7821.052926105936
2838.1332371303565	14743.993312144607	6389.88126081714
803.3027839452	14069.301982136016	6802.4865100294255
8054.736948230559	6564.781514393262	4685.019266012272
10784.719829323798	2793.5329291868748	5430.963268617594
2021.8000424921254	15107.349115618563	7191.939366351029
339.2296201316377	17597.062460449124	7014.537780989002
1886.8251103136508	16024.130795089417	7423.335143539122
1948.8887280223798	14483.376563475409	5366.839036661722
1830.676065934232	15582.02125548012	7424.0525692264255
10626.188474828767	5261.983617742262	4447.270024413597
10256.405864284623	3560.9297853679573	5316.9396418780625
10402.967614088591	4234.394906207288	4539.007760011135
10877.141701552773	4052.734458209922	5208.206450298675
12315.968566118165	1759.675806955485	4948.013145155212
1746.0300472820331	14029.992911280728	7109.063836941147
11118.398500240408	2889.9233044662246	4449.930069570774
9589.655380508695	4837.405928368692	5136.1460972452705
2923.8816308818296	13143.560719119798	7401.285509103254
10153.034389642717	5255.921184427338	5253.722187107248
974.6524134178063	13204.609763060213	7318.129138713441
10378.107178924181	4899.379807860566	5094.518362811861
1044.2957357715254	13834.988185619264	7581.87212523636
12570.921938841944	1790.5087571743766	4320.773185020431
994.40347488335	13217.855865789084	7566.792131878139
2226.7724704269563	20784.997316797886	4927.517854966241
10777.554412414142	3884.8916594096013	5211.604898551219
1086.450570035867	16522.317815400987	6026.173904565655
8749.434006210733	5768.72249510062	5413.797652869251
1395.6802594749686	13088.960947709842	7142.22634083938
2317.6934774621304	14125.908538095719	7497.673575508433
2586.8164023437357	14497.319076853028	7486.221647654384
8035.0029383558895	5533.4544367048475	5460.104568494346
9113.475097959003	3352.1479500603923	5214.280826220483
1099.4181665054525	17476.1389558127	6364.146980703762
9330.21983010579	2359.3856899824277	4734.62358722233
278.1779886883835	16381.337299061955	5655.074339679478
1924.0743866327168	16097.547799819155	5633.560587239977
8631.084142369833	6396.416120825147	5500.840759584103
11913.211966350007	4480.612854107582	5298.384592321685
2694.4060815579496	12862.127814197242	6996.799126233493
1641.3209873581798	11783.428785879556	7633.454068983125
9996.426292484231	4986.241303246214	5289.839459305705
1892.339761975912	13225.021070701203	7236.743709220875
11472.249029370505	2071.2729772089237	5311.395455459122
3088.859054816463	14570.041653760545	6917.545701392947
11109.21918841713	2992.516309157187	4471.27994118958
565.1282011061819	15311.7143778863	6754.835928817611
2408.533559978625	13301.198396879745	6642.503740702763
10696.206663693461	3715.0937913354473	5579.713418727454
9427.21451490205	4653.688051914842	5071.299146546378
9820.44639384367	2889.3406110713136	5481.615881473493
1157.0755878838913	12387.164639774996	7183.766884109078
1720.2078823092827	16124.510695936777	6931.1031022970865
2165.9260945421674	19098.929956969205	5593.745638354587
817.4096857231502	12419.536953673909	7380.824184941636
2365.3838470282503	17633.831166765645	5430.431363634881
2493.931790686204	15840.968296375133	6768.609174847847
9331.508403628302	4101.25144462005	5231.143471295025
1828.988833753504	14978.237032757466	6225.023917794566
8113.733744098176	5393.910743707811	4898.116390524144
1515.545084517995	14706.840701121866	7142.35550121191
2126.3711307784088	13593.860811281946	7362.898150878098
1446.2931198569624	14757.652161563909	7451.338101092135
446.4216881706931	13175.20744996991	7563.280385216176
2448.793724551599	14319.103751860092	7118.099159005774
923.4081377055478	15548.2961708986	6988.495961693702
1864.0477123306223	14054.844120240718	7645.465219108346
7387.652373323069	8179.597163698253	5060.033095069205
1083.6215748699158	15417.745422118116	7078.231257896797
8121.686203297841	5660.360681985925	5419.170419250031
1540.669529618273	17125.603131855696	6782.373310337676
10311.398801363244	3490.9482881888557	5673.973064027774
10050.901564774294	4168.103062960504	5238.707981514545
1878.0340254027442	14961.294141532457	6232.298022303304
12040.284174539302	2979.773154737087	5002.423055769242
1904.8586940059786	16118.479517874659	6607.377604250645
11277.611952837897	5312.62759436791	4817.182092603529
1746.7798933482068	17319.990841837873	6277.480556994413
268.9621334561106	12962.14160050729	7284.918270803481
1099.8248380480884	14231.007408944073	6255.108382803102
931.4477091182632	15041.941130936782	7118.6040141808135
8093.158811517303	6532.858792838406	5747.7380639948315
1975.6780528399079	15923.826799255401	6334.210827282179
9527.730878440889	6512.16322702	5037.343949901883
1297.8440843535564	14226.067910988622	7198.872946320424
1940.549373093792	14198.71209822984	7406.62378446625
1990.0700415653405	14695.469482055665	7523.323329172483
9569.316259863588	6427.2677894956605	5711.256683995697
579.3242015197424	16845.066805683062	5664.302280039197
38.12408976641273	15253.336688970401	7931.264638629014
2323.087322891117	13814.767183752436	7239.166491858374
10334.717488968856	3620.537959244634	4567.981446832181
2162.5415252568537	17156.3456189157	6529.485029357773
2555.2338874800444	14928.399434147706	6844.401240006858
1847.2561974039504	12616.531216318752	7272.9332128262195
8694.795141516948	4370.033470890781	5336.288071987325
925.9192715069406	13438.377223568683	7757.394961318632
2222.827468913112	12291.183717451235	7048.498942628911
1189.8728622607819	15780.051791682992	6478.886970234468
7746.730700563718	5565.9976121280315	5436.7678674657045
308.50710047328505	19530.16040334025	5599.308396112474
10922.895259329925	4126.505480315011	4396.746164727634
2302.0100614327334	13716.846463936528	6734.348538265231
1018.0990466761968	17454.167651617685	6027.637558380635
898.3494746205828	13613.197661079086	6736.9230347329285
1870.1947330333592	14302.437714720587	7121.892570304977
9893.929788446312	5220.341968459469	5217.599631413315
2184.554351590104	13584.280355879302	6873.637088642646
1236.294435500867	15883.486862213666	6502.020532834264
2030.8644339665482	12626.911502423492	6810.122841815757
1698.4886372156586	14895.767685628061	6517.243637931596
9892.128403664523	2618.2803902046794	5637.460893950875
5217.960778089055	8469.993942803048	4785.3308042037415
1321.5885607653793	15161.502340942674	6716.874871216481
10087.137599916226	3610.0720952966753	5167.89025957465
11078.25851188802	3564.940337937456	6183.83212479783
1774.5337683626137	12125.9523886839	7220.550267139452
1605.5689680872326	13559.040958136475	7118.066616362336
3130.82023957055	13113.037063695188	6868.9797017933815
1185.74879110813	15424.493592485076	6937.249901533711
384.52004538655166	15526.583457721523	6907.017873150439
9207.064548057384	5676.696425037743	5376.186441504477
9985.975531936228	3871.9514192808324	5809.298894946808
1159.9531228589842	15201.589701968918	7582.275242227137
758.4272102115167	14298.2176195882	7063.2141345829195
10635.74003146535	2397.407831086427	4725.004126476337
11036.359801535376	4993.741731690507	4938.253621895076
1404.487444664112	15769.173947636784	7275.926295028022
8902.461914128698	4726.4394144775115	4969.225590428943
7674.467379087302	6202.243672260254	5537.329277546895
1415.9648717198568	14045.72088932943	6695.247639577803
3908.8464069106	11988.754096218607	5074.16209149222
752.7640738781568	14762.843480618883	6253.7405261053955
537.4341981301026	14168.859623114331	7019.50744777642
2780.467059723067	13636.520507127781	7599.094008983277
9917.443485606207	3204.4133227048746	5639.149139649485
1043.707966220822	15523.770523099296	6815.4895983460365
2355.1882782092575	18190.646908300154	5574.606634477605
8747.231484496493	4358.684970991801	5060.220889269472
926.6965133740472	14696.46254696885	7730.183534015307
8216.150152692559	4624.155736998121	5675.327148287585
-234.32990416977336	17002.377818888628	5343.050020302273
1462.3770605052578	16186.06497760653	5342.625618143506
9857.371033726828	3314.2073288711936	5446.273986004507
1166.9237869024864	11866.578582746919	6899.355614331338
1229.5298223849995	13071.497036123756	7267.555071900721
1247.95395194813	14470.409158741226	7086.247351989008
1536.8475842199823	14530.494899935322	7167.542165383775
1009.2295844792706	14586.733768382039	6909.440301719445
10207.027198298236	5309.904716661369	4846.227794167473
2314.530850942296	14055.924182267845	7694.896425176577
11572.829757752446	3069.0272368562687	5551.218750854651
2437.93122306294	13765.45999935757	7215.333815120384
9696.222950946454	4286.054026141572	4619.58878731455
539.485080734497	15746.619513241372	6117.922225307106
8118.3068158819415	5047.959059052187	4797.014468947296
8415.118417602602	5136.393637324609	5317.817772221541
1522.7264878859926	15950.107429368292	7271.64006641844
9973.059753725516	2817.028123044137	5040.742763542059
10349.063341577632	3476.9245864980444	5490.034987937536
1478.5863093745493	15369.690974628771	7508.784753938217
365.10707583758597	17164.650415347573	5059.90711683535
10759.944594082313	1831.040382657717	4905.258246352822
11058.439362641884	4115.726226777578	5233.277772752991
10669.389861594536	2737.502763613187	5188.078748526724
2353.1948139471237	15791.620905711836	7437.9883265796625
3060.4775746339146	16765.292745456987	6177.492682890241
714.845373755123	16192.370771482427	7131.545028857027
11377.168125080145	2958.5880444464306	5665.842000356844
2060.3141508809176	14272.74805712935	7365.335304192514
9731.847620274993	3611.3919180985126	5036.422128313723
1001.5011269921376	15312.54494025878	7528.4434702167155
10156.98391722101	1698.8821872333876	5134.827288010697
-299.26596173801323	16311.724663464853	7413.455909606371
9087.909660927322	4550.318833110865	5135.700624660116
11094.70497415444	3732.3141170345098	4947.389362171386
12422.797210739342	2735.1407741420708	4451.412412031868
9378.560947411454	4691.037601511433	5372.461381681548
2026.8940388421358	14258.054903091539	7436.383423657353
1751.9113916287713	13900.72478146409	7543.536757763235
1148.5345679534078	13287.755847805094	7629.742982176583
2228.839426215403	14621.875372826935	7295.553742976292
9800.675716183468	3361.542374087356	5135.8204112222975
1761.431207080813	15838.87715066219	7476.8764732048085
1096.5940591507276	13725.408463932548	7032.9697522795705
907.0212149966601	14526.459659676828	7094.942659507841
8191.1365449535615	3696.0451198674627	5287.766402870525
1393.26954473776	13478.763998124829	7507.112642480038
10704.973915990264	3538.656971049964	5363.5760068731615
1131.4084888862383	15498.785159678077	7199.329907537025
11073.38079605289	3287.3982773062617	4739.026321456727
1527.7531320833575	13863.648722483425	7255.522384598862
10649.252366997904	2906.3963686012785	4488.777881775406
2360.592957295463	14424.341865142127	6501.513057168048
2455.864487008337	14206.495437073709	7268.252648460587
1361.1581552794767	15583.726205064226	7484.111743556653
1350.9556652434994	12733.982058760164	7245.853779632672
1356.3866759392843	17809.20954684745	7060.690030663305
1410.4318483778638	13554.630384055989	6639.098869838331
11479.654483594712	4164.992285645102	4921.574895827374
10658.041560859678	3975.0205958805027	5427.898137832335
2245.682424299175	13890.384625121533	7651.393660295946
10180.475776007426	4894.801785638767	5542.99778694979
9687.107290763357	4203.423749215012	4596.352357906784
1636.9695293563157	15903.720359509758	7418.098314583069
2878.0430507489546	14223.479017614849	7193.948765645492
8376.633975391313	6760.3998801462385	4794.848341591963
1527.4105294965386	12751.445356043629	7231.861695916278
10952.168292638386	1605.9906892032645	5115.42456235332
9942.80276969746	5332.55541379519	5084.997400098417
9128.846956430778	3414.868000967362	5353.383837945437
11543.715582447792	1590.6561177437484	5110.4794033797
1298.7121014634913	14137.75960111997	6856.0126095494425
9137.408474562855	5569.294780554524	4242.61466224763
12594.55485792369	2417.951208745625	4825.002624954103
2391.7472542658033	13344.267773026515	7382.611882832678
1650.0251752255347	16000.115290988208	6692.275270704804
9761.502173449791	4174.709500329263	5655.083723261991
2379.042628551129	13864.014672295816	7224.15679321174
6476.110587471099	5894.819614543719	5447.211389171546
9424.479610647604	4513.064336203329	5026.739963297766
1153.6989112349793	17571.73118148293	5220.43817413164
1208.405175088493	15248.832836752481	6699.726080722534
7651.016515734425	6801.321424494155	4957.925311999407
2524.878090099679	16587.183776259513	6564.4007341708775
11329.876091734777	3166.567141032905	5227.747841620057
8976.687763182817	4260.8938597225915	4879.365607431529
11072.492004773472	3303.237160857092	5443.637116466008
1386.1705356519446	15826.685805985879	7430.639877089609
1573.2117763409442	15553.836576503518	7378.160237467899
9539.688840340217	4948.920990307724	4952.234733276522
2652.7440134605245	13656.109618970613	7166.8579013532735
11057.16002793001	4774.366672617609	5126.636278533487
9374.345545863864	3817.3801062921266	5469.00080201254
712.9220253084504	14569.828496241993	7219.170790670261
1236.97196045256	12746.344175390373	7166.411105084938
2276.917592448704	13724.839907209054	7468.526780382659
1999.012984179615	14113.761273189895	6945.271509812261
11638.448281130724	3468.517128538277	4995.852335400955
1998.2689420743823	15394.72339737401	7035.168411678082
1495.101427785613	15767.510289385602	5168.002303913337
1258.6774751318749	13972.303699602719	7772.179082382928
10952.024786932776	2497.4510287625835	5123.971048250992
2742.467987636243	15546.4428508951	7081.093396746338
9654.319342767496	4786.371202598558	4893.932102729928
422.52829294559183	16717.0991003828	7471.675318500776
8599.792069950001	4355.1447068149455	5357.524784585216
10973.233598205316	2329.9458983358704	5486.444198010916
11101.21265791706	4347.061364258579	4884.362350003089
9894.413599662894	3958.0765839196447	4745.560805689637
9577.36426977873	5449.546450838089	5474.093875089444
1372.1774584656011	16713.668126958095	5670.518597309222
10219.189675690675	6144.528686589553	5097.10731159463
11241.825894383572	2370.719556703365	5460.852615198402
9913.515929663721	4532.352132400449	5139.19343632801
11873.049138727467	2237.1859601228525	5519.837727934829
427.4639277959127	17158.03652101619	6722.68766840619
1441.1658222266287	14375.518399922588	7681.833039144026
10323.356167210106	4199.323428805275	5287.899136225072
10204.996477468836	3548.286295371542	5421.501450683925
3258.5224892175697	12941.167809751945	7099.071519537613
8333.60068498405	5463.53263168912	5100.566041937735
9905.60739248045	4307.3527166068425	4937.156959344088
2904.576759719793	15065.271556801403	6960.206746576588
1847.6452589751502	12037.964730540705	7778.90026829497
2287.251522692602	15812.92867198758	7453.912097698343
2835.222026038286	14889.471241462905	6604.412596481619
1287.1414999209446	15164.633981479275	7466.0229376673515
1133.3383951270769	14645.449707087277	6646.019219324575
900.832068239112	15800.744694270948	6821.360965360416
1364.8621534624322	14504.531997282913	7429.1349568178175
12060.427729779869	3166.378727172186	5553.582469683001
11918.025307297788	3833.169443363246	4834.117405575124
1971.4552361101491	14684.419633462854	7224.830048228265
10060.488434740033	4552.298646420904	4993.663348756627
1062.7858626154364	16728.55192827959	6075.544606962955
1990.3769710302718	14550.131713774184	7184.5133852810295
1697.6296701010124	15591.282732179709	7280.807737675449
1190.7637846876066	16709.39127073713	7173.733855743928
1384.5017376792055	16950.208573027136	6758.9562230387255
10916.495096913297	3649.6525868745866	5575.870832481042
10185.174450549952	4055.6441672589367	5657.905502661661
9587.486043182193	3252.1651673808587	4633.717617482136
2026.2335148676043	14913.327720557985	7401.927722960413
2393.3075256984807	13434.16674812468	7675.2530231503315
964.0930487219921	15964.218530934233	6261.558016131014
2112.9288911371673	15976.128132694615	7249.220630494214
1250.2378323151902	16474.318132206816	6184.895276510422
781.0319746135972	16536.918543247688	4682.317886298364
660.6571091674699	14023.722608264008	7331.813668369363
2037.5756688021636	12367.636612819142	7223.85473622096
10177.262515296205	3573.0405847485927	5264.599660406715
10484.113818255542	2897.214481117111	6212.666475973828
1247.343535313742	15522.618483947444	6551.096893340025
11239.072135301865	2942.7479299936076	4224.794088158597
10916.070061360027	4038.156360049161	5401.519731188486
1820.5163984174083	15508.75212929641	5907.753954785153
10715.467762266771	2391.9631222221633	5663.805894662767
3918.801556716056	11117.205469095967	5494.491221003651
1513.1413646785713	13852.916183333024	7435.728209795544
10750.526331132187	4498.091887048108	4889.907344535596
1359.1183588873494	15126.415189392192	6969.034376909266
8861.913780915125	5175.980735711913	5525.432464781753
9617.207174914518	4836.887168054082	4777.232978987427
23.94109448879886	15520.693105482691	7115.502801390126
10335.104083598893	3786.5906029488365	5299.953535257708
254.38161589550347	14074.601602562236	7034.039596619531
903.8463655595989	15036.880360140458	6604.143600546486
1752.7761609904721	13751.708072567702	7081.860867959565
2242.9595082414776	13086.815645736484	7151.924171788407
9003.01068157382	5282.086814685547	4705.826116566142
11022.046597328785	3354.9434018399966	5331.6531324107555
9745.863815459177	4352.105597133333	5661.121285078496
9766.406038907155	3802.1991535132697	5284.0510409834515
2156.9868225304726	14242.615754493501	7140.158546503832
460.04224531148674	16279.217781902487	7498.941436172205
9650.64630621608	5866.71250242376	5163.883318490222
1573.8861142433882	14206.498494730267	7471.092990606928
9840.09791412744	3174.9478708743263	5489.471730944247
2963.2714354502573	14359.6398381917	7122.151527465955
11652.997486086091	2129.2113335553913	5352.651826240931
1501.8700864065888	11973.895813822464	7625.401451369725
10288.428205627813	4370.691555957546	4164.863997402089
8951.93673774601	6117.496015902567	5208.556300722807
1585.5870928223842	13229.123347335733	7143.078717885937
7859.730618577121	6072.496150847558	4989.284953431149
10999.643940813325	2949.5673232923255	5250.501225237509
6724.535316542083	6554.166318871585	5569.2624667335995
-347.2390985020834	16948.56099951964	6648.658956206917
866.8391821596639	15911.390199690606	6858.627144107453
1134.3308695153687	19019.076473688936	5603.351312040951
846.8777200050175	13414.058748884609	6812.07914291629
1942.9608433783515	15082.47257869243	6768.28271849063
1632.016721896766	14304.886048855691	7022.658111339858
1511.859668902649	14408.404510151475	7003.293972267701
1621.822429117138	15809.495175379494	6475.737867343588
9230.880690421034	4291.726200638762	4976.790318877787
1246.5293758006144	13048.625836022555	7375.703438615617
2611.9904707080527	13139.319735401836	6910.758890348262
2153.11889356141	16390.431049051418	5670.9059259386995
7115.067957387908	6707.096260998833	4786.269278974023
10743.237759483833	2774.7659722581843	5354.079308220966
1484.2275788282454	14788.94602749035	6691.578670569522
2294.876918325052	15267.564578025953	6467.407632032139
444.0374873900459	14753.813184848445	6643.946812764726
2905.3651389853767	13899.931064193339	7049.599220691601
663.6612731477943	15811.187388270217	6875.699943083239
11709.693625490243	4403.715077902855	5316.845923518906
11376.381045857575	4608.247651516802	4873.314131578149
2170.741772932687	14990.943688639776	6932.337757530376
10762.057315302627	3475.630358235998	4974.441015382496
262.5665826036761	16937.798147447993	6436.211862699185
2057.181539007847	13449.41678630616	7248.60632930675
11332.138231106579	3140.713592993517	5044.197295832192
8186.269877562929	4931.6109717442605	4725.178926533587
10647.515560323809	4842.810192752254	5079.361277232083
10349.066553555245	3716.3921046721193	5378.898951615749
1624.6417110745183	12755.90764589426	7536.602912658003
1075.1003449381028	15697.49113894801	6816.796870800159
2160.342584983412	14409.977138674953	7082.26806106144
9808.583262293514	4116.591693669908	5454.344108260768
9013.09768195878	5436.545289291885	5751.573421884003
1304.971885552652	16198.00974455689	6713.597705735728
2661.0155715719575	14460.993034545227	7511.5504031157
1070.0394141632053	16106.64864706097	6921.792276530438
1722.8586526327224	14551.671946762104	7039.303469849216
9543.771784306382	4615.202746017676	5372.87194645261
1507.9249908625166	13384.036309280897	7399.400420776464
420.87854806454584	15622.245443069523	6536.924314911985
940.8488823042813	17189.952275665317	5613.020501805262
9185.581362293353	4830.616901487421	5508.371855881547
1108.6946736309505	15372.271679392157	7192.462914994639
10354.143137289748	3033.113260222661	5150.41836823406
9630.478951570358	3369.6310663651147	5854.22237863313
582.8135164199581	15515.658179184542	7774.130115856624
1213.5685301143017	15145.90031506108	7253.927608437325
1148.8877987627136	16651.209897376626	7270.97710301464
9820.072909107446	6578.931789596159	5071.469224591955
7820.90046752339	4918.069358721437	5073.361003142941
2271.1705888400534	13890.532603085041	7325.865394542379
11065.315897804274	3845.64550773494	5152.80963708391
9327.117845903455	4582.944698281272	5201.124663295724
9858.696113776152	5141.20417794387	5534.861877924089
9090.09297854278	3773.6844146761237	5379.7558809292295
8802.100544523777	5105.131225652143	5268.204159583281
3013.425642309098	13465.415390087694	7068.5518415936285
10205.568452268815	1581.9433977729927	5244.8943332996805
9887.058025370921	4114.778866227453	4728.742362776341
607.0449135403519	14506.142644832293	6228.126403428043
1420.7833544402945	17079.550969396205	5317.570760975298
11450.015797918899	3899.235324176098	4778.751578293991
1070.5879839097968	15067.393415517703	6850.395966901968
10251.512277791733	6048.343815227404	5286.024484503981
2297.33234240857	16129.267810834117	5929.64481145254
3646.781172526599	15012.196638869173	7606.058113468661
4124.544573920164	10803.092993138527	4687.80979356064
10074.780548192986	5333.520049086335	4492.842470330305
10063.019279037228	5201.081585359842	5313.432698333552
1181.1779221920128	17865.286492107134	6258.488423863184
10292.161227873501	2351.7010939797074	5523.291438386786
9132.132072567732	4106.332886890198	4967.4088986658935
743.7676499933996	13529.825063662176	7406.08581556613
1436.6827341780934	15456.568344448226	6945.789182451802
1061.8553128219748	14441.734916071237	7159.9795477393645
938.2608657973522	15620.317266909065	6781.7990460571355
10680.057960247115	3790.1612614223063	5723.886032357423
2019.7345327879962	13474.967891188217	7587.376787937139
2447.090990922285	16595.996431882628	7016.751369782321
9821.171701153853	2482.7066432489755	5748.350881789443
9046.666196719523	4905.359998768339	5005.010035860027
7175.871065616989	8335.5922639871	5174.384812529125
1275.365041314698	16229.111105710064	6912.388075924397
1619.1948781133724	14385.64871338762	6804.340854193475
10431.784272269428	1988.2739582026238	4694.497273371013
8791.599278872201	4175.970367661349	5212.639816327724
10432.663930600738	2970.420313974858	4986.231105971701
1813.580080775163	12584.602803917724	6881.682041065846
10068.71836831387	4248.84229057993	5720.106245728415
94.91542254640186	16828.911661833583	6945.834479411675
1820.5645874627041	13875.369811045432	7331.671170502558
1194.192604929683	13849.530871281457	7139.390989183636
11595.122948937047	3234.499037442814	5060.374041273332
2654.4093969023756	12544.442040079071	7250.515091421247
11290.502231622511	3334.837767074588	5946.641681995115
2605.0551787517065	15463.162871080702	6872.386859831792
1820.3523756435243	14363.141875437883	7306.015439647426
8310.220571588125	4329.752360246834	4860.83507568298
8703.761955726593	6104.687903365342	4405.138638892115
11097.758232272792	2841.8885145527925	5008.324827759365
10046.16029250621	3499.212292643602	5002.739914379265
1010.9635825103737	16200.006382024823	6500.946281848257
8678.646099071757	6023.163532945808	4543.336451716733
2864.6001103145477	15360.869039929259	7398.380225576351
654.679959413153	14351.306656991486	7582.911694347416
1621.3234078488338	14493.012021938881	6816.343934358624
1280.1215004496305	13178.868659733573	7014.3420374734205
1801.2344025541277	16696.258990078877	5487.550436226394
9613.570176882795	3574.6252861193384	5816.0897232961715
1201.4323728680597	15807.966336269901	6534.328061658387
56.60128015456172	15818.749976417464	7492.109465368588
9893.193611186689	3985.346087247362	4910.166013921951
12113.780770352565	2823.3233053714357	5554.903523521547
336.55762899774135	15764.727067911059	6619.276007054468
10736.480676710382	3968.6534950416676	4814.316057315399
2215.2172408869974	15122.341048810544	6837.184973948316
10634.404145162674	3503.064702580718	4711.657741976684
10679.677020511092	4315.830924841456	4705.719119296175
10329.906492742928	2575.439791273012	5050.782801733811
-193.7839964142476	13988.134022808315	7350.240071544872
1114.0309960683232	14806.448944589565	7137.5865218227145
10419.224305234735	2891.534970398786	5225.812153761928
1512.978270131102	13761.070069224268	6799.6330131666355
2294.7399126559303	15481.766060501315	6310.823176920565
1934.844513624917	12593.2211380797	7227.890499221126
10260.324461410344	2542.994190438259	4578.668229985026
10455.223675660467	2627.4133749560874	5328.83345064958
1276.948049093438	13696.210517055775	7216.695458293337
12039.716600372682	3072.1322449329464	5376.687577141399
2406.9060518849506	13395.44347734418	7525.253354270365
2421.22194148581	14663.588729302444	7515.7897414065865
1221.82869305898	15818.46903919212	7276.881820039146
8966.729476189823	4761.347557739686	5614.081624927575
10805.455626682517	2400.0870756261857	4940.87521580652
1510.0279067553704	15004.566235854805	6750.630463682064
10200.795208666827	4513.361598501624	4686.905042224154
9559.027640851751	5322.478149155995	4740.820538758109
720.0006188826903	15169.850954177058	7180.289060741056
2599.5732595073137	12394.425598777038	7346.156990080702
1313.9812973299793	12332.488807897544	6634.795565723604
1338.813069762996	14456.84023967812	6789.903829729529
9914.817987236096	5161.749115315754	4580.168584176151
2212.7641828338496	13696.034411095612	7236.704142007934
1234.5651851786135	13738.651887074535	7348.7984381791775
1578.5147495336296	16167.4063657257	7062.309890492532
9814.39341741054	5519.281177627261	5048.484618755647
767.9802010737167	15439.308165463463	6874.6262114704405
10261.768862178405	4342.300028611336	5669.764719739407
11062.260050081486	3620.3744311619535	6112.003456780645
12092.539441751864	1683.8829782773819	5450.96500146696
2207.836287706687	13399.45315571347	8012.178137709614
11412.612786567528	4017.743963901562	4979.908153934361
10806.305094147583	4322.6448664498275	5285.438709724248
1490.3291004753617	15967.003702375954	6303.492085806429
10141.881212826702	5476.36746881317	5196.470956588054
11462.044114433147	3284.220674448617	5180.608452357607
1797.4805385981404	14900.501468710505	6162.484775871753
7262.383291102832	6983.342640958619	4898.586142501596
1429.5507966704959	15519.238290941597	7558.828731793441
2323.9685776807055	13299.689499432212	7452.569022498144
10594.456620166604	5502.141902151467	5376.263824817944
10639.921546076886	3630.7615965272944	5064.381674489943
10385.026217345321	3750.3908312735634	5034.837641550358
10363.649595254052	4296.791946452643	5308.459102515764
2558.9429976272518	13096.302193766958	7684.475055185399
11158.873672481344	1871.981225715408	5625.65431333088
7691.798240672688	4860.643164947982	5434.250266655037
11620.86549811605	2226.127123955904	4694.311256005498
9850.073861450825	3572.817454561677	5950.486260241576
10141.963719858066	1798.0209813537326	5595.318960377414
1967.8497969079365	14663.534954472634	6822.044994139246
1399.8959819427266	12500.621254595853	7016.139709225975
9069.692831710983	2969.6620016469706	4792.611387281876
2064.0484526958085	13816.92376759526	7786.222185837236
1485.8616241194998	13740.760781548157	7549.825922797622
667.8031889317259	16011.431452851839	7241.866064157992
1108.6645637956372	15218.853802584119	7590.579445504677
1892.0009495905147	16009.4581915217	5845.820671625736
7964.005471115677	6363.1772853488455	5709.292187007985
8178.980716934714	4706.467700708851	5340.809469401971
1542.699684173646	14725.765053938303	7745.052398256482
1508.983875465551	12361.286208526713	7413.033516518124
2543.6245401313577	14607.607050288327	7755.329009100725
1676.2693312546262	15918.370770667192	7062.203634875846
1317.1994284382592	14849.494194979454	7079.793799133269
2132.534851505883	14400.11659847276	7595.512838769642
2061.560031715755	13865.857237438637	7559.029345796652
2415.7857825732804	14025.006898299274	7257.904635023791
11831.893136267843	2757.895463594609	6168.798959073934
1236.7415497030868	17524.888023689058	6574.190622788523
1339.2230954370864	16288.486652964875	6171.539548800203
11121.066420019488	3153.3155943004344	4984.869090859842
1027.7355543184865	16097.61531496712	5975.498127333802
8020.913097882834	4359.5648398385265	5111.779094451356
1836.350774973666	15325.913046433048	7452.681325189296
1851.608132471031	15144.344602373689	7079.868565985163
7724.771883481801	4745.007276442844	5709.9604410776155
10404.588944681982	4230.210391603561	4981.129863710249
820.746353965702	14696.323448866899	6652.310787710652
1971.917056185203	14924.563356237592	7428.734093121749
9371.359444935048	5572.790988668928	5172.673420664219
2258.8405629015992	16159.702144293893	5714.906043742827
10737.73960398168	4815.833412418378	5112.888054740889
11097.251367351602	3305.3419215735535	5658.53883445296
449.948787560118	14806.960959813203	7060.66766062802
2137.181964162205	10662.355970348633	7336.183442339011
8992.066477454007	3264.916800261736	5848.165313914236
1322.688101751063	13244.770395974618	6739.149635501158
9380.963169291907	5220.442535066587	4940.121455370999
3092.6543628981235	14620.923984281773	7051.994082781963
1035.7498052175185	15866.48805746615	6938.164665606349
8776.358167959217	4721.703323345781	5954.941175400832
905.4684229764383	16182.980985045691	6593.869274813577
2460.273827101391	14429.951435021716	6943.925289562645
1325.3102922419696	17205.02049369583	6238.94225177015
8877.78549608441	5433.637087306763	5340.544629618217
1598.7440816525657	13897.996499958064	7739.222458937041
980.4982826072757	15761.461838549161	6411.119018102375
3042.8970155574275	16153.896088924072	6784.738499508272
2174.7749018775107	14682.319644206897	6952.2956427056115
9008.862738249645	5552.898052324135	5427.77934005144
407.07180593563487	16752.15002395759	5838.452132155988
2361.377106367409	11470.407696533033	7476.084221989688
2094.149922513748	14575.805893864177	7190.485055465266
9705.46667703558	4751.269178840154	4820.522051444637
2056.726457999429	14849.121243329388	7179.759495995629
1746.8093623861425	13316.631811029501	7255.87822707841
9912.674965474758	4305.049371843715	5632.250483632282
10508.995496344127	2428.4865724990527	5276.676341505842
1558.8235398253648	15729.259400389865	6644.962533568964
2693.0328128779684	14703.949037998986	7022.017584675927
9280.674093505062	3793.8699547918995	5628.384691962045
1483.9502155537525	15725.624534183162	7121.801254925145
1235.4981365756264	15714.654711097188	6782.424537828061
469.1216425590761	15666.766877130038	6980.525897216439
969.255476651332	13586.395631758996	7566.991613698785
10967.312595813883	3196.9428275626383	4689.544522393459
783.6207886571243	13125.68166017252	7155.020977332031
7752.766012355655	7552.920324534137	4393.452133635485
2107.7420793813026	15803.207492268128	7317.891539330689
11275.61005926906	3067.2047291162858	5289.2420048622
10474.562547301908	5422.982704950504	4770.8241112993965
1884.9896980365554	14544.959002485411	7038.641277915797
11229.368497423578	3272.1642624244555	6035.9964544003105
1679.4095093152982	15223.057852796037	6881.762700924606
2581.003551170704	13795.279959127105	7070.35320124392
10907.242030055373	3807.115104479288	5253.728101905888
11342.521257019629	3179.8471878015207	5088.054711159037
938.5237760584664	14786.776930256916	6899.503085750134
7781.831222084793	5143.738032962623	5235.0936953913615
1288.4142425699306	18263.22492501387	7352.425954267857
9839.725094471858	3472.520760226269	5542.805869617507
10407.796049454662	4051.9938288385615	5079.9606526999
10095.398673827574	4733.033785786333	5091.00814205179
2226.7600096871415	14441.789600993552	6624.051828383747
9714.613564576699	3883.407222087718	5712.869889184418
8001.927804485652	5767.706295450787	5023.612902988903
1523.853980968754	13040.871883073307	7148.01215449893
10183.08010968028	5650.983188672864	5319.759576120978
2683.118715000911	14645.304474907667	6474.580685564201
10749.245708307508	3382.3259468395836	5275.764702647617
2243.887859754299	15167.54301959752	4784.729556957716
1464.1321009349663	14518.28470209116	6966.044601905125
1299.243338538701	17190.709478582892	6152.002145244214
11183.529765668714	2767.0504928555865	5554.6857686929425
10760.009374760644	3133.732478083297	5328.369358537547
1148.2615218456665	15708.700030217358	6427.8088770551285
2161.905500401549	14891.395419478467	7184.100897618853
9783.427012764907	3730.1429569386446	5218.590689260198
10110.28618254589	3543.791290333929	4869.311592696119
11412.414027418676	3546.45102000329	4854.421508851258
11709.052321745565	2702.2596047394577	5314.9995042149785
7980.879149125464	6266.79216786048	5089.947312722973
10653.855921626899	5434.31284375916	5092.927159737809
3358.138994571167	14635.817362385415	7161.401119598355
1766.0270622346334	14013.229565817774	7093.557090312671
2425.6992821156487	13062.799908642735	6693.450381500478
823.7729100325816	15259.25343254903	6446.526858354954
1266.8191393219013	16507.803096045634	7008.516928938325
1423.4911015287796	12578.91554410358	7738.945256868883
10102.55478707284	3658.022944515805	5048.778918383281
567.96689106249	15136.723681925136	6931.328272201466
1478.4828264647738	14849.738429870715	7276.55215567358
9989.85434142305	3331.671750307447	5337.70277074136
1675.3212409674409	16153.102835653683	6870.98983577203
1056.21452605047	13355.784216392594	7600.536744397001
5737.670464497054	7223.311935873571	5986.276068062236
2626.7023295283852	14219.310756333474	7363.986049429115
10872.586577893919	4066.8057560696766	5020.818506162903
9827.7504199857	4949.311101119191	4529.1279131014635
1087.5850548704973	15910.374804410632	6953.965364682688
1138.7655973948088	14668.798642594464	7052.995326963456
240.85318373919424	15290.663831912509	6936.112526132867
8746.546969786943	5137.906797647332	5080.345936159011
-63.426935453291186	17042.73603992722	6156.542527127261
9074.901878637142	3477.248683571977	5692.164740414371
10567.13458334292	5077.553863046363	5346.28851070279
11041.775140514801	3996.1835542395784	5042.1320115632525
2241.618273402254	13249.373951443285	7479.131608797779
1972.8547225659304	14370.625469660356	6739.566416716665
10167.215342794936	4114.32084722463	5681.762274866105
9337.582195107345	3754.553434997914	6197.007791176744
1916.620769129783	14458.48760253583	7334.538207542686
9996.927295840982	4090.669408745235	4839.552494625342
10917.482224606534	3700.006930605841	4557.304682193618
11244.899723130808	5189.849366943677	4788.218579031308
1571.949715863518	14458.266692540188	7024.285123119089
9730.765663496213	3965.402240864054	4812.57476122167
9323.601781739753	6030.658833534439	5637.292074648435
9846.089915288865	4240.200606163785	5252.7280408226325
10370.42248990109	3306.388246825967	4991.78980826229
10492.836289710383	3202.5477914918024	5261.796405619037
2884.705948654583	13952.78838407943	7689.338807038393
9569.554908210868	3969.554749476312	4569.521592867457
1863.627320173696	14804.700722533244	7224.717065383031
8849.411424603188	4668.4367215473785	5591.8543865738975
1099.5568507127387	14200.937033866867	6454.584020310779
10071.841628280888	3999.9501136736208	5017.642332618363
265.76295774962546	18822.10260348941	5333.954039909845
2586.716486144305	13521.787056746822	7150.122150170391
9900.93863754532	3716.8589859409144	5585.223594548656
8406.203078349612	3899.100869793768	4961.608201662713
2756.4504491871226	15155.884329886478	7492.472725587535
8943.793927404258	5629.335747455082	5413.827977286175
7704.506883329092	5543.417393181904	4885.815209023876
10827.640619309217	3342.7979997477023	4605.056920110063
2502.9341369436725	14343.0859586292	6695.072163377398
1347.4979444734035	14951.147704962927	6822.060157764004
1499.4856216540309	14529.130518427219	7373.785738588551
1434.4603345235594	14922.656362886963	7199.857864771673
-250.35567602103802	14221.54109468182	7718.423989750728
9179.288523700061	4426.308272659377	5582.7979096334875
11100.047470814397	1503.343680579914	5687.218811238604
1419.4867765693818	15297.933141612739	6559.308116405302
1409.9522266516997	16902.794760633213	5762.710809007287
2388.147482204536	14460.819067141505	5966.555977988019
1421.6853749302736	12400.297318105731	7110.180251067511
10111.286265132936	5411.727925167962	4539.251080706719
3057.1923244295426	12249.680091740314	7030.878946179841
10829.407807501364	4380.580715494004	5449.061895610078
10565.248454393144	4434.335566594982	5429.321621189347
980.0033744325611	13794.482078217072	7372.489731296597
10228.409392145733	3805.8739081052017	5422.776990576451
1267.2273959348558	14728.277191116797	7064.446681947731
11569.915358257182	3428.215807109821	4895.596752568089
1479.0221747997357	16148.998318164198	6474.939852730412
9560.19605310904	3518.4487370062297	5275.650382894349
9384.851923278924	3464.412809599922	5128.361162730369
11089.524866251548	3772.821181350884	5533.2736339614585
1934.8869901236799	14454.7973999113	6778.144890592647
1281.9790592827992	15336.57934485965	6726.982048005079
1498.527729668937	15432.52948068722	6051.5736875723405
10874.121594093162	4763.391394029751	5382.060691472135
10847.926423018516	4577.955134184502	4705.35141419737
2598.8981681181112	14235.179850600438	7237.620944460436
1886.2861384886014	15415.161996266128	6378.044389342929
1480.5983248747855	13631.83781823304	7706.21315359072
9298.642927505092	3445.553327911772	5788.947659552532
10128.291652804019	4926.475727816869	5058.045687927214
1339.0803091272041	19928.928029312705	5205.638874033525
9582.510721578064	3704.4693639553457	5534.867107178244
1502.3848203781556	16433.668020419525	6777.245153171106
2359.718459369116	13319.05953768815	7538.325261351427
653.3616420953193	13492.695530518506	7681.542355240932
9875.477915171568	2186.90369835345	5120.157067839813
2173.58576375208	15815.895699471228	6291.214197569041
3681.3388020092975	13805.25740840299	7086.835804600923
902.2538521690782	17051.982258478092	6239.800076146452
1773.7103778337996	13873.19144182346	6969.285944328982
10861.63723021412	3449.996839476339	5828.512889935773
10410.202997930906	6113.098021807121	4973.425617864687
1068.2720390094955	16879.529027090008	6202.531630674926
1867.0198308512388	14890.382562637407	7075.621054611512
9555.486394322243	3493.7916989860087	5703.26749791578
814.982680209548	15642.86051563471	7237.259520465828
11130.48759314004	3791.249383676772	5859.281551596021
3026.959715316224	13095.834233246238	7375.358318679821
8625.982281209872	5152.766949654008	4455.167890123524
2029.5404762802607	15988.767422948158	6345.488751508618
8710.8681581332	2844.7566611908383	4912.007902225398
1402.6163621222695	15059.565678861627	6905.940813810403
10902.311005022348	3920.8059944108018	5011.042872262316
11786.874584665939	4075.771437177204	4446.997700927536
1941.4100981456538	15251.237154634597	7334.303585925054
11573.760393859302	2675.1321079259133	5305.587381952363
12519.602789334607	4078.9719266802585	5005.440343523929
2696.187634894053	15210.30444945118	7456.139505653393
1905.4355854809855	16865.24661184411	7222.054212115381
11196.349640196202	3890.296470343447	5002.198076925259
991.0349267479512	13792.259832235588	7031.469704956296
8992.253236159262	4408.54024550754	5340.521840573617
8930.776243317492	4123.3541290248495	4825.725471274772
1435.0710070765213	14915.63398348051	6701.132482412928
9651.812849822547	2798.9080555745795	5358.095407319582
868.8085759337408	15777.56507652457	7162.99321786408
10581.005958510637	3182.44042509939	5697.753084241326
2012.8754768638505	14015.335504675104	7763.260629393857
10626.572018648118	3323.111852034145	5094.563989413718
6636.134388246169	8470.00095346872	5226.7019608162145
10166.045646136516	5586.366338876803	4879.876725232985
1653.7446420085935	14272.850990372732	7198.051296575332
-66.97663994027177	15521.747285024701	7233.118532799713
2389.1291287936733	11887.07429227661	7115.280149692105
11929.710878522721	3328.1438512007344	5517.585186327763
1795.8229427444035	16032.718892999224	7082.8246009334325
11039.503056209469	4190.206436936678	4537.752962695781
10164.007472651818	4336.742987418366	5755.653919665314
1372.5994566649733	14256.2867469685	7224.088262844344
9293.3618173042	5940.993565894357	5746.277046377511
3474.205635420856	11875.34583568945	5600.099499792859
9822.526377910022	3905.7214280475787	5182.841332146242
1003.1130118176571	12754.032645043979	6994.482114075275
8966.518163852472	3092.6625230063873	4886.660220945976
10714.91888927929	3368.434606491952	4980.646766746657
9616.855841686805	6856.890995798081	5619.561428710788
1183.9958156389089	15240.039054461886	7212.6701987590095
1823.1089239046255	16953.147644831708	6843.898028160657
1832.4249046503028	14654.179154136014	6829.782160518271
1047.4063362625661	10934.188892264372	6783.476923711833
9849.92343615074	4272.690422049762	5488.446041670115
1680.9987863887618	13889.66072831407	7070.900316279862
6397.329953264711	6875.703082000248	5378.883780606723
1287.2156803934263	15095.24137434211	7397.377343166522
892.3245049898284	11516.932117999953	7298.370916435535
10471.126419759614	4633.173534511322	5239.777387717562
315.7345062139886	14519.002654770917	6713.412703927756
1772.5298537558535	14942.533838529067	7348.230487385356
9367.42563770654	3841.976609384454	4962.556100826557
9024.966100126203	5395.369041476673	5453.529254803984
2085.982666063917	15248.024780468975	6581.207050556579
2415.7124349671712	14672.12475185519	7240.972660306596
1651.4626522153642	14328.143849514707	7408.557939486729
2161.9231799589056	14288.350999038754	7782.241118636209
1975.820351742179	13782.676842717881	6500.663737360017
70.91770369019922	14232.859981978865	7244.526130504085
10412.943797847982	3098.3215020995926	5013.200924055636
1396.751870457783	14069.975592754172	6750.05537195148
950.3019833512709	13449.714600605834	6609.204082042257
1276.4844302806346	13348.03972545242	7572.250739212524
9704.594143895054	3515.8145705566803	5310.337261109203
519.9745299530608	16246.727667177109	6578.23410294502
11073.604781050311	2316.2593126991965	4917.683359383928
11080.427720787611	4937.3979609131475	5286.390695101679
-448.37434923397893	16912.444643691695	6313.883425983663
9890.66840210403	4657.19960552237	5118.15264397402
8291.030725313653	4176.520573723424	5347.517038239732
2290.9533777149168	14108.05688048516	7229.941872162711
10537.4173789581	4698.586070008912	4791.989888013159
1580.6761298712272	16049.563616638345	6946.221126550646
11083.06833628301	3387.6475437261133	4943.6356264610795
3459.1051944985074	12414.620166237786	7898.812513290445
2581.695779360302	14996.055935142169	7608.15919658667
11483.75825134213	2992.18638970455	5205.3585903782305
9377.239236275265	4214.828122359434	5314.534641028991
816.9686818424132	12923.753669793145	6903.386275105358
7018.497387029033	7534.845535381609	5202.4949172395745
1061.0877706831063	13445.74678243527	7005.253286755406
2124.1995477545215	15649.10773020705	6649.268583961631
1376.833231388065	14809.369335026444	5481.290923718373
1580.557819925429	15982.995251395292	7398.138379680523
1722.1783856677168	14482.453808466003	6592.83625449724
1234.379923157088	15187.940497948175	6633.20811318892
8947.607769860599	6276.394270997436	4396.7871888184445
1287.480992026041	15124.56281491529	7439.140901492299
191.2157075350981	17027.78910377265	5937.450172685848
9668.470152018488	4027.934607830421	5111.661238623456
1796.5160489776156	12481.03163865685	7289.280547732067
2183.6010311629384	16475.759801878114	7236.6173722377125
606.8540213569381	14869.438822042424	6994.169948799367
10775.45523340871	2261.849550256485	5806.933194028274
1636.61476723896	14583.417720476535	7507.136794398944
2044.2497440325249	14537.02173449395	7067.385331935262
1256.2261549819762	14024.96291076277	7144.810468956981
9640.965998514808	3830.2643763877622	5355.528055619245
9247.951270617894	5108.24195495567	5095.587797087729
10975.352854119108	4045.0867338386374	5635.699112915972
11044.938459085119	4289.515113063293	5007.6037466187245
1426.0174135378593	15202.074037603827	7009.665895417032
10048.723842876481	4453.9180052999	5609.677789054026
11290.398280697329	3781.6462443732003	5135.6106916844965
10022.218863767683	3817.8644301750464	5127.28190518047
8255.084550913634	4892.196604442387	4792.579188813826
772.024242060136	13991.898301181633	6812.014808333902
9868.226612248382	4583.662116634223	5403.1095899853535
10669.711254935733	4966.681868176069	4785.766314990278
952.0696803144264	18931.89319021438	6252.448472123239
1143.9728728209757	13185.984415373336	6902.8630634013725
10585.01017567368	3489.231724370609	5043.057773470414
1125.7651922174948	14802.141820497167	6729.625716219867
2704.6688912054783	15088.994251048673	6634.325969334197
9089.750157030903	5519.199070080083	5452.453247026585
772.7544208768322	16894.85963227257	6351.410375450258
8717.056507205294	7444.45594221705	5213.740353117328
12442.547900382675	2658.7207581998314	5402.189599831614
10774.577907904324	3431.0215799196194	5292.336395287092
541.6196836656407	16285.401541342866	7745.120937011411
352.33236210915385	15200.484347537164	6267.993048976863
10944.575348879636	4960.973509801782	4998.166144747013
9617.8740779404	4822.0443830285185	5666.963045343181
1356.897205893364	16721.159598306374	7095.171729579751
899.0423644640085	14288.07902714233	6638.893060760626
976.5905222455456	13385.58230558625	7253.943797902572
8982.640277948103	4815.212036229061	4901.327061960426
10538.672327406724	4318.935822148495	4656.4778745642925
9497.82074369756	5559.538895760991	5442.187666346981
2326.301656617737	14801.842851452973	7248.786297711608
10081.962025779745	4051.7686512853147	5453.142463982864
332.1430334634862	14775.148322750709	7670.238818847657
9846.618505718274	4133.2334239406155	4842.910952686369
10460.256062101673	4580.368875175197	4793.666423598121
2554.62800250561	16508.915420002628	6571.67371948475
9267.966485002391	6070.4256083785895	5742.371113826686
10558.064825094458	4654.877839983701	5226.522045938251
9710.60660907659	3874.1710470961452	5388.095748131797
9374.757272522538	6134.370142476069	5251.365636362472
1502.0786675729332	13916.679208284779	7003.417195963512
1720.6220732821657	15609.448163110808	7661.074810902178
1388.8645807872692	15676.261357076257	6973.63023437833
8169.571083275727	6195.32968637364	5708.426507358545
480.28797283088903	15632.790880307928	6961.714483217753
799.8394893455622	16397.244255655307	6496.728020972995
11218.219107397706	3961.7436978770543	5277.053553256876
1682.8257687331024	15770.708079055083	6842.442865198923
11992.203123817915	2603.6729202334213	4765.143311591865
3700.696604693891	12847.116491731984	7644.307211535274
8497.541504589357	4565.494097355606	4901.602494226898
1796.6595071788274	14382.327817186942	6963.803679691385
5.650103335985459	12066.434644531924	7128.925914832935
1395.5286765901758	13546.171417872576	6742.92936676701
9922.765766925504	3878.395337928593	4657.786530007222
9866.574690658412	3501.2113515865112	5104.433698594679
1432.534498172963	14167.567948758366	7386.792392338804
10059.534797632758	4253.080127659377	5494.274453084867
1650.3808794838988	17030.767179194736	5938.174989660506
11525.754525248314	3126.605869980147	5556.947713081339
440.4380895730065	15700.529631067926	6335.985280578506
7051.960348911009	7502.093894556317	4715.943348122809
2223.2030683180233	15349.000695488707	6734.724374309447
8359.891776906023	5186.429793945288	5509.002139213171
11074.847974638706	4392.889113080955	5207.043570254552
1076.2030610924917	15616.813687726062	5548.026628895038
838.9588742715865	15830.612033916144	6455.958769817277
8502.233187029644	6070.316055626919	5265.108965157962
12439.018195440747	3616.5346025767863	4877.086112690578
1802.7009786420053	13898.12086455041	6994.457275545441
2026.0430496317035	12294.312421378208	7334.190250354256
11520.291298251424	4358.779289255892	4731.241233039983
9533.29700832981	3941.8674753041314	4958.057690121521
948.4416133959548	15787.594530943159	5909.826626268741
6139.519318715612	6612.645157548817	4866.273172878902
9421.35804814064	5140.371592205099	6223.8422946275405
10115.234035254723	4280.356235055213	5439.530868415072
2019.0123605954943	13572.665755518143	7437.964108752618
482.9330689848086	14344.247043023466	6637.637872594841
2116.991473458566	14229.171207395593	7694.685380875205
11377.512134272938	4218.613856471151	4531.43499674642
11214.452714518418	2106.167073093771	5223.381915800931
1837.914984869355	13874.381296021205	6888.337523192032
1884.1184797901649	12649.14275484758	7079.203056479885
2245.5362251415117	14522.70037862718	7333.156514021236
10512.734295330072	5915.541684541478	5402.6134494009075
8987.413399481662	5423.237377845478	4870.977213838709
10624.547452839635	5922.3811012910855	4709.375808032148
1707.9976924858204	15687.225109648283	7365.96374363475
3730.0685560289785	13236.846111183742	7661.080933943665
1633.6764782688674	15885.81032102167	7142.240069821131
10811.731861862563	2658.915794746954	5620.0220357604185
9358.39894786527	3827.034858283601	4670.467606389314
1150.077632354838	13462.353621020988	7211.409781512507
10950.033372989697	3423.0237186989507	5172.800433607292
2067.1810023762773	15168.123564391348	6427.012889879332
9001.521496792124	4488.3108886197715	5689.136732393002
988.9631131745219	17483.457225297974	6432.714117396886
1746.6777768560607	18392.044644915233	5379.7684191761655
1315.1043572100743	20168.924661965873	5609.980148730205
2184.891192050121	14648.43718849264	7285.005545032836
9393.654624405242	3824.8836658088	5624.009252471271
1541.087565719007	13510.886292905761	7829.951126144201
9384.41680417442	3642.8422479307987	5386.996175318258
2688.953267697879	12827.831528701778	7019.41535508757
1483.9856827689114	17691.130621593595	5388.895735748401
2951.8892397716018	13884.821239652452	6223.934568227118
2060.7639010851917	12162.873009408231	7466.821032430455
576.4023519218091	15556.19744353873	7225.7321733058625
8535.242747795677	4570.544317036745	5101.679583381169
1233.7292284073715	14751.22207970138	7452.569633064541
2598.0167519740094	14216.33260369646	7448.699402692376
10159.01458592161	4300.491932375398	5003.734434344238
1896.4900125888064	14208.975764066963	7175.6459788235325
9592.130332202283	4310.151528287845	5724.80265599395
1431.3565228070045	14921.685606354871	6855.414193880253
11268.803865499687	4176.298706745972	5187.9805087992145
11341.127257953098	3163.2923191655686	5279.943522173527
2557.8348078548443	12964.644570880117	7762.218910426289
3067.72812892633	14629.333760286721	6690.969360714635
10647.18491791847	4927.325253822768	4681.263239338321
1482.781329343704	15025.586753393365	7081.668015573807
1865.5325098997275	16576.503934463217	6878.141334948953
1238.2357172721922	16364.878842253558	7100.074899624616
9733.596020093382	3507.2800213700957	4615.526315693913
10778.476901778757	2743.729294724325	5729.490085542867
2432.593938311988	15779.541395659433	6702.075638947716
1610.0976427287314	15928.417100124869	5925.89593306862
1382.712665223165	12746.0300229297	7478.617215493451
-96.84284750969098	15646.733398900786	6562.528623440449
1387.2078978522925	15069.589926732153	6857.99783480609
1355.3868897221612	12498.33940519136	6951.5458988662185
8896.753322110571	5154.136585923893	5713.522085562039
1580.9702026521131	15036.787830404213	6492.07456215675
1933.2187052240147	14372.010102062603	7136.421504355109
1200.722312034372	14994.294749108716	7057.223730631535
11157.104514691966	2187.152802838246	5779.041121273257
10576.003900259604	4219.611577053126	5475.049550257748
7473.536311125509	4559.618441743299	5328.166557300346
1275.5143211058735	16618.098629247557	6117.14520081546
2559.573183950253	13613.509499079493	7447.818475423191
-65.87823280824178	12914.892912133477	6426.200370563359
1076.0708519247084	14241.658965138282	7335.320766105739
8578.582567833595	5199.608488520148	5455.323764906814
1092.0188131363814	15212.985326294864	7222.706297542491
2616.11884479071	13746.32406174642	7625.451038964732
2304.121858809146	15795.719158558582	7159.356881354171
9773.014372120742	4181.163642720122	5374.619771242628
1953.2216879690773	13743.35719250514	6502.258548934312
1785.234273255606	15096.486986265427	6604.546145885707
