107493.5714	612.3858753	23367.52322	9167.810679
107393.5723	612.3960631	23367.11369	9167.759935
107293.5731	612.4062889	23366.70267	9167.709003
107193.574	612.4165529	23366.29013	9167.657882
107093.5749	612.4268552	23365.87609	9167.606571
106993.5758	612.437196	23365.46052	9167.555069
106893.5766	612.4475755	23365.04343	9167.503376
106793.5775	612.4579938	23364.6248	9167.45149
106693.5784	612.4684512	23364.20464	9167.399411
106593.5793	612.4789479	23363.78292	9167.347138
106493.5802	612.4894839	23363.35965	9167.29467
106393.5812	612.5000595	23362.93482	9167.242006
106293.5821	612.510675	23362.50842	9167.189145
106193.583	612.5213304	23362.08044	9167.136085
106093.5839	612.532026	23361.65087	9167.082828
105993.5849	612.5427619	23361.21972	9167.02937
105893.5858	612.5535383	23360.78697	9166.975712
105793.5868	612.5643555	23360.35261	9166.921852
105693.5878	612.5752137	23359.91664	9166.86779
105593.5887	612.5861129	23359.47905	9166.813524
105493.5897	612.5970535	23359.03983	9166.759054
105393.5907	612.6080355	23358.59898	9166.704378
105293.5917	612.6190593	23358.15648	9166.649496
105193.5927	612.630125	23357.71233	9166.594407
105093.5937	612.6412328	23357.26652	9166.539109
104993.5947	612.6523828	23356.81905	9166.483602
104893.5958	612.6635754	23356.3699	9166.427885
104793.5968	612.6748107	23355.91907	9166.371957
104693.5978	612.686089	23355.46656	9166.315816
104593.5989	612.6974103	23355.01234	9166.259462
104493.5999	612.7087749	23354.55642	9166.202894
104393.601	612.7201831	23354.09879	9166.14611
104293.6021	612.731635	23353.63943	9166.08911
104193.6031	612.7431309	23353.17835	9166.031893
104093.6042	612.754671	23352.71553	9165.974457
103993.6053	612.7662554	23352.25097	9165.916802
103893.6064	612.7778844	23351.78465	9165.858926
103793.6075	612.7895581	23351.31657	9165.800829
103693.6087	612.8012769	23350.84672	9165.74251
103593.6098	612.813041	23350.37509	9165.683966
103493.6109	612.8248505	23349.90168	9165.625198
103393.6121	612.8367056	23349.42647	9165.566204
103293.6132	612.8486067	23348.94945	9165.506984
103193.6144	612.8605539	23348.47063	9165.447535
103093.6156	612.8725474	23347.98998	9165.387857
102993.6168	612.8845874	23347.50751	9165.327949
102893.618	612.8966743	23347.0232	9165.26781
102793.6192	612.9088081	23346.53704	9165.207439
102693.6204	612.9209892	23346.04903	9165.146834
102593.6216	612.9332178	23345.55915	9165.085994
102493.6228	612.9454941	23345.0674	9165.024919
102393.6241	612.9578183	23344.57377	9164.963606
102293.6253	612.9701907	23344.07825	9164.902056
102193.6266	612.9826116	23343.58083	9164.840267
102093.6278	612.995081	23343.0815	9164.778237
101993.6291	613.0075993	23342.58025	9164.715965
101893.6304	613.0201668	23342.07708	9164.653451
101793.6317	613.0327836	23341.57197	9164.590693
101693.633	613.04545	23341.06492	9164.52769
101593.6343	613.0581663	23340.55591	9164.464441
101493.6356	613.0709327	23340.04494	9164.400945
101393.637	613.0837494	23339.532	9164.337199
101293.6383	613.0966167	23339.01707	9164.273204
101193.6397	613.1095348	23338.50015	9164.208958
101093.641	613.122504	23337.98123	9164.144459
100993.6424	613.1355246	23337.4603	9164.079707
100893.6438	613.1485968	23336.93735	9164.0147
100793.6452	613.1617208	23336.41237	9163.949437
100693.6466	613.1748969	23335.88534	9163.883917
100593.648	613.1881254	23335.35627	9163.818138
100493.6495	613.2014065	23334.82514	9163.752099
100393.6509	613.2147405	23334.29193	9163.685799
100293.6524	613.2281277	23333.75665	9163.619237
100193.6538	613.2415683	23333.21928	9163.552411
100093.6553	613.2550626	23332.67981	9163.48532
99993.65681	613.2686108	23332.13822	9163.417963
99893.65831	613.2822132	23331.59452	9163.350338
99793.65982	613.2958702	23331.04868	9163.282444
99693.66135	613.3095819	23330.50071	9163.21428
99593.66289	613.3233486	23329.95058	9163.145844
99493.66444	613.3371707	23329.39829	9163.077135
99393.666	613.3510484	23328.84383	9163.008152
99293.66757	613.3649819	23328.28719	9162.938894
99193.66916	613.3789716	23327.72835	9162.869358
99093.67076	613.3930178	23327.16731	9162.799543
98993.67237	613.4071206	23326.60405	9162.729449
98893.674	613.4212805	23326.03857	9162.659074
98793.67563	613.4354977	23325.47084	9162.588416
98693.67728	613.4497724	23324.90088	9162.517474
98593.67895	613.4641051	23324.32865	9162.446246
98493.68062	613.4784959	23323.75415	9162.374731
98393.68231	613.4929452	23323.17737	9162.302928
98293.68402	613.5074532	23322.5983	9162.230836
98193.68574	613.5220204	23322.01693	9162.158452
98093.68747	613.5366468	23321.43324	9162.085775
97993.68921	613.551333	23320.84722	9162.012804
97893.69097	613.5660791	23320.25886	9161.939537
97793.69274	613.5808855	23319.66816	9161.865973
97693.69453	613.5957525	23319.0751	9161.792111
97593.69633	613.6106804	23318.47966	9161.717948
97493.69815	613.6256695	23317.88184	9161.643483
97393.69998	613.6407201	23317.28162	9161.568716
97293.70182	613.6558326	23316.67899	9161.493643
97193.70368	613.6710072	23316.07394	9161.418264
97093.70556	613.6862443	23315.46646	9161.342577
96993.70745	613.7015442	23314.85654	9161.266581
96893.70935	613.7169072	23314.24416	9161.190274
96793.71127	613.7323336	23313.62931	9161.113654
96693.71321	613.7478239	23313.01198	9161.03672
96593.71516	613.7633782	23312.39216	9160.95947
96493.71713	613.778997	23311.76983	9160.881902
96393.71911	613.7946805	23311.14498	9160.804016
96293.72111	613.8104291	23310.5176	9160.725808
96193.72313	613.8262432	23309.88768	9160.647279
96093.72516	613.8421231	23309.2552	9160.568425
95993.72721	613.8580691	23308.62015	9160.489246
95893.72928	613.8740815	23307.98252	9160.409739
95793.73136	613.8901608	23307.34229	9160.329903
95693.73346	613.9063072	23306.69945	9160.249737
95593.73558	613.9225212	23306.054	9160.169238
95493.73771	613.938803	23305.40591	9160.088405
95393.73986	613.955153	23304.75517	9160.007236
95293.74203	613.9715717	23304.10177	9159.925729
95193.74422	613.9880592	23303.44569	9159.843883
95093.74642	614.0046161	23302.78693	9159.761696
94993.74865	614.0212426	23302.12546	9159.679166
94893.75089	614.0379392	23301.46128	9159.596291
94793.75315	614.0547061	23300.79436	9159.51307
94693.75543	614.0715439	23300.12471	9159.429501
94593.75772	614.0884527	23299.4523	9159.345581
94493.76004	614.1054331	23298.77711	9159.261309
94393.76237	614.1224854	23298.09914	9159.176684
94293.76473	614.13961	23297.41837	9159.091703
94193.7671	614.1568072	23296.73479	9159.006365
94093.7695	614.1740775	23296.04838	9158.920667
93993.77191	614.1914212	23295.35912	9158.834608
93893.77435	614.2088388	23294.66701	9158.748186
93793.7768	614.2263306	23293.97202	9158.661398
93693.77927	614.2438969	23293.27415	9158.574244
93593.78177	614.2615383	23292.57338	9158.486721
93493.78429	614.2792551	23291.86968	9158.398827
93393.78682	614.2970478	23291.16306	9158.31056
93293.78938	614.3149166	23290.45349	9158.221919
93193.79196	614.3328621	23289.74096	9158.1329
93093.79456	614.3508846	23289.02545	9158.043503
92993.79719	614.3689846	23288.30695	9157.953725
92893.79983	614.3871624	23287.58544	9157.863565
92793.8025	614.4054185	23286.86091	9157.773019
92693.80519	614.4237534	23286.13334	9157.682087
92593.8079	614.4421673	23285.40271	9157.590766
92493.81064	614.4606609	23284.66901	9157.499054
92393.81339	614.4792344	23283.93222	9157.406948
92293.81618	614.4978883	23283.19234	9157.314448
92193.81898	614.5166231	23282.44933	9157.22155
92093.82181	614.5354392	23281.70318	9157.128253
91993.82466	614.5543371	23280.95389	9157.034554
91893.82754	614.5733171	23280.20143	9156.940452
91793.83044	614.5923798	23279.44578	9156.845944
91693.83337	614.6115255	23278.68693	9156.751027
91593.83632	614.6307547	23277.92486	9156.655701
91493.8393	614.650068	23277.15956	9156.559962
91393.8423	614.6694657	23276.39101	9156.463808
91293.84532	614.6889483	23275.61918	9156.367238
91193.84838	614.7085162	23274.84407	9156.270248
91093.85146	614.7281701	23274.06566	9156.172837
90993.85456	614.7479102	23273.28393	9156.075002
90893.85769	614.7677371	23272.49885	9155.976741
90793.86085	614.7876512	23271.71042	9155.878052
90693.86404	614.8076531	23270.91862	9155.778932
90593.86725	614.8277432	23270.12343	9155.679379
90493.87049	614.8479221	23269.32483	9155.579391
90393.87376	614.8681901	23268.52279	9155.478965
90293.87706	614.8885478	23267.71732	9155.3781
90193.88038	614.9089957	23266.90838	9155.276791
90093.88374	614.9295343	23266.09595	9155.175038
89993.88712	614.9501641	23265.28003	9155.072838
89893.89053	614.9708856	23264.46059	9154.970187
89793.89397	614.9916993	23263.63761	9154.867085
89693.89745	615.0126057	23262.81107	9154.763527
89593.90095	615.0336053	23261.98095	9154.659513
89493.90448	615.0546987	23261.14724	9154.555039
89393.90804	615.0758864	23260.30992	9154.450102
89293.91164	615.0971689	23259.46896	9154.344701
89193.91526	615.1185467	23258.62435	9154.238832
89093.91892	615.1400204	23257.77607	9154.132494
88993.92261	615.1615905	23256.92409	9154.025682
88893.92633	615.1832575	23256.0684	9153.918396
88793.93008	615.205022	23255.20898	9153.810632
88693.93387	615.2268846	23254.34581	9153.702387
88593.93769	615.2488457	23253.47886	9153.59366
88493.94154	615.270906	23252.60812	9153.484446
88393.94543	615.293066	23251.73357	9153.374745
88293.94935	615.3153263	23250.85518	9153.264551
88193.95331	615.3376874	23249.97294	9153.153864
88093.9573	615.36015	23249.08682	9153.042681
87993.96132	615.3827145	23248.19681	9152.930997
87893.96538	615.4053815	23247.30288	9152.818812
87793.96948	615.4281517	23246.40501	9152.706121
87693.97361	615.4510257	23245.50318	9152.592923
87593.97778	615.4740039	23244.59737	9152.479214
87493.98199	615.4970871	23243.68755	9152.364991
87393.98623	615.5202758	23242.77371	9152.250251
87293.99052	615.5435706	23241.85582	9152.134993
87193.99483	615.5669721	23240.93386	9152.019212
87093.99919	615.5904809	23240.00781	9151.902905
86994.00359	615.6140978	23239.07765	9151.786071
86894.00803	615.6378231	23238.14335	9151.668705
86794.0125	615.6616577	23237.20489	9151.550805
86694.01702	615.6856021	23236.26224	9151.432367
86594.02158	615.7096569	23235.3154	9151.31339
86494.02617	615.7338229	23234.36432	9151.193869
86394.03081	615.7581005	23233.40899	9151.073801
86294.03549	615.7824906	23232.44939	9150.953184
86194.04021	615.8069936	23231.48549	9150.832014
86094.04498	615.8316104	23230.51727	9150.710289
85994.04978	615.8563415	23229.5447	9150.588004
85894.05464	615.8811876	23228.56776	9150.465157
85794.05953	615.9061493	23227.58642	9150.341745
85694.06447	615.9312274	23226.60067	9150.217764
85594.06945	615.9564226	23225.61048	9150.093211
85494.07448	615.9817354	23224.61581	9149.968083
85394.07955	616.0071666	23223.61666	9149.842376
85294.08467	616.032717	23222.61298	9149.716088
85194.08984	616.0583871	23221.60477	9149.589214
85094.09505	616.0841776	23220.59198	9149.461752
84994.10031	616.1100894	23219.5746	9149.333698
84894.10562	616.1361231	23218.5526	9149.205049
84794.11098	616.1622793	23217.52596	9149.0758
84694.11639	616.188559	23216.49465	9148.94595
84594.12184	616.2149627	23215.45864	9148.815493
84494.12735	616.2414911	23214.4179	9148.684428
84394.1329	616.2681452	23213.37242	9148.552749
84294.13851	616.2949255	23212.32215	9148.420454
84194.14417	616.3218328	23211.26709	9148.28754
84094.14988	616.3488679	23210.20719	9148.154001
83994.15564	616.3760315	23209.14244	9148.019836
83894.16145	616.4033245	23208.0728	9147.885039
83794.16732	616.4307475	23206.99824	9147.749608
83694.17325	616.4583013	23205.91875	9147.613539
83594.17922	616.4859868	23204.83429	9147.476827
83494.18526	616.5138046	23203.74483	9147.33947
83394.19135	616.5417557	23202.65035	9147.201463
83294.19749	616.5698408	23201.55081	9147.062803
83194.20369	616.5980606	23200.44619	9146.923486
83094.20995	616.6264161	23199.33646	9146.783507
82994.21627	616.654908	23198.22159	9146.642863
82894.22265	616.6835372	23197.10155	9146.501551
82794.22908	616.7123044	23195.97631	9146.359566
82694.23558	616.7412105	23194.84584	9146.216903
82594.24213	616.7702563	23193.71011	9146.07356
82494.24875	616.7994427	23192.56909	9145.929532
82394.25543	616.8287706	23191.42276	9145.784815
82294.26217	616.8582407	23190.27108	9145.639405
82194.26898	616.887854	23189.11401	9145.493297
82094.27585	616.9176113	23187.95154	9145.346488
81994.28278	616.9475135	23186.78362	9145.198974
81894.28978	616.9775615	23185.61023	9145.05075
81794.29685	617.0077561	23184.43133	9144.901812
81694.30398	617.0380983	23183.2469	9144.752155
81594.31118	617.0685889	23182.0569	9144.601776
81494.31844	617.0992289	23180.8613	9144.45067
81394.32578	617.1300192	23179.66006	9144.298833
81294.33318	617.1609607	23178.45316	9144.14626
81194.34066	617.1920543	23177.24056	9143.992947
81094.3482	617.223301	23176.02223	9143.838889
80994.35582	617.2547017	23174.79814	9143.684082
80894.36351	617.2862573	23173.56824	9143.528522
80794.37127	617.3179688	23172.33252	9143.372204
80694.37911	617.3498372	23171.09093	9143.215122
80594.38702	617.3818635	23169.84343	9143.057274
80494.395	617.4140485	23168.59001	9142.898653
80394.40307	617.4463933	23167.33061	9142.739256
80294.41121	617.478899	23166.06521	9142.579077
80194.41943	617.5115664	23164.79377	9142.418112
80094.42772	617.5443966	23163.51625	9142.256356
79994.4361	617.5773906	23162.23263	9142.093804
79894.44456	617.6105495	23160.94286	9141.930452
79794.45309	617.6438742	23159.6469	9141.766294
79694.46171	617.6773658	23158.34473	9141.601325
79594.47042	617.7110253	23157.03631	9141.435542
79494.4792	617.7448538	23155.72159	9141.268937
79394.48808	617.7788523	23154.40054	9141.101507
79294.49703	617.813022	23153.07312	9140.933247
79194.50608	617.8473639	23151.7393	9140.76415
79094.51521	617.881879	23150.39904	9140.594213
78994.52443	617.9165685	23149.0523	9140.42343
78894.53374	617.9514334	23147.69904	9140.251795
78794.54314	617.986475	23146.33922	9140.079304
78694.55264	618.0216942	23144.9728	9139.905952
78594.56222	618.0570922	23143.59975	9139.731731
78494.5719	618.0926702	23142.22003	9139.556639
78394.58167	618.1284293	23140.83359	9139.380668
78294.59154	618.1643706	23139.44039	9139.203814
78194.6015	618.2004953	23138.0404	9139.026071
78094.61157	618.2368046	23136.63358	9138.847433
77994.62173	618.2732996	23135.21987	9138.667895
77894.63199	618.3099816	23133.79925	9138.487452
77794.64235	618.3468517	23132.37167	9138.306097
77694.65281	618.3839111	23130.93709	9138.123825
77594.66338	618.4211611	23129.49547	9137.94063
77494.67405	618.4586029	23128.04676	9137.756506
77394.68483	618.4962376	23126.59092	9137.571448
77294.69571	618.5340667	23125.12791	9137.385449
77194.7067	618.5720912	23123.65769	9137.198504
77094.7178	618.6103124	23122.18021	9137.010607
76994.72901	618.6487317	23120.69542	9136.821752
76894.74033	618.6873504	23119.20329	9136.631932
76794.75176	618.7261696	23117.70377	9136.441141
76694.76331	618.7651907	23116.19682	9136.249374
76594.77497	618.8044151	23114.68239	9136.056624
76494.78675	618.8438439	23113.16042	9135.862885
76394.79864	618.8834787	23111.63089	9135.668151
76294.81066	618.9233207	23110.09374	9135.472415
76194.82279	618.9633712	23108.54893	9135.27567
76094.83505	619.0036316	23106.99641	9135.077911
75994.84743	619.0441034	23105.43612	9134.879132
75894.85993	619.0847878	23103.86804	9134.679324
75794.87256	619.1256863	23102.2921	9134.478482
75694.88531	619.1668004	23100.70826	9134.2766
75594.8982	619.2081313	23099.11647	9134.07367
75494.91121	619.2496805	23097.51668	9133.869686
75394.92436	619.2914495	23095.90884	9133.664641
75294.93764	619.3334398	23094.29291	9133.458527
75194.95105	619.3756527	23092.66883	9133.25134
75094.9646	619.4180898	23091.03655	9133.04307
74994.97828	619.4607525	23089.39603	9132.833712
74894.99211	619.5036424	23087.74721	9132.623258
74795.00607	619.5467609	23086.09004	9132.411701
74695.02018	619.5901096	23084.42447	9132.199034
74595.03443	619.63369	23082.75044	9131.985249
74495.04883	619.6775036	23081.06791	9131.770341
74395.06337	619.7215521	23079.37683	9131.5543
74295.07806	619.765837	23077.67713	9131.33712
74195.0929	619.8103598	23075.96876	9131.118794
74095.1079	619.8551221	23074.25168	9130.899313
73995.12304	619.9001257	23072.52582	9130.678671
73895.13835	619.945372	23070.79114	9130.456859
73795.15381	619.9908628	23069.04757	9130.23387
73695.16943	620.0365996	23067.29507	9130.009696
73595.18521	620.0825842	23065.53357	9129.78433
73495.20115	620.1288182	23063.76302	9129.557763
73395.21726	620.1753033	23061.98336	9129.329988
73295.23353	620.2220411	23060.19454	9129.100997
73195.24997	620.2690335	23058.3965	9128.870781
73095.26658	620.3162822	23056.58918	9128.639333
72995.28337	620.3637888	23054.77251	9128.406644
72895.30033	620.4115552	23052.94646	9128.172707
72795.31746	620.4595831	23051.11094	9127.937512
72695.33478	620.5078743	23049.26591	9127.701051
72595.35227	620.5564305	23047.41131	9127.463317
72495.36995	620.6052538	23045.54706	9127.2243
72395.38781	620.6543457	23043.67312	9126.983992
72295.40585	620.7037083	23041.78942	9126.742384
72195.42409	620.7533433	23039.8959	9126.499468
72095.44252	620.8032527	23037.9925	9126.255235
71995.46114	620.8534382	23036.07915	9126.009676
71895.47995	620.903902	23034.15579	9125.762782
71795.49897	620.9546457	23032.22236	9125.514544
71695.51818	621.0056715	23030.27879	9125.264953
71595.5376	621.0569812	23028.32502	9125.014
71495.55722	621.1085768	23026.36098	9124.761676
71395.57704	621.1604604	23024.38661	9124.507971
71295.59708	621.2126338	23022.40184	9124.252877
71195.61733	621.2650992	23020.40661	9123.996383
71095.63779	621.3178585	23018.40084	9123.738481
70995.65848	621.3709139	23016.38448	9123.47916
70895.67938	621.4242673	23014.35744	9123.218411
70795.7005	621.477921	23012.31967	9122.956224
70695.72185	621.5318769	23010.27109	9122.69259
70595.74342	621.5861373	23008.21164	9122.427499
70495.76523	621.6407042	23006.14124	9122.16094
70395.78726	621.6955798	23004.05983	9121.892903
70295.80954	621.7507663	23001.96733	9121.62338
70195.83205	621.8062659	22999.86366	9121.352358
70095.8548	621.8620808	22997.74877	9121.079828
69995.8778	621.9182133	22995.62257	9120.80578
69895.90105	621.9746655	22993.485	9120.530204
69795.92454	622.0314398	22991.33597	9120.253087
69695.94829	622.0885385	22989.17542	9119.974421
69595.97229	622.1459638	22987.00327	9119.694194
69495.99655	622.2037181	22984.81944	9119.412396
69396.02108	622.2618038	22982.62385	9119.129015
69296.04587	622.3202231	22980.41644	9118.84404
69196.07092	622.3789786	22978.19712	9118.557462
69096.09625	622.4380726	22975.96582	9118.269267
68996.12186	622.4975075	22973.72246	9117.979446
68896.14774	622.5572858	22971.46695	9117.687986
68796.1739	622.61741	22969.19922	9117.394877
68696.20035	622.6778826	22966.91919	9117.100106
68596.22709	622.738706	22964.62677	9116.803663
68496.25412	622.7998829	22962.32189	9116.505535
68396.28144	622.8614158	22960.00447	9116.205711
68296.30906	622.9233072	22957.67442	9115.904179
68196.33699	622.9855597	22955.33165	9115.600926
68096.36522	623.0481761	22952.97609	9115.29594
67996.39376	623.1111589	22950.60764	9114.989211
67896.42262	623.1745108	22948.22623	9114.680724
67796.45179	623.2382345	22945.83177	9114.370468
67696.48129	623.3023327	22943.42417	9114.058429
67596.51111	623.3668083	22941.00335	9113.744597
67496.54125	623.4316638	22938.56921	9113.428957
67396.57174	623.4969022	22936.12167	9113.111497
67296.60256	623.5625262	22933.66064	9112.792204
67196.63372	623.6285387	22931.18602	9112.471065
67096.66522	623.6949426	22928.69774	9112.148066
66996.69708	623.7617406	22926.19569	9111.823195
66896.72929	623.8289359	22923.67979	9111.496438
66796.76186	623.8965312	22921.14994	9111.167782
66696.79479	623.9645296	22918.60604	9110.837212
66596.82809	624.0329341	22916.04802	9110.504716
66496.86176	624.1017476	22913.47576	9110.170279
66396.89581	624.1709733	22910.88918	9109.833888
66296.93023	624.2406142	22908.28818	9109.495528
66196.96505	624.3106733	22905.67265	9109.155184
66097.00025	624.3811539	22903.04252	9108.812844
65997.03585	624.4520591	22900.39766	9108.468492
65897.07185	624.523392	22897.73799	9108.122114
65797.10826	624.595156	22895.06341	9107.773695
65697.14508	624.6673541	22892.37382	9107.42322
65597.18231	624.7399898	22889.6691	9107.070675
65497.21996	624.8130662	22886.94917	9106.716044
65397.25804	624.8865868	22884.21392	9106.359312
65297.29655	624.9605549	22881.46324	9106.000463
65197.3355	625.0349739	22878.69703	9105.639483
65097.37488	625.1098471	22875.91518	9105.276356
64997.41472	625.1851782	22873.11759	9104.911065
64897.45501	625.2609704	22870.30415	9104.543596
64797.49576	625.3372275	22867.47475	9104.173931
64697.53697	625.4139528	22864.62929	9103.802056
64597.57865	625.49115	22861.76765	9103.427953
64497.62081	625.5688227	22858.88972	9103.051607
64397.66345	625.6469745	22855.99539	9102.673
64297.70658	625.7256092	22853.08456	9102.292117
64197.75021	625.8047303	22850.1571	9101.908939
64097.79433	625.8843418	22847.2129	9101.523451
63997.83896	625.9644473	22844.25185	9101.135634
63897.88411	626.0450507	22841.27383	9100.745473
63797.92978	626.1261558	22838.27872	9100.352948
63697.97597	626.2077665	22835.26641	9099.958044
63598.0227	626.2898867	22832.23678	9099.560741
63498.06997	626.3725204	22829.18971	9099.161022
63398.11778	626.4556716	22826.12508	9098.758869
63298.16615	626.5393443	22823.04277	9098.354264
63198.21508	626.6235426	22819.94265	9097.947189
63098.26457	626.7082705	22816.8246	9097.537624
62998.31465	626.7935323	22813.6885	9097.125552
62898.3653	626.8793321	22810.53422	9096.710952
62798.41655	626.9656741	22807.36163	9096.293807
62698.46839	627.0525626	22804.17062	9095.874097
62598.52084	627.1400019	22800.96105	9095.451803
62498.57391	627.2279963	22797.73279	9095.026905
62398.62759	627.3165503	22794.48571	9094.599383
62298.68191	627.4056682	22791.21968	9094.169218
62198.73686	627.4953544	22787.93457	9093.736389
62098.79245	627.5856136	22784.63024	9093.300877
61998.84871	627.6764503	22781.30656	9092.86266
61898.90562	627.767869	22777.9634	9092.421719
61798.9632	627.8598744	22774.60062	9091.978032
61699.02147	627.9524711	22771.21808	9091.531579
61599.08042	628.045664	22767.81564	9091.082337
61499.14007	628.1394577	22764.39316	9090.630287
61399.20043	628.233857	22760.95051	9090.175406
61299.2615	628.3288669	22757.48753	9089.717673
61199.32329	628.4244923	22754.0041	9089.257066
61099.38582	628.520738	22750.50005	9088.793562
60999.4491	628.6176091	22746.97526	9088.32714
60899.51313	628.7151106	22743.42956	9087.857776
60799.57792	628.8132477	22739.86282	9087.385448
60699.64349	628.9120254	22736.27489	9086.910134
60599.70984	629.011449	22732.66561	9086.431809
60499.77698	629.1115237	22729.03483	9085.950451
60399.84493	629.2122549	22725.3824	9085.466037
60299.91369	629.3136478	22721.70818	9084.978541
60199.98328	629.4157078	22718.01199	9084.487941
60100.0537	629.5184404	22714.2937	9083.994212
60000.12497	629.6218512	22710.55313	9083.49733
59900.1971	629.7259456	22706.79014	9082.99727
59800.2701	629.8307292	22703.00456	9082.494007
59700.34399	629.9362078	22699.19623	9081.987516
59600.41876	630.0423871	22695.36499	9081.477772
59500.49444	630.1492728	22691.51067	9080.96475
59400.57104	630.2568707	22687.63312	9080.448422
59300.64856	630.3651868	22683.73216	9079.928764
59200.72703	630.474227	22679.80763	9079.40575
59100.80645	630.5839973	22675.85935	9078.879352
59000.88684	630.6945038	22671.88717	9078.349543
58900.9682	630.8057525	22667.8909	9077.816298
58801.05056	630.9177498	22663.87038	9077.279589
58701.13393	631.0305017	22659.82542	9076.739387
58601.21831	631.1440147	22655.75586	9076.195667
58501.30373	631.258295	22651.66152	9075.648398
58401.39019	631.3733492	22647.54222	9075.097554
58301.47772	631.4891837	22643.39777	9074.543106
58201.56631	631.6058051	22639.22801	9073.985024
58101.656	631.72322	22635.03274	9073.423281
58001.74679	631.8414351	22630.81178	9072.857846
57901.8387	631.9604571	22626.56495	9072.288689
57801.93175	632.0802929	22622.29206	9071.715783
57702.02594	632.2009494	22617.99291	9071.139095
57602.1213	632.3224336	22613.66733	9070.558595
57502.21783	632.4447524	22609.31512	9069.974254
57402.31556	632.567913	22604.93608	9069.386039
57302.41451	632.6919225	22600.53003	9068.79392
57202.51468	632.8167882	22596.09676	9068.197865
57102.6161	632.9425175	22591.63607	9067.597842
57002.71878	633.0691176	22587.14778	9066.99382
56902.82274	633.1965962	22582.63167	9066.385764
56802.92799	633.3249606	22578.08755	9065.773644
56703.03456	633.4542187	22573.51521	9065.157425
56603.14247	633.5843779	22568.91445	9064.537075
56503.25172	633.7154462	22564.28505	9063.912559
56403.36234	633.8474314	22559.62682	9063.283844
56303.47434	633.9803413	22554.93953	9062.650896
56203.58775	634.1141841	22550.22298	9062.013679
56103.70259	634.2489678	22545.47695	9061.372158
56003.81887	634.3847007	22540.70123	9060.7263
55903.93662	634.5213909	22535.8956	9060.076066
55804.05585	634.6590468	22531.05984	9059.421423
55704.17658	634.7976769	22526.19373	9058.762333
55604.29885	634.9372897	22521.29705	9058.09876
55504.42265	635.0778938	22516.36957	9057.430667
55404.54802	635.2194979	22511.41106	9056.758016
55304.67499	635.3621108	22506.42131	9056.080769
55204.80356	635.5057413	22501.40008	9055.39889
55104.93377	635.6503985	22496.34713	9054.712338
55005.06563	635.7960914	22491.26225	9054.021076
54905.19917	635.9428291	22486.14518	9053.325064
54805.33441	636.090621	22480.99569	9052.624263
54705.47137	636.2394763	22475.81355	9051.918633
54605.61009	636.3894045	22470.59851	9051.208133
54505.75058	636.5404153	22465.35033	9050.492723
54405.89286	636.6925181	22460.06877	9049.772361
54306.03697	636.8457228	22454.75358	9049.047007
54206.18292	637.0000392	22449.40451	9048.316619
54106.33075	637.1554773	22444.02131	9047.581153
54006.48047	637.3120471	22438.60373	9046.840568
53906.63213	637.4697588	22433.15151	9046.09482
53806.78573	637.6286227	22427.66441	9045.343866
53706.94131	637.7886491	22422.14215	9044.587663
53607.0989	637.9498486	22416.58448	9043.826164
53507.25853	638.1122317	22410.99114	9043.059327
53407.42022	638.2758091	22405.36186	9042.287106
53307.584	638.4405917	22399.69638	9041.509455
53207.7499	638.6065905	22393.99443	9040.726327
53107.91795	638.7738164	22388.25574	9039.937678
53008.08818	638.9422806	22382.48003	9039.143458
52908.26063	639.1119945	22376.66703	9038.343623
52808.43532	639.2829695	22370.81646	9037.538122
52708.61228	639.4552171	22364.92804	9036.726909
52608.79154	639.6287489	22359.0015	9035.909933
52508.97315	639.8035768	22353.03655	9035.087147
52409.15712	639.9797127	22347.0329	9034.2585
52309.3435	640.1571685	22340.99027	9033.423942
52209.53232	640.3359566	22334.90836	9032.583423
52109.72361	640.5160891	22328.78688	9031.73689
52009.9174	640.6975785	22322.62555	9030.884293
51910.11374	640.8804374	22316.42405	9030.02558
51810.31265	641.0646784	22310.1821	9029.160696
51710.51418	641.2503145	22303.89938	9028.28959
51610.71836	641.4373587	22297.57561	9027.412208
51510.92523	641.6258239	22291.21046	9026.528495
51411.13483	641.8157235	22284.80364	9025.638397
51311.34719	642.0070709	22278.35483	9024.741858
51211.56236	642.1998797	22271.86372	9023.838822
51111.78036	642.3941636	22265.32999	9022.929233
51012.00126	642.5899363	22258.75333	9022.013035
50912.22507	642.787212	22252.13341	9021.090169
50812.45186	642.9860047	22245.46991	9020.160577
50712.68165	643.1863288	22238.76251	9019.224202
50612.91449	643.3881988	22232.01088	9018.280983
50513.15043	643.5916292	22225.21469	9017.330861
50413.38951	643.796635	22218.37361	9016.373775
50313.63177	644.0032309	22211.4873	9015.409665
50213.87725	644.2114322	22204.55542	9014.43847
50114.12601	644.4212541	22197.57764	9013.460126
50014.37809	644.6327121	22190.5536	9012.474571
49914.63354	644.8458217	22183.48298	9011.481743
49814.8924	645.0605989	22176.36541	9010.481576
49715.15473	645.2770595	22169.20055	9009.474006
49615.42057	645.4952197	22161.98805	9008.458968
49515.68998	645.7150959	22154.72754	9007.436397
49415.96299	645.9367045	22147.41868	9006.406225
49316.23968	646.1600623	22140.0611	9005.368385
49216.52008	646.385186	22132.65443	9004.32281
49116.80426	646.6120929	22125.19832	9003.269431
49017.09226	646.8408001	22117.69239	9002.208179
48917.38413	647.0713251	22110.13627	9001.138985
48817.67995	647.3036855	22102.52959	9000.061777
48717.97975	647.5378993	22094.87197	8998.976484
48618.28361	647.7739843	22087.16303	8997.883034
48518.59157	648.0119589	22079.40238	8996.781356
48418.90369	648.2518416	22071.58966	8995.671375
48319.22004	648.4936509	22063.72446	8994.553017
48219.54068	648.7374058	22055.80639	8993.426209
48119.86566	648.9831253	22047.83507	8992.290873
48020.19505	649.2308288	22039.81009	8991.146935
47920.52891	649.4805357	22031.73106	8989.994316
47820.86731	649.7322658	22023.59758	8988.83294
47721.21031	649.9860391	22015.40924	8987.662728
47621.55797	650.2418756	22007.16564	8986.4836
47521.91037	650.499796	21998.86636	8985.295476
47422.26757	650.7598207	21990.51099	8984.098277
47322.62964	651.0219707	21982.09912	8982.891919
47222.99665	651.2862671	21973.63033	8981.676322
47123.36867	651.5527312	21965.10419	8980.4514
47023.74577	651.8213847	21956.52028	8979.217072
46924.12803	652.0922494	21947.87819	8977.973251
46824.51551	652.3653474	21939.17746	8976.719852
46724.9083	652.640701	21930.41768	8975.456788
46625.30648	652.9183329	21921.5984	8974.183973
46525.71011	653.1982659	21912.7192	8972.901318
46426.11927	653.4805232	21903.77962	8971.608733
46326.53405	653.7651281	21894.77922	8970.30613
46226.95453	654.0521043	21885.71755	8968.993417
46127.38078	654.3414757	21876.59417	8967.670503
46027.81289	654.6332666	21867.40863	8966.337295
45928.25095	654.9275013	21858.16045	8964.9937
45828.69503	655.2242048	21848.8492	8963.639623
45729.14524	655.523402	21839.47439	8962.274969
45629.60164	655.8251182	21830.03558	8960.899642
45530.06434	656.1293792	21820.53229	8959.513545
45430.53342	656.4362108	21810.96405	8958.11658
45331.00897	656.7456392	21801.33039	8956.708647
45231.49109	657.0576911	21791.63082	8955.289648
45131.97987	657.3723932	21781.86488	8953.85948
45032.4754	657.6897726	21772.03208	8952.418043
44932.97779	658.0098569	21762.13193	8950.965233
44833.48712	658.3326738	21752.16395	8949.500946
44734.00351	658.6582514	21742.12764	8948.025078
44634.52705	658.9866182	21732.02251	8946.537523
44535.05783	659.3178028	21721.84807	8945.038174
44435.59598	659.6518345	21711.60381	8943.526923
44336.14158	659.9887426	21701.28923	8942.003662
44236.69475	660.3285568	21690.90383	8940.46828
44137.2556	660.6713074	21680.4471	8938.920666
44037.82423	661.0170248	21669.91852	8937.360709
43938.40075	661.3657398	21659.31758	8935.788295
43838.98528	661.7174835	21648.64377	8934.203311
43739.57794	662.0722876	21637.89656	8932.605641
43640.17883	662.4301839	21627.07544	8930.995168
43540.78807	662.7912048	21616.17988	8929.371776
43441.40579	663.1553828	21605.20934	8927.735346
43342.03209	663.5227511	21594.16331	8926.085759
43242.66712	663.8933431	21583.04124	8924.422893
43143.31098	664.2671925	21571.8426	8922.746627
43043.9638	664.6443336	21560.56685	8921.056837
42944.62572	665.024801	21549.21345	8919.353401
42845.29685	665.4086298	21537.78186	8917.636193
42745.97733	665.7958553	21526.27152	8915.905085
42646.66729	666.1865134	21514.68189	8914.159951
42547.36686	666.5806404	21503.01242	8912.400663
42448.07618	666.9782729	21491.26255	8910.627089
42348.79539	667.379448	21479.43172	8908.839099
42249.52463	667.7842034	21467.51938	8907.036561
42150.26403	668.1925769	21455.52496	8905.21934
42051.01374	668.6046071	21443.4479	8903.387304
41951.7739	669.0203328	21431.28763	8901.540314
41852.54466	669.4397933	21419.04358	8899.678235
41753.32617	669.8630285	21406.71518	8897.800928
41654.11857	670.2900785	21394.30186	8895.908254
41554.92203	670.7209842	21381.80304	8894.000071
41455.73669	671.1557868	21369.21814	8892.076237
41356.5627	671.5945279	21356.54658	8890.136609
41257.40024	672.0372497	21343.78778	8888.181043
41158.24945	672.4839949	21330.94115	8886.209392
41059.11049	672.9348067	21318.00611	8884.221509
40959.98354	673.3897287	21304.98206	8882.217246
40860.86876	673.8488052	21291.86843	8880.196452
40761.76631	674.3120808	21278.66461	8878.158978
40662.67637	674.7796008	21265.37	8876.10467
40563.5991	675.2514109	21251.98403	8874.033376
40464.53468	675.7275575	21238.50607	8871.944938
40365.48329	676.2080873	21224.93555	8869.839203
40266.4451	676.6930477	21211.27184	8867.716011
40167.4203	677.1824867	21197.51436	8865.575204
40068.40907	677.6764527	21183.6625	8863.416622
39969.41158	678.1749948	21169.71565	8861.240103
39870.42803	678.6781626	21155.6732	8859.045483
39771.45861	679.1860064	21141.53455	8856.832599
39672.50351	679.6985768	21127.29908	8854.601285
39573.56292	680.2159254	21112.9662	8852.351374
39474.63703	680.738104	21098.53527	8850.082697
39375.72604	681.2651652	21084.0057	8847.795085
39276.83016	681.7971623	21069.37687	8845.488366
39177.94958	682.334149	21054.64816	8843.162369
39079.0845	682.8761797	21039.81896	8840.816918
38980.23515	683.4233095	21024.88865	8838.45184
38881.40171	683.9755941	21009.85662	8836.066956
38782.58441	684.5330899	20994.72225	8833.66209
38683.78345	685.0958537	20979.48492	8831.237062
38584.99905	685.6639433	20964.14402	8828.791691
38486.23143	686.2374169	20948.69893	8826.325795
38387.48081	686.8163336	20933.14902	8823.839191
38288.74741	687.4007529	20917.4937	8821.331694
38190.03145	687.9907352	20901.73232	8818.803117
38091.33316	688.5863416	20885.86429	8816.253273
37992.65277	689.1876337	20869.88897	8813.681973
37893.99051	689.794674	20853.80577	8811.089026
37795.34661	690.4075257	20837.61405	8808.474242
37696.72131	691.0262525	20821.31321	8805.837426
37598.11484	691.6509191	20804.90263	8803.178384
37499.52745	692.2815909	20788.3817	8800.496922
37400.95937	692.9183337	20771.7498	8797.79284
37302.41086	693.5612146	20755.00634	8795.065942
37203.88214	694.210301	20738.15068	8792.316027
37105.37349	694.8656612	20721.18224	8789.542894
37006.88513	695.5273644	20704.1004	8786.746341
36908.41734	696.1954804	20686.90455	8783.926164
36809.97036	696.8700799	20669.5941	8781.082157
36711.54444	697.5512344	20652.16845	8778.214115
36613.13986	698.2390161	20634.62699	8775.32183
36514.75686	698.9334979	20616.96913	8772.405092
36416.39571	699.6347539	20599.19428	8769.463692
36318.05669	700.3428587	20581.30185	8766.497418
36219.74004	701.0578877	20563.29124	8763.506057
36121.44605	701.7799174	20545.16188	8760.489396
36023.17498	702.509025	20526.91319	8757.447218
35924.92712	703.2452883	20508.54457	8754.379309
35826.70272	703.9887865	20490.05547	8751.28545
35728.50207	704.7395992	20471.44531	8748.165422
35630.32545	705.497807	20452.71351	8745.019005
35532.17313	706.2634914	20433.85953	8741.84598
35434.04541	707.0367348	20414.88279	8738.646122
35335.94255	707.8176206	20395.78275	8735.419209
35237.86486	708.6062328	20376.55886	8732.165017
35139.8126	709.4026566	20357.21056	8728.883321
35041.78609	710.2069779	20337.73733	8725.573892
34943.78559	711.0192837	20318.13862	8722.236505
34845.81141	711.8396617	20298.4139	8718.870931
34747.86384	712.6682008	20278.56266	8715.47694
34649.94317	713.5049906	20258.58438	8712.054302
34552.04969	714.3501219	20238.47854	8708.602785
34454.18371	715.2036861	20218.24463	8705.122158
34356.34552	716.0657759	20197.88216	8701.612186
34258.53542	716.9364848	20177.39064	8698.072637
34160.75371	717.8159072	20156.76957	8694.503275
34063.0007	718.7041386	20136.01849	8690.903866
33965.27667	719.6012755	20115.13692	8687.274172
33867.58194	720.5074153	20094.12439	8683.613957
33769.91681	721.4226565	20072.98046	8679.922983
33672.28158	722.3470984	20051.70467	8676.201011
33574.67656	723.2808414	20030.29658	8672.447804
33477.10205	724.2239871	20008.75576	8668.663122
33379.55836	725.1766379	19987.0818	8664.846724
33282.04579	726.1388972	19965.27427	8660.998371
33184.56465	727.1108696	19943.33277	8657.11782
33087.11525	728.0926605	19921.25691	8653.204833
32989.69789	729.0843766	19899.04631	8649.259165
32892.31287	730.0861253	19876.70059	8645.280577
32794.96051	731.0980154	19854.21938	8641.268825
32697.64111	732.1201566	19831.60233	8637.223667
32600.35497	733.1526595	19808.8491	8633.144861
32503.10239	734.195636	19785.95935	8629.032164
32405.88369	735.2491988	19762.93277	8624.885334
32308.69917	736.3134619	19739.76904	8620.704127
32211.54912	737.3885403	19716.46787	8616.488302
32114.43385	738.47455	19693.02897	8612.237615
32017.35366	739.571608	19669.45207	8607.951825
31920.30884	740.6798325	19645.73691	8603.630689
31823.2997	741.7993427	19621.88324	8599.273966
31726.32653	742.930259	19597.89082	8594.881414
31629.38963	744.0727027	19573.75943	8590.452792
31532.48928	745.2267963	19549.48887	8585.98786
31435.62577	746.3926632	19525.07894	8581.486378
31338.7994	747.570428	19500.52947	8576.948106
31242.01045	748.7602165	19475.84028	8572.372807
31145.25921	749.9621552	19451.01123	8567.760241
31048.54595	751.1763722	19426.04218	8563.110172
30951.87095	752.4029961	19400.93301	8558.422365
30855.23449	753.6421571	19375.68362	8553.696584
30758.63684	754.8939859	19350.29392	8548.932594
30662.07826	756.1586148	19324.76384	8544.130164
30565.55904	757.4361769	19299.09332	8539.289062
30469.07941	758.7268063	19273.28232	8534.409056
30372.63965	760.0306383	19247.33081	8529.48992
30276.24001	761.3478092	19221.23881	8524.531424
30179.88073	762.6784562	19195.0063	8519.533344
30083.56207	764.0227178	19168.63334	8514.495455
29987.28426	765.3807334	19142.11995	8509.417536
29891.04754	766.7526432	19115.46622	8504.299364
29794.85213	768.1385889	19088.67222	8499.140723
29698.69828	769.5387128	19061.73807	8493.941396
29602.58619	770.9531584	19034.66387	8488.701168
29506.51609	772.38207	19007.44978	8483.419827
29410.48818	773.8255932	18980.09595	8478.097164
29314.50267	775.2838742	18952.60257	8472.732971
29218.55975	776.7570605	18924.96983	8467.327044
29122.65962	778.2453002	18897.19797	8461.879181
29026.80246	779.7487427	18869.28722	8456.389183
28930.98844	781.267538	18841.23785	8450.856853
28835.21775	782.8018373	18813.05014	8445.281998
28739.49054	784.3517924	18784.72439	8439.664429
28643.80698	785.9175562	18756.26094	8434.003957
28548.1672	787.4992823	18727.66014	8428.3004
28452.57135	789.0971253	18698.92234	8422.553578
28357.01957	790.7112405	18670.04796	8416.763313
28261.51198	792.3417841	18641.0374	8410.929434
28166.04869	793.988913	18611.89111	8405.051771
28070.62982	795.6527849	18582.60954	8399.130159
27975.25546	797.3335582	18553.19318	8393.164438
27879.9257	799.0313921	18523.64254	8387.154451
27784.64063	800.7464465	18493.95815	8381.100046
27689.40031	802.4788818	18464.14056	8375.001075
27594.2048	804.2288593	18434.19036	8368.857395
27499.05417	805.9965407	18404.10816	8362.668867
27403.94844	807.7820884	18373.89457	8356.435358
27308.88765	809.5856653	18343.55025	8350.15674
27213.87182	811.4074348	18313.07588	8343.832889
27118.90095	813.247561	18282.47216	8337.463687
27023.97505	815.1062081	18251.73983	8331.049023
26929.09411	816.9835411	18220.87962	8324.588788
26834.25809	818.8797252	18189.89232	8318.082883
26739.46696	820.7949259	18158.77874	8311.531211
26644.72068	822.7293092	18127.53971	8304.933683
26550.01918	824.6830411	18096.17607	8298.290217
26455.36238	826.6562882	18064.68871	8291.600736
26360.75021	828.6492169	18033.07855	8284.86517
26266.18257	830.661994	18001.3465	8278.083455
26171.65934	832.6947863	17969.49355	8271.255535
26077.1804	834.7477606	17937.52066	8264.38136
25982.74561	836.821084	17905.42885	8257.460887
25888.35482	838.9149231	17873.21918	8250.494082
25794.00787	841.0294447	17840.89269	8243.480916
25699.70458	843.1648153	17808.4505	8236.421368
25605.44475	845.3212013	17775.89371	8229.315428
25511.22818	847.4987688	17743.22348	8222.163089
25417.05464	849.6976834	17710.44098	8214.964356
25322.9239	851.9181105	17677.54742	8207.71924
25228.83571	854.160215	17644.54403	8200.427762
25134.7898	856.4241611	17611.43207	8193.08995
25040.78589	858.7101128	17578.21282	8185.705842
24946.82369	861.0182329	17544.88759	8178.275484
24852.90288	863.348684	17511.45773	8170.798933
24759.02314	865.7016274	17477.92461	8163.276251
24665.18412	868.0772239	17444.28962	8155.707515
24571.38546	870.475633	17410.55418	8148.092807
24477.6268	872.8970135	17376.71975	8140.432222
24383.90773	875.3415229	17342.78782	8132.725862
24290.22786	877.8093173	17308.75987	8124.973842
24196.58676	880.3005517	17274.63746	8117.176284
24102.98398	882.8153798	17240.42214	8109.333324
24009.41909	885.3539535	17206.11551	8101.445107
23915.89159	887.9164234	17171.71919	8093.511787
23822.40102	890.5029382	17137.23481	8085.533532
23728.94685	893.1136451	17102.66407	8077.51052
23635.52856	895.748689	17068.00865	8069.442939
23542.14563	898.4082131	17033.27029	8061.330989
23448.79749	901.0923585	16998.45075	8053.174884
23355.48357	903.8012639	16963.55182	8044.974847
23262.20328	906.5350659	16928.5753	8036.731113
23168.95601	909.2938984	16893.52303	8028.443931
23075.74115	912.077893	16858.3969	8020.113561
22982.55804	914.8871783	16823.19878	8011.740277
22889.40604	917.7218804	16787.93062	8003.324362
22796.28447	920.5821223	16752.59434	7994.866115
22703.19264	923.4680239	16717.19194	7986.365848
22610.12984	926.379702	16681.72543	7977.823885
22517.09535	929.3172698	16646.19682	7969.240562
22424.08842	932.2808374	16610.60818	7960.616231
22331.1083	935.270511	16574.9616	7951.951257
22238.15421	938.2863931	16539.25919	7943.246017
22145.22536	941.3285823	16503.50309	7934.500904
22052.32094	944.3971729	16467.69547	7925.716324
21959.44014	947.4922554	16431.83851	7916.892696
21866.5821	950.6139155	16395.93445	7908.030455
21773.74598	953.7622346	16359.98551	7899.130051
21680.93089	956.9372893	16323.99398	7890.191947
21588.13596	960.1391512	16287.96215	7881.216622
21495.36027	963.367887	16251.89235	7872.204568
21402.60291	966.6235581	16215.78692	7863.156293
21309.86294	969.9062206	16179.64823	7854.072321
21217.13941	973.2159249	16143.4787	7844.953191
21124.43136	976.5527156	16107.28073	7835.799456
21031.7378	979.9166315	16071.05679	7826.611686
20939.05774	983.3077052	16034.80934	7817.390464
20846.39018	986.7259628	15998.54089	7808.136393
20753.73408	990.1714241	15962.25395	7798.850089
20661.08842	993.6441022	15925.95108	7789.532182
20568.45213	997.144003	15889.63485	7780.183322
20475.82416	1000.671126	15853.30785	7770.804173
20383.20343	1004.225462	15816.97271	7761.395415
20290.58885	1007.806995	15780.63206	7751.957745
20197.97932	1011.415703	15744.28856	7742.491875
20105.37372	1015.051553	15707.94492	7732.998533
20012.77093	1018.714505	15671.60384	7723.478467
19920.16981	1022.404512	15635.26805	7713.932436
19827.5692	1026.121517	15598.94031	7704.361221
19734.96797	1029.865455	15562.62339	7694.765614
19642.36492	1033.63625	15526.3201	7685.146428
19549.75889	1037.43382	15490.03326	7675.50449
19457.14869	1041.258071	15453.7657	7665.840644
19364.53311	1045.108899	15417.52029	7656.155751
19271.91096	1048.986193	15381.29992	7646.450688
19179.28101	1052.88983	15345.10748	7636.726349
19086.64206	1056.819676	15308.94589	7626.983643
18993.99286	1060.775586	15272.81811	7617.223498
18901.33218	1064.757408	15236.72708	7607.446855
18808.65879	1068.764975	15200.67579	7597.654675
18715.97143	1072.798109	15164.66724	7587.847932
18623.26885	1076.856624	15128.70444	7578.027618
18530.5498	1080.940317	15092.79043	7568.19474
18437.81301	1085.048979	15056.92826	7558.350321
18345.05723	1089.182384	15021.12099	7548.495401
18252.28117	1093.340296	14985.3717	7538.631035
18159.48359	1097.522465	14949.68351	7528.758292
18066.66319	1101.728632	14914.05951	7518.878257
17973.81872	1105.958519	14878.50285	7508.992033
17880.9489	1110.21184	14843.01666	7499.100735
17788.05246	1114.488293	14807.60411	7489.205492
17695.12812	1118.787564	14772.26837	7479.307451
17602.17462	1123.109323	14737.01262	7469.40777
17509.1907	1127.453228	14701.84005	7459.507623
17416.17508	1131.818923	14666.75388	7449.608197
17323.12651	1136.206036	14631.75733	7439.710693
17230.04373	1140.614181	14596.85363	7429.816326
17136.92549	1145.042959	14562.04602	7419.926321
17043.77054	1149.491955	14527.33775	7410.041919
16950.57765	1153.960739	14492.73208	7400.164371
16857.34559	1158.448865	14458.23227	7390.294941
16764.07312	1162.955874	14423.8416	7380.434904
16670.75905	1167.48129	14389.56336	7370.585547
16577.40215	1172.024622	14355.40083	7360.748167
16484.00125	1176.585363	14321.3573	7350.92407
16390.55515	1181.162993	14287.43608	7341.114574
16297.06268	1185.756971	14253.64045	7331.321005
16203.52268	1190.366746	14219.97373	7321.5447
16109.93401	1194.991748	14186.43922	7311.787
16016.29554	1199.631391	14153.04023	7302.049259
15922.60615	1204.285074	14119.78007	7292.332835
15828.86474	1208.95218	14086.66204	7282.639094
15735.07023	1213.632076	14053.68945	7272.969407
15641.22155	1218.324114	14020.8656	7263.325152
15547.31766	1223.027628	13988.1938	7253.707712
15453.35751	1227.741937	13955.67733	7244.118473
15359.34012	1232.466346	13923.31949	7234.558826
15265.26448	1237.200143	13891.12356	7225.030164
15171.12963	1241.9426	13859.09281	7215.533884
15076.93463	1246.692974	13827.23052	7206.071384
14982.67856	1251.450507	13795.53994	7196.644062
14888.36051	1256.214426	13764.02432	7187.253317
14793.97962	1260.983943	13732.68689	7177.900548
14699.53504	1265.758253	13701.53087	7168.587153
14605.02594	1270.536541	13670.55948	7159.314527
14510.45154	1275.317974	13639.77589	7150.084063
14415.81107	1280.101706	13609.18328	7140.897151
14321.10378	1284.886878	13578.78481	7131.755174
14226.32896	1289.672617	13548.58361	7122.659514
14131.48595	1294.458037	13518.5828	7113.611545
14036.57408	1299.242239	13488.78546	7104.612633
13941.59275	1304.024313	13459.19467	7095.664138
13846.54136	1308.803335	13429.81347	7086.767413
13751.41935	1313.578371	13400.64486	7077.923798
13656.22622	1318.348476	13371.69184	7069.134625
13560.96146	1323.112694	13342.95737	7060.401216
13465.62463	1327.870058	13314.44436	7051.72488
13370.2153	1332.619593	13286.15572	7043.106913
13274.73309	1337.360315	13258.09429	7034.548597
13179.17765	1342.09123	13230.2629	7026.051202
13083.54866	1346.811339	13202.66433	7017.61598
12987.84585	1351.519633	13175.30133	7009.244169
12892.06898	1356.215098	13148.17659	7000.936987
12796.21785	1360.896714	13121.29278	6992.695638
12700.29227	1365.563455	13094.65251	6984.521304
12604.29213	1370.214292	13068.25836	6976.41515
12508.21734	1374.848191	13042.11283	6968.378318
12412.06783	1379.464116	13016.21841	6960.411931
12315.8436	1384.061029	12990.57752	6952.517088
12219.54466	1388.637889	12965.19251	6944.694868
12123.17107	1393.193656	12940.06571	6936.946323
12026.72293	1397.72729	12915.19936	6929.272483
11930.20038	1402.237753	12890.59567	6921.674353
11833.60359	1406.724006	12866.25678	6914.152909
11736.93276	1411.185016	12842.18476	6906.709104
11640.18816	1415.619753	12818.38162	6899.343861
11547.82898	1419.824895	12795.92672	6892.391743
11470.81214	1423.309563	12777.40376	6886.654096
11406.59625	1426.199435	12762.10024	6881.91179
11353.05866	1428.597701	12749.43957	6877.987183
11308.42714	1430.589208	12738.95331	6874.73575
11271.22253	1432.243828	12730.25953	6872.039526
11240.2106	1433.619183	12723.04588	6869.801946
11214.36172	1434.762861	12717.05619	6867.943754
11192.8171	1435.714209	12712.07987	6866.399758
11174.86055	1436.505798	12707.94342	6865.116222
11159.89489	1437.164617	12704.50367	6864.048786
11147.42221	1437.713048	12701.64228	6863.160769
11137.02741	1438.169665	12699.26131	6862.421807
11128.36445	1438.549896	12697.27961	6861.806736
11121.14488	1438.866556	12695.6299	6861.294686
11115.12828	1439.130303	12694.25632	6860.86833
11110.11423	1439.349995	12693.11249	6860.513279
11105.93572	1439.533006	12692.15987	6860.217574
11102.45352	1439.685468	12691.36642	6859.971272
11099.55162	1439.812488	12690.70548	6859.766102
11097.13332	1439.918315	12690.15489	6859.595184
11095.11803	1440.006489	12689.6962	6859.452792
11093.43861	1440.079957	12689.31404	6859.33416
11092.03907	1440.141172	12688.99565	6859.235319
11090.87277	1440.19218	12688.73036	6859.152965
11089.90085	1440.234682	12688.50932	6859.084346
11088.92893	1440.277182	12688.28831	6859.015735
11087.76261	1440.328177	12688.02313	6858.933413
11086.36301	1440.389364	12687.70497	6858.834643
11084.68347	1440.462781	12687.32326	6858.716141
11082.668	1440.550867	12686.86531	6858.573972
11080.24939	1440.656552	12686.31593	6858.403418
11077.34701	1440.783347	12685.65691	6858.198821
11073.86406	1440.935461	12684.86641	6857.953403
11069.6844	1441.117943	12683.91829	6857.659045
11064.66863	1441.33684	12682.78123	6857.306021
11058.64947	1441.599399	12681.41775	6856.882687
11051.42611	1441.914302	12679.78299	6856.375112
11042.75756	1442.291942	12677.82333	6855.766637
11032.35456	1442.744759	12675.47469	6855.037352
11019.86989	1443.287632	12672.66057	6854.163485
11004.88674	1443.938347	12669.28976	6853.116684
10986.90475	1444.718144	12665.25361	6851.863172
10965.32317	1445.652365	12660.42298	6850.362782
10939.42069	1446.771206	12654.64456	6848.567828
10908.33114	1448.110588	12647.73693	6846.421841
10871.01422	1449.713156	12639.48594	6843.858144
10826.22034	1451.629414	12629.63981	6840.798299
10772.44823	1453.918973	12617.90392	6837.150456
10707.89379	1456.651907	12603.93556	6832.8077
10630.38853	1459.91013	12587.33918	6827.646527
10537.32516	1463.788718	12567.66285	6821.52569
10439.70439	1467.817036	12547.31823	6815.194935
10342.01658	1471.806148	12527.2625	6808.952161
10244.26248	1475.755179	12507.49661	6802.797838
10146.44286	1479.663275	12488.02141	6796.732398
10048.55852	1483.5296	12468.83764	6790.75624
9950.610274	1487.353337	12449.94599	6784.869727
9852.598985	1491.133692	12431.34704	6779.073185
9754.525528	1494.86989	12413.04127	6773.366907
9656.390804	1498.56118	12395.02909	6767.751146
9558.195737	1502.206834	12377.31081	6762.226121
9459.941276	1505.806148	12359.88665	6756.792016
9361.628387	1509.358442	12342.75673	6751.448977
9263.258057	1512.863062	12325.92109	6746.197114
9164.831292	1516.319381	12309.37965	6741.036502
9066.349115	1519.726797	12293.13227	6735.967178
8967.812565	1523.084738	12277.17869	6730.989145
8869.222695	1526.392656	12261.51857	6726.102368
8770.580572	1529.650036	12246.15145	6721.306778
8671.887276	1532.85639	12231.07681	6716.60227
8573.143896	1536.01126	12216.29401	6711.988703
8474.351531	1539.114217	12201.80232	6707.465901
8375.51129	1542.164865	12187.60092	6703.033655
8276.624287	1545.162836	12173.68888	6698.691719
8177.691644	1548.107795	12160.06521	6694.439815
8078.714485	1550.999439	12146.72878	6690.277628
7979.693938	1553.837495	12133.67839	6686.204814
7880.631134	1556.621723	12120.91276	6682.220991
7781.527202	1559.351915	12108.4305	6678.32575
7682.383273	1562.027896	12096.23012	6674.518644
7583.200475	1564.649523	12084.31005	6670.799199
7483.979933	1567.216685	12072.66864	6667.166907
7384.722767	1569.729304	12061.30414	6663.62123
7285.430093	1572.187334	12050.2147	6660.1616
7186.103019	1574.590761	12039.39841	6656.787419
7086.742646	1576.939606	12028.85324	6653.498062
6987.350067	1579.233918	12018.57712	6650.292871
6887.926363	1581.473782	12008.56784	6647.171165
6788.472607	1583.659311	11998.82316	6644.132231
6688.989857	1585.790653	11989.34073	6641.175334
6589.479163	1587.867984	11980.11812	6638.299709
6489.941556	1589.891514	11971.15284	6635.504566
6390.378055	1591.861482	11962.44231	6632.789093
6290.789665	1593.778156	11953.98387	6630.152451
6191.177372	1595.641836	11945.77481	6627.593777
6091.542148	1597.452849	11937.81231	6625.112187
5991.884944	1599.211554	11930.09352	6622.706773
5892.206697	1600.918334	11922.61549	6620.376607
5792.508323	1602.573605	11915.37523	6618.120738
5692.790717	1604.177805	11908.36966	6615.938196
5593.054758	1605.731403	11901.59566	6613.827991
5493.301302	1607.234891	11895.05003	6611.789112
5393.531184	1608.688789	11888.72952	6609.820532
5293.745219	1610.09364	11882.63082	6607.921206
5193.944201	1611.450013	11876.75055	6606.09007
5094.1289	1612.758499	11871.08531	6604.326044
4994.300066	1614.019713	11865.63162	6602.628033
4894.458426	1615.234291	11860.38595	6600.994926
4794.604686	1616.402894	11855.34473	6599.425597
4694.739525	1617.5262	11850.50434	6597.918906
4594.863606	1618.60491	11845.86111	6596.473698
4494.977564	1619.639742	11841.41134	6595.088808
4395.082014	1620.631436	11837.15128	6593.763057
4295.177547	1621.580748	11833.07713	6592.495252
4195.264732	1622.488452	11829.18507	6591.284193
4095.344115	1623.35534	11825.47123	6590.128664
3995.416221	1624.182218	11821.9317	6589.027444
3895.481552	1624.969909	11818.56256	6587.979299
3795.540588	1625.71925	11815.35984	6586.982985
3695.593788	1626.431094	11812.31954	6586.037251
3595.641588	1627.106304	11809.43764	6585.140839
3495.684404	1627.74576	11806.71009	6584.292479
3395.722632	1628.35035	11804.1328	6583.490896
3295.756645	1628.920976	11801.70168	6582.73481
3195.7868	1629.45855	11799.4126	6582.02293
3095.813429	1629.963996	11797.26141	6581.353961
2995.83685	1630.438245	11795.24395	6580.726604
2895.857358	1630.882239	11793.35603	6580.139553
2795.875233	1631.296927	11791.59346	6579.591495
2695.890734	1631.683269	11789.952	6579.081115
2595.904105	1632.042229	11788.42743	6578.607093
2495.915572	1632.374779	11787.0155	6578.168104
2395.925346	1632.681899	11785.71194	6577.762822
2295.933619	1632.964572	11784.51248	6577.389914
2195.940572	1633.223791	11783.41283	6577.048046
2095.946368	1633.460549	11782.40871	6576.735881
1995.951158	1633.675846	11781.4958	6576.452078
1895.955079	1633.870687	11780.6698	6576.195296
1795.958253	1634.04608	11779.92637	6575.96419
1695.960794	1634.203035	11779.2612	6575.757414
1595.962801	1634.342568	11778.66996	6575.573619
1495.964362	1634.465694	11778.14829	6575.411457
1395.965556	1634.573435	11777.69187	6575.269576
1295.966453	1634.666811	11777.29633	6575.146625
1195.967111	1634.746845	11776.95734	6575.04125
1095.967581	1634.814564	11776.67053	6574.952097
995.9679069	1634.870993	11776.43156	6574.877812
895.9681246	1634.91716	11776.23605	6574.817039
795.9682634	1634.954094	11776.07965	6574.768424
695.9683471	1634.982823	11775.95799	6574.730609
595.9683939	1635.004377	11775.86672	6574.702239
495.9684176	1635.019788	11775.80147	6574.681956
395.9684279	1635.030084	11775.75787	6574.668403
295.9684315	1635.036298	11775.73156	6574.660225
195.9684324	1635.03946	11775.71817	6574.656063
95.96843246	1635.040602	11775.71334	6574.65456
