105469.6429	12501.01941	5224.172883	5232.352254
105369.6431	12501.17392	5224.046701	5232.342453
105269.6433	12501.329	5223.920054	5232.332617
105169.6435	12501.48464	5223.792939	5232.322745
105069.6438	12501.64086	5223.665355	5232.312837
104969.644	12501.79765	5223.537299	5232.302894
104869.6442	12501.95501	5223.408769	5232.292913
104769.6444	12502.11295	5223.279764	5232.282897
104669.6446	12502.27147	5223.150279	5232.272843
104569.6448	12502.43058	5223.020315	5232.262753
104469.645	12502.59027	5222.889868	5232.252626
104369.6452	12502.75055	5222.758936	5232.242462
104269.6454	12502.91142	5222.627517	5232.23226
104169.6457	12503.07289	5222.495609	5232.222021
104069.6459	12503.23495	5222.363209	5232.211745
103969.6461	12503.39762	5222.230315	5232.20143
103869.6463	12503.56088	5222.096925	5232.191078
103769.6465	12503.72476	5221.963037	5232.180688
103669.6468	12503.88923	5221.828648	5232.170259
103569.647	12504.05432	5221.693756	5232.159792
103469.6472	12504.22003	5221.558359	5232.149286
103369.6475	12504.38635	5221.422455	5232.138741
103269.6477	12504.55328	5221.28604	5232.128157
103169.6479	12504.72084	5221.149113	5232.117534
103069.6482	12504.88903	5221.011671	5232.106872
102969.6484	12505.05784	5220.873712	5232.09617
102869.6486	12505.22729	5220.735233	5232.085429
102769.6489	12505.39736	5220.596233	5232.074647
102669.6491	12505.56808	5220.456708	5232.063826
102569.6494	12505.73943	5220.316657	5232.052964
102469.6496	12505.91142	5220.176076	5232.042062
102369.6499	12506.08406	5220.034963	5232.031119
102269.6501	12506.25735	5219.893316	5232.020135
102169.6504	12506.43129	5219.751133	5232.009111
102069.6506	12506.60588	5219.60841	5231.998045
101969.6509	12506.78113	5219.465145	5231.986937
101869.6511	12506.95704	5219.321336	5231.975789
101769.6514	12507.13361	5219.176981	5231.964598
101669.6517	12507.31085	5219.032076	5231.953366
101569.6519	12507.48876	5218.886619	5231.942091
101469.6522	12507.66735	5218.740607	5231.930774
101369.6525	12507.8466	5218.594038	5231.919414
101269.6527	12508.02654	5218.446909	5231.908012
101169.653	12508.20716	5218.299218	5231.896567
101069.6533	12508.38846	5218.150962	5231.885078
100969.6536	12508.57045	5218.002138	5231.873547
100869.6538	12508.75313	5217.852744	5231.861971
100769.6541	12508.93651	5217.702776	5231.850352
100669.6544	12509.12059	5217.552233	5231.83869
100569.6547	12509.30537	5217.401111	5231.826983
100469.655	12509.49085	5217.249407	5231.815231
100369.6553	12509.67704	5217.09712	5231.803435
100269.6556	12509.86394	5216.944245	5231.791595
100169.6559	12510.05155	5216.790781	5231.779709
100069.6562	12510.23989	5216.636725	5231.767778
99969.65645	12510.42894	5216.482073	5231.755802
99869.65675	12510.61872	5216.326823	5231.743781
99769.65706	12510.80923	5216.170972	5231.731713
99669.65736	12511.00046	5216.014518	5231.7196
99569.65767	12511.19244	5215.857456	5231.70744
99469.65798	12511.38515	5215.699785	5231.695234
99369.6583	12511.5786	5215.541502	5231.682981
99269.65861	12511.7728	5215.382603	5231.670681
99169.65893	12511.96775	5215.223085	5231.658334
99069.65925	12512.16345	5215.062946	5231.64594
98969.65957	12512.35991	5214.902183	5231.633498
98869.6599	12512.55712	5214.740793	5231.621009
98769.66023	12512.7551	5214.578772	5231.608471
98669.66056	12512.95385	5214.416117	5231.595886
98569.66089	12513.15336	5214.252826	5231.583252
98469.66123	12513.35365	5214.088896	5231.570569
98369.66156	12513.55472	5213.924323	5231.557837
98269.6619	12513.75657	5213.759104	5231.545056
98169.66225	12513.95921	5213.593236	5231.532226
98069.66259	12514.16263	5213.426716	5231.519346
97969.66294	12514.36685	5213.259541	5231.506417
97869.6633	12514.57186	5213.091708	5231.493437
97769.66365	12514.77767	5212.923213	5231.480407
97669.66401	12514.98429	5212.754054	5231.467327
97569.66437	12515.19172	5212.584226	5231.454195
97469.66473	12515.39996	5212.413728	5231.441013
97369.6651	12515.60901	5212.242554	5231.42778
97269.66547	12515.81888	5212.070703	5231.414495
97169.66584	12516.02958	5211.898171	5231.401158
97069.66621	12516.24111	5211.724955	5231.387769
96969.66659	12516.45346	5211.551051	5231.374328
96869.66697	12516.66665	5211.376455	5231.360834
96769.66735	12516.88069	5211.201165	5231.347288
96669.66774	12517.09556	5211.025178	5231.333689
96569.66813	12517.31128	5210.848488	5231.320036
96469.66852	12517.52786	5210.671095	5231.30633
96369.66892	12517.74529	5210.492993	5231.29257
96269.66932	12517.96358	5210.314179	5231.278756
96169.66972	12518.18274	5210.13465	5231.264888
96069.67013	12518.40276	5209.954402	5231.250966
95969.67053	12518.62366	5209.773432	5231.236988
95869.67095	12518.84543	5209.591736	5231.222956
95769.67136	12519.06809	5209.409311	5231.208868
95669.67178	12519.29163	5209.226153	5231.194725
95569.6722	12519.51606	5209.042258	5231.180525
95469.67263	12519.74138	5208.857623	5231.16627
95369.67306	12519.96761	5208.672244	5231.151958
95269.67349	12520.19473	5208.486117	5231.13759
95169.67392	12520.42277	5208.299239	5231.123164
95069.67436	12520.65171	5208.111605	5231.108682
94969.67481	12520.88157	5207.923213	5231.094141
94869.67525	12521.11236	5207.734059	5231.079544
94769.6757	12521.34406	5207.544138	5231.064888
94669.67616	12521.5767	5207.353446	5231.050173
94569.67661	12521.81027	5207.161981	5231.0354
94469.67707	12522.04478	5206.969737	5231.020568
94369.67754	12522.28024	5206.776712	5231.005677
94269.67801	12522.51664	5206.582901	5230.990727
94169.67848	12522.75399	5206.388301	5230.975717
94069.67895	12522.99231	5206.192906	5230.960646
93969.67943	12523.23158	5205.996715	5230.945516
93869.67992	12523.47183	5205.799721	5230.930324
93769.68041	12523.71304	5205.601922	5230.915072
93669.6809	12523.95523	5205.403313	5230.899758
93569.68139	12524.1984	5205.203891	5230.884383
93469.68189	12524.44256	5205.00365	5230.868946
93369.6824	12524.68771	5204.802588	5230.853447
93269.6829	12524.93386	5204.600699	5230.837886
93169.68342	12525.18101	5204.39798	5230.822261
93069.68393	12525.42916	5204.194427	5230.806574
92969.68445	12525.67832	5203.990035	5230.790823
92869.68498	12525.9285	5203.7848	5230.775009
92769.68551	12526.17971	5203.578717	5230.759131
92669.68604	12526.43193	5203.371783	5230.743188
92569.68658	12526.68519	5203.163994	5230.72718
92469.68712	12526.93949	5202.955344	5230.711108
92369.68767	12527.19483	5202.745829	5230.69497
92269.68822	12527.45121	5202.535445	5230.678767
92169.68878	12527.70865	5202.324188	5230.662498
92069.68934	12527.96714	5202.112054	5230.646163
91969.6899	12528.2267	5201.899036	5230.629761
91869.69047	12528.48733	5201.685132	5230.613292
91769.69104	12528.74903	5201.470337	5230.596756
91669.69162	12529.01181	5201.254645	5230.580152
91569.69221	12529.27567	5201.038053	5230.563481
91469.6928	12529.54062	5200.820556	5230.546741
91369.69339	12529.80667	5200.602149	5230.529933
91269.69399	12530.07382	5200.382827	5230.513055
91169.69459	12530.34207	5200.162587	5230.496109
91069.6952	12530.61144	5199.941422	5230.479092
90969.69582	12530.88192	5199.719329	5230.462006
90869.69644	12531.15353	5199.496302	5230.44485
90769.69706	12531.42627	5199.272337	5230.427623
90669.69769	12531.70014	5199.047429	5230.410325
90569.69832	12531.97515	5198.821573	5230.392955
90469.69896	12532.25131	5198.594763	5230.375514
90369.69961	12532.52862	5198.366997	5230.358
90269.70026	12532.80709	5198.138267	5230.340415
90169.70092	12533.08672	5197.908569	5230.322756
90069.70158	12533.36752	5197.677899	5230.305024
89969.70225	12533.6495	5197.446251	5230.287219
89869.70292	12533.93266	5197.21362	5230.26934
89769.7036	12534.217	5196.98	5230.251386
89669.70428	12534.50254	5196.745388	5230.233358
89569.70497	12534.78929	5196.509777	5230.215254
89469.70567	12535.07723	5196.273163	5230.197076
89369.70637	12535.36639	5196.035539	5230.178821
89269.70708	12535.65677	5195.796902	5230.160491
89169.70779	12535.94837	5195.557245	5230.142083
89069.70851	12536.24121	5195.316563	5230.123599
88969.70924	12536.53528	5195.074851	5230.105037
88869.70997	12536.83059	5194.832104	5230.086398
88769.71071	12537.12716	5194.588316	5230.067681
88669.71145	12537.42498	5194.343481	5230.048885
88569.71221	12537.72406	5194.097594	5230.03001
88469.71296	12538.02442	5193.85065	5230.011055
88369.71373	12538.32605	5193.602642	5229.992021
88269.7145	12538.62896	5193.353566	5229.972907
88169.71528	12538.93316	5193.103416	5229.953712
88069.71606	12539.23866	5192.852185	5229.934437
87969.71685	12539.54546	5192.599869	5229.91508
87869.71765	12539.85357	5192.346462	5229.895641
87769.71845	12540.163	5192.091957	5229.87612
87669.71926	12540.47375	5191.836349	5229.856516
87569.72008	12540.78583	5191.579632	5229.836829
87469.72091	12541.09925	5191.3218	5229.817059
87369.72174	12541.41401	5191.062848	5229.797205
87269.72258	12541.73013	5190.802768	5229.777266
87169.72343	12542.0476	5190.541557	5229.757243
87069.72428	12542.36644	5190.279206	5229.737134
86969.72514	12542.68664	5190.01571	5229.71694
86869.72601	12543.00823	5189.751064	5229.69666
86769.72689	12543.33121	5189.48526	5229.676293
86669.72778	12543.65558	5189.218293	5229.655839
86569.72867	12543.98135	5188.950157	5229.635298
86469.72957	12544.30853	5188.680845	5229.614668
86369.73048	12544.63712	5188.41035	5229.593951
86269.73139	12544.96714	5188.138667	5229.573144
86169.73232	12545.29859	5187.86579	5229.552249
86069.73325	12545.63148	5187.591711	5229.531264
85969.73419	12545.96581	5187.316424	5229.510188
85869.73514	12546.3016	5187.039923	5229.489022
85769.73609	12546.63885	5186.762201	5229.467765
85669.73706	12546.97757	5186.483252	5229.446416
85569.73803	12547.31777	5186.203069	5229.424975
85469.73901	12547.65945	5185.921645	5229.403441
85369.74	12548.00262	5185.638973	5229.381814
85269.741	12548.34729	5185.355047	5229.360094
85169.74201	12548.69348	5185.069861	5229.33828
85069.74303	12549.04118	5184.783406	5229.316371
84969.74405	12549.3904	5184.495677	5229.294368
84869.74509	12549.74115	5184.206666	5229.272269
84769.74613	12550.09345	5183.916367	5229.250073
84669.74719	12550.4473	5183.624771	5229.227782
84569.74825	12550.8027	5183.331873	5229.205393
84469.74932	12551.15967	5183.037665	5229.182907
84369.7504	12551.51821	5182.742141	5229.160323
84269.7515	12551.87834	5182.445291	5229.13764
84169.7526	12552.24006	5182.147111	5229.114858
84069.75371	12552.60337	5181.847592	5229.091976
83969.75483	12552.9683	5181.546726	5229.068995
83869.75596	12553.33484	5181.244507	5229.045913
83769.7571	12553.703	5180.940927	5229.022729
83669.75825	12554.0728	5180.635979	5228.999444
83569.75942	12554.44424	5180.329655	5228.976057
83469.76059	12554.81734	5180.021947	5228.952567
83369.76177	12555.19209	5179.712848	5228.928973
83269.76296	12555.56852	5179.402351	5228.905276
83169.76417	12555.94662	5179.090447	5228.881474
83069.76538	12556.32641	5178.777128	5228.857568
82969.76661	12556.7079	5178.462387	5228.833555
82869.76785	12557.09109	5178.146216	5228.809437
82769.76909	12557.476	5177.828608	5228.785212
82669.77035	12557.86263	5177.509553	5228.76088
82569.77162	12558.251	5177.189044	5228.73644
82469.77291	12558.64111	5176.867074	5228.711891
82369.7742	12559.03297	5176.543633	5228.687234
82269.77551	12559.42659	5176.218713	5228.662467
82169.77682	12559.82199	5175.892308	5228.63759
82069.77815	12560.21917	5175.564407	5228.612603
81969.77949	12560.61813	5175.235003	5228.587504
81869.78085	12561.0189	5174.904087	5228.562293
81769.78221	12561.42148	5174.571651	5228.536969
81669.78359	12561.82588	5174.237686	5228.511533
81569.78498	12562.23211	5173.902185	5228.485983
81469.78639	12562.64018	5173.565137	5228.460318
81369.7878	12563.05011	5173.226535	5228.434539
81269.78923	12563.46189	5172.88637	5228.408644
81169.79068	12563.87554	5172.544633	5228.382632
81069.79213	12564.29107	5172.201314	5228.356505
80969.7936	12564.7085	5171.856406	5228.330259
80869.79509	12565.12783	5171.5099	5228.303896
80769.79658	12565.54907	5171.161785	5228.277414
80669.79809	12565.97223	5170.812054	5228.250812
80569.79962	12566.39733	5170.460696	5228.224091
80469.80116	12566.82437	5170.107703	5228.197249
80369.80271	12567.25336	5169.753066	5228.170286
80269.80428	12567.68432	5169.396775	5228.1432
80169.80586	12568.11726	5169.038821	5228.115992
80069.80745	12568.55219	5168.679194	5228.088661
79969.80906	12568.98911	5168.317885	5228.061206
79869.81069	12569.42804	5167.954885	5228.033627
79769.81233	12569.869	5167.590183	5228.005922
79669.81399	12570.31198	5167.223769	5227.978091
79569.81566	12570.75701	5166.855635	5227.950133
79469.81735	12571.20409	5166.485771	5227.922049
79369.81905	12571.65324	5166.114165	5227.893836
79269.82077	12572.10447	5165.74081	5227.865494
79169.8225	12572.55778	5165.365693	5227.837023
79069.82425	12573.0132	5164.988806	5227.808422
78969.82602	12573.47073	5164.610139	5227.77969
78869.82781	12573.93038	5164.22968	5227.750827
78769.82961	12574.39217	5163.84742	5227.721831
78669.83143	12574.85611	5163.463348	5227.692702
78569.83326	12575.3222	5163.077454	5227.663439
78469.83511	12575.79047	5162.689727	5227.634042
78369.83698	12576.26092	5162.300157	5227.60451
78269.83887	12576.73357	5161.908734	5227.574842
78169.84078	12577.20843	5161.515445	5227.545037
78069.8427	12577.68551	5161.120282	5227.515095
77969.84464	12578.16482	5160.723232	5227.485014
77869.8466	12578.64638	5160.324285	5227.454794
77769.84858	12579.1302	5159.92343	5227.424435
77669.85058	12579.61629	5159.520656	5227.393936
77569.85259	12580.10466	5159.115951	5227.363294
77469.85463	12580.59534	5158.709305	5227.332511
77369.85668	12581.08832	5158.300705	5227.301586
77269.85876	12581.58362	5157.890142	5227.270516
77169.86085	12582.08127	5157.477602	5227.239302
77069.86296	12582.58126	5157.063076	5227.207943
76969.8651	12583.08361	5156.64655	5227.176438
76869.86725	12583.58835	5156.228014	5227.144786
76769.86943	12584.09547	5155.807456	5227.112986
76669.87163	12584.60499	5155.384863	5227.081038
76569.87384	12585.11694	5154.960224	5227.04894
76469.87608	12585.63131	5154.533528	5227.016693
76369.87834	12586.14813	5154.10476	5226.984294
76269.88062	12586.6674	5153.673911	5226.951744
76169.88293	12587.18915	5153.240967	5226.919041
76069.88525	12587.71339	5152.805915	5226.886184
75969.8876	12588.24013	5152.368745	5226.853173
75869.88997	12588.76938	5151.929442	5226.820007
75769.89237	12589.30117	5151.487995	5226.786685
75669.89478	12589.83549	5151.044391	5226.753206
75569.89722	12590.37238	5150.598616	5226.719569
75469.89969	12590.91184	5150.150659	5226.685773
75369.90218	12591.45389	5149.700506	5226.651818
75269.90469	12591.99854	5149.248145	5226.617702
75169.90722	12592.54581	5148.793561	5226.583425
75069.90979	12593.09571	5148.336742	5226.548985
74969.91237	12593.64826	5147.877675	5226.514383
74869.91498	12594.20347	5147.416346	5226.479616
74769.91762	12594.76136	5146.952742	5226.444684
74669.92028	12595.32195	5146.486849	5226.409586
74569.92297	12595.88525	5146.018654	5226.374321
74469.92569	12596.45127	5145.548142	5226.338889
74369.92843	12597.02003	5145.0753	5226.303287
74269.9312	12597.59155	5144.600114	5226.267516
74169.93399	12598.16584	5144.12257	5226.231574
74069.93682	12598.74293	5143.642653	5226.19546
73969.93967	12599.32281	5143.160351	5226.159174
73869.94255	12599.90552	5142.675647	5226.122714
73769.94545	12600.49107	5142.188528	5226.08608
73669.94839	12601.07947	5141.698979	5226.04927
73569.95136	12601.67074	5141.206986	5226.012283
73469.95435	12602.2649	5140.712533	5225.975119
73369.95737	12602.86197	5140.215607	5225.937776
73269.96043	12603.46195	5139.716192	5225.900253
73169.96351	12604.06488	5139.214272	5225.86255
73069.96663	12604.67076	5138.709834	5225.824666
72969.96977	12605.27961	5138.202861	5225.786598
72869.97295	12605.89145	5137.693338	5225.748347
72769.97616	12606.5063	5137.18125	5225.709911
72669.9794	12607.12417	5136.666581	5225.671289
72569.98267	12607.74509	5136.149316	5225.632481
72469.98598	12608.36907	5135.629438	5225.593484
72369.98932	12608.99613	5135.106932	5225.554299
72269.99269	12609.62628	5134.581782	5225.514923
72169.9961	12610.25955	5134.053972	5225.475356
72069.99954	12610.89595	5133.523485	5225.435597
71970.00301	12611.53551	5132.990305	5225.395645
71870.00652	12612.17823	5132.454415	5225.355498
71770.01006	12612.82414	5131.9158	5225.315155
71670.01364	12613.47326	5131.374442	5225.274616
71570.01726	12614.12561	5130.830325	5225.233879
71470.02091	12614.7812	5130.283431	5225.192943
71370.0246	12615.44006	5129.733743	5225.151806
71270.02833	12616.1022	5129.181245	5225.110469
71170.0321	12616.76765	5128.625919	5225.068929
71070.0359	12617.43641	5128.067748	5225.027186
70970.03974	12618.10852	5127.506714	5224.985237
70870.04362	12618.784	5126.942799	5224.943083
70770.04754	12619.46285	5126.375986	5224.900722
70670.0515	12620.14511	5125.806256	5224.858152
70570.0555	12620.83079	5125.233593	5224.815373
70470.05954	12621.51991	5124.657977	5224.772384
70370.06362	12622.21249	5124.07939	5224.729182
70270.06774	12622.90856	5123.497814	5224.685767
70170.07191	12623.60814	5122.91323	5224.642138
70070.07612	12624.31124	5122.32562	5224.598293
69970.08037	12625.01788	5121.734965	5224.554231
69870.08466	12625.7281	5121.141245	5224.509952
69770.089	12626.4419	5120.544442	5224.465452
69670.09338	12627.15931	5119.944537	5224.420733
69570.09781	12627.88036	5119.34151	5224.375791
69470.10228	12628.60505	5118.735342	5224.330626
69370.1068	12629.33343	5118.126013	5224.285236
69270.11137	12630.0655	5117.513503	5224.239621
69170.11598	12630.80129	5116.897793	5224.193779
69070.12064	12631.54082	5116.278862	5224.147708
68970.12535	12632.28412	5115.65669	5224.101407
68870.13011	12633.0312	5115.031257	5224.054875
68770.13492	12633.7821	5114.402543	5224.008111
68670.13977	12634.53682	5113.770526	5223.961113
68570.14468	12635.2954	5113.135186	5223.91388
68470.14964	12636.05786	5112.496502	5223.866411
68370.15465	12636.82423	5111.854453	5223.818703
68270.15971	12637.59451	5111.209017	5223.770756
68170.16482	12638.36875	5110.560174	5223.722569
68070.16999	12639.14696	5109.907902	5223.67414
67970.17521	12639.92917	5109.252179	5223.625467
67870.18049	12640.71539	5108.592984	5223.576549
67770.18582	12641.50567	5107.930293	5223.527384
67670.1912	12642.30001	5107.264086	5223.477972
67570.19665	12643.09845	5106.59434	5223.428311
67470.20214	12643.901	5105.921032	5223.378399
67370.2077	12644.7077	5105.24414	5223.328235
67270.21332	12645.51857	5104.56364	5223.277817
67170.21899	12646.33364	5103.879511	5223.227145
67070.22473	12647.15292	5103.191729	5223.176215
66970.23052	12647.97645	5102.50027	5223.125028
66870.23638	12648.80425	5101.805111	5223.073581
66770.2423	12649.63635	5101.106229	5223.021872
66670.24828	12650.47277	5100.4036	5222.969901
66570.25432	12651.31354	5099.697199	5222.917666
66470.26043	12652.15869	5098.987003	5222.865165
66370.2666	12653.00824	5098.272987	5222.812397
66270.27284	12653.86221	5097.555127	5222.75936
66170.27914	12654.72065	5096.833398	5222.706053
66070.28551	12655.58357	5096.107775	5222.652473
65970.29195	12656.451	5095.378233	5222.59862
65870.29845	12657.32296	5094.644748	5222.544491
65770.30503	12658.1995	5093.907293	5222.490086
65670.31167	12659.08063	5093.165843	5222.435402
65570.31839	12659.96638	5092.420373	5222.380438
65470.32518	12660.85678	5091.670856	5222.325192
65370.33204	12661.75185	5090.917266	5222.269663
65270.33898	12662.65164	5090.159577	5222.213849
65170.34598	12663.55616	5089.397762	5222.157747
65070.35307	12664.46545	5088.631795	5222.101358
64970.36023	12665.37954	5087.861649	5222.044678
64870.36746	12666.29844	5087.087297	5221.987706
64770.37478	12667.2222	5086.308711	5221.930441
64670.38217	12668.15084	5085.525863	5221.87288
64570.38964	12669.0844	5084.738727	5221.815022
64470.3972	12670.0229	5083.947275	5221.756865
64370.40483	12670.96637	5083.151477	5221.698408
64270.41255	12671.91485	5082.351307	5221.639648
64170.42035	12672.86837	5081.546734	5221.580584
64070.42823	12673.82695	5080.737732	5221.521214
63970.4362	12674.79062	5079.92427	5221.461537
63870.44426	12675.75943	5079.10632	5221.401549
63770.4524	12676.73339	5078.283852	5221.341251
63670.46063	12677.71255	5077.456837	5221.280639
63570.46896	12678.69693	5076.625245	5221.219712
63470.47737	12679.68657	5075.789045	5221.158467
63370.48587	12680.6815	5074.948209	5221.096904
63270.49447	12681.68175	5074.102704	5221.035021
63170.50316	12682.68735	5073.252501	5220.972814
63070.51194	12683.69834	5072.397569	5220.910283
62970.52082	12684.71475	5071.537877	5220.847426
62870.5298	12685.73662	5070.673393	5220.78424
62770.53888	12686.76397	5069.804085	5220.720724
62670.54805	12687.79685	5068.929923	5220.656876
62570.55733	12688.83528	5068.050873	5220.592693
62470.56671	12689.8793	5067.166904	5220.528174
62370.57619	12690.92895	5066.277983	5220.463316
62270.58578	12691.98426	5065.384077	5220.398119
62170.59547	12693.04526	5064.485154	5220.332579
62070.60526	12694.11199	5063.58118	5220.266695
61970.61517	12695.18449	5062.672121	5220.200465
61870.62518	12696.26279	5061.757945	5220.133886
61770.63531	12697.34693	5060.838616	5220.066956
61670.64555	12698.43694	5059.914102	5219.999675
61570.6559	12699.53287	5058.984366	5219.932038
61470.66636	12700.63474	5058.049375	5219.864045
61370.67694	12701.74259	5057.109094	5219.795693
61270.68764	12702.85647	5056.163488	5219.72698
61170.69846	12703.9764	5055.21252	5219.657904
61070.7094	12705.10243	5054.256155	5219.588462
60970.72046	12706.2346	5053.294358	5219.518654
60870.73164	12707.37294	5052.327091	5219.448475
60770.74295	12708.51748	5051.354319	5219.377925
60670.75438	12709.66828	5050.376004	5219.307001
60570.76594	12710.82537	5049.39211	5219.2357
60470.77763	12711.98878	5048.402599	5219.164022
60370.78945	12713.15857	5047.407433	5219.091962
60270.8014	12714.33475	5046.406575	5219.01952
60170.81349	12715.51739	5045.399986	5218.946692
60070.82571	12716.70651	5044.387629	5218.873477
59970.83807	12717.90216	5043.369463	5218.799872
59870.85057	12719.10438	5042.34545	5218.725875
59770.8632	12720.3132	5041.315551	5218.651484
59670.87598	12721.52868	5040.279727	5218.576696
59570.88891	12722.75085	5039.237936	5218.501508
59470.90198	12723.97975	5038.19014	5218.42592
59370.9152	12725.21542	5037.136297	5218.349927
59270.92856	12726.45792	5036.076367	5218.273529
59170.94208	12727.70727	5035.010309	5218.196721
59070.95575	12728.96353	5033.938081	5218.119503
58970.96957	12730.22673	5032.859641	5218.041871
58870.98355	12731.49693	5031.774949	5217.963823
58770.99769	12732.77415	5030.68396	5217.885357
58671.01199	12734.05846	5029.586633	5217.80647
58571.02646	12735.34988	5028.482925	5217.72716
58471.04108	12736.64847	5027.372792	5217.647424
58371.05587	12737.95427	5026.25619	5217.56726
58271.07084	12739.26732	5025.133077	5217.486665
58171.08597	12740.58768	5024.003408	5217.405636
58071.10127	12741.91538	5022.867137	5217.324171
57971.11675	12743.25048	5021.724221	5217.242268
57871.1324	12744.59301	5020.574614	5217.159924
57771.14824	12745.94303	5019.418271	5217.077136
57671.16425	12747.30057	5018.255145	5216.993902
57571.18045	12748.6657	5017.08519	5216.910219
57471.19683	12750.03845	5015.908361	5216.826084
57371.21341	12751.41888	5014.724609	5216.741495
57271.23017	12752.80703	5013.533888	5216.656449
57171.24712	12754.20295	5012.33615	5216.570944
57071.26427	12755.60668	5011.131348	5216.484976
56971.28161	12757.01828	5009.919432	5216.398543
56871.29916	12758.4378	5008.700355	5216.311643
56771.31691	12759.86528	5007.474067	5216.224272
56671.33486	12761.30078	5006.240518	5216.136428
56571.35302	12762.74434	5004.99966	5216.048108
56471.37138	12764.19602	5003.751442	5215.959309
56371.38996	12765.65586	5002.495814	5215.870028
56271.40876	12767.12392	5001.232724	5215.780263
56171.42777	12768.60025	4999.962122	5215.690011
56071.447	12770.08489	4998.683956	5215.599269
55971.46646	12771.57791	4997.398174	5215.508034
55871.48614	12773.07935	4996.104724	5215.416303
55771.50605	12774.58927	4994.803553	5215.324074
55671.52619	12776.10771	4993.494608	5215.231342
55571.54656	12777.63474	4992.177835	5215.138107
55471.56717	12779.1704	4990.85318	5215.044364
55371.58802	12780.71475	4989.52059	5214.95011
55271.60912	12782.26784	4988.180009	5214.855344
55171.63046	12783.82973	4986.831383	5214.76006
55071.65204	12785.40047	4985.474656	5214.664258
54971.67388	12786.98012	4984.109772	5214.567933
54871.69598	12788.56873	4982.736675	5214.471083
54771.71833	12790.16635	4981.355308	5214.373705
54671.74094	12791.77305	4979.965615	5214.275795
54571.76382	12793.38888	4978.567536	5214.177351
54471.78697	12795.01389	4977.161016	5214.078369
54371.81039	12796.64815	4975.745994	5213.978847
54271.83408	12798.29171	4974.322413	5213.87878
54171.85805	12799.94462	4972.890213	5213.778167
54071.8823	12801.60695	4971.449335	5213.677004
53971.90684	12803.27876	4969.999718	5213.575288
53871.93166	12804.96009	4968.541302	5213.473015
53771.95678	12806.65102	4967.074027	5213.370183
53671.98219	12808.3516	4965.59783	5213.266788
53572.0079	12810.06188	4964.11265	5213.162827
53472.03391	12811.78194	4962.618424	5213.058297
53372.06024	12813.51183	4961.11509	5212.953195
53272.08687	12815.2516	4959.602585	5212.847517
53172.11381	12817.00133	4958.080845	5212.74126
53072.14108	12818.76107	4956.549806	5212.634421
52972.16866	12820.53088	4955.009403	5212.526997
52872.19658	12822.31083	4953.459572	5212.418983
52772.22482	12824.10097	4951.900247	5212.310378
52672.2534	12825.90138	4950.331361	5212.201177
52572.28231	12827.71211	4948.752849	5212.091377
52472.31157	12829.53322	4947.164644	5211.980975
52372.34118	12831.36478	4945.566678	5211.869968
52272.37114	12833.20686	4943.958884	5211.758351
52172.40145	12835.05951	4942.341192	5211.646123
52072.43212	12836.92281	4940.713535	5211.533278
51972.46316	12838.79681	4939.075843	5211.419814
51872.49457	12840.68158	4937.428046	5211.305728
51772.52635	12842.57719	4935.770074	5211.191015
51672.55851	12844.4837	4934.101856	5211.075673
51572.59106	12846.40118	4932.423321	5210.959698
51472.62399	12848.3297	4930.734397	5210.843086
51372.65731	12850.26932	4929.035012	5210.725834
51272.69103	12852.22011	4927.325093	5210.607939
51172.72516	12854.18213	4925.604566	5210.489396
51072.75969	12856.15546	4923.873358	5210.370203
50972.79464	12858.14016	4922.131394	5210.250355
50872.83	12860.1363	4920.378601	5210.12985
50772.86578	12862.14395	4918.614901	5210.008683
50672.902	12864.16318	4916.840219	5209.886851
50572.93865	12866.19406	4915.05448	5209.76435
50472.97573	12868.23665	4913.257605	5209.641177
50373.01327	12870.29103	4911.449518	5209.517328
50273.05125	12872.35727	4909.63014	5209.3928
50173.08968	12874.43544	4907.799393	5209.267588
50073.12858	12876.52561	4905.957197	5209.14169
49973.16795	12878.62785	4904.103473	5209.015101
49873.20779	12880.74223	4902.238142	5208.887817
49773.24811	12882.86883	4900.361121	5208.759836
49673.28891	12885.00771	4898.47233	5208.631153
49573.3302	12887.15895	4896.571686	5208.501765
49473.37199	12889.32262	4894.659109	5208.371667
49373.41429	12891.4988	4892.734513	5208.240857
49273.45709	12893.68756	4890.797817	5208.10933
49173.50041	12895.88897	4888.848935	5207.977083
49073.54425	12898.1031	4886.887783	5207.844111
48973.58861	12900.33004	4884.914277	5207.710412
48873.63352	12902.56985	4882.928329	5207.575981
48773.67896	12904.82261	4880.929854	5207.440814
48673.72496	12907.08839	4878.918765	5207.304908
48573.77151	12909.36728	4876.894974	5207.168259
48473.81862	12911.65934	4874.858393	5207.030863
48373.8663	12913.96466	4872.808933	5206.892716
48273.91455	12916.2833	4870.746506	5206.753815
48173.96339	12918.61535	4868.67102	5206.614155
48074.01282	12920.96088	4866.582387	5206.473733
47974.06285	12923.31997	4864.480514	5206.332545
47874.11348	12925.6927	4862.36531	5206.190587
47774.16473	12928.07914	4860.236683	5206.047855
47674.2166	12930.47937	4858.09454	5205.904345
47574.26909	12932.89348	4855.938787	5205.760053
47474.32222	12935.32153	4853.769331	5205.614977
47374.37599	12937.76361	4851.586076	5205.46911
47274.43041	12940.2198	4849.388928	5205.322451
47174.4855	12942.69017	4847.177791	5205.174994
47074.54125	12945.17481	4844.952568	5205.026737
46974.59767	12947.67379	4842.713162	5204.877675
46874.65478	12950.1872	4840.459476	5204.727803
46774.71258	12952.7151	4838.19141	5204.577119
46674.77109	12955.2576	4835.908867	5204.425619
46574.8303	12957.81475	4833.611747	5204.273298
46474.89023	12960.38666	4831.299949	5204.120152
46374.95088	12962.97339	4828.973374	5203.966179
46275.01228	12965.57502	4826.631918	5203.811373
46175.07441	12968.19164	4824.275481	5203.655731
46075.13731	12970.82334	4821.90396	5203.499249
45975.20096	12973.47018	4819.517252	5203.341923
45875.26539	12976.13225	4817.115252	5203.18375
45775.33059	12978.80964	4814.697857	5203.024725
45675.39659	12981.50243	4812.264961	5202.864844
45575.46339	12984.21069	4809.816458	5202.704104
45475.53101	12986.93451	4807.352243	5202.5425
45375.59944	12989.67398	4804.872207	5202.38003
45275.6687	12992.42917	4802.376244	5202.216688
45175.7388	12995.20016	4799.864246	5202.052472
45075.80975	12997.98705	4797.336103	5201.887377
44975.88156	13000.78991	4794.791706	5201.721399
44875.95425	13003.60882	4792.230944	5201.554535
44776.02781	13006.44388	4789.653709	5201.38678
44676.10227	13009.29515	4787.059886	5201.218132
44576.17763	13012.16273	4784.449366	5201.048585
44476.25391	13015.04669	4781.822036	5200.878137
44376.3311	13017.94712	4779.177781	5200.706784
44276.40924	13020.86411	4776.516489	5200.534522
44176.48832	13023.79773	4773.838044	5200.361346
44076.56836	13026.74807	4771.142333	5200.187254
43976.64937	13029.71521	4768.429238	5200.012241
43876.73136	13032.69924	4765.698645	5199.836304
43776.81434	13035.70023	4762.950435	5199.659439
43676.89833	13038.71827	4760.184492	5199.481643
43576.98333	13041.75345	4757.400698	5199.302912
43477.06937	13044.80585	4754.598933	5199.123241
43377.15644	13047.87554	4751.779078	5198.942629
43277.24457	13050.96261	4748.941014	5198.76107
43177.33376	13054.06715	4746.08462	5198.578561
43077.42403	13057.18923	4743.209775	5198.395099
42977.51539	13060.32894	4740.316357	5198.210681
42877.60785	13063.48636	4737.404243	5198.025302
42777.70143	13066.66157	4734.473312	5197.838959
42677.79613	13069.85466	4731.523439	5197.65165
42577.89198	13073.0657	4728.5545	5197.463369
42477.98899	13076.29478	4725.566372	5197.274114
42378.08716	13079.54197	4722.558928	5197.083882
42278.18652	13082.80737	4719.532043	5196.892669
42178.28707	13086.09104	4716.485591	5196.700472
42078.38883	13089.39307	4713.419445	5196.507287
41978.49181	13092.71354	4710.333477	5196.313112
41878.59603	13096.05252	4707.227559	5196.117942
41778.70151	13099.41011	4704.101564	5195.921776
41678.80825	13102.78637	4700.955362	5195.724609
41578.91626	13106.18138	4697.788823	5195.526439
41479.02558	13109.59523	4694.601817	5195.327262
41379.1362	13113.02799	4691.394214	5195.127075
41279.24815	13116.47973	4688.165883	5194.925876
41179.36144	13119.95055	4684.916693	5194.723662
41079.47608	13123.4405	4681.64651	5194.520429
40979.59209	13126.94967	4678.355203	5194.316175
40879.70948	13130.47813	4675.042639	5194.110896
40779.82827	13134.02596	4671.708684	5193.904591
40679.94848	13137.59323	4668.353204	5193.697256
40580.07012	13141.18002	4664.976065	5193.488888
40480.19321	13144.7864	4661.577132	5193.279486
40380.31776	13148.41243	4658.156269	5193.069046
40280.44379	13152.0582	4654.713342	5192.857566
40180.57131	13155.72377	4651.248214	5192.645043
40080.70035	13159.40922	4647.760749	5192.431476
39980.83091	13163.11461	4644.250809	5192.216861
39880.96302	13166.84002	4640.718258	5192.001196
39781.09669	13170.5855	4637.162957	5191.784479
39681.23193	13174.35114	4633.58477	5191.566709
39581.36877	13178.13699	4629.983557	5191.347882
39481.50722	13181.94312	4626.359181	5191.127997
39381.6473	13185.76959	4622.711502	5190.907051
39281.78902	13189.61648	4619.040381	5190.685044
39181.93241	13193.48383	4615.345679	5190.461972
39082.07747	13197.37173	4611.627255	5190.237835
38982.22424	13201.28021	4607.884971	5190.01263
38882.37272	13205.20936	4604.118685	5189.786356
38782.52293	13209.15921	4600.328258	5189.559011
38682.6749	13213.12984	4596.513548	5189.330594
38582.82863	13217.1213	4592.674415	5189.101104
38482.98415	13221.13365	4588.810718	5188.870539
38383.14148	13225.16693	4584.922316	5188.638898
38283.30063	13229.2212	4581.009067	5188.406179
38183.46162	13233.29652	4577.07083	5188.172382
38083.62447	13237.39293	4573.107464	5187.937506
37983.7892	13241.51048	4569.118827	5187.70155
37883.95583	13245.64923	4565.104777	5187.464513
37784.12437	13249.80921	4561.065174	5187.226394
37684.29485	13253.99048	4556.999875	5186.987193
37584.46728	13258.19307	4552.908738	5186.74691
37484.64169	13262.41703	4548.791623	5186.505543
37384.81808	13266.6624	4544.648388	5186.263093
37284.99649	13270.92922	4540.478891	5186.019559
37185.17692	13275.21752	4536.28299	5185.774941
37085.35941	13279.52735	4532.060546	5185.52924
36985.54396	13283.85873	4527.811417	5185.282455
36885.7306	13288.21169	4523.535461	5185.034586
36785.91935	13292.58627	4519.23254	5184.785635
36686.11022	13296.9825	4514.902511	5184.535601
36586.30324	13301.40041	4510.545236	5184.284486
36486.49842	13305.84001	4506.160574	5184.032289
36386.69579	13310.30133	4501.748386	5183.779011
36286.89536	13314.78439	4497.308533	5183.524654
36187.09716	13319.28921	4492.840876	5183.269219
36087.3012	13323.81581	4488.345278	5183.012707
35987.5075	13328.3642	4483.8216	5182.755118
35887.71608	13332.93439	4479.269704	5182.496456
35787.92696	13337.5264	4474.689456	5182.23672
35688.14017	13342.14023	4470.080717	5181.975914
35588.35572	13346.77589	4465.443353	5181.714038
35488.57362	13351.43339	4460.777229	5181.451095
35388.79391	13356.11271	4456.082211	5181.187087
35289.01659	13360.81387	4451.358164	5180.922016
35189.2417	13365.53685	4446.604956	5180.655885
35089.46924	13370.28165	4441.822456	5180.388697
34989.69924	13375.04827	4437.010532	5180.120453
34889.93171	13379.83668	4432.169054	5179.851158
34790.16668	13384.64688	4427.297892	5179.580814
34690.40417	13389.47885	4422.396918	5179.309424
34590.64419	13394.33257	4417.466006	5179.036991
34490.88676	13399.20801	4412.505027	5178.76352
34391.13191	13404.10516	4407.513858	5178.489014
34291.37964	13409.02397	4402.492374	5178.213477
34191.62998	13413.96442	4397.440452	5177.936912
34091.88296	13418.92648	4392.357971	5177.659325
33992.13857	13423.91011	4387.24481	5177.380719
33892.39686	13428.91526	4382.10085	5177.101099
33792.65782	13433.94189	4376.925974	5176.82047
33692.92149	13438.98996	4371.720066	5176.538837
33593.18787	13444.05941	4366.483011	5176.256205
33493.45699	13449.15019	4361.214695	5175.972579
33393.72886	13454.26225	4355.915008	5175.687965
33294.0035	13459.39551	4350.583839	5175.402368
33194.28093	13464.54993	4345.221081	5175.115794
33094.56116	13469.72542	4339.826626	5174.82825
32994.84422	13474.92192	4334.400372	5174.539741
32895.13011	13480.13935	4328.942214	5174.250274
32795.41885	13485.37763	4323.452053	5173.959856
32695.71047	13490.63669	4317.92979	5173.668494
32596.00496	13495.91643	4312.375329	5173.376195
32496.30236	13501.21676	4306.788574	5173.082965
32396.60267	13506.53759	4301.169435	5172.788813
32296.90591	13511.87882	4295.517821	5172.493746
32197.2121	13517.24035	4289.833645	5172.197772
32097.52124	13522.62207	4284.116822	5171.900899
31997.83335	13528.02387	4278.36727	5171.603136
31898.14845	13533.44563	4272.584907	5171.304491
31798.46654	13538.88724	4266.769658	5171.004973
31698.78764	13544.34857	4260.921447	5170.704591
31599.11177	13549.8295	4255.040203	5170.403353
31499.43893	13555.32988	4249.125857	5170.101271
31399.76913	13560.84959	4243.178343	5169.798353
31300.10239	13566.38849	4237.197597	5169.494609
31200.43871	13571.94642	4231.183561	5169.190049
31100.77811	13577.52324	4225.136176	5168.884685
31001.1206	13583.11879	4219.055391	5168.578525
30901.46617	13588.73292	4212.941153	5168.271582
30801.81485	13594.36545	4206.793418	5167.963866
30702.16664	13600.01622	4200.612142	5167.655389
30602.52155	13605.68505	4194.397284	5167.346161
30502.87958	13611.37177	4188.14881	5167.036196
30403.24074	13617.07619	4181.866687	5166.725505
30303.60504	13622.79811	4175.550886	5166.4141
30203.97247	13628.53736	4169.201384	5166.101994
30104.34305	13634.29373	4162.818159	5165.789199
30004.71678	13640.067	4156.401196	5165.47573
29905.09366	13645.85699	4149.950482	5165.161598
29805.47369	13651.66346	4143.46601	5164.846817
29705.85688	13657.48621	4136.947777	5164.531402
29606.24323	13663.32499	4130.395783	5164.215365
29506.63273	13669.1796	4123.810034	5163.898722
29407.02538	13675.04978	4117.190541	5163.581488
29307.42119	13680.93531	4110.537318	5163.263675
29207.82016	13686.83593	4103.850386	5162.945301
29108.22227	13692.75138	4097.12977	5162.626379
29008.62753	13698.68143	4090.375499	5162.306926
28909.03593	13704.62579	4083.58761	5161.986956
28809.44746	13710.58421	4076.766142	5161.666488
28709.86212	13716.55641	4069.911141	5161.345535
28610.27991	13722.54212	4063.022658	5161.024115
28510.70081	13728.54104	4056.100751	5160.702245
28411.12482	13734.55289	4049.145482	5160.379942
28311.55192	13740.57737	4042.15692	5160.057222
28211.98211	13746.61419	4035.135138	5159.734104
28112.41537	13752.66303	4028.080216	5159.410604
28012.8517	13758.72358	4020.992242	5159.086742
27913.29107	13764.79554	4013.871307	5158.762535
27813.73347	13770.87856	4006.717511	5158.438002
27714.17889	13776.97233	3999.530958	5158.113161
27614.62731	13783.07652	3992.31176	5157.788031
27515.07872	13789.19077	3985.060035	5157.462632
27415.53309	13795.31475	3977.775909	5157.136982
27315.9904	13801.44811	3970.459513	5156.811102
27216.45064	13807.59049	3963.110987	5156.485011
27116.91378	13813.74152	3955.730475	5156.158729
27017.3798	13819.90085	3948.318131	5155.832278
26917.84867	13826.0681	3940.874115	5155.505676
26818.32037	13832.24289	3933.398594	5155.178945
26718.79488	13838.42483	3925.891744	5154.852106
26619.27216	13844.61355	3918.353747	5154.52518
26519.75218	13850.80865	3910.784794	5154.198189
26420.23493	13857.00972	3903.185081	5153.871153
26320.72036	13863.21636	3895.554816	5153.544096
26221.20844	13869.42817	3887.894212	5153.217038
26121.69914	13875.64473	3880.203491	5152.890002
26022.19243	13881.86562	3872.482882	5152.563011
25922.68826	13888.09041	3864.732625	5152.236086
25823.18661	13894.31868	3856.952966	5151.909252
25723.68743	13900.55	3849.14416	5151.582529
25624.19068	13906.78392	3841.306471	5151.255943
25524.69633	13913.01999	3833.440171	5150.929516
25425.20433	13919.25778	3825.545542	5150.603271
25325.71463	13925.49683	3817.622872	5150.277232
25226.2272	13931.73668	3809.672463	5149.951422
25126.74198	13937.97686	3801.69462	5149.625867
25027.25894	13944.21692	3793.689661	5149.300589
24927.77801	13950.45639	3785.657913	5148.975613
24828.29915	13956.69478	3777.599711	5148.650964
24728.82232	13962.93162	3769.515399	5148.326665
24629.34745	13969.16643	3761.405332	5148.002741
24529.8745	13975.39872	3753.269874	5147.679218
24430.40341	13981.62801	3745.109398	5147.356119
24330.93412	13987.85379	3736.924287	5147.033469
24231.46657	13994.07557	3728.714933	5146.711295
24132.00072	14000.29286	3720.481739	5146.38962
24032.53649	14006.50514	3712.225117	5146.06847
23933.07383	14012.71192	3703.94549	5145.747869
23833.61267	14018.91268	3695.643289	5145.427845
23734.15295	14025.10691	3687.318957	5145.10842
23634.69461	14031.2941	3678.972945	5144.789622
23535.23758	14037.47372	3670.605717	5144.471476
23435.7818	14043.64527	3662.217744	5144.154007
23336.32719	14049.80821	3653.809509	5143.83724
23236.87368	14055.96202	3645.381505	5143.521201
23137.42122	14062.10619	3636.934234	5143.205916
23037.96971	14068.24017	3628.468211	5142.89141
22938.5191	14074.36345	3619.983958	5142.577709
22839.0693	14080.47549	3611.482009	5142.264838
22739.62024	14086.57575	3602.962909	5141.952823
22640.17186	14092.66372	3594.427212	5141.641689
22540.72406	14098.73885	3585.875482	5141.331462
22441.27677	14104.80061	3577.308296	5141.022166
22341.82992	14110.84846	3568.726237	5140.713829
22242.38342	14116.88188	3560.129902	5140.406474
22142.93719	14122.90032	3551.519896	5140.100127
22043.49115	14128.90326	3542.896836	5139.794813
21944.04522	14134.89015	3534.261349	5139.490557
21844.59931	14140.86046	3525.61407	5139.187384
21745.15335	14146.81366	3516.955646	5138.885319
21645.70724	14152.74922	3508.286734	5138.584386
21546.2609	14158.6666	3499.608001	5138.284611
21446.81424	14164.56528	3490.920123	5137.986017
21347.36719	14170.44472	3482.223787	5137.688628
21247.91964	14176.3044	3473.519689	5137.39247
21148.47151	14182.1438	3464.808536	5137.097566
21049.02271	14187.96239	3456.091043	5136.803939
20949.57315	14193.75964	3447.367936	5136.511613
20850.12275	14199.53505	3438.63995	5136.220612
20750.67141	14205.2881	3429.907827	5135.930959
20651.21905	14211.01826	3421.172323	5135.642677
20551.76556	14216.72505	3412.434199	5135.355789
20452.31087	14222.40794	3403.694227	5135.070316
20352.85487	14228.06643	3394.953187	5134.786283
20253.39748	14233.70004	3386.211868	5134.503709
20153.93861	14239.30825	3377.471068	5134.222618
20054.47816	14244.89059	3368.731592	5133.943031
19955.01604	14250.44656	3359.994254	5133.66497
19855.55216	14255.97569	3351.259877	5133.388454
19756.08643	14261.47749	3342.52929	5133.113505
19656.61876	14266.9515	3333.803331	5132.840143
19557.14905	14272.39724	3325.082845	5132.568389
19457.67721	14277.81427	3316.368685	5132.298262
19358.20315	14283.20211	3307.661709	5132.029781
19258.72679	14288.56033	3298.962784	5131.762966
19159.24802	14293.88847	3290.272782	5131.497835
19059.76677	14299.18611	3281.592583	5131.234407
18960.28293	14304.4528	3272.923071	5130.9727
18860.79643	14309.68813	3264.265138	5130.712732
18761.30717	14314.89168	3255.61968	5130.45452
18661.81507	14320.06303	3246.9876	5130.19808
18562.32003	14325.20178	3238.369803	5129.943431
18462.82198	14330.30754	3229.767201	5129.690587
18363.32082	14335.37991	3221.180711	5129.439564
18263.81647	14340.41851	3212.611253	5129.190379
18164.30885	14345.42297	3204.05975	5128.943046
18064.79788	14350.39293	3195.527132	5128.697579
17965.28346	14355.32802	3187.014327	5128.453994
17865.76553	14360.22789	3178.522271	5128.212303
17766.24401	14365.09221	3170.051898	5127.97252
17666.71881	14369.92063	3161.604149	5127.734658
17567.18985	14374.71284	3153.179963	5127.498729
17467.65707	14379.46852	3144.780282	5127.264746
17368.12039	14384.18735	3136.406048	5127.03272
17268.57973	14388.86905	3128.058207	5126.802663
17169.03502	14393.51332	3119.737701	5126.574584
17069.4862	14398.11989	3111.445476	5126.348495
16969.93319	14402.68847	3103.182475	5126.124405
16870.37593	14407.21881	3094.94964	5125.902323
16770.81436	14411.71066	3086.747915	5125.682259
16671.2484	14416.16377	3078.57824	5125.464221
16571.67801	14420.57791	3070.441553	5125.248217
16472.10311	14424.95286	3062.338791	5125.034254
16372.52366	14429.2884	3054.270886	5124.82234
16272.93959	14433.58432	3046.238769	5124.612481
16173.35085	14437.84043	3038.243368	5124.404683
16073.75739	14442.05655	3030.285605	5124.198953
15974.15917	14446.2325	3022.366397	5123.995295
15874.55612	14450.36811	3014.486659	5123.793714
15774.94821	14454.46323	3006.6473	5123.594214
15675.3354	14458.51771	2998.84922	5123.3968
15575.71763	14462.53141	2991.093318	5123.201474
15476.09488	14466.50422	2983.380483	5123.00824
15376.46711	14470.436	2975.711597	5122.8171
15276.83427	14474.32667	2968.087537	5122.628057
15177.19635	14478.17611	2960.50917	5122.441111
15077.5533	14481.98424	2952.977355	5122.256264
14977.9051	14485.75098	2945.492944	5122.073516
14878.25173	14489.47627	2938.056778	5121.892869
14778.59317	14493.16004	2930.669689	5121.714321
14678.92938	14496.80226	2923.332499	5121.537872
14579.26036	14500.40287	2916.04602	5121.363522
14479.58609	14503.96186	2908.811053	5121.191268
14379.90656	14507.47919	2901.628388	5121.021109
14280.22174	14510.95486	2894.498802	5120.853042
14180.53165	14514.38887	2887.423063	5120.687064
14080.83626	14517.78122	2880.401923	5120.523174
13981.13559	14521.13194	2873.436123	5120.361366
13881.42961	14524.44104	2866.526392	5120.201638
13781.71834	14527.70857	2859.673442	5120.043984
13682.00179	14530.93456	2852.877975	5119.8884
13582.27995	14534.11907	2846.140675	5119.734881
13482.55283	14537.26215	2839.462214	5119.583422
13382.82045	14540.36389	2832.843247	5119.434016
13283.08282	14543.42435	2826.284415	5119.286658
13183.33996	14546.44363	2819.786343	5119.141341
13083.59187	14549.42181	2813.349638	5118.998058
12983.83859	14552.359	2806.974894	5118.856801
12884.08014	14555.25531	2800.662684	5118.717564
12784.31653	14558.11086	2794.413569	5118.580338
12684.5478	14560.92577	2788.228087	5118.445114
12584.77398	14563.70017	2782.106763	5118.311886
12484.99509	14566.43422	2776.050102	5118.180642
12385.21118	14569.12805	2770.058591	5118.051375
12285.42227	14571.78181	2764.132697	5117.924075
12185.6284	14574.39568	2758.272872	5117.798732
12085.82962	14576.96982	2752.479546	5117.675335
11986.02595	14579.50441	2746.75313	5117.553876
11886.21746	14581.99962	2741.094017	5117.434342
11786.40418	14584.45565	2735.502579	5117.316723
11686.58615	14586.87269	2729.979169	5117.201009
11586.76343	14589.25095	2724.524121	5117.087187
11486.93607	14591.59062	2719.137746	5116.975246
11387.10412	14593.89192	2713.820337	5116.865174
11287.26763	14596.15507	2708.572167	5116.756959
11187.42666	14598.38029	2703.393486	5116.650589
11087.58126	14600.56782	2698.284526	5116.546051
10987.73149	14602.71788	2693.245496	5116.443332
10887.87741	14604.83071	2688.276585	5116.34242
10788.01908	14606.90657	2683.377961	5116.243301
10688.15656	14608.9457	2678.549773	5116.145962
10588.28992	14610.94834	2673.792144	5116.05039
10488.41921	14612.91477	2669.105182	5115.95657
10388.5445	14614.84525	2664.488968	5115.864489
10288.66586	14616.74003	2659.943566	5115.774133
10188.78336	14618.5994	2655.469018	5115.685488
10088.89705	14620.42362	2651.065343	5115.598539
9989.007016	14622.21298	2646.73254	5115.513271
9889.113318	14623.96776	2642.470589	5115.429671
9789.216025	14625.68824	2638.279446	5115.347724
9689.315208	14627.37472	2634.159046	5115.267414
9589.410937	14629.02749	2630.109307	5115.188726
9489.503283	14630.64683	2626.13012	5115.111646
9389.592316	14632.23307	2622.221361	5115.036158
9289.678108	14633.78649	2618.382883	5114.962247
9189.76073	14635.30739	2614.614518	5114.889897
9089.840252	14636.7961	2610.916078	5114.819092
8989.916748	14638.25292	2607.287355	5114.749818
8889.990288	14639.67816	2603.728122	5114.682058
8790.060944	14641.07213	2600.23813	5114.615796
8690.128787	14642.43517	2596.817112	5114.551017
8590.193888	14643.76758	2593.464781	5114.487705
8490.256319	14645.06968	2590.18083	5114.425843
8390.31615	14646.34181	2586.964933	5114.365415
8290.373451	14647.58429	2583.816746	5114.306406
8195.029605	14648.74224	2580.876267	5114.251419
8115.574736	14649.68701	2578.472448	5114.206562
8049.361215	14650.46044	2576.501458	5114.169844
7994.182512	14651.0954	2574.88123	5114.139703
7948.199735	14651.61793	2573.546448	5114.1149
7909.880394	14652.04881	2572.444795	5114.094449
7877.947363	14652.40473	2571.53414	5114.077557
7851.336335	14652.69915	2570.780381	5114.063584
7829.160361	14652.94299	2570.155796	5114.052012
7810.680302	14653.14515	2569.63777	5114.042418
7795.280197	14653.31289	2569.207788	5114.034458
7782.446737	14653.45217	2568.850654	5114.027849
7771.752162	14653.56789	2568.553863	5114.022358
7762.839996	14653.66408	2568.307107	5114.017793
7755.41318	14653.74407	2568.101873	5114.013998
7749.224157	14653.81062	2567.931119	5114.01084
7744.066631	14653.86599	2567.789015	5114.008212
7739.768689	14653.91208	2567.670727	5114.006026
7736.187068	14653.95044	2567.572245	5114.004205
7733.202382	14653.98239	2567.490241	5114.002689
7730.715142	14654.00899	2567.421948	5114.001427
7728.642441	14654.03115	2567.365068	5114.000376
7726.915189	14654.0496	2567.31769	5113.9995
7725.475812	14654.06498	2567.278223	5113.99877
7724.276331	14654.07778	2567.245344	5113.998163
7723.276764	14654.08845	2567.217952	5113.997657
7722.277196	14654.09912	2567.190566	5113.99715
7721.077714	14654.11191	2567.157712	5113.996543
7719.638335	14654.12726	2567.118299	5113.995815
7717.911081	14654.14568	2567.071022	5113.994941
7715.838374	14654.16776	2567.014315	5113.993894
7713.351125	14654.19424	2566.946303	5113.992637
7710.366425	14654.226	2566.864742	5113.99113
7706.784781	14654.26408	2566.766945	5113.989323
7702.486806	14654.30973	2566.649698	5113.987157
7697.329231	14654.36444	2566.50916	5113.984561
7691.140134	14654.43	2566.340743	5113.981451
7683.713206	14654.50853	2566.13897	5113.977725
7674.800878	14654.60256	2565.897314	5113.973263
7664.106064	14654.71512	2565.608007	5113.967923
7651.272255	14654.84978	2565.261814	5113.961534
7635.871641	14655.01078	2564.847789	5113.953895
7617.390841	14655.20313	2564.35298	5113.94477
7595.21379	14655.43273	2563.762117	5113.933877
7568.6012	14655.70649	2563.05726	5113.92089
7536.665908	14656.03249	2562.217436	5113.905425
7498.343294	14656.42008	2561.218272	5113.887039
7452.355785	14656.88002	2560.031659	5113.865223
7397.170244	14657.42454	2558.625485	5113.839396
7330.946846	14658.06738	2556.963539	5113.808908
7251.477716	14658.82368	2555.00566	5113.773042
7156.113286	14659.70972	2552.708339	5113.731029
7056.144937	14660.61361	2550.360704	5113.688173
6956.174939	14661.49236	2548.074486	5113.646515
6856.203354	14662.34631	2545.849097	5113.606037
6756.23024	14663.1758	2543.683932	5113.566723
6656.255656	14663.98118	2541.578374	5113.528555
6556.279657	14664.7628	2539.531792	5113.491517
6456.302302	14665.52102	2537.543539	5113.455592
6356.323643	14666.25617	2535.612956	5113.420763
6256.343736	14666.96861	2533.739371	5113.387013
6156.362632	14667.6587	2531.922097	5113.354325
6056.380383	14668.32677	2530.160438	5113.322683
5956.397039	14668.97319	2528.453682	5113.292069
5856.412649	14669.59831	2526.801107	5113.262466
5756.427262	14670.20248	2525.201979	5113.233857
5656.440922	14670.78605	2523.655553	5113.206226
5556.453677	14671.34938	2522.161073	5113.179556
5456.465569	14671.89283	2520.717772	5113.153828
5356.476643	14672.41674	2519.324873	5113.129027
5256.486938	14672.92147	2517.981588	5113.105136
5156.496497	14673.40738	2516.687121	5113.082137
5056.505357	14673.87482	2515.440666	5113.060014
4956.513557	14674.32415	2514.241407	5113.038749
4856.521134	14674.75573	2513.088519	5113.018325
4756.528122	14675.16991	2511.981172	5112.998726
4656.534556	14675.56705	2510.918524	5112.979934
4556.540468	14675.9475	2509.899726	5112.961933
4456.545891	14676.31162	2508.923924	5112.944705
4356.550855	14676.65977	2507.990252	5112.928233
4256.555389	14676.99231	2507.097843	5112.912501
4156.559521	14677.30959	2506.245818	5112.897491
4056.563278	14677.61197	2505.433294	5112.883187
3956.566685	14677.89981	2504.659384	5112.869571
3856.569769	14678.17347	2503.92319	5112.856627
3756.572551	14678.4333	2503.223814	5112.844337
3656.575054	14678.67966	2502.560348	5112.832684
3556.5773	14678.91292	2501.931883	5112.821652
3456.579308	14679.13342	2501.337503	5112.811223
3356.581099	14679.34152	2500.776287	5112.801381
3256.582689	14679.53759	2500.247311	5112.792108
3156.584096	14679.72199	2499.749647	5112.783388
3056.585337	14679.89506	2499.282362	5112.775203
2956.586426	14680.05717	2498.844522	5112.767537
2856.587378	14680.20869	2498.435186	5112.760372
2756.588205	14680.34995	2498.053412	5112.753692
2656.588922	14680.48133	2497.698256	5112.747479
2556.589538	14680.60319	2497.368768	5112.741717
2456.590065	14680.71587	2497.064	5112.736389
2356.590513	14680.81975	2496.782997	5112.731477
2256.590891	14680.91517	2496.524805	5112.726965
2156.591208	14681.0025	2496.288466	5112.722836
2056.591471	14681.0821	2496.073022	5112.719072
1956.591688	14681.15432	2495.877513	5112.715657
1856.591865	14681.21952	2495.700975	5112.712574
1756.592007	14681.27807	2495.542446	5112.709806
1656.592121	14681.33031	2495.40096	5112.707336
1556.59221	14681.37661	2495.275552	5112.705147
1456.592278	14681.41733	2495.165255	5112.703222
1356.592331	14681.45283	2495.069102	5112.701543
1256.59237	14681.48346	2494.986123	5112.700095
1156.592398	14681.50958	2494.915349	5112.69886
1056.592418	14681.53156	2494.855811	5112.697821
956.5924314	14681.54974	2494.806538	5112.696961
856.5924404	14681.5645	2494.76656	5112.696264
756.592446	14681.57618	2494.734906	5112.695711
656.5924493	14681.58515	2494.710604	5112.695287
556.5924511	14681.59176	2494.692683	5112.694975
456.5924519	14681.59638	2494.680171	5112.694756
356.5924523	14681.59936	2494.672097	5112.694615
256.5924524	14681.60106	2494.667489	5112.694535
156.5924524	14681.60184	2494.665374	5112.694498
56.59245239	14681.60206	2494.664782	5112.694488
