2105.4448079078143	21016.6427767339	8655.891502469925
721.84677471145	19365.682399007426	8797.67809964365
999.7987127994786	22714.27029517362	9118.730363929604
1947.700192862272	21039.936559445214	8820.93350687521
1076.5060808536593	20011.239690905302	8847.696119872926
528.9086861134025	20112.614028916552	8726.364231334801
904.948713002833	20825.05450653761	8629.714453594685
155.08637452651826	21576.70763811811	8651.896910288282
1457.9905368213665	21583.452752570924	8641.831741458154
2298.0101521116435	21164.16413857602	9054.203657965563
1031.1674592411946	21685.614505963156	9404.559898663569
2164.992413356418	21044.192876183013	8888.878612368293
2.8590048053873622	20007.321389238812	8874.41184399815
940.9892527191179	21092.228417691083	9218.386032390574
902.7815808082389	21347.42046589095	8823.57000045452
400.56089887939646	20672.65025191495	8893.900256583687
1284.0371154488087	20483.733703251644	9029.509417467501
2513.2254820681596	20966.392632260213	8775.562013633558
2303.871415662095	19104.23591689234	8614.481594094279
-565.1404126205757	21662.02271835402	8931.099509058648
1968.5721403629998	21276.63950874541	8972.807579095364
708.3247409291091	20878.19383782772	8933.050713199858
307.9642848738869	21373.005618956915	8323.139539934456
1544.4429062907489	20853.415738849868	8761.185943420784
1626.1666655020026	21171.238784072477	9385.622250431557
125.35060496749283	21088.819851458797	9058.43348626771
1062.6617559874605	20579.913481633037	9133.760492508187
1753.367748984594	21050.942501206187	8819.831320528738
117.47895453304827	22101.20534733122	8818.887120485726
295.2472257079903	19828.144683209535	9199.139340156702
1223.8641278717982	19639.74146171931	8470.76591495621
614.7940038649555	19137.34132724281	8724.617061493009
1229.7153247625715	19976.50197877537	9279.933370985233
2473.555876966332	22587.794654634676	9018.406544412275
100.87219052765023	20340.49137736735	8823.497100096327
864.6631852126484	21278.346490034353	8859.804841731497
-176.97831460230677	19370.613425165433	8821.740516242078
1587.1323746655685	20579.927485618373	9171.492977481492
1161.0746778619439	19854.024793546676	9073.141882460408
519.2402997916627	21347.294097754006	8725.176839015305
353.08198661634054	20383.326562112037	8207.615725008865
377.9208813884414	21711.885199431475	9086.450895267026
553.8403860451322	20217.602616045227	8338.644754142828
1427.5573629333567	21560.491171463404	8502.77173561543
821.3642310082002	20686.7904115119	8474.76637473028
247.1694881664246	19787.561760497276	9124.43266580268
896.054571855372	20062.374072670882	8776.41395854665
1050.7035251389534	20003.85950613547	8868.54578595594
1948.8503376856327	21037.78240382641	9152.353469572641
1490.101040033405	19865.95478989784	8831.174124768799
1187.3240827425832	20707.776966497568	9266.429510808346
2146.9561573881374	21415.58390059933	8228.475418082435
236.27018459912284	21192.431856102132	8362.532413406081
928.1915451516388	21108.992892412924	8710.62244882684
1156.8882064302184	19638.913242464452	8698.630605978959
1370.3647492163368	20695.05075488824	8966.607905275523
1107.5908212110346	19587.61488983528	8219.377790338169
1734.8314383878374	21131.997121341225	8969.35984969615
785.5003489492656	21600.645724258215	8625.487149913535
232.4809845652941	22110.709985773276	8302.362479900208
1044.5599026574168	23049.162620134608	8860.749814898893
450.69120160395886	22106.87084946361	9088.031005123034
907.6525128575973	19212.09912609154	8618.824156256595
1643.5261112966025	21675.286388269426	8555.378886167035
1993.787803511227	22436.647698732366	8762.566984800213
978.7241572758297	23005.629102459934	8878.685370825313
-47.79691844614756	19725.638914148374	9214.73969947328
2097.5531930843313	22109.639722015654	8484.415133371887
1239.86309712945	20868.413254343955	8613.587637226592
2314.321857133114	20089.050060531703	9236.477601280169
2548.6921831079258	21209.137830295924	8776.849384024543
495.3478712874792	21896.42715422528	8146.0605875674055
1378.3673923704603	20861.17143448448	8795.916864324421
1668.9161979349878	20860.798273670334	8853.754277805629
671.7269114438186	20145.64070581112	8407.068127371766
1111.596544151633	22024.126298463838	8878.086834668806
123.56712514279836	21302.162597762606	9167.056342802623
1770.1475425591825	21809.776970125506	8644.121262775141
2052.510995029787	23038.272120718648	8977.177913350759
1275.940616183773	20636.442398672523	9074.484645677998
91.03535341384578	21426.11052664599	8686.315160940263
1002.279889923654	21079.36482946691	8911.176451520538
392.738860355409	21521.696478727405	8796.159494016269
1923.6086977083712	21224.08965873225	8562.591372501096
1260.785561695298	20656.42737488721	8722.629455301034
1553.017690328313	19729.960195524505	8900.626430741599
1300.3352204147664	23098.501379977013	8974.007109413033
1406.58961074916	21833.645584563852	8936.23253035589
1346.684563278179	22012.217633802702	8441.597990218612
1662.8279851521759	20263.6099568811	9188.316566056308
1985.047355377979	22613.101729827224	9389.537426567904
1464.6117260752671	21211.623119123273	8825.268138993306
1765.5849950321578	21597.04392316547	8895.57832193975
1802.0172371450642	19564.097646108392	9020.490365644464
-249.02134555463073	21256.309025333678	8768.239009428142
2114.0678429629365	22539.668035615883	8744.411738712564
840.10186024014	22731.582810674125	8698.686333811225
284.75388368557765	22616.853722468957	9496.719762844163
912.0616789995066	20172.210039501002	8601.573241434613
1040.7735490765308	19374.180582938337	8868.1020320765
1490.1796499255215	20728.090457715898	9390.47730324623
1675.6122719816128	20877.85144680084	8676.25975539022
2444.5518335406764	20078.08528303363	9178.814150877473
1771.2970144972628	19196.88299761217	8774.553322260328
945.1643958250374	21312.767671016045	8747.977572398138
971.7849823911276	22759.944115758437	8950.398063970673
2199.1992886173402	19896.34606760386	8812.350893816014
1342.3134711662096	19967.732011069926	8628.5319418473
-242.09224177772012	21777.22643701682	8768.94108306325
298.68800336520894	20787.55754283371	8864.031431790101
325.5752847811422	20049.751820801317	9041.540555155096
1318.2751028006526	23582.532222794984	8554.410660543299
1126.5831574726685	21074.475911561127	8784.4889769467
1181.8492581720654	21353.848756199357	9216.702831687855
1232.398125677467	21803.83598976361	8547.308980878575
1046.4706349579133	21054.35728807655	8523.977370619492
550.0964189555289	20667.534069258658	8868.327755668535
2756.426663079281	20592.704621600147	8671.278498704427
1397.5455521623517	18522.87917721494	8846.734816144928
442.20427885132545	21040.54919960377	9393.185551197485
1347.6025580867927	20458.780266704234	9357.879791822099
388.1596017172083	21161.72846315675	8860.85966730658
969.345146848651	22806.33415446621	9061.836488215595
1505.625576915079	21442.300675652823	8470.147301908795
1241.135800259974	20026.0243811605	8193.385877502224
1258.9909999478762	21364.05347955	8571.399791076426
980.4707041928262	21186.263699431198	9132.733361997318
1390.3438746619508	20322.013214753002	8927.912663968482
1151.712940861771	19668.21161627824	9061.412156924232
363.27749598124257	19824.52035103511	8319.363627050316
1222.9615675890216	21657.061322948102	8922.891638349447
746.4486999709874	21417.41215716524	8424.209530608863
260.181066130145	22506.976451008428	9298.697682493319
224.55830220982406	20764.251997442625	8643.554652520153
833.2855407101194	20006.291292897797	8490.031809318902
2665.5670753789327	21492.68374006208	9094.759798010322
2371.433172961547	20014.626812315684	9124.486926515372
1458.8583909877675	18298.851079718326	8764.210245667191
968.1311245377486	20938.32529166651	8691.256971574134
-524.7532866036793	20027.191924357325	8817.88662172847
1118.142351402792	20495.70062733579	8849.214847728212
448.8600296413811	21174.427159642106	8905.274954936995
889.0781137757275	20691.86140898672	8626.484814718757
127.7152585983425	20667.939277472244	8610.886804919188
926.6737871130357	20444.599367955998	9163.714933639607
2120.9498286139037	21534.828541831932	9094.87606242394
2210.745102370244	19464.978195962125	8853.52934421045
995.6693660079671	21680.356024124114	8492.66724165161
654.1989147425627	20495.40169673339	8721.194066260303
2299.6621867140952	21208.88148938144	9063.610772333963
704.7798156857538	20447.068817666117	9256.42996101597
1477.381572929016	19849.400373210163	8720.821827911132
523.55676962242	20993.74015900767	8716.78879937861
2432.347252247743	22674.984915425506	8725.39560886378
1593.3039057943392	23741.906907295783	8859.508278708703
1779.5366366010958	21430.08371548441	8587.744616280988
2190.9243598392068	20173.569919938564	8959.761268991851
1593.0114082527034	21089.05236333533	8502.810323215568
1136.452268035932	19067.73711405954	9194.54293435943
1088.9088708391507	21208.93231268931	8916.229543378568
197.6285943943892	21716.83724555833	8781.511672441971
2271.0799480958462	18817.51683824578	8975.473205974413
1483.573835686861	21759.733251030346	8713.24110655606
411.4422494514351	21272.348571111004	9137.691995407447
2108.5563877691493	21978.302593245677	8962.953167779182
326.2114053208843	22260.625062458304	8082.176797630774
-351.36036091334756	23425.481925246866	8466.521439556842
1181.8905899943059	20976.2869451025	9074.02979315391
1595.8633053739873	22266.666237463152	9224.568837937451
229.95572745148695	22243.15531063712	9018.080028977189
250.12217191989458	20265.476775765837	8878.169413502474
-208.8585679403624	22363.536660171147	9404.445369503368
1755.1838898823041	20445.49593803739	8522.020221349236
1078.2213677131872	22703.04381807937	8761.838405457764
-424.4390907653753	21076.71823462866	8722.853562956421
1178.7939115207785	21768.956320896206	8612.032630317417
-490.90474233729316	21815.710269158222	8513.885859006157
1195.5173521121549	22243.44641280927	8948.534148727998
872.5155532948089	22533.467379432263	9290.884103328883
1959.3604369613588	19801.731888357284	8947.681431742212
1335.5863763925222	20971.556655255612	8741.68147677291
-168.87027185229954	22136.926318002526	8881.140938140825
930.9154377048077	20759.972506650487	8748.335305880655
1085.5706163681405	19180.555979488385	9187.553209324738
68.10088174181058	21152.425653962204	9088.178073058525
742.1811106448303	19815.142517371783	8578.37108517396
465.87740985022754	21405.09979964151	8645.271428676893
1234.0044970452243	20656.296509907752	8627.16104727663
652.191097410995	20877.078101504674	8993.111016906665
1461.2536833178501	22203.000405604183	8370.866339120634
69.01839888653964	21556.92774880785	8978.54252058643
155.41295276849823	20472.087442872555	8508.197091859549
1045.0320125359283	20330.80832054041	8772.802588673148
680.7722178243208	21960.089207725392	8794.392523607476
2002.6687793529527	21623.577958691054	8737.055527977805
1078.8967551925148	22234.672642534893	8509.300529486703
1890.9917823595529	22803.967807230816	8809.005505992214
779.3565921264617	21112.93891027203	8875.185207726745
245.94248749981602	21414.4391668909	9057.441122897242
994.8775324560127	20512.061899347886	8599.519909430242
734.7254661520798	23450.479343843264	8518.799825849748
2650.2900904209323	21179.955899713597	8968.920864541964
410.18974720946295	22295.35755489821	9131.275604992124
953.6288493123883	22019.989142575752	8909.465382408618
98.51427699336152	21726.22574381062	9191.047243813917
2243.7538571261234	21317.728479022495	9173.076149672697
135.9465448571976	22467.06190077341	8148.367073707765
1241.4496461734975	22497.93532390275	9303.383709225232
705.4662357917225	20047.802325446504	8866.699345077368
820.7358895088264	20000.53619522078	9092.321997291989
1134.8392160523345	19984.821235401967	9224.076670989896
901.7112689098487	21604.564387739647	8628.79914497412
1357.0940164976487	21759.458750624373	8923.259553662136
434.64002978871133	22016.408278271338	8962.777141909446
210.19546982339526	22011.954173206246	8861.460221152569
524.2972409461282	21130.095561081085	8844.229287706767
512.4603438036442	19648.39554107583	8889.294423260282
-344.11034683450526	22986.34103977169	8558.58656755068
-490.3941706228526	21556.821291250002	8519.56768506361
1269.276865246545	20791.187121009058	9159.603398503625
1249.74006056804	24567.739231016414	9149.274840121865
1939.9214230665877	20460.022046422702	8490.333387263541
1080.227445094425	21361.099363607616	9035.805842520615
361.4733698575885	21459.13420855918	8920.862378114485
375.8876450422743	20668.444405661012	8771.39937403338
2238.590467614647	21251.330609101737	8660.508551759058
14.499602106106579	19193.84037305613	9338.896972742283
-347.1254886798528	21396.631230360646	8791.945316000094
293.8468649621386	19420.629208207134	8722.482714636777
1636.2369927036757	20355.50942280989	8806.710182400466
1461.7970499033624	22156.72911821308	8625.482769553424
1502.864899377899	21758.959790974823	9049.288461557202
973.442619091033	20664.40553459271	8510.141673096046
1775.0770461963211	20242.331782307887	8639.175518094446
-255.44182595579602	19520.80063181524	9374.566411109552
1938.367248252392	22817.402322856164	8967.645065888308
1499.6013488306278	19931.081879427915	9090.755637792428
1414.224897695101	21954.20002511593	8640.47547574105
1727.295028258876	20534.934947716134	9059.235475493328
1199.4016373694246	21283.23327822697	9326.315668125108
966.6968587987324	22218.712460409057	8431.698507493318
176.32695691621637	21374.95189163163	9104.558079161381
862.9275833022808	22518.768170266496	8931.709541343353
1129.3076304365836	21894.785964055933	8739.988916436452
2564.9678433512204	19903.375506110024	8703.60376728698
1035.8514127578237	22840.16194484645	9054.823716353394
1458.1287612100423	19624.95782610533	8644.059594074646
1378.423736678419	18422.786737742197	9175.641616151235
410.41054507330836	21015.23416544919	9579.568070800391
1586.7740569365058	19802.016834650927	8797.7041074059
415.9349404087234	22874.808641385902	8536.894012071623
565.4387868575731	20965.824899129082	9045.037152379726
937.150275107017	21123.249666317173	8817.353597383688
1703.0615931359969	21726.31622768383	9054.338476696288
1086.515723192899	23091.394837431362	8713.000684968165
571.1223847292683	21318.547613929903	8907.10997287789
995.2154093248198	19197.486486931855	8767.490044229235
-309.468556184616	21844.88426505227	9096.852933460494
2021.9417521516195	21147.36424008081	9210.334200285273
796.8874311571736	20088.85398200194	8297.923925712972
794.8297707752818	21876.41414214794	8864.924261154321
881.8015749711114	21629.198741988996	8942.888301847917
637.4567508828221	23605.88959349675	9040.517017756458
260.2096132027704	21475.609888755862	8678.68584551885
498.8025379300532	20168.264035740747	8575.214620330797
-1024.6105578384374	22296.950007186115	8814.931859119984
1063.714560612851	23496.151097877544	8791.687626355926
1476.3951162140047	21510.200535638636	8578.058364169012
1084.1162466153353	20599.967519068177	8667.70022694912
1752.6161878548428	22243.12434632991	9341.24399161152
914.9033358484446	20833.586837304465	9071.87424300618
-239.37136967306833	21781.09055724314	8492.12872032744
1176.4720000523255	22560.04726237245	8915.720845410417
3313.3041162384106	21868.04756664778	9260.647766753917
1289.878116486327	21742.208315086747	9066.48120302733
413.10186277850966	20275.828078927323	8747.47289631146
381.1465748712957	19320.107826141706	8366.765157562477
1837.0569317641653	19852.544639842767	9161.758641799164
586.01715449321	22014.372900020397	8355.166091364918
1922.1370291016092	21214.090042950484	8651.156965558428
1559.1458732571957	20389.746493814047	8586.599326739262
-216.62208937898	22653.27215528965	8487.447376230062
2282.0819794688164	20714.195380604826	9034.347036294945
1726.182316849	22236.596151448863	8620.67534093826
1004.3592212613511	20475.763419773524	9207.810482943152
2389.207195737668	19739.9816461324	8953.55078237685
1955.50065801974	21792.285010485026	8956.882261788931
1797.3105734760734	21257.205424699852	8540.408911041131
1873.1290263288815	20957.55983540906	8635.970049704034
860.7570823596777	21822.406133357006	8880.495095637038
547.6925959564389	20287.20394690189	8437.787493677195
412.6518612851214	20926.222647670147	8862.410314021197
965.6578731211663	19920.316627802804	8440.390547733236
681.0825181166814	19466.939964034525	8913.549922155464
-49.41596709086018	23192.967303725916	8713.391841129822
1918.2874547719812	21901.30894633103	8526.134038789969
1177.0713375462503	22191.568929933313	8671.040433068612
285.30646421353504	19595.71149660826	8731.558735176686
951.506600338179	20902.477987558606	8686.732312565033
1007.5315237818352	21380.708548272538	8918.866850750177
654.9054253042616	19510.811250430444	8860.976170011052
924.5042604026203	21309.22349254648	8834.783934710435
997.6743610766779	22346.604206984073	8968.174613641246
1868.169497249598	21546.850180520996	9307.851781980908
673.1127532666642	20595.974779169635	8859.741402205611
1026.6220274127909	19864.667104707496	9182.157831054552
668.246500371965	22375.221561783077	8893.788976757409
1240.344812391119	23502.391496724264	8343.730558751617
-592.5109910843361	19821.65154443629	8833.68997232492
1640.4138924596532	21963.980073789826	9127.337213909816
144.91571758341456	21511.26432089566	8950.292298831158
1172.9891395456725	20602.829727338154	8506.23160688506
1711.4419028242135	22566.25943110468	9168.474117605185
1034.7560574088643	21117.474488174183	8856.149555213786
120.77583984849115	21675.580082414424	8612.779926445048
1922.3179511112437	22056.14818940663	9228.333038144974
-134.7615067104591	21553.20790497228	8960.666781234795
1493.7663037336802	20474.901908657426	8212.49485079025
1761.1624907277255	19830.30718599421	8888.300919087671
1295.4033195399616	21153.370942313737	8038.368544283461
563.9630531367835	19606.863022800746	9039.668115669116
-237.9777041123206	22401.419298285935	8659.50206926014
704.280275657504	20396.8942243385	9411.499944444144
1274.3252864261087	19290.284317028705	8560.51884078163
1904.2163601697184	21891.52494672977	8969.039130341382
973.0369858980432	22177.236244465777	8799.838258207039
1581.7724512585312	22118.832732333813	8861.850891647342
1771.5693737375398	21922.560076993268	8822.48951837839
1375.8906311858498	20647.023983610874	8990.894720154578
1269.756954098446	21143.266112237383	8333.396933896727
1000.793053094581	21023.94762699026	8619.770581671424
572.3112052986717	22256.60278751488	8675.514530032855
1349.0499413481523	20664.161973481863	8753.630904474383
175.21558214850452	20859.021097030593	8647.366224011539
857.8773046563769	20620.74811148445	8614.521283833697
1026.5711077265614	21741.46946997663	8317.306291687313
214.51537298781005	19954.28970512273	9458.156219576455
754.6321731861306	21375.611987597167	8779.612926681742
3063.583042668634	19118.020707279513	9170.864756890012
1850.9204205393619	23539.547032352537	9055.236553494811
421.5530771091365	22568.435821026444	8630.201261677947
575.8806020365099	21405.02405554873	9156.6846353057
404.9399176360516	22093.072369241214	8669.317817924975
514.33045306177	20103.416245169745	8775.29852844296
172.65673284021344	19722.03045544076	8671.615227871085
-514.7775053545047	20802.84899714578	8711.62944558746
697.0348998626946	22075.714509287474	9199.928793559015
-19.253965797184648	22600.879555460782	8854.710590306939
1759.038435518248	22558.843270798243	9054.11941636396
545.0087458630524	21029.156298373906	8850.992548390916
1929.9772220404263	21673.31235736194	8777.526401538782
1756.4523283755868	20640.217810101018	9112.892798623003
1184.490548406038	20469.798084006714	9179.514980081762
2180.18239564952	20917.58264138557	9034.443856846223
1986.4927922204722	20541.758703621785	8507.116106227893
1812.450695842907	21537.69536827359	8876.889820559869
861.5632978351645	22190.449032557834	8360.73377421627
1575.5808508306086	19816.145462569297	9041.071062077854
719.9332638775456	21495.928951016238	9168.247664595297
1024.3352616306913	24079.9183945418	8493.441948004967
38.44104658215913	19669.111694844996	9090.069960995657
790.6283750495978	19893.083178276585	9035.159569358892
1767.3114898661102	18570.28936180295	8251.575012363823
295.19613234184106	21530.504316897142	8967.895263138866
355.35802297958736	21532.778451099144	9110.20447050235
1083.1616613679294	21694.28808380261	8824.278816150676
544.9184907615173	20186.832837894883	8748.646573122709
1365.1578380874964	21389.72980986912	9071.483497050309
-2.4511748430961475	20625.592455315218	9278.664734605025
1511.4255630146	18409.951299844353	8649.469630815778
1238.8333211048432	21524.107609367507	9041.555423617141
696.67174262709	20153.762004857093	9057.474770153032
1710.4563708416479	19309.970688992318	8560.67172190728
951.1203814980256	20952.070608469065	8753.496420030331
3022.1172280527485	19894.56033019793	8574.759432422712
451.7260013166674	20058.642700760734	9064.909294660609
646.8212838130466	19817.09474863067	8725.925682557232
1733.2562438437865	20652.989626663344	8995.097177686337
1450.2751665662997	20731.435548337904	8553.227608620373
1616.658960785649	20440.84086792397	8387.535575901707
3991.394140887764	21026.095448721037	9246.081031746591
1225.6258627480336	21223.839250262226	9151.775939261646
654.4305524281701	21316.50891592015	8974.598925045491
1004.8940313767835	21866.249786568107	8904.335985729102
994.1617620600284	21223.17575476121	8864.976701718018
-286.9902364551475	21959.701793776072	8959.757640808797
570.8659950105989	21678.653989895767	8656.73936132268
1415.614848393934	21164.792357891427	8947.336639921074
1170.067425197695	20352.933206785427	8565.794713161273
656.2437087176564	20663.5631332801	8508.177692812069
1402.9905803180243	22085.69341816321	8801.174532820425
-314.2426975701735	20233.441785341634	8771.356852909234
880.5517942491588	22966.01805874715	8492.387967699826
1770.7958166612175	20682.628234758104	8662.113474988884
463.05216141880896	20685.12833566522	8494.668066895001
224.69265269982387	21879.05073792343	8577.10209625119
-242.2055181123458	19638.85972291599	9219.79959405166
1683.451324183671	22801.69241365574	8823.1633912854
43.895664645530374	20899.728321039256	8892.877682425486
-74.7431591349505	20810.57972264929	9368.364811127345
1255.3614087649041	20369.602501954436	9021.834348876644
734.1489342707499	22550.673845609337	9658.339199190688
1459.644968214755	22220.119041039685	8774.573332448397
-215.51766224557113	21062.571222961884	8989.644783023947
1069.1111804862217	20169.89759869172	8890.887019272694
1466.971629201473	20609.679534353072	8545.862002536518
513.817442560756	21002.054658360066	8702.015451478726
264.5967987030044	21728.539862466158	8679.515485158445
613.4035259042837	20874.33507464785	8650.181209185477
1690.4020384652617	21586.525174189814	9336.77942540909
989.4620638295272	20705.27414290496	8775.258255463561
652.1075281320107	20981.67336179916	8605.660406072993
681.4834899036125	20955.053941794806	8846.03009155942
1704.6142339901153	22552.775937776027	8415.673269526178
808.264979691636	21447.896293923408	8587.573975196981
899.1437364067672	19741.462223888746	8650.951330057307
1188.3043872876067	20831.07440283945	8765.66460402227
249.74568923619236	22003.952665200606	8516.283584204682
494.1456567594711	21647.74895759789	8934.338744047025
1886.5928321356319	20258.61083652758	8855.177858569761
1551.01556298424	19887.790232424682	9367.027404607781
-161.79902451363944	25157.133170141395	8362.224213375108
2194.0317158319153	21674.307873610727	9007.492488928934
1022.1833831416762	20228.01636173127	8793.358621871645
471.9450140557907	20074.314840504045	9593.853235442999
472.8879829266016	20908.118374546866	8836.607606334503
1573.96602401515	20958.150252987714	8830.137757312657
1134.8401950764737	21176.338928094003	8704.463401134852
912.2888460879541	20566.390714610152	9102.500051144812
1717.6264599288718	21264.440384063786	8640.121308891563
19.572117304530543	20047.39764327978	8530.310667708321
-40.89429762918029	20278.60857595907	8845.777503233683
1791.5004575115581	19971.476102426193	8674.240927400331
287.42665411098625	22571.363369499002	9140.438446237133
541.177842425943	19430.660845393788	8520.878563911587
333.5545934271911	22772.271030891203	8775.066278283648
1299.8638613441165	20588.6476581349	8425.584543069375
768.2171087183373	20878.206592437655	8827.901842880607
1614.1138138453664	20803.480382893584	8506.496636284595
-1526.466822920432	21369.405802735848	9067.809246038209
1582.6332919892182	22448.40625751903	8999.303322683481
1053.2495283300184	19476.506223421904	8204.44385529596
1527.504901140668	21211.84412523155	9103.914340282505
408.94359267897636	20725.253593404144	9030.265880756968
2293.699579333369	22359.895102289684	8300.633582255912
679.8722225556321	20930.99413670735	8460.729716386657
2753.163449112956	20799.857239580026	9085.944980988728
217.94806999283807	20509.5447004384	9330.528757222002
1459.8458808265352	21316.952770153268	8833.800969264526
1072.6582714914725	21329.44585507034	9017.167393990228
425.3918480910938	18821.603586421465	9317.675262410166
651.9898883074984	22465.34396380793	9254.896298731739
162.46044840793377	21498.42482188399	9147.21337712214
769.9934615452788	20262.085473540203	8943.791919183626
577.8547368321817	20289.215390977308	8626.250729415215
997.889222376028	21732.02602595929	8552.487852191038
1525.6856924506249	21585.901808573726	8969.792761076162
1254.5044171667555	21494.323793777683	9207.917800423427
1763.875819913029	21245.16642521936	9052.69333520565
1005.2322570893549	21577.397442331345	9057.679951994383
970.4603695884643	21767.690892521794	9001.74682918639
1090.5725209380855	20111.64381586895	8990.998812111022
-14.646520319330614	21436.71996426636	9154.212003821067
1468.6826901719126	20686.691814926755	9303.717027620276
1888.388679313051	20709.138934744467	9153.749176173736
2016.3826486281964	19890.014732972966	8717.73812367253
1272.219358326567	21859.255047257746	9111.460171365434
975.0889519274147	21461.031487580076	9092.994307612573
856.1565038040335	21383.81158064116	8915.965756822003
1108.1142363825882	20781.1356987255	8172.602697658458
667.5681116807475	20525.28339382753	9292.038821175558
452.4207396205681	20714.752630350456	9014.21194170655
1486.5035611788232	19892.962093050635	8904.806559531109
321.1986949452973	19447.145262638922	8880.047441622077
1999.8134324362886	21719.28339726764	8694.781145026931
1294.3137110362952	19023.23949283677	8819.720603796473
229.7102043108093	21098.91457720131	8845.142720569842
1124.8031889005483	19014.105017507853	8763.111683339905
1536.5313435049636	22503.61768192195	9092.578022980475
1618.7227182740276	19801.424723766202	9173.081649160233
522.5892150513863	21940.51857940379	8662.04349566396
1321.2303151883948	23125.645154113332	8647.160451686465
1386.452610303264	23500.038455364145	8984.8093479654
1470.0312872743907	20998.78358971953	8903.671283893742
1118.0703660920537	21284.24920394714	8992.698160986802
931.9935623457152	18969.8002192692	8773.458680953458
909.1289919256247	22036.016662454414	9344.085034089821
262.4615571813631	20100.129279866997	9016.940998713128
-718.8268437337098	21576.861310965993	8851.604645978905
1669.9980199346662	21934.269613992627	9280.84991264302
1191.1027526390676	21792.81577630948	8703.115959878574
535.3605044930188	21670.014068717563	8592.931073997444
952.9886383295413	21766.956374946545	8349.786202832895
1582.4892115997095	20664.88594373488	8880.256166527524
367.8475910416042	22849.139601558803	8819.9108874085
1354.5596850233167	20161.61479688952	8898.658892331334
814.3252767863913	20439.77000275572	9087.780952829342
1632.5508624998529	21752.105930005935	8293.198082288895
616.8609786365893	21561.82726880052	9175.734087273186
1205.8175494872842	20652.796660394277	9172.125866000573
990.4593400646967	21911.59519122296	8904.566974534104
1222.56524222	20403.56190310524	8858.09233584451
562.8922121501058	21624.104139073173	9192.884003117844
1142.642029531665	21711.410472516753	9042.40249764803
1889.764276268276	20293.70984358167	8601.652181780175
1231.0478461072664	20101.98624778993	9099.855625431495
1003.0756429158391	19306.928388335746	8481.8807890449
500.50022530070294	21276.073288707747	8692.216453004752
649.9373130829844	21634.827722746606	8886.314316229986
753.5467335600166	20606.689561722353	9035.230020111845
990.4177304681444	22443.74882681527	9116.182294270982
869.8129032814272	21428.017442933437	8941.840305627547
694.2687151837263	20629.711857331124	8619.408975660854
17.687748500945006	22105.076340713123	8650.567008834387
822.9898691898932	20368.72404703099	8874.850316716726
1426.7126685796106	22386.155121567474	8799.288822028564
2659.2820737018606	20786.083695772788	8571.801410031496
1072.7271525969081	22111.606396592964	8906.324079118347
2205.5126660684095	20725.535211763385	9051.06089120979
1941.7382692666567	20544.951408932877	8924.676799843517
1728.9782465133335	22188.308395342076	9354.05397160402
613.0027141683208	21305.860372748797	8836.602121643302
1231.6121437542502	21921.472493602418	9021.403400065925
-249.55046602478745	21112.702915253973	8815.613703772318
794.1786642715888	19020.046873300376	8965.954126282417
1224.221135606083	22109.98434476764	8516.873728103927
1437.5315099313952	20299.177933613137	9181.761894461237
353.86866866975413	19600.07201728082	9375.106668298471
1433.9830732347746	20846.492529133804	8907.626316468131
2273.582618978173	20301.33830157688	9016.260885681953
-146.49086919841452	20276.68519199732	8990.602951719304
647.5511233483204	19329.230324853535	8405.111211952119
236.50969729678218	22963.20339103785	8506.754465402923
864.6836063785122	21707.238723423336	8808.72351222758
788.4903689204866	20486.681588279527	8542.81471910935
987.2180827751715	23057.678672599042	8685.639570165074
925.4749295379091	21293.163616221995	8669.130889546788
563.5446796541212	21172.354854357436	8797.44728284379
1445.0828321721126	22319.730360861227	8725.182531471286
1815.0565585331767	21382.308654599692	8725.963062630053
1574.3027855507366	19310.696900304647	8971.361407965192
1380.2051793573116	21366.30034951925	9148.158231005378
613.6710513049426	20846.037675900978	9326.836317547832
879.5054929939763	20313.53011273588	8988.570450371504
2333.866764387516	20259.58907547586	8692.606312561215
1083.7147338735358	22729.51283750563	8308.550105665821
164.01221207918172	20910.292126095257	8096.198239802576
1413.661741490079	20460.543540500756	9058.417887035854
1078.9591760826133	21296.981878131064	9421.138416787931
936.0373008303314	21628.140388114683	9018.60420665249
2299.1326059296816	20079.178253006237	8500.307243456431
1437.922866810476	20085.612608271018	8924.66516525986
421.7869796461865	22811.24386310653	9079.790941548736
270.16943053047214	21155.310024002254	8581.271454468979
1651.8963530241513	21317.103074273786	8745.148154533788
1077.2136919403524	21791.690657471572	8454.533014756964
1735.4847798848898	21342.212948397602	8970.755701066326
990.9935479334283	20505.35459880535	8759.384568498708
1392.6936200807606	20655.97975470819	8374.77236962226
1572.2895893117648	21970.826874591054	8980.742472016413
657.7333926954094	20972.596496067355	9136.168511380456
1227.8048425473128	18645.816983039098	8978.020869688904
1236.8302492632306	21383.609441987435	9227.243619281071
1564.4166194670727	21320.478710596934	9184.240905447132
-104.75221536550139	20243.478752233957	9307.989127772042
1990.633011345876	20777.079391220966	8445.361022359799
425.2350683322025	21515.524466712774	8644.290570528497
1401.0100687691966	22999.243712642467	8629.489052732888
922.2760149234699	22283.288121909765	8655.5683159301
1099.794190225453	20789.040524796146	8856.952663223701
667.8985628200369	20459.902782141886	9063.067648915063
1238.1385717616577	21547.092808802034	9072.378684150039
179.72698741146948	22078.706513571327	8615.516703332936
1735.0906437524327	19951.832576899065	8713.664431658817
836.1975339212048	19943.11081331068	8711.174764214145
1416.9208934599644	18012.40730483753	9135.129622013934
1055.4717587995997	20941.49989909135	8686.487912852386
707.2993417007286	22132.407523110054	8724.418412051538
290.93995295826676	21127.620776511245	8536.894803128826
1938.0985816039163	21081.321360172165	9287.39000861042
2104.217595132543	22106.547299527825	8811.361646349205
1153.1793070028784	21602.13647189596	8836.000415955963
1061.457090009887	20363.942745426757	9074.111933661463
1746.4277563794149	19820.857959911646	8936.49254133522
1851.1029363263988	20526.68127085067	8691.173646129992
738.2859814960739	22521.93427460463	9395.10119157611
646.0103727764991	20803.16313490231	9193.864499935442
1987.1251547054571	20404.347680593677	8518.694942588845
952.4810152119215	21098.827443751186	8877.241650068354
1526.0833052103694	22151.15332887951	9274.040745177374
171.94272762444362	18509.224859267284	8853.876204919918
1288.2681906605544	23297.73594356076	8983.753466097962
1925.9515664324929	21092.438356053375	9208.153195111696
348.92494238190034	20918.52700703855	9129.640516883966
1893.5105751001843	21216.854264439542	8940.16219161833
510.4171230962162	21069.293318581418	8580.275322900467
835.1675738902271	20037.75610387717	8963.579727473529
792.4538632780989	18801.661466265563	9013.377535426449
1153.054028904573	19474.398020361034	8648.909428160565
2044.6784592155582	21226.475243851677	9081.208236118013
1898.0503834948165	20322.050441125826	9104.18772837564
235.14318442276064	21522.073030086776	8656.786721491999
355.45282469823746	21911.14470789845	9154.77464858956
243.4092959455518	21422.733137581185	9247.177743106275
125.17231162458955	20139.844986004093	8850.924056065132
987.1729341941857	21157.56717748531	8978.503522284802
1034.0941405925735	20700.07955313902	8854.234321362563
-266.4069256106954	20201.020351068117	8991.373418569523
939.0915303967878	21157.075436102237	8362.426830994762
627.0987140365064	20519.77915396193	9074.857615510311
1747.6016195211682	21878.159046415585	8848.579812823647
679.0811353004368	21098.382501807184	9195.973569553113
332.72902696901656	19930.125720050426	9048.058003867232
-108.870447726103	20218.3153717907	9032.285409720462
2101.1527073397156	20758.668570088095	8538.817151730747
543.3444945100642	22872.547145175387	8749.569740269928
1710.506881121408	21775.17117995052	8200.71999307405
294.8747984299026	21758.977167194	8824.844178470263
1418.7835574221092	21097.30930812966	8665.741265065684
335.99193301124086	21299.794356175113	8684.89311003209
613.0590475964732	20941.1570134049	8993.728840867952
2108.0058245715127	19688.030568880113	9317.345928112254
-605.5291914368898	21243.07763514946	8682.856676681324
1403.9426494153672	19751.51303269259	8249.77019045133
1448.7079693864034	21491.00888630628	9109.859511404762
140.60372463336074	20446.041114131825	9145.815996520696
-379.980369460787	21180.47008899507	8722.562739893692
170.72997713199317	22136.004371391824	8682.762885953318
1043.7362965222835	20389.998063314106	8832.331146604243
1291.5143149936098	21988.139739123453	9076.506580248944
539.400287713692	21743.04705787669	8987.070016666472
739.7702313786066	19759.59114338579	9095.822099507637
1399.6364029676674	21277.384263713004	9112.55073967368
2095.194215842625	20608.003517269517	8907.504664914874
1308.6087768118564	20636.576237575115	8669.284148357914
604.2167152944807	21999.953803544322	8915.526366738086
858.2737059469847	21951.87235222286	9024.137668911177
1009.0983243960785	18875.261913751474	8894.91286088138
959.8659078540064	18577.273097348763	8646.91393314662
1083.9427701608313	20472.640048798745	9088.628861309504
1606.2316471032216	19677.265068688426	8679.599314333023
1299.5668693878072	20532.90783916729	8972.056772393706
2062.531364502316	20950.707639882134	8586.271784476003
79.10477154399199	21397.169537868875	8675.823060077531
614.4092195306248	21578.085183937084	8869.535775353692
414.2643903332697	22284.99230810929	8487.68535699709
1379.6012015376728	20597.421112799417	8860.065001632414
1002.0754800462246	21505.469390441875	9056.512843624012
440.4071908359378	20794.7258931665	8779.602635789815
1240.4898036746542	21570.17295643886	9011.274243468866
2158.1183619339013	21196.516039621514	8415.155021580667
1491.4998324668095	21017.29654377643	8366.29567873545
822.3129206411108	21063.609559007386	9076.043604713079
1471.1421394959973	22563.723371855613	9116.987904082514
1363.486090406863	21845.421102973673	8885.15965324723
1650.6640091399331	19973.830586988115	9080.884056869403
-266.8904374334714	20725.173251029486	8693.332122313586
602.1511790190617	21538.862040579366	8819.467850701338
563.7047160502675	19618.614009626785	8663.137989488185
971.6114183114972	19324.82205117743	8812.809234360402
456.72123155336743	21414.534005983016	8600.10812695654
107.29177850235175	21686.644389359983	8712.3521518818
906.8712856587929	21569.83529585118	9504.345691230981
2110.008601837695	21233.29176418279	9170.179882370392
1288.349523480838	18740.413438055457	8658.723403938739
2129.2188373698195	22229.97806474164	8879.654272324255
1274.2951198749647	22019.01547520968	8970.839997120744
147.653610302817	22537.07760661951	9174.326471655908
915.9125383674282	21222.42373800469	9314.356458703618
1433.022456552501	21348.155325070697	8596.177061028955
1344.2988980356943	21257.252748127143	9324.741013753515
271.50736106485283	19435.977805565366	9125.10189646012
1051.2890480843255	21153.648695889216	8596.387283834421
1366.9747695019264	22354.267926499742	8671.471142623153
1567.6632245140318	20519.874873287	8962.492744507686
-7.794701396756977	20124.900788003386	8953.626559680151
801.0041613939198	22432.233299067007	8580.261839601522
1128.0824972544922	20643.05192467658	8895.411989302254
696.5170957071326	22810.24405346365	8759.75309023251
1849.3132984090926	20904.224829609575	9010.92977622842
2110.2187971890453	20678.715230767015	8869.653851741414
176.41919385362863	20828.123624536922	8744.820283170588
1681.030225487731	20553.576567080316	9064.556006774152
1666.3357069463364	21158.987355402507	8688.44057175995
-461.1402666281892	23063.17290092493	8651.304009239015
1140.0384000685224	22047.956385420373	8933.256918187319
480.2001684349405	21479.998830700468	8597.397463605283
491.01246406780376	20769.464220449194	9269.657112409397
-586.3411923581253	21505.048023169846	8889.117092882061
923.7137776847637	21218.780884903095	9154.299931220343
785.5644702757664	22169.03742648102	8825.024199761383
413.49317565333644	21680.23354411975	9297.478047570554
938.6765546732427	20486.47535643283	8620.672659489532
1159.861995417707	19825.35366263585	8984.696311345962
986.3801268450966	20087.047034029827	8528.643380914153
369.2190560361714	19685.881950549756	9407.131936885922
1148.6080000484283	22153.74607858097	9577.962257760759
765.9874050261108	21805.73301374376	8716.470940769403
417.1322072887785	20959.69428018288	8668.637643336646
1001.3235180706888	20013.035377591725	8978.833240477008
1065.1754227889023	20833.38862817392	8952.392318538597
1435.0777942530917	20823.43336400178	8519.89796352227
114.70634869619829	20928.547111740096	8872.801209744555
1867.487479037073	19407.752787846042	8608.600254970585
888.8899587983339	21566.957941334967	8864.81638960127
1450.8942991049669	22205.765989247237	9033.35276665066
467.01048514727233	19465.402307997138	8830.143217995197
425.035385463425	21632.06642145823	9339.866306006137
-80.41775850483774	19836.385620336907	8725.288610276795
-215.97474680360588	22634.812466913252	9082.14915544635
670.8864583744261	23115.869813851707	8631.401965776544
567.472611958445	21150.666874755032	8987.061423926592
2441.8588130373814	19859.188691676856	9011.046053566895
1835.2786837566653	21850.033151451556	8675.192284809575
1565.479133000602	20083.62922856279	8591.066372313842
412.24266543169665	22494.943909212707	8830.349342094185
481.0994564857851	21894.139928913508	8582.609606955886
-204.05587665973644	20672.189539306557	9398.292430199632
1500.3092754237014	20867.02257871411	8589.729363562832
2002.2624627178602	20620.968508455044	8944.696158662717
1876.2657883319612	21587.369021575938	8656.867354076769
1050.7496871594499	22747.942195792773	9044.626853292673
1773.3593031524706	21141.911742918906	9152.825231482137
272.85499534586097	22896.302567424224	8641.124652694816
332.58789978407526	20385.266662379247	8822.886984740928
-231.77066638711938	22847.026204400503	8902.511025096088
1336.0191212799803	18745.159702845624	8888.046028466553
2564.183611561445	20816.11298107204	8707.455547378224
1187.4713881297403	20613.357148909494	8381.012503000702
2416.980601242073	22133.64844179652	8840.795134655322
681.6462348155017	20753.2986886551	8908.996883687698
-233.11293927250406	21853.23128081458	8677.692568428858
1838.4424118510885	20204.766208556448	8762.254249128202
1385.846655316351	23049.948050655516	8535.27139715337
1718.9269490522954	22952.68618602125	8825.759669550413
1082.435367966622	22378.814647413026	9044.582095372876
1905.2501762054687	20385.55198611391	8774.69971597628
-179.64661689240359	20969.87792688126	8670.775432489114
786.5836135122315	20141.64910866902	8900.394650443617
-82.36790731804123	22584.04423204113	8614.910132791325
969.0327243598144	20579.560959715174	8834.418802881186
726.5072879616046	20573.808066029032	8713.681011168523
1697.964391023322	19739.38465235843	8510.395451451783
374.5449833983738	22509.136700546063	9059.715146656968
840.8409888494247	21316.413502412655	9073.563826816513
785.1995426741664	22796.515273684858	8321.628405034902
1691.3617868739457	21169.16067737972	8611.157878258196
1018.8332829026272	20400.347208585	8882.896886951678
3102.834717844757	19733.062802794422	9257.382703673478
534.9406011416728	22164.85197401522	8152.6296865879485
1273.7683689388532	21318.773187818748	8775.05552266765
607.1454377174517	20834.31817125271	8880.256167375424
1025.4896740425663	20599.418483978785	9376.731417391042
-25.67814942254006	22364.68603051176	8840.531806780387
1026.8497446109268	21192.410279745083	9053.795534767089
1306.8217392445008	22309.59785006931	8882.754492599888
1766.4592313771977	20917.632362474687	9169.335103897964
2222.8008592616816	19350.91623261057	9257.410379465631
1264.643294129647	19380.067351577865	8265.518453004292
1011.9094330756749	18433.86199545091	8957.753459999796
2015.6963991950236	19588.96468506107	9107.438434950727
1875.8090798031296	21100.257219030264	8784.029094438793
725.5953423655245	21859.406488380177	8675.637857597205
586.9211337367802	21773.328525117708	8938.779613799426
1428.5759412496936	20943.631564148865	8955.47558948847
-316.14859552776284	22676.84406076303	9177.388561857499
1187.2662372286695	21408.641471546394	8835.95235435101
912.4476710821058	20672.873777309745	8842.567552303488
-575.6069545801982	21873.603254711983	9326.421508718719
1749.296338419221	19132.491023484155	9061.01448856559
2412.601291854331	21453.667440675148	8574.330834592192
674.3056811224666	21441.141497363627	8929.31901125017
680.4058984437145	20473.900865045118	8944.641092300888
2324.3589251917897	21524.987516167952	8737.714548063803
1372.7168614852392	21834.18856799942	8491.856104714409
1728.5995392165078	18892.61204397883	8713.370050224048
543.5215679668528	20461.107839856253	8746.572552233705
1153.0920835866445	20650.29417290507	8883.90333996717
-341.05083255827975	21673.192413642646	8834.291159581267
652.7265775526099	20970.34055301225	8386.946533765231
374.1884847197379	20926.555303533838	8787.699171606493
1641.2119588077762	21108.789472961173	8779.427257972417
1374.1375360745412	21363.258652486023	8839.57791682814
1042.1366057967443	22216.315976172962	8954.287478693788
411.96105156388506	22593.98266103661	8942.824448702282
2057.1831317811475	21924.81839636314	8931.617589145839
1418.5132850972138	21090.589015962687	8944.163878899102
117.62771592246102	21354.540420996884	8694.106617539595
444.42639909467744	21800.62628826529	8864.38217044305
1052.2903788525418	19762.655973117657	8978.696182414227
1594.7935508247472	20878.745755407723	8592.739539211478
1168.9772510712312	21329.45192583156	9264.985260862693
1275.6939739544607	21172.83225935257	8884.22455712708
923.6458032942019	23087.215043788816	8974.010014135223
34.714147426065665	21675.082312001276	9089.465234302594
710.3235939282737	20500.72397350019	9363.816284256078
1259.9208482674262	21756.43915519657	8689.85115225967
1480.4107154110377	21688.105368055807	8435.769283940288
1595.7852578796965	20902.484041369098	8759.318604811244
1553.0835729625514	22732.07454805945	8996.759259237697
-216.77202947293466	20330.432449027347	9096.078877270287
1274.5336449584458	21237.717638711114	8712.280213066077
1391.5200312208297	19981.875368729034	9138.975688761602
1720.8567358186215	19781.805785902427	8801.537879808657
403.8962648477682	22181.864867111675	8805.416362322478
-124.45390520170777	21388.653371740944	9092.429648096297
-259.22493215382315	19864.574499310635	8640.29469742171
1636.712557823633	19635.570222434224	8491.765020932062
683.2510143590571	21551.092118189164	8640.556224525591
1910.3610364560743	21606.581120223356	8730.235936861616
1164.747173667543	20741.90415876211	8925.788749772079
-593.9668394599444	20657.62283347888	9034.599517821347
1557.1555334117159	20401.51049510033	9067.29235348857
1106.8865636257435	23886.291448018954	8703.096588335142
211.3175331613134	20243.242856036617	9287.796495054848
955.9712351935649	22278.826995743122	8684.46634457284
923.0494916769984	20262.82473242282	8695.849206377681
798.1147783165657	22316.24730003936	8310.602689997988
-19.09867834448872	20647.642154469257	8483.840831586858
1234.684611812942	20757.640660427205	8831.408315415041
669.5138726798195	21463.008965585097	8947.451237058578
3015.6693476846717	20322.457091156284	8693.896329459758
1011.5532826649693	20917.48606132451	8567.316855630916
818.0193397904936	20591.87389680337	8824.896827298006
967.3357028574374	21476.633233053562	8967.814894486606
1707.0848502377644	19539.195232331953	9146.537946859144
-67.79881249383388	21221.139256134404	9204.42714079488
1611.7243216660215	20077.588487049168	9282.330484794113
1298.5343143440361	21857.786573031743	8431.84787218701
1625.403599461992	21324.622019751845	8773.378168216892
813.9486234263585	20798.450409201607	8620.710432391483
617.9664329433982	21632.155456121527	8566.133771921934
-609.0375363398323	20504.100328805067	8702.91358896224
640.4990613099947	23080.464435980644	8226.114104729642
685.6714897086331	21698.806892792738	8715.48565160304
1167.2767322709083	21704.19712298544	8626.199286097914
1692.160304134948	22342.95804938333	8826.045808863773
521.5425105071162	22591.721146056447	8811.469460531784
-339.5002249913454	19913.74654230392	9404.735801537492
706.3607417365038	21583.08481641543	8581.887936709198
1086.8690321057657	21496.04466488731	8595.233172329887
1778.2657694187922	20732.27365910643	8350.204209900092
1847.8383671553597	20261.240413350923	9376.595648978915
515.6836887488485	21543.296177135297	8717.460394360072
600.4057715056296	21735.080501907185	8819.17067367361
813.5867672889195	23147.595406823115	8947.057852619319
432.26320074602893	22785.648321039327	8452.465920863147
-943.2013621549129	23073.467513146697	8634.813648422947
1012.3394969599259	19402.664041617372	9067.271797919479
1781.9202453850503	20245.75441212201	8908.456758028957
452.63541647228055	20720.005146209918	8950.752475216159
-395.922911390287	21599.903112948497	8859.94962754807
1348.8906959126925	20664.790193657576	9030.774569242341
107.88933770167439	22143.37384138481	8697.410848061048
1780.7609596208179	19477.633371751093	9148.24166337179
264.0804692514552	20731.000563125264	9229.040355512481
772.3428505660876	20331.500249733	8311.319007397242
841.1941737358387	20333.74786892314	8221.301801034666
951.4525424899147	20450.682576655592	8614.417450383935
560.970634505649	20120.057376011137	8930.425591201763
1790.6618030516636	20656.463934577343	8554.81348051939
394.3354710267415	21988.785563641588	8726.048069914255
537.6075364762577	20854.678495886074	9236.29585255572
737.6978132615949	21291.006749188004	8956.634915913472
272.36994541225107	21806.45614793358	8919.585949932589
842.1051233984746	21495.843590343917	8976.613319273776
199.12249938849712	23252.147636713067	8476.389414464515
1738.1061642679213	20282.119781691294	8970.016890879184
198.98561529699387	21390.37549590254	9010.544890447469
341.93535114274266	20988.283536416948	8675.029392127413
932.0574246366883	20714.896829753656	8780.044879794496
285.33725407350016	20354.60090344198	8615.867969269819
656.1903937267806	21799.650341745444	8537.815582172618
1142.386502775761	21299.587794967523	8713.534271262653
558.7832316800714	20356.054678384615	8721.264450639874
436.17270762843225	21424.785316844027	9016.685225422545
1433.3193437721113	22445.81987981569	8567.379664868475
-33.66141150153028	23117.83089681944	8793.523072077993
836.0427403101136	20392.378308555206	8304.239162121712
1933.9911858567214	21809.420408205515	8786.625416413659
1954.817581855671	20213.57077032529	9165.393304435487
1078.2846002071635	21043.307474219284	8693.948154384563
1128.409941965027	20792.47806815169	8870.140512574859
1382.9500270650879	21603.26346795137	8499.087585906425
1208.1080957516758	19775.78581887235	8872.991559430959
-109.35523242481747	19833.34975311323	9215.418922294826
832.8781617297205	20098.38059624205	9121.516904913091
1500.9828144686721	21719.453694655163	9027.142267663156
1283.9079954409196	22618.932426882802	8755.435373492473
1480.1118804555122	21505.00903008635	8960.969044740408
1857.3053382985267	20458.739483183257	8814.65914221544
152.71147193447288	20197.631628856478	8696.615390411436
640.9975941540225	20069.9136197848	8586.36172306329
398.93799212221785	20912.307269454763	8897.450116174088
2072.044062891211	20177.06109790863	8408.253116038324
829.1328383187044	20253.235501408843	8754.326210027562
1523.3292955994937	20812.61503842085	9017.328032115302
714.2788417598825	20966.056045613394	9037.333973633105
-409.38585141569087	19607.12802986219	8680.973462154976
2288.335204929279	23734.64104902132	8733.59089412051
350.05383308895125	19135.250080043937	8640.193651448475
624.0750915884422	22546.075439019292	8897.517140638884
544.0329081017229	20344.85848037669	8979.47535662423
-342.1287061885409	21778.383794623544	9231.201195372496
-115.19347372907366	22384.60630320984	9144.224882158553
-1143.4327406409593	21650.849105028952	8451.56465704182
2613.0094737273607	21048.526960933512	8875.112356803129
457.8216430754381	20467.39631981701	8447.753050099842
1969.0241606461007	21300.583460053313	8885.701555798767
636.9142736578552	21219.49832302601	8523.395342394266
1825.1463972301779	21618.118658223415	8715.502243138764
923.2021112450414	20859.451443943148	8779.546902196302
170.0036938507969	21958.935647993636	8541.915656021727
2148.290913724276	21059.763444682445	8719.7014846645
1494.6548189403422	22517.864373096618	9030.306938371092
1269.2938022283247	22347.28733030659	8981.384383661583
784.4668059671325	20083.321348402184	9096.572332258824
3082.361177318017	22569.769025412235	8599.555914575882
856.3857505639039	21595.788010607437	9106.672424494373
1341.6293950866623	21019.6079857017	8562.141480422097
1485.578496759644	22590.15674904663	8148.246974349514
1639.6939535161428	20845.478167258385	9082.723059409254
1384.248958483021	19420.55538165646	8625.110556329124
965.5053303513283	21555.75030914432	8607.460370322899
-84.54085763223298	20889.701669855673	8653.380778543027
2346.31218540443	20370.467341054475	9260.787198024564
942.3393589532224	20582.170465517083	9070.756589716424
-22.96718762594633	21526.62072452711	8978.713948030894
1037.2703447716065	22652.556675953547	8986.343884870423
661.7669765231427	21088.502526254335	9289.846817330927
1981.5367344059687	21310.282783247872	8812.235473369097
1722.9893209520517	21460.855135025417	8975.184678654417
843.1237546231165	21083.89079067724	8660.430470797557
617.3815302755054	20787.948619476214	9341.77746406952
2676.210632610241	21176.997020859733	8550.700658851192
983.6206409263173	21095.359529401016	9001.739681037208
868.1951764543866	22578.44411603348	8468.247238375612
-145.08807933547507	19033.751048681283	8782.478543484569
619.0509842153716	21330.340593112902	9237.392743894668
670.6335704972643	19831.957164075215	8616.433687362856
886.9109384212292	20756.242456402848	9174.009856471379
760.2620613265542	21612.10382775343	8852.77823277623
1006.6027643378445	20864.731424022903	8826.442106972252
1092.7305907000193	20561.198529351735	8893.173659457878
1460.2484864069008	19603.580037788917	7991.569181528192
1509.268782552288	21001.031285602254	9020.091822913222
1277.5706333458184	20062.872561726148	8737.77323076852
841.0710377227033	20428.70786595324	8725.392177030033
1644.4120534418548	22883.559920242875	8196.840804628511
525.744327303728	19925.331918024054	8780.552719601432
1412.7713615155576	20103.678152241155	8362.463035481946
574.5051115065842	21461.332909723526	8956.009798593179
624.5403931426621	17842.301513475486	8804.366669525823
1186.2667146198678	19872.06335882242	9186.035979420207
825.2879690298097	21553.709734843065	8445.132145864383
169.136477572072	20387.41261972236	9180.428656740653
563.2357856436721	21201.413175026864	8708.78859478457
392.6252880265905	20806.779877151224	9121.296032685166
496.03842574858254	21402.93139273667	8958.159729888324
107.92612386436413	22961.954120279574	8480.364862458742
654.8090921104837	19930.8177912188	8551.239373842218
1372.8296458970408	24152.322266620195	8906.669969480763
704.4653567815842	20883.98616025485	8833.820629936788
531.6904955146746	21947.06419379282	8490.743029754265
1094.0158553493468	21020.026568105233	8651.63769844257
784.9015944376184	19463.830111464446	9083.140428354925
1045.4197809975708	19969.22915822066	8843.466697392112
673.561318194956	20261.23160840648	9031.843960597584
645.9114503524787	21705.105684053156	8839.883663066388
910.5667304402947	21709.321394801507	9322.775103752154
319.83814102114934	20455.737068955026	8880.41661194183
1643.3838621750886	22261.515683518945	8422.065648602693
214.1548144372152	21039.97580205464	8889.517415276223
2271.5726226513266	20266.050938072152	8956.747243123404
1486.3877282370056	20805.6265506389	8998.581698665681
1364.0045962492745	21585.3097606729	8639.783946539465
1310.5488948533223	21388.51944783039	8917.605000868783
390.04856834834044	20649.89460282008	8805.697255081956
1504.8939213664412	20908.431913232605	9088.675455626739
1328.2450557953778	20798.48337758036	8820.271818583255
848.8269090887404	22094.758295207153	9280.980852631183
2048.2423378613494	22554.9701336981	8437.697853667552
467.7643988245394	19920.289408469813	8693.880613083504
1047.6768531404502	21668.04800445555	8665.4723976174
1084.6125772756216	20836.10467417595	8702.371476628221
1726.0619822238325	20312.617372744822	8872.573124930059
516.0772756413606	22293.98884542125	8664.626808837227
1698.1206312884783	19380.780287766822	8777.4357091615
-193.41788991832843	22380.975237852588	8996.303355269945
1858.9829584658225	21935.536068248228	8108.411840843662
1656.74241294948	19435.923289286045	8909.068813500373
1780.856710897774	20322.110004659666	8801.61784651278
1290.1571371418718	22138.40259315965	8470.739218258806
1079.5961126351467	20525.98363092951	8882.653208261501
890.006524214747	20287.910787041714	9184.689132111582
873.6504771149641	20640.481616389847	8965.090522492308
1281.0301426405435	20187.427376856278	9006.865717476834
422.5140236806935	20915.062063851063	8810.702964021033
1301.4880755667177	20419.12151549696	8596.08017742503
267.5749906010052	22226.074497813057	9473.193864080094
1298.466648945138	22234.094304792543	8618.854931592005
498.7648375066935	20848.32536150713	8958.96693894676
-226.87573190589126	22450.079208433952	8348.470109677794
1352.851352535157	20976.590267048752	8929.855448378385
-494.0198690010249	22649.22825465184	9133.125532533786
1602.0629392944	22321.183861248453	8891.92532247226
588.9811829809433	18803.36113385362	8721.133460247116
456.61975548850137	21778.4905459673	9199.948724348566
846.9306801546338	21217.30647631188	8266.104999554216
2318.939706832372	21002.45151963082	8655.252865572618
778.9128778989477	20961.574460992393	9009.911066622753
-878.0450579096766	22734.34183116655	8425.902419277609
1033.4887106406027	20330.726914585142	8804.00578480963
1444.7941943588025	22253.989543882424	8768.428266825662
1884.236426063804	22950.163485887144	8830.120070158033
886.1250572985609	21546.473105902038	8582.768144137517
438.12909225656574	20877.182755219954	8552.193679371847
2060.9338926413484	20973.499452738753	8709.934188437375
1540.785120386638	23085.65174355234	8505.394229534313
1718.226842415216	23234.96098699563	9167.679593552413
908.881492738706	19852.407792800303	8923.933144017046
188.31199937363473	19923.604432225602	8715.918135879776
1555.2728937176091	22653.671122747106	9248.058590264578
1927.980113323478	20898.921620325622	8400.021697663147
1036.2696953792486	19866.663958853784	9238.787726648081
474.45757160858676	20819.436439956586	9161.9329953763
1080.3397418061763	20256.527687051483	8981.020376822273
706.1244177369625	20855.862513601816	9495.452890025079
1675.5524369249258	21696.25966289548	8859.546110242778
1508.1789287359466	20594.576077023536	8786.847316767084
2104.474660121078	20737.297749132704	9150.57041034089
2265.7814529209454	20299.23345951723	9418.325498675496
1412.140026905418	20855.24017457074	9040.745375790118
994.3026873886673	21412.417485124304	9005.461958209537
734.6911757879066	21215.034752918935	9160.342740081443
437.77854085098437	22576.612938194376	8812.516211275248
1083.2698152503808	20239.82629169858	9167.79430659762
1209.7360403258072	20683.451612463505	9025.011257226006
1394.203265399436	21251.191566567562	8812.460011352823
-131.70800840819632	22696.76435486144	8444.257083906614
1007.8872135148249	20945.78289766855	9206.669240255142
838.567203102906	19765.806920865365	8863.800037117231
1012.360613440975	22489.78946341235	8786.422809070404
1864.6036383021874	22507.29624232203	8642.596242932921
447.242756301668	22543.491265412253	9102.213038791924
1976.5087293325466	21431.004891397984	9120.867068153204
686.6623879898101	21253.376119123775	8945.076929459161
1171.4700902145785	20198.47799078728	8947.796432937355
1054.7302485996831	19928.157006102247	8465.05961027328
754.5054463933664	21230.523742092417	8899.498476827095
2143.1956620424335	22205.008677193848	8332.964848365755
1589.7557713795752	21378.274260452497	8524.435578474218
1797.424369899656	21943.005282736798	9202.106557529036
793.5404371722026	21049.821515083884	8527.596966017765
1206.9329951561072	21914.876372890085	8972.542304899504
5.88600151637624	22335.029141547333	9255.508854583199
-7.723880454676183	20399.38855592424	9039.153383675965
1047.8122341156297	23324.632859841706	8429.270424852097
962.7730116585549	21208.14564518697	8891.119951523466
480.0975203137699	22568.64984296387	8321.957334603452
1318.4783282623148	21322.49593128682	8532.34650023088
-210.5191526351794	20795.915161686127	8987.122975371361
588.6423039380526	20615.883029119792	8730.483952426603
1676.4140230309733	20497.176171419098	8808.563071581084
650.0448734411822	19783.13578322556	8892.481300254602
1525.327296561145	20255.636127033657	9329.271355782423
1328.69948215349	23981.683532043906	8784.534622990663
1036.524766242295	20999.060013767812	8671.673602453116
1434.5109446999136	20880.32118290831	8451.17153945263
945.1798942593223	20826.59628598101	9197.816883788955
23.722762932023127	20958.037025368027	8869.92476073534
-5.52345270173683	20254.170885907035	9583.16762549318
478.950954829055	20812.58372618637	8651.464640628223
1383.3769417012036	21780.185585492825	9008.074236726992
681.5699416395539	19346.7345393859	8552.21462968762
688.9898421762643	20752.80713809396	9065.157125512822
1044.7326965346078	19336.94380252121	8577.342411748221
-251.96357033828286	18688.45027087417	9045.36845928821
1320.3556912031893	23342.758133954834	8649.963568798492
1334.0932007441631	21778.94216848918	9028.769016058228
330.1631744983363	20891.1821946679	8529.392162404389
1341.6553846038614	20013.275100708415	9138.861189056515
717.0137835292267	22513.541363949495	8509.760835153616
2195.373442456444	22246.240228955317	9035.291572550634
1994.0843445803507	21524.87092524612	9173.74547176505
1540.9802966260095	22836.922478125554	8764.789899964126
1041.8720069138776	20924.31253455122	8614.876252132295
871.8300287195043	20321.976572464966	8567.157868615936
957.3244489072245	20727.075635787027	8634.317008892649
944.6996735196576	21966.086076561674	9365.077421080428
455.21449716859104	21692.252540691778	8727.630469258664
2379.5315467631003	19148.540064565044	9270.405612849956
2165.665606931567	22156.833379908458	8584.856783786652
3046.1296283209617	21863.44852939429	8957.398767010525
1208.1506324518061	20758.40001112371	9026.647180895676
1193.968751307674	21218.439187808875	8622.747647854187
1296.6356690513687	21322.677817440708	8113.014989679853
49.2785296466413	22624.15334175058	9138.172286092848
1110.2035334370235	21179.735604509413	8864.575681995866
286.18309048019705	21573.766925387685	8933.764391374816
802.5087890126175	21394.244696123707	8614.485177103823
272.3819173365213	21475.412353242307	8908.63346687051
538.6982037977006	21643.864195197686	8184.169109650292
1583.415652994375	20679.152248889033	8928.115595469566
1299.6499243979306	20328.334681732373	9008.218768290084
770.7492112948847	20246.49984188379	8677.211991700926
652.4814920472732	22382.66065118431	9074.557706889032
1338.571045290437	20989.69586177291	8390.29647072624
1208.464026502651	20823.399225729037	8618.880525857132
1672.3694658979557	21804.61608279586	8983.93063941285
-308.2015430145945	18157.433584398466	8782.126031596279
356.5917734828763	22309.670235675498	8870.741928939166
512.9271683455388	19952.976844458575	8920.68055699574
583.8635059188731	19527.49287252745	8924.638488525283
1106.0745496867037	21898.78780061072	8652.168821264171
295.8617096739892	21100.221310285746	8597.654041192414
662.7480641938708	20360.38912111108	8231.876617639115
-330.5256498600019	20103.377831634138	8837.065134891636
538.6306217117841	19455.849865944852	8557.905909947985
1154.2751836179805	20995.31945725544	8637.254002122132
1480.0625030408867	20043.638956969477	8786.537359707554
719.5450903925611	21105.230021689986	9064.086413752844
1476.7917370878706	22118.082239473322	8632.03555775374
913.8002807156095	20618.909505464886	9110.384317302816
1177.4768953711573	21230.57679807124	8876.049668169071
1970.3500458214833	18722.984235234082	8804.53426678754
-74.70581217964063	20356.343058763476	9121.815078594145
1161.8383886274828	20294.141581914457	8669.547390604817
797.9210825350656	22714.653515910784	8670.679494574739
1145.7493104227487	21543.14816911966	8298.844491480986
1094.924632949251	21342.50956414094	8799.89599449575
1129.3352552012498	20277.05111155948	8139.227344088598
2406.8609175887495	20170.623354692383	8971.860457695915
1367.8877771419927	22247.78542205662	8677.486385355773
2849.346240419544	20303.212191444803	8781.51418004209
753.6148462787619	21105.446159785242	9441.11499506327
1114.6157457093238	20805.764622689225	8642.29717007175
1838.6694598591882	20510.482855168473	8539.527180714485
-786.4122846228597	22634.54053805529	8541.964517537559
56.09752804593807	22332.776688969276	9048.182184574998
1384.1830955059813	21205.927574295714	8672.11966579181
1021.7270800116844	21514.38222934151	9306.83634001346
627.41943260503	21703.697653769184	9048.412591769891
707.5455492274275	20422.858129874206	9327.419296894515
679.8951540250343	20963.307617448907	8393.785883204808
857.991483598834	22149.869798043626	8503.349480642819
1117.7201281276214	21427.63365280296	8561.565078096852
1124.8400320863814	21574.776773067893	8745.201072656591
416.29123237040574	21986.83642622938	9281.196144427311
972.5109910639289	23965.421275851044	8961.159094188168
-44.17764744217597	21482.264902901523	8665.934425881598
1227.4056850439067	20070.18021309073	9439.121566138243
1649.2952836784123	21484.080919015887	8892.290000877912
928.7950753653149	22599.699892972847	8450.460304900262
-952.9940375155852	21617.938102415785	8947.968342033291
1079.1787677652608	21192.232155569975	8995.010983018065
727.3527057621161	20221.322764543052	9337.691755709124
1003.9291363104121	20846.2393285075	8749.114017185348
627.84362532568	22046.341475332858	8733.429885242924
902.613285529035	20633.971890309538	8252.76829323182
2368.2208808054297	20543.623598183825	9029.382828862612
-459.3371693279899	21776.31882006225	8467.207761365915
828.9194616870916	20936.317285832825	9006.609653167767
1882.5877304842807	22157.127745725775	8945.262452026895
650.6871990190058	22116.597576953944	8353.72177473627
1782.4151818301634	21720.03425550204	9174.244732839457
-702.4418211635723	21443.079069960164	9200.426902530155
1337.357348277983	22520.89311353096	8479.81583230401
436.7770040946782	22514.7824749169	8828.8377504632
1488.6156625712715	21486.653127245503	8900.325478331704
1729.8854993337172	20889.967225202097	9011.151597076778
1196.804781401986	20988.676413181114	8575.636289416396
2521.1765861870063	21823.775818225375	8934.665277667378
-102.82318343128226	21085.239357624527	8566.95409034133
876.0653178695077	23440.623812707858	8412.786884634503
1969.2092545848081	21514.246278115843	8900.676719342011
207.59152019250274	21898.18687152306	8985.727672830468
1532.4697711369042	20952.37425372241	8462.29835893209
-1010.8988486964806	21621.568321659834	9226.971149017925
1474.3968429029899	22321.66675563001	8465.725798821715
1736.6085093579204	20916.509513911315	8436.433443605123
859.1848609126989	21554.927103525075	8942.522030027238
825.4367953901428	21690.481006039976	8935.921053971177
1066.0272886642647	21506.07517434378	8977.78777288583
1297.398832592019	21281.41274310202	9193.784815499408
284.7300890086196	21658.33258339404	9028.997638559262
1423.98368575613	19405.59856671831	8704.597340915008
1117.807056689994	21023.64546447171	9409.027675679434
1072.4468531649738	21389.078552355437	8796.199498842489
1411.0337019701265	20005.87252970138	8887.979358402165
449.27132127872267	21316.992316224212	8973.007738486687
387.0438621938422	21585.24145044984	8723.720664431317
1705.7821837823	20929.654631571575	9210.256645158304
875.6318675788016	20616.89529291458	8906.174253170728
845.8162796961564	21636.806957461467	9037.665068681967
793.6294880466852	22506.38051699859	8876.736168560788
1109.326400214438	21415.58401634124	8857.22806305688
490.2748866899883	21528.209569820607	8543.439515740729
1288.9276507277034	21306.929177552505	8728.262362663037
1433.696634906552	21391.75886459778	8599.206383917573
164.88255745722103	20642.9040708699	8890.002761288899
1265.6314069926714	19701.311380655672	8817.820844374852
1433.2040882525405	20534.960658344826	9095.90641804243
1209.8404283605614	20295.805400489702	9187.89783168432
1360.8554376966317	20726.80590450136	8771.276124321148
-277.0065120033812	19454.762194877007	8682.248329843529
1074.9595659112285	21094.38572096904	8858.781260016054
1265.526107280442	21432.571492727453	8766.094743840727
686.537955239152	21207.98476050653	8844.485486084455
1807.6069521195495	21612.49495133609	9245.675300674046
510.4717237375126	21187.614649437917	8302.11730542968
1226.2678929284962	22280.056681270682	8818.283931813448
730.9106447415382	20821.68963687791	8879.537430000371
1751.3735550181389	21101.361061836255	9024.092200497365
1498.3511073351322	20760.077209561634	9156.776041736472
1122.804460319086	21472.60316605544	9134.928514663783
496.6372624993753	19962.56705695771	8759.792581622469
840.8566198717219	21535.584676177343	9155.297161704013
-917.0058004653438	20251.962174024124	8530.429543292912
850.9570722973609	21767.5651380277	8975.01348704965
832.1984975406583	20772.1537064969	8909.779981249088
855.1803510612982	20239.767940232414	8870.72425103311
852.2165559971559	21402.239789725103	8985.145566687515
1902.7349214859594	21489.486790748502	8587.086880646355
825.1846305747678	22497.19015449039	8891.555877395334
1460.493320630746	22351.458854917426	8763.704009100926
1467.8865957358767	21994.128929257975	8705.07230695404
1225.3842707212832	21917.657663870486	8822.606528616972
1270.6187653981478	21399.60141253568	8773.060067320557
920.6482069591858	21283.61470349305	9146.158095492634
557.0453522428787	21503.11691268669	8649.966839303603
-286.55627107294504	20896.47092843743	9353.78835170854
1189.7857117945223	16810.455482658996	8669.675159640783
1156.9205969710054	20322.20482820514	9119.667784713969
833.3586101121933	21837.550421933574	8371.770681326998
1716.2346754088105	21227.014635410567	8576.696356009405
1375.6912217689214	20424.84307665446	8823.046826189633
-954.1857607772838	21437.248889389888	9400.25321549063
-172.29785673323693	20983.547355818315	8871.133233388833
742.4234567400214	21399.079398112335	9135.125975162664
1152.5299564406314	20508.66863333677	8815.253841897402
727.7863326987592	19170.319780142814	8523.481185066634
2550.173924280425	20181.63976802191	9325.359101770387
1721.6985890489225	19923.69375584886	8750.446126418521
1453.0670490925968	21199.61518994332	8682.160219364543
85.71800997313835	21648.845894421782	9160.419983258924
444.43372883657526	22014.001382264778	8709.194571813854
1302.6648235495081	20531.621670076445	8654.197491081979
193.49715465077836	20890.741197607447	8675.438220051305
639.5872603101453	22524.39265420891	8751.081068215524
323.41269848607396	19506.49235084842	8860.214032135622
1340.5891065067096	21397.75935449954	8638.51804080321
995.6544360254479	21228.784848024523	9003.156603193262
532.7480206306528	22605.0225727419	8967.75045894329
1409.5848066987564	21456.69554605548	8768.95896322864
9.64301517154633	20178.23809285106	9090.631907909983
1337.0623779381967	20187.25593801016	8814.50559073963
666.3533322334195	20375.223926578325	8629.405435858152
820.5131494552047	21198.859425847986	8798.667964306587
280.8693115381266	20720.630031381104	8869.479950259129
1505.4915565515464	19675.989035851333	9507.968443306263
2352.1908912454815	21204.363478502783	8828.166780943551
1377.2144090111403	20707.170092111788	9183.245789933433
1967.9257494541046	21720.572340407864	8789.063370039341
1441.3276534094364	20263.722453582624	8777.860176650916
784.7950322728753	21108.129575180035	8532.45548224228
-85.39124755513592	21902.853452100662	9027.283157439228
1474.678078109831	21343.03564901002	9119.2338231621
1061.2664599031702	22258.184820624887	8833.697534624967
1475.5595909111858	23646.719336816856	8779.723046909872
921.4537336208818	20276.100993383345	8723.188769210738
1374.8163481486354	18796.736774399014	8858.612672550293
1395.303280489377	22123.88307760971	8683.147616178176
579.9582121195637	21243.57614708221	8471.786791770297
226.06040874750374	20924.068037034907	8708.361839309033
1139.2114961428406	22848.59206120809	8988.909019396662
1464.6152527966779	20412.52156793507	9406.30688446841
2284.4234865819053	20788.320173445907	8591.364314351084
1406.2960541649638	20909.639131227636	8498.75534668716
717.2348163882588	20740.375188471233	8782.403021748936
409.4661254859962	21036.23512316729	8859.942769791367
491.92458036535254	22109.931375852233	8563.539859373963
270.79775922408356	20460.35744966853	8682.063426788505
1046.0133934449864	19629.566932376405	8821.588224525334
326.2810586383872	20789.824098046854	8585.004472770604
2237.2798844487907	19691.64783961214	8780.916891776986
556.5825133998869	20829.67070238894	9183.808616184051
1052.0462368371625	21320.687388223578	8789.643380756184
1200.405667500812	21088.408411965298	8618.224789346885
797.4137237274992	20089.677595208093	9089.995288971684
1033.6274224590402	21752.749201751	9073.112622610506
374.039523330411	20019.78429550728	8775.825656005542
1218.8246024804776	21556.20490097144	9070.83721233469
942.7547031172664	21505.32485982605	8609.228099781598
1380.5940204932604	21601.772760436554	8594.123479704416
536.5457799689376	21238.00073386014	8552.829639031139
1659.976841315901	23515.076237858382	8558.723038750935
394.7953271995537	20021.466316952075	8881.741364084655
113.5635436301077	21846.57315191571	8320.83420168773
1222.2932508101806	22486.825201986834	9201.745486670905
634.5382546372198	20061.26498264539	8697.04732101174
696.8883078680541	19485.361037150004	9024.186258258245
897.9251683965389	20752.05409208629	8907.943639634535
1192.7358187756522	21220.4915782532	9085.94110243485
2029.5270498116313	20297.314178371926	8396.148952093023
-38.0077536465769	21669.188578635505	8629.214542941118
2038.1577784699505	20427.25919942933	9525.97807368769
227.41784092935265	21695.454567329187	8870.619043222912
18.97844824542801	20573.24617167867	8955.375367434637
1052.5911780885638	20662.430633849755	9003.951581008321
1207.044842842059	20062.969858517565	8847.000352853884
353.750625509308	21634.785343568434	8890.898368844317
1206.3601623808097	22471.181576929597	8430.899882199756
593.96349702553	21920.02621828462	8905.084401418688
885.6331218397341	21283.95915178826	8762.123357688386
451.8961117329441	21735.84151077995	8937.430851099716
454.19569231367063	22646.679412376896	8579.638453196338
1494.796261873905	21418.192779571455	8663.334605297192
522.2428467360334	22062.564860394265	8825.24896922596
508.91192935098326	21959.558483253506	9041.282255880227
939.1405273271642	21925.733865153747	8833.9817417981
1277.0751581834531	19654.80454995907	8615.743451647764
382.1462045600571	19617.600640201574	8555.340322772274
1539.0674286591488	21231.2063420864	9059.647842046437
1786.9234590217434	20792.837551421428	8761.566748753465
886.4166284690724	22819.497843746984	9082.72079645512
2620.716282979305	19643.747720255655	9254.92550763922
1291.7318511922722	23193.06669276326	8743.868918070613
980.8348388602411	22275.285143846468	8972.059253756946
2235.8331372139446	21764.863880433346	8932.062348255422
713.3203877074532	19830.311249208433	8622.275731389325
1077.289989441726	22288.090276711864	8638.025847558769
1548.7713394774014	20485.415851934136	8982.335461779838
1542.866020103912	19216.838804964056	8200.863227346948
875.1935601809798	22742.071934665742	8295.166783324123
129.05629109651278	23584.63924831492	8791.669455081175
484.9173831746287	24114.984865211914	8272.400711353002
1628.5635736499755	20917.031496239415	9086.580773395886
1472.79961382827	21800.271753114816	8851.309648805518
2256.945217172363	18156.569770098493	8996.981274837495
-339.89887691487	21042.867350000655	8793.902077901417
67.97136764175794	20649.61863045376	8610.261761389045
301.7614323891886	21380.169720086848	9128.062263817743
1082.8869307274788	21585.08762305597	9107.09288675266
1410.860695945261	22377.02409979061	8931.331612965314
1127.9252555931287	20783.516460826086	8248.06171193558
1479.9822283946585	21103.305184320987	8634.020809320713
-247.41211675797138	20737.892762625896	9317.64117589569
14.45906001824129	22877.001812551447	8698.105757597777
1172.1361528155765	22257.644316654492	8648.289845964147
-225.06300299625914	21956.45559179685	8777.885442552124
1449.3988738178039	21572.13920813721	8668.966073321253
1206.5832315440227	19354.652246594866	9046.64052740817
1509.5009306623904	20509.262197606356	8939.899373931166
863.3404556086741	20753.875936027503	9305.352032257331
139.56459159168287	22365.89364152283	8789.508542870904
2095.581323644536	21121.087091173704	8479.875933154774
2280.1311328018005	21079.533712164444	8622.76434467234
1551.7424295034714	21522.74587794501	9013.726445109161
2183.7373209656885	21673.600105807298	8315.487674904456
1730.0779390808527	20923.280009966886	8747.71711145784
1197.2150963562897	20966.26212686814	8763.056178511946
579.0721362818169	21520.708176517302	8576.917586231268
96.22840234982563	21223.21194095217	9096.792789337254
598.0615317038286	21573.105497984758	8516.62000451883
371.4403768742486	22544.938031945632	9011.792280824971
757.7247731885094	20590.85102718718	9038.118351552095
290.5814919830087	22595.154843540964	8684.302919029986
663.2531490129288	21127.561115329376	8683.857589148745
409.6442607792576	20405.25858326817	8852.535350838014
2909.8632258031053	22144.48316563883	9372.158685861674
1775.4681364994171	21332.017262015055	8693.905131374591
605.3511341163952	19807.64827795877	9118.599491075787
691.557212969573	20260.55498578109	8675.203977368232
699.2645682937341	22305.293899766297	8859.111660721905
1606.3754673286448	18814.509516590308	8665.558631277738
1252.2238132302407	20111.07859397936	8890.216606942238
1733.6900930602326	22233.72181654919	9091.311198401958
1124.9411412779298	20837.82924499841	8819.87004728036
728.8235636238459	21690.23563506412	9172.868957783145
2063.0166074404247	21611.040680291488	8980.16659868047
1160.5671897613004	20732.99325999999	8762.805006009115
648.7783511261578	20563.987493631066	8842.329712175819
1029.167207968844	20531.929706867133	9022.312036614949
-201.80678563670054	21398.995485904295	8432.72430844412
895.1124564825891	22922.79790562932	8484.939974928271
247.00480901151556	17743.28570989975	8695.026915271419
1074.7812296149934	21588.634932540444	8408.786381560558
1541.940931303612	23891.839705965744	8512.07984941698
367.0923172964818	22069.84883654256	8953.140330119653
418.1479211900075	22907.542266468063	8924.531431673422
1669.8514837043847	20569.903092954224	8977.346556578517
1141.8394753372752	20518.70554724486	8553.341488607906
1661.6514680872376	21950.165828903853	9035.287883591061
1890.4202128049478	19837.591228937912	8921.473396859827
464.16460528791833	19841.568798412427	9035.705107136067
1044.6989704154137	21114.915986321528	8786.847263957437
1500.8001369323918	21797.349561614596	8633.389099376163
634.9454679697026	22086.660958258457	8511.221406448405
735.4264351150596	22686.950994567003	8817.193551380304
401.5317207784155	21013.85613051231	9118.108644585236
1218.869018900462	21344.56166861882	9006.959416826052
19.892323546103004	19455.024866102613	9130.313798039531
-463.4318552156644	18918.4108036792	8798.045091861484
228.33204415138752	22134.969018277123	8845.993101684382
1464.8881722078715	20518.132959921422	8818.381864157309
709.5489731013348	22513.944360805668	8841.669541020157
1524.825893002487	21741.53626697632	9017.383875203475
1485.7091416705302	21703.519181726846	8883.445202525812
1373.7201511141734	21938.82342484966	8831.115305615842
240.79285432727812	19729.49073597739	8899.814903649747
1135.9052845903677	20766.63516595674	8894.85369731938
1499.4028463436878	22509.319944815605	8701.924537947089
1005.7182218141935	21671.586059679154	8704.87733914112
-2.752690622729032	21620.405034249186	8649.789752028484
214.99315514122492	20631.209073242393	8774.334246437205
-232.2905856296385	21165.03182667163	8962.810217169446
2158.672188790284	21468.743395153975	8807.5735979715
977.9644472141229	19884.007942366985	8259.208109595183
1874.7576597336022	22434.150827942427	9112.435609667822
838.4976522161259	20886.487837018674	8667.694846368076
1090.0147294598708	20786.31867447304	8685.894378004023
1507.8977037369173	20823.053397436313	8381.9353180633
1866.2157602641955	21240.925180287642	9052.573933212867
1549.9423932263287	19656.580963585893	9062.35494579292
1137.230714015591	21113.74976274759	8839.718088313133
1727.1285245468894	20662.549420136453	8587.225584597554
1467.1523902752983	20573.956863747655	8708.03354569081
347.70609221690603	20521.24839853854	8703.509604996172
903.8579260598908	22400.225654113015	8839.958104513677
1769.6177585791677	20187.93542670164	8827.210239340167
498.638320316485	21508.5117460826	8788.244651620193
1873.3867335508587	22393.1918510828	8913.078277638511
998.8745104623055	21902.130476336675	8675.909516082269
651.9403063627292	20393.157202547285	8785.8238270233
331.7169107031817	19493.64328719297	8701.644821378855
1456.344458140845	18645.456557580674	9185.875918652191
2342.8078065383643	21926.097652312925	8509.65814226662
1775.1162820063291	22103.009987073896	8734.142929680997
283.3234687269297	22010.602251501437	8654.99761776056
32.93173249101057	21099.860756259637	8717.783647895452
1975.9334583430264	21318.327194099795	8427.951212936949
1011.1330580060816	21398.0682459009	8647.566289797047
527.729604776165	20989.8156283188	9004.282000499818
797.5935706440614	19236.354919853122	8947.04821188377
271.84334744445323	20127.957324413826	8875.932051429158
1041.8606507731838	22192.51358043264	8773.68745881191
612.3729496014736	21212.197888369003	8979.298477790448
362.3436027494159	21394.464042689542	8966.099315205445
1081.8300501257306	21850.937635171707	8933.717816549042
-710.2524515147645	20575.556527068544	8777.815387659046
976.406725879163	20451.031536845177	9019.752040644042
1081.5777526634927	20462.657339499765	8927.790416331558
102.85300860683621	21607.76540249403	9085.895946224762
1551.4670659903684	20743.439374662466	8662.719785283085
601.3647675656276	21815.10000294478	8351.525185245062
166.7664326356812	21180.94989114508	8811.940183355018
62.70663532909719	18317.845309908276	9372.853829681097
381.51081618561267	20079.58972864888	9219.663877545698
1819.2323782401907	21719.340992064084	9067.20267880644
893.2784908831502	22205.061390795712	8889.346342778512
1861.971166524021	21460.208543242385	8514.641710033618
435.7800669032288	19026.720746024672	9084.696626533827
1138.4952258667606	22243.085344361087	9206.914741300525
17.266245880505725	21276.907866886333	8729.400427812032
1198.1875829705582	20467.023171579018	8906.305393117138
1611.7740020461986	20717.275940191936	8677.092179124764
382.05876987851514	22267.022496028236	8354.705793481899
1334.0885736564048	21686.856488865935	9105.078471925757
254.24291380959662	20218.441323930347	9097.460859366342
1691.8079567653583	20644.69889329786	8868.833999080247
1643.5768474381898	22943.29760715202	8948.084685999496
1251.623931400741	22943.184451403707	9067.39078607341
295.93860134059736	20814.68813294298	8654.513685322003
170.8777680706785	23481.417024488757	8510.22549270318
843.2483057703572	22208.256721799295	8748.547215984061
-29.05116872455838	19738.708536459075	8810.033941079972
647.5393271232166	24028.78939010471	8980.434146704083
1586.7998616812272	22665.36816879627	8924.770170997548
475.7418784814815	21723.185054983885	9051.366078148387
2027.8036715285039	21103.37406651694	9149.521497133112
889.1183849454538	20172.237805376488	8648.529412132551
1128.0380221382284	20954.20858353774	8866.910181576275
755.1149035692624	22469.352514267535	8845.544682574373
1302.5598892527585	21887.781793626815	8675.492300580023
925.7384504389177	20568.751541344056	9107.789666827222
1674.3947631728806	21165.309564395575	8539.709920820453
36.24788223146623	17772.590188044378	8654.941687392064
-208.20414959083703	20534.52108022163	8667.011650087086
2251.716050002676	20257.006228861857	9140.51482980285
626.1432319234598	19986.885983435164	8835.47134172251
1474.1526896596226	20887.741847618312	9082.642215203414
1385.1083558229197	21225.90646739651	8969.565424658118
935.1290663530847	21827.37041235222	8875.066619678077
1309.5384999147907	19615.14450754318	9166.922349431947
1184.983236823068	23024.622321436473	8563.20524402032
1675.6640510554823	21354.123614527478	9422.5093072103
1761.8773522870363	21436.047045741503	8595.300092690408
259.9870595124635	22254.591487559228	8572.825034021123
497.6663028460034	21670.264438487175	8635.41022140368
