10817.280297728872	1833.7170310406907	5034.747881777838
9325.095067604629	3207.8630298121843	4969.891507357452
9730.820965746292	3685.3283933333114	5575.956684812156
10375.800890485949	1576.5037390255557	4811.490388654243
9834.861074823628	4373.517815981317	5282.68352456591
9732.16719754743	3310.087329309233	5400.554569456488
10190.104640382324	3770.822033445692	4311.922644522469
10464.844110545311	2668.8781808697354	4281.279911091508
10685.524403170548	4121.034173906781	4832.3283292051865
11452.857898688138	2946.4819028183315	5373.260847121212
9095.39880052856	3164.4735420816482	5582.783916614692
10562.433932933678	2340.920802629795	5703.985932218555
11636.284311299696	1657.8702347574258	5611.583192113221
10115.538388367126	2837.9561456495994	5306.947909601611
1997.9599855158433	13292.452252996722	6332.85280332978
10686.921239687497	4202.144310702862	5461.034952817707
9128.030361029043	4023.214627287193	5344.777339142893
2303.393905966481	15177.80054288544	6209.3407770889025
10002.907970966355	3296.5405867863456	4819.214733960726
10887.143493394557	1157.674293436473	4620.503236790439
11622.011617892884	3433.2082337225957	5092.771868966931
1580.8757484811103	12727.649109765718	6701.174105890496
11352.661760745328	2449.0439102165774	4913.932379288701
8625.637639178252	5884.985802846116	4797.38641497209
10804.823894390942	3369.443520024332	4944.080516578881
10579.86625723702	1453.0252375276368	5105.646450914901
10948.731033423193	1957.1585051333238	5344.538810615221
8531.063156533715	3442.3860037250674	5442.629996441743
10039.302753247212	3589.332548484771	5144.439238368438
11254.14410946703	2548.5037460799635	5278.6476824497
11386.856932878094	3429.2509338328973	5158.849871427506
11128.670901769148	4026.2936654345062	4934.359090103855
11380.499086034733	1794.6773541537893	4811.469318475986
11759.123746868961	2812.3185154625794	4706.470451314952
10503.806200809364	2695.0127986914786	5458.915720589094
2324.2864547015465	13970.824388844672	7347.070735751218
11131.916755699121	2828.9012746545063	5424.719160679747
11728.114077010596	3240.3634942587128	4496.813810820123
12034.637284978226	3016.666087080336	4979.0275391396135
2318.277839339144	13595.627625412044	7220.765368153689
11044.462107354131	3392.573712993498	5571.406944857066
9100.248978362462	5189.106859398064	4779.450794023248
9745.891151725435	3987.6927918613897	4599.308799619168
12096.486314944214	3373.916498789266	4887.679931997678
11833.464655593643	2797.002501059855	5676.4938469132985
10290.012122755896	3101.7835363143495	5428.620869685318
11118.726895441649	3433.122051371112	5418.429101047297
9993.087253792617	4121.288498625087	5101.585809831957
10823.353612804005	3538.200439430171	5182.067207574453
10498.8188338857	3232.643522524398	4799.429471514647
12010.824669053893	3993.4661252149745	5054.740346838732
11357.037741371632	1967.2776151126318	4597.5186457023565
8974.100622382004	2079.341606558462	5273.912255909246
12044.970128692048	781.459639887478	4890.588035412762
10866.97859728733	2045.2211279412797	5490.070870565913
11718.523846647222	2427.348270317643	5594.420351083247
8753.95399070361	3985.4610022352053	5426.515534075429
11510.652354184276	3693.1815663034904	5069.240588404104
10651.330855848993	2932.3014633242715	4800.231027235981
10850.806271443113	4241.911422742177	4958.150525669647
2800.934444022194	13558.128237443076	7014.458992492694
1912.8340220315745	12984.97357766979	6752.831486765043
1403.2970435833354	14439.985202361193	6163.362933890891
11214.32585778021	5244.614205435268	5268.3231197427995
10373.77003860672	3272.9510472280094	4986.309399009262
10868.136921517631	4081.724567794625	5934.95564645196
10152.363884375487	4153.3887939977585	4600.469801236731
10456.182358487886	2182.2478880979957	5191.379814650416
1136.832550043318	14010.741288718225	7121.579007586241
9362.86050824155	5302.852121327621	4913.476685341208
7629.543907558744	4368.470942426427	5326.648856459664
11026.560112419955	1926.9708798180945	5153.599400297248
11845.447064982169	2362.314600748239	4901.45374503746
10602.895039961522	4411.97782819202	4846.922179608936
10410.52322794746	4239.561773950258	5234.047202009522
10573.535759132164	3830.6068461806167	5090.424581470501
10379.95839721626	2449.08846171724	4939.078331787875
11667.088169637182	2440.9114270654695	5159.793966003136
12328.41026166548	3359.8894272708058	5291.610921190299
12168.193612966199	1159.0506782394316	4700.932993383204
11075.898873617667	3738.753850216891	4839.5167460130515
11221.630814773318	2723.397959771695	5285.583581972299
11125.970178055682	3702.8327877712386	4854.50212826832
10659.13180825086	4333.360027713011	5377.305871694164
10949.44685606567	2431.5693366666333	4916.016468649316
11588.85893624947	3690.5226677624396	5105.276796216855
10339.180879817655	3992.737769718066	5277.334371257124
12066.782960231189	4029.3764209276396	4896.325216856087
11681.488157924952	3367.589518512951	5495.986657473385
10577.876232685816	3571.0693348887025	4582.752598067474
10839.947011620407	2563.4324597795767	5735.532006689573
8667.204990322483	3201.422890339324	5419.280417185654
10392.7522746555	5058.603582320853	4426.798113275569
11766.11723041242	3303.63601574093	5556.669343681166
10181.408760753267	1783.7448273585615	5086.273112982974
12019.088810999088	2035.2210573703603	4926.235365700341
11307.859665401485	1940.9309810939794	4740.1946543712365
11615.918098184107	2366.9473785800596	5135.837117688882
11481.803784599786	2762.5475890935945	5362.690747290433
9189.15092202014	4468.891513875438	5182.818683193392
10059.572170053045	2238.6515038240937	5628.265013498099
11342.61154916743	2121.547955891963	5640.9960004083505
8851.222600101997	6084.592726121386	4337.731820007201
10794.229561617834	2465.992517324239	4726.190236730263
10204.100811172197	2469.454161553397	5638.342816191897
9876.385089686482	5461.943748948218	4814.055774810409
10635.09872757214	1519.6946759235102	4733.599449406404
11193.993020113654	2342.2705616312974	5287.216265510546
10484.613117973255	3676.4010517811694	5166.242513289437
12423.092487245372	3822.0021849991113	4546.762568555305
11136.751203309454	3079.4508723096924	4785.870516968887
12194.028737872646	3726.2560261499902	4659.60752811515
9310.899253728443	4939.3114293464405	5138.018920441362
12598.475072544727	2066.937312800313	4570.404035693177
10144.446965292911	3679.027977818029	5113.352888300006
10461.578400528706	3146.051940575704	5154.923412011607
11971.677136785747	2054.8371350979187	5172.33737227116
10987.181166625338	3050.7379337307134	5357.044407476537
11903.517117960273	3532.5828705090244	4558.277572974389
11391.375531067224	3417.4186613881366	5571.814796457794
10058.226408590806	3401.9647178906125	5449.451179544796
8607.398017593923	3934.416475733492	5237.413522371937
9604.122958508653	3273.579957782652	5521.379035754349
1377.188165184669	13172.93343467966	7375.2693277886465
11175.763497187405	2559.6904004911726	4964.430216527442
11521.645100188482	2360.478817137935	4907.373206047766
9773.183279546247	3605.775858519356	4962.089625149758
12173.197978882743	1484.1478985509864	5569.039728909513
9233.149866486045	4040.926593418705	5109.708350509858
9986.479477215986	3149.96858534041	5279.783557119145
11177.9573011493	858.6545313846788	5577.9965460143085
10803.762144089467	4046.029598448654	4964.490067388989
10221.590524407018	4341.487227284561	5083.286538603588
11844.442783066306	2342.5315380878137	5457.695503166063
11211.390529002045	1870.404422545058	5476.386624632791
12563.846033873839	2570.0241469754787	4546.731363653845
9367.476399701529	1511.4209684985642	4929.47150132709
11291.831212436004	3428.5249312098545	5758.582076207798
10466.284090077563	2990.553724016052	4951.505360007459
10783.55170468992	3434.2117741537672	4686.572112608808
11185.799115798696	4008.369942321006	5760.688669225582
11017.407965240825	3711.0674836368157	5404.811012683835
12149.025806123256	2594.936600576017	5481.963589577394
9861.547806041399	4742.527147262098	5252.512898487146
10957.688814628127	2993.133309738316	5096.319331923409
10732.439667098182	3857.765352285988	5000.485643769826
11750.498620180546	4445.88181143017	5308.178199793116
10742.392517426906	2401.376854892958	4969.633375442205
7300.012147778993	6511.715778005458	5112.71214174082
12157.243943118932	2341.450103391138	4974.442319518857
11496.354992008546	2695.5989065201734	5006.716840763049
1699.6795607750628	12761.556331720296	6549.63994668299
11841.695769501808	2699.902440827312	5093.719476919095
11018.305835184796	2966.4412219976134	5198.272926246691
11207.61495582694	2818.3655897457556	5612.758672211348
8590.464639336682	4766.056457793301	5008.334669917502
11904.760679440058	3936.3173525736606	4531.7786321098365
10462.728615347512	2225.4918515325116	5505.591728905886
10524.044534606113	4455.747136220298	5182.880215484014
9518.938883751776	4800.112364849303	4876.511849015978
8970.709039796866	3482.713155554931	5384.4581802170305
9736.669002418048	4090.5842738113242	4985.597456481019
2339.861858887509	13014.111792560143	7276.161445019951
12191.098607121772	3216.763738657982	4899.870758692603
11654.889653317387	2691.504794447647	4902.475958109724
10452.924438588732	1471.938468341197	4913.7000886299775
12285.29125943941	2168.436535330963	5016.911027497335
8967.310963581323	3444.6546305443735	4904.3956519188105
11015.491386715385	4243.006173035802	4460.135379832793
9997.009554735569	3644.5121097363967	5215.77233344674
11144.382432221144	1886.9722526456303	5124.798556827333
10134.337533544536	3391.1701293038377	5210.133807408021
1709.3084656137514	12743.999669208388	6900.405424811682
10955.567500745596	3533.016976724046	4990.473520589695
11729.82768000821	2846.85757647989	5055.289552334109
9171.721291785878	4915.438787225123	5581.486126411269
10869.570379503906	2764.7384722266074	5292.904827529885
11022.584162959343	3803.8824890656665	4856.7223158787465
11065.696900510799	2827.755098059114	4784.844610093257
10988.51948564815	2816.3429418259216	5175.895821465297
10880.242410047635	2767.6305599031143	4994.038458318748
11534.860207914695	3349.2886895473484	4998.9212269957
11711.601724787355	1506.8583842275914	5127.467972998728
9991.303280486101	4209.530671890074	4693.614574813495
10829.911613850947	2297.77661704358	5109.943351245397
10852.63994872989	5122.625319149238	4779.848372188577
10683.011530130827	2118.5410984218884	5040.93540440498
11152.295257423153	2130.6366524326972	5462.947512790764
12269.784138686542	2146.2170493606372	5321.919284395575
10351.15488533056	2574.6404646185183	5707.519513665088
9326.100744830479	3164.994013970876	5483.66961565284
12308.060442305496	3179.8817960422075	5626.89311676439
11317.978732687667	3463.708583583409	5132.555336883202
12236.464093106733	1712.5570409817444	5473.374278717222
11052.235333794095	3436.685632976536	5254.038900019414
9389.445190923941	3370.1670363470853	5175.446065730839
11596.806345906087	2901.838365383538	5385.142947144793
11093.70018581804	3431.5987846631274	4803.233245875334
11512.912031941225	2289.588117664282	5529.823781280243
10767.689711023842	3001.398408125394	5347.6817343389
11354.68199244091	2704.9814211826997	4686.901624162829
11378.492621476904	3736.2938759405943	4743.407276806851
9932.339968500783	1788.722010758551	5233.409502332635
10770.148706967815	3444.5125683814936	4939.687017952869
11052.52411040808	4969.434588268102	5907.7366716863935
3532.99296749996	12479.589537409034	7266.646373899131
10674.29441691751	4584.016246169137	5670.1285822341815
11514.091631450357	2114.0059478881863	5477.251425436304
1597.2547172237132	15037.48083166752	6123.173826186431
10562.029074904243	3445.6091307406573	4640.567526210245
11022.611299846501	3062.272631086545	4391.190520144028
10501.697402294845	3037.4596568069664	5401.849110377062
10234.461696836466	2834.6538620251217	4943.338668087783
9547.120173073325	3875.2694620526686	4792.762737399245
11674.562456940912	2402.1911151147833	4991.276287075723
10830.39961690658	2237.028759866884	4994.832815259072
10614.849213103846	4555.397998199184	4202.419676977681
10641.499901913425	2842.467967809531	5352.003248121104
10749.186621104343	3596.01518628827	5059.317629067363
10834.976919104292	4825.939936503657	4660.141967656099
11090.85554190876	2991.195924109823	5021.349186840774
11320.716051210915	2681.532116647372	5619.776196967052
12181.654623661385	3893.4869749183745	5107.916455164117
11459.218202637647	3178.394214403269	4319.051047442735
11984.648101556804	2593.2961386423344	4940.655795404043
11935.866257938587	3172.1413952900916	4714.781708392111
10257.683713778135	4133.002027588903	5549.8163884855485
8000.022500646582	4085.5236253291882	5722.285888630103
10683.81958433347	2032.245257557627	5154.2086022274225
9987.155530946262	3798.4732028247718	4835.9397642284
10903.330560870769	3909.5401199920625	4712.252754767146
10102.96361543292	3724.125970322685	5328.294472867319
10397.133984049142	4026.6621419673256	4714.359198714232
10889.615474592663	2153.0142044650415	5574.081017928902
10218.895690386014	2781.249233599336	4907.8338905707205
11226.587721271306	4229.971621670009	5566.949697347806
11134.764585029476	2630.892548121788	5150.356265479097
9913.749574798772	4122.336473204159	5525.2836228862925
9671.94020828745	2882.0069872848608	5689.645092185656
10815.705993226562	2571.8590888590816	4983.181066649429
11005.184827898733	3835.754689437265	5302.9481193476795
11670.249924501031	3212.888986756027	4589.7661765870735
10587.096048611773	5032.8300529458165	5339.792185914322
9966.561065938065	4199.8513521698815	5528.0263328871515
1616.8016782202044	14163.697596502783	6576.497591734444
10096.15384619707	4689.855314792606	5018.783786568109
11238.769060024348	3191.796082983108	5302.613787114395
11686.52227011555	2319.5618189227644	5151.844658127016
10966.193532144991	4398.748762526336	5826.003835466201
13606.60127307567	1814.300119633368	4668.491983802934
11617.196191208155	2548.569576333161	5155.83775916302
10515.50628903497	1285.7014912720563	5262.7419273265605
11452.99191843974	2147.6011268546563	5102.391571728601
10258.19927971561	4442.50096742629	4860.401020563753
11335.569441090514	3571.180046327811	4692.363153156652
10408.152034869123	2931.3514296135254	5622.73534393968
10753.628824872523	3523.972729315776	5064.550297513711
1828.38032231506	14090.686074344168	7161.436695715278
10720.350746704087	3293.5542679539567	5590.786893054895
11787.798185417783	3158.8917033095204	4579.147377179098
10426.525191187373	3700.2102661721988	4949.463185339777
10184.149059397028	1498.805211416658	5497.448394967114
3264.834046652947	14443.858813804753	5942.78460970829
10793.429439054149	2167.13193458715	4604.34185889392
10196.465916364165	2277.9163541457697	5571.5150860466065
10407.860856797999	3329.4001651666035	5390.2956516965005
10233.867430022767	2693.5516019129586	4218.251975894385
10381.877733140636	2390.4097588093596	5247.723585673476
9275.555644724585	3152.3243710306187	5913.829051406533
9049.851623568902	4252.756059822419	5367.83590051914
10966.53461381612	3127.073155197586	5563.204416666097
11448.649838103307	2458.0762726103612	4996.412035981537
11041.637124225883	4716.975827028251	4667.224745555721
11358.683142977983	2643.288313867038	4781.885765543982
11398.691812894645	3737.158469337954	5394.550333046903
12567.073156546163	940.6712618335152	4883.156716566521
11679.000161433025	1538.7625424280232	5296.607786050776
9764.135530210877	2937.913600147138	5589.761372416078
10710.489548730027	1054.228813184288	5911.975506173288
11006.422328174962	4514.959218467896	4407.735134202622
11161.362964475777	2479.7004074558163	5446.25080857144
11358.481619442597	2787.1155569815546	5429.309216156017
10730.287104091323	4875.511253987123	4422.839843078603
9611.129464633575	3565.3085477906484	5068.035137011178
10151.986888497524	3090.9664269524787	4993.342250926209
12161.5560152406	2374.4684954011436	5320.956114701856
8474.401255679371	3530.937889887002	5271.653438239257
9427.12798118863	4557.109333594585	5479.955165186273
10866.740604127212	3248.521863042223	5157.582963481365
9524.801267906425	2693.499144088418	6023.147754118788
10727.309799881546	2326.6178667401878	4707.759364989979
10914.163814009215	4133.168225706362	4669.755262789303
10877.017460848476	3386.8075773793726	5180.092928273597
9022.068041405577	5703.568165682686	4892.075472254167
11886.621273892531	783.3453144273384	4942.216730564692
8782.035684271963	5545.191549903237	4768.23004905929
11605.671908923705	3831.6921023476916	4853.365559936033
8872.228441336418	3013.808499167146	4961.5289675047525
11730.499479997683	3126.9528725163746	5300.475446029016
10802.906035430578	3947.4789381939136	4825.483507245459
11851.244868441816	3064.528745828641	4799.6211407269375
10804.669854507742	2338.4062050019984	5106.959255182313
11429.05234756773	473.28057790316586	5154.442239328747
9877.448144554553	4551.097518827678	4932.167974482879
10907.293866122134	2867.2920823871586	5500.186811656446
9753.61574102796	3753.321743293553	5264.023543268121
11185.946807938652	3838.589544500301	5521.807616108812
11210.888859481927	2925.3928160275154	4745.902866802325
9769.090072094816	3595.094695681167	5516.896736523361
9762.785217709818	5084.03191000819	4539.794555590111
7037.881184226706	5978.316574993185	5154.888839863545
12256.249710469914	1544.438937741853	5039.984340553051
2033.771418865892	14585.3583251336	6495.37563127868
9241.113833950722	3757.3516811686036	5465.873535198683
9264.75071721456	2558.236586391378	5092.251185105368
11308.252653360576	3072.092033716608	5869.407244599921
10012.880146793508	2730.77245705019	4918.601524776872
12249.885159273179	3608.214911132703	4865.95201366874
10348.123985615823	3202.488433956473	4776.616599754839
10428.784721001151	4886.382013056341	4854.387355403727
11039.601122834913	2834.1123656280774	4677.838418274966
10963.251640347742	3696.9696362405484	5059.540870457051
9344.920231142298	3910.555117352146	5456.367968980591
11863.382199912872	3056.916875222803	5109.7792819078995
11961.36409546538	1266.4838515819454	5601.679482363835
10765.638897151992	3206.174166539884	5134.288145803078
12459.868662686595	2332.6460432519666	5046.6837520944
11281.458190738898	2004.6191252418143	5022.3666981093465
12032.422664216267	2433.580661662191	5085.514667011348
9338.896256828546	4499.459896829619	5604.250119946393
10766.4329915476	2429.2711207475136	5130.623278672733
8624.282859743988	5064.077875459991	5332.782805651953
11420.723991777073	2794.661220974453	5020.913581571562
10506.44101393104	3876.2739728596034	4734.371859995786
11400.457244939462	420.4840713970351	5399.82551044128
7158.548976218279	4146.669372907161	5362.770761060176
10188.99280352073	3244.5745956075302	5122.274761248158
11911.788863531243	3894.873607653636	4092.855095814604
9302.821368988838	3566.2147008236852	4929.364681452369
1901.8107870577132	13771.234242855702	6373.194665548807
10714.488256769793	2065.83063374983	4881.319320943698
8409.303215640804	6402.6620249532925	5872.3611584709215
11701.446468238457	2769.049959183622	5112.755251299801
10427.438008737892	3133.118922942273	4590.889917027141
11206.677421791119	3519.264222087617	5093.725351601461
11766.461687733703	3164.1588810377525	4678.0794571913175
9135.317658630047	4364.9203191780925	5674.914935410223
11205.12653534687	2062.657271359982	5807.776483817071
10833.5911781638	3213.2238986082443	5507.412605094227
13344.27880537269	2574.3928100966828	5320.5072779803895
10871.66676618098	3085.9524454577345	5423.428513904413
10548.405380876671	2156.6214354834433	5477.765086914643
12159.126124673661	1750.741300800946	4826.436609824801
9810.739137789375	3424.779509770801	4447.597794245318
12046.126009215208	3510.511182849829	4910.121104408642
8885.233518153966	4448.48317816767	4984.400740521246
11272.25827958879	2968.910079469576	4775.557583295506
9851.822026047663	4363.100263274431	5706.391778779358
11119.81570637568	3500.9299120187384	5200.16916998511
10404.049369127464	4005.6410725071664	4751.846343581856
12720.808996524684	2876.6859202312207	5353.522623573639
10685.957517649082	3189.8041850269587	5553.571364365956
10417.46385287515	3637.672438080579	4972.729169624141
11065.591927488698	2549.3714228033364	4661.840729538164
11026.923362203965	3935.744324446152	4500.391853519879
10657.587953017239	3556.216676031654	5326.327492505609
10121.525445426401	3598.933989751104	5148.927349882131
10707.702921775754	3046.76146661867	4931.552946849048
10446.121712766018	2349.883722587357	4858.041741253708
11754.647736320338	2441.3038546310468	5151.516352282255
11248.70219863976	2873.8171444490536	5323.512257253834
11380.112547865037	4234.540149145709	5694.844134980437
9355.923496430734	3395.469407482245	5968.144393612176
9246.223610801411	3760.3702561449654	4921.5865283135445
11523.704654273512	3457.712791614746	4645.631647098926
10492.519868627822	5078.427975361302	4599.018249373473
8781.719360021967	4927.267502614317	4994.603384099941
2634.9046737505723	10842.648500350831	6880.837747764
10556.657018297064	4001.865383880768	5449.040546726323
11001.905185894002	3597.121792289773	4926.745459718097
10352.913487529755	2039.6395643288915	5667.154504602607
11166.264846980985	3781.364760578931	5909.486641642908
11278.299263002924	3944.4185828361988	4521.305482311316
10264.38828262681	4860.371931705677	5411.515879161074
10321.798245748727	2694.9538835597914	4992.539330047849
9552.099941678276	2997.8987547405877	5611.81640877186
11429.798846460551	3483.8178272231908	5036.079587880584
11634.104112769568	1946.4685820199884	5187.2470717766655
11100.100754100744	4010.687988502749	5189.44437576872
10556.555108866847	5046.75140222088	5448.01680879117
12105.164960732405	277.92850108114123	5338.815550535787
9007.668130023847	3789.5392259527075	4853.101023802946
11728.762029412526	3211.2649188258265	5700.45775752565
7138.80410587677	5164.238509058186	4845.523534402374
11124.654532306085	4188.552993306146	5125.514216403306
9119.745443657199	1684.3031751154592	4928.749002722974
1491.6951784965493	13981.548612189743	6978.046200587918
10418.00869924813	5703.561060432555	5104.659922687671
10598.690916267935	3122.417819681648	5223.084781000593
12306.145134041946	4418.559297071728	4943.1771930486
10438.441688602785	1740.2900114743259	5038.593431788402
10726.56974231282	3821.453481261967	4726.857233353442
11508.588990198945	2661.1059065767063	4739.0223949614765
11600.77729740747	2276.5351084937693	5157.521649766768
10573.986264939833	4019.5618817183185	5554.3104822453215
10706.465172994389	2235.3324279196695	5183.977114502156
11031.466794878686	2359.697888447881	4839.158343324317
12253.845303834592	1890.1282104870909	5142.111374300954
10514.747556474123	3611.5108963320986	5072.738511241933
10148.656209355611	3120.5686781158975	5175.483685382359
9754.37119928794	3642.985810694257	4987.175476866933
8121.819349859384	4854.5576566576265	5377.362483428817
9634.394428029258	3147.9939357820263	5339.863573552425
10372.78677925951	2830.9290190361576	5473.596406018672
9354.541967720757	4704.22400753664	5356.330995093968
9778.820747628737	4144.869586403909	5496.379286353017
12529.729862188926	1894.5608166010982	5475.702626022245
10294.664749116568	4307.9870966063545	4877.828866969397
9944.26959253029	2859.632068809185	5249.100263760457
9273.008998091793	3980.067417821005	4752.05597192527
12020.897278100756	2310.7011521952995	5181.480827671404
10143.733557765185	3970.5014587592336	5091.846458727855
11079.744538388415	2957.8649714918533	5354.272214076058
11931.457997595942	2884.7681038694273	4870.8380928835095
10410.025298595408	2325.137832877768	4773.641810963383
11682.569477138333	2103.3346751340528	4620.606215642607
10398.056682272403	2743.7369896440214	5022.75631550306
9572.903751320628	3778.5261308331064	4925.221668327415
8868.573886166821	5210.889439784249	5197.606132376159
10477.768030156014	3293.6472492998237	4775.277600429609
11714.97597804854	2295.4259207958244	5411.221232421479
9927.821860355185	4773.929544560088	4345.109820824485
11122.458155846818	3008.01918153236	5741.39785453557
12128.503892586064	3156.3728248832463	4797.558702562422
10677.336815812636	3965.6657128960383	4600.992505848092
10776.105863022281	4320.606341561768	5231.185665685814
10864.868560857489	3430.544805164532	4813.9453039212885
11142.713274532323	2071.822815744938	4848.322869251017
10986.310358229119	940.109951070918	5171.849033639797
12278.804393782631	1660.6096127813591	4835.447485225094
12012.717596060422	2909.995212121228	4934.176565575831
10389.890491291528	2521.5708985661786	5116.687372944459
9415.852608636349	3484.5652384745704	5738.094204190611
12258.118022738576	3150.4264761152363	4351.029507464783
11572.731217689688	3230.74719392899	5522.060177247903
9247.564274763023	3550.4132973172273	5832.454890464934
11457.86749004721	2892.9072864451164	5242.691726803748
2790.06835885792	12351.83804742498	6775.987010617108
10052.50186897535	2458.405146914154	5110.900757474982
11548.893960478625	1925.2869673717962	5363.921095868133
11232.64634557554	3873.4869903889203	4763.356546621933
11336.429856708102	2571.1338296295175	5256.0663387129725
11446.87380353318	2948.482870177445	5298.786144085142
10315.787595249152	3657.0035001903207	5429.658472668625
11092.004295072331	3905.9383450678997	5103.199304882339
11041.454243887623	1179.2651395038324	5194.123928828323
10500.764561785947	4021.913982318705	5304.177011604708
11599.05596565493	4004.410321252802	5379.378479156834
10614.12666497204	2615.7595810672115	5384.035980639119
11130.727683237665	2138.637892524222	4802.309723780331
11348.55995026279	2548.6354520115688	4528.26789124246
11948.307820277892	2420.5414248180914	4791.231895555743
11953.125235170253	1863.6334897419208	5291.822909494614
9877.432610823253	3261.3182541021	5396.038880671407
10530.694969901526	4182.210272789404	5009.205103481616
9674.546342963851	2678.8816607782533	5095.8469620693995
10478.01360489652	2903.07177245832	5358.630775782717
6581.8049678116695	7732.6689359966485	4752.568175210982
10501.82973811727	2097.9113641566205	4774.260780529654
10258.015665073215	3335.846304429631	5314.167715669603
10933.68493843858	4349.557132693967	5475.025509243463
10799.503681992019	3792.1911041539456	4659.366621979611
10625.916538218024	3758.9675975419777	4865.6852700724185
8777.079062214054	5700.837223243374	5519.285313802846
10982.562712139901	3006.2353126396083	4884.047803603732
9323.156409452837	4936.066494662323	4712.070221827014
9109.569272397948	3641.3618202223133	5605.6217101500115
11968.384605087449	2592.1903820061966	5339.911959376443
10475.901043929893	4566.411172130315	5213.333055735162
2109.413872310183	12851.725678518525	6776.275361284712
10293.220635665755	3780.58188880704	4958.77418500759
9919.878885133443	2279.00586575973	5142.5170935138785
11579.893748563529	2601.03909889026	5149.031239754297
10913.617036395783	2490.848036678491	4998.167413502463
10380.479163885173	4750.205986490947	5349.774907347331
9621.08656945557	4751.179420606889	4748.758617237896
11825.743498626876	3459.7243964766158	4838.002264222594
10575.783629715497	3740.075711356504	5084.934104138112
10133.309380097446	4213.110833068674	5402.917918624774
10141.292177865762	3732.3500831313927	4743.396780968153
10644.79266492538	2580.9944742438092	5423.960517671378
11707.868956371007	2410.1363667996397	4542.2606528011875
10482.614923753963	2269.6758015432406	5320.78608654234
9970.257535430294	3419.788376549857	5156.679692642487
10636.390104730785	4908.844624619769	5147.4878311035145
10418.539860549075	2009.2420331491446	4951.389195282543
10445.467500053343	4266.291058893688	5194.36120833133
12452.507077415028	2857.963731055479	5640.717083746643
7781.0629716715575	5673.8269271588	5593.846768469329
10332.470863243738	3050.9779352120067	5429.065736065178
9475.263237422914	3914.602152177901	5649.630135911519
936.2584822988572	12975.369317563358	7594.132366967249
11914.434499080899	2858.8268470357366	5693.244431979579
9921.494174223291	3149.347502757898	4704.116652413904
9071.197885703634	5002.990159372094	4991.566982259101
10274.718012997926	3553.525938017016	5355.214873027776
11474.659189534752	3258.0256854497434	5136.089095600581
10946.817814208522	3453.0574755449866	4739.80701011175
10235.198474334393	3466.897373305559	4895.629618138769
11619.659857731267	1968.80043561666	5107.173469904023
11309.034177444077	1513.6346653757207	4590.249793255436
9530.03603023502	3036.169398201106	4792.092474497358
3099.8651812721396	11268.63080162535	6714.565382656234
2740.104606101554	12107.161656126225	6134.637215591622
10274.31827903638	4257.664241640715	5772.426741273513
10813.176607765381	3434.097129858472	5358.691005936217
12194.145847322843	3650.497785157286	5286.717048179036
10141.738964482463	3136.0550894424937	5494.800888469194
10460.31071456123	1886.952397621917	5082.0366699910055
11074.766942623553	2937.165395510648	4855.8184431132495
10521.94498950202	3466.331091204097	4491.83940123799
6812.083730593763	5841.99565753605	5425.914596144989
10953.573759992003	4243.975761705912	5037.202196007726
10040.478181739585	3375.181522000882	5650.622671821464
11119.658601436782	3490.7083095619137	5202.6771617612485
11168.373120037379	3738.827820782967	5636.942184920783
7525.242041716601	6619.70445208853	5123.913130364861
10652.921978911669	2557.0540408515735	5581.673172548195
11737.299565496525	3225.170574802097	5017.554599613929
9696.472954403553	3010.4917331466836	4877.387146923312
10395.282051297812	5502.4511145760325	5325.215997352831
10677.867048252458	2838.6307996759365	5497.627174432675
10972.664962495166	1863.931879690123	5069.57639958672
10805.983986270756	2836.268906757571	5196.835380230028
9909.890902738449	3910.6127734233173	4975.0789334672345
3470.506324498547	11672.678211257586	7418.5364617214045
1119.8215856204124	12718.397708685923	6717.672400778039
11368.704012880846	3003.8321771344476	4919.832392771948
10863.970188788277	3752.8025255735793	4971.828326062256
12329.237697234385	3861.1310549592617	5207.144722175985
10979.537248983608	2536.991277199215	5581.4084742162
11293.193071523649	1720.7039645665154	4864.673199561823
11343.775935304882	2340.5285647634973	4960.983308228099
11618.716513932164	2210.0213394996213	5495.254749626511
11387.770527399962	4723.763075812024	5432.060476450688
10719.430955527027	3765.5631127938295	5705.177853819592
9685.333334195022	3790.2325127774134	5673.326965530971
11233.605753997723	2236.1939674358046	5061.942370727638
10075.409724561403	2637.2869029445555	5409.377030311305
9461.097394303475	2952.7800482160387	5459.201016520238
11191.780833827668	2326.3724932827267	5380.855218436858
10547.345391257957	3469.66147070013	5025.16286066274
10177.8488874465	3547.945428299223	5130.582339265455
10355.01861417995	3250.213558681769	5802.70896824787
9656.49956143937	3831.5643956775875	5482.826924517986
10615.496540456708	2610.7786815806994	5070.618053708116
11456.694047765606	1907.981734102274	4501.778284194235
9293.67717869472	5738.762749850968	4812.4197838595455
8976.695363280027	5442.058023896263	5563.419798285138
10714.331899889206	4120.88365796057	4569.931937152501
7969.8492047524	6170.7162410255105	5131.806152968058
11905.327042586541	2996.7103666015146	4751.018896332259
11283.990293967243	2093.3919662352423	5477.2214018345
11156.8682817111	1587.5911495735454	4820.993044847391
11549.370003228703	3795.6099085295073	5010.280010447444
9474.102884778344	4488.644412117289	5260.616193403255
10856.364815137234	3013.8122489976527	5338.623063642272
11916.48567682923	2182.4176136589476	5008.438816739309
11514.395808125088	4735.4192881843255	5817.437640309039
9512.104915454778	3263.7760805208472	5525.699557911789
1936.0322677515187	14829.55615981432	6085.198297384701
11216.56599603316	2840.3324589255285	4956.014165592284
11139.166310423469	2780.5070198458197	5534.366307004714
10013.021993115019	3285.8191072862164	5143.442902194724
9916.938811439119	3486.919319423461	5446.411391079946
10664.559461420142	3076.8158238047513	5878.244398885436
11715.130498404293	3102.7080458829955	5545.19260762888
8604.205947420063	4752.02318823219	5107.688687531011
12833.670489855205	2479.1936650838666	4837.305570842589
10219.723539418143	4616.515258152956	4919.6295988241645
9790.754903678313	3917.5550658662805	5060.716535191797
10731.678379219176	1538.1117210783204	5599.318104073369
10855.452003356153	3771.994888280034	5405.987297384929
11014.283769490297	4168.6424295375655	4922.365725192373
3210.650374324012	13062.139954222239	6627.578275262429
11077.878741683264	4664.112545852124	4792.806205567643
10124.247084403461	3455.247544236883	4894.23845780855
11568.379077641466	3639.318459735328	5439.505526028504
11986.374976057677	2315.698362382739	4972.753429619961
8221.970737281026	6330.332994923992	5264.522705152636
10676.547358554179	2430.8960989636457	5395.214225326905
10024.992381570597	3115.274695581158	5469.2644783892965
11568.134878108007	3269.309935345038	4508.26180092816
11668.384380376765	3588.579628338947	4558.101246440887
10818.560609838403	3103.4656912736446	5101.902553724611
11423.212053031993	2899.2931331592863	5329.2524978971915
10070.066251061053	3061.464102444578	5145.841480474104
11295.826351115693	2256.1129703629626	4937.352435778061
912.0621681185012	11909.577353523397	6334.300791264572
10269.698185519508	3912.986202140978	5066.260429083449
10846.62037148501	2623.5241864165996	5829.1386058797
11051.069322475018	4114.114450528686	5381.188656086332
11159.059827803932	2451.381817691215	5418.991633640893
10266.453404214217	4176.953946346114	5070.224265555573
9511.734245954307	5890.685589199997	5552.329859522951
10570.823133332226	4327.359441921404	4985.794474793225
10634.047707790463	3988.2983750851467	5891.331990632573
11372.292730286883	3787.6051056556194	5522.4694071628155
10571.741716971883	5268.612824746292	4990.623226175265
12274.16779235327	2591.8569822469967	5334.590962217201
10965.436509142028	172.19433347820222	4631.7708283171005
11132.67649963613	-363.1476078991022	5599.8924099552405
11323.963383531256	2275.5569518118164	4928.340996569147
9870.500212122988	2825.7316819745047	5320.569077015891
9237.191253321624	3990.179476655424	5489.297580820851
11071.623763247782	3911.1501460546683	4977.591750038878
11581.353693638479	4216.937244952459	4801.386855586896
10075.480080844034	2717.0728298582053	5328.610011651246
10026.744019320233	1823.5676870606528	5030.87982026783
9293.451796937128	5009.848771531792	5219.131546708158
11759.761662067025	739.5011853397972	5293.457656413914
9518.719596261994	1740.1561660378075	5431.698945173586
9997.700931287318	4737.971786586529	4609.3272301755815
11214.763222294965	4490.907840671793	4710.149334690302
10626.626614383316	3749.577749390972	5220.738314970609
11348.72460779585	3693.357493053375	5274.16196049522
10905.03159718274	3474.474064404598	5035.510203229278
12125.708859310183	3941.882235550195	5168.380830762087
10894.311541305666	2227.3475761313193	6214.740003677838
10474.210717734992	2666.9772238063965	5288.341087209638
10438.049396845163	2356.365100848373	5160.0371029142425
11283.171885222157	3858.1275440729946	5191.410846301929
10604.41884512977	3905.177198069323	4817.18245843061
9147.188594105795	3383.6554000324422	5343.190390482695
11810.901217305418	812.1620881979724	5421.605712552859
11839.959487024833	3159.5595765711864	5012.347341648983
10467.587047635083	3642.772975335358	4917.583529915704
9750.076952748792	5305.02949527967	5840.188733605022
10800.546169182748	4119.901404104752	5245.231218537672
10205.436879910385	3389.6591782630044	4957.886287955518
10955.321588774632	1785.3747701539057	6052.6915658958
11093.974768702848	1971.714178012165	5251.466310719307
11151.408590688721	3347.1764549513573	5505.687961044705
9501.994176674201	5122.505670547382	5155.1951787164535
11089.97739738993	1232.3284593062479	4915.782046376549
9716.829490371116	4468.283178223234	5428.993404401487
11026.01143242707	3500.8114717321464	5102.0733705672765
8221.596426162801	5152.63756145029	5032.7628606169
11892.268225718646	2202.3841393744146	5367.166168190768
10991.213116200792	3273.6700329274436	5216.094534237041
8860.767896688727	3705.050161583868	5222.020038383147
11033.935002885233	1313.478492086525	4574.523626338304
10743.030702364826	2775.578610882271	5843.089495886831
10938.559105080729	2222.8934947366893	5393.957366610219
11891.228042519866	1651.8528584495211	5564.218455529065
10482.416143384484	2607.3602341685087	4676.529234502065
11282.457121142153	1674.804021889086	4982.205891422713
10466.277910364082	1568.019671076044	5488.724254136814
10779.178505391339	4260.8546055825345	5129.483294246917
11640.07364833726	3073.116249517422	4979.1314054720615
10140.102728097318	3078.9907448512154	5324.2969006144685
9735.249634306176	3290.5689279927556	5021.74144208931
10674.457593881905	2744.9687477938487	5385.503302305224
11584.057446262745	2949.983240447061	5153.732563373939
11564.125889353685	3458.1235792242614	5857.449904557467
10099.63253751581	5055.852050812256	4947.593530301492
7945.849235773548	6253.618026239659	5242.489985408704
11803.338423769717	1190.4356498803186	5049.098206378327
9322.75523211415	4778.092638425307	5326.257013719022
10280.992358797614	3102.0390871331797	5520.341220871291
8957.400960126439	5025.710555395202	5390.493466366313
10809.587731252841	4048.875755461507	5740.122001586561
11398.043561304832	1489.8765156185543	5366.5405085810135
10896.721588466682	3806.364989940011	4744.659927608192
11465.113369080846	4183.831071854477	4650.411228799326
10644.589889710975	4111.573999787449	4784.978108187416
11124.874916544693	3493.8375418259297	4646.997640859779
10164.967050837426	3702.686706372111	4948.889570533127
10185.43705800262	4440.497932378154	5452.385246450226
2221.0412564982535	11920.852924506617	7128.777159054476
10770.11062803847	4311.048217396574	4731.386857176027
8694.82504335337	4618.273509598383	4866.357555169684
10077.906216291349	4210.626274527364	5270.122578594226
9202.76357229885	3817.2436469910936	5369.717314416455
10589.439333220365	2820.1622184063376	5570.365343681488
9740.899323742484	1359.8274828810727	5542.897268940913
10888.2359828463	3843.7991205181374	4758.540800048172
10485.857149927027	3919.4129651328776	4989.457506134375
11570.458158659494	3730.9407559727642	4544.101966715112
10553.123780307349	3112.8821802807884	5034.891915007871
10759.917875516796	3147.4593129392993	5331.7685267964835
12110.583826389127	3878.263525298519	5015.6125120208235
1240.4549082436135	14638.736951523453	6353.15447475326
10765.70012930131	3118.52930441299	5032.137556470282
9788.078056808054	2577.774987995572	5511.924863644025
9005.372605721554	3197.938186779526	4862.6622420642025
9178.513154386095	4818.033775706875	4718.012681800519
10249.2939888867	3378.6913325267205	5536.536624812879
10538.447609427058	3324.1217816535022	5021.241853438895
11899.92506393972	3578.891251463181	5636.022199660843
11891.64329376515	2740.5495392565526	4830.489615958775
11759.468391879414	3666.634919991836	5554.317163250471
10911.337397063591	2495.6167675635193	4988.077261482146
8734.645410488169	3677.028147125719	5838.957752950724
11842.065197113652	1074.0483293984862	4827.484111314912
12634.195789260615	1387.0661995855205	4662.430636658203
9852.002382341985	3580.960054548116	5434.476315697314
10418.586803686396	2584.919295002725	4863.962309774337
10504.2248853826	2326.561563570907	5661.224607440907
9462.799784670198	3658.3798099746323	5228.976012154378
10848.003851545847	1240.2390233617377	5514.030996344367
10967.58688018991	3319.083139241289	5096.987600189141
10592.995666287823	3554.207619797766	4753.564564331468
11164.06817667638	2885.3654457902176	4954.658378550796
11795.198804382857	2863.073349884711	4605.969034757698
11138.956135951126	3585.583103147023	5212.719828168927
10868.335204876148	4037.5597710398724	6182.031303061361
9867.804401788164	2475.129048090763	4977.903386478804
10675.175744754599	2576.6036784511257	6111.877764083544
11009.156742730222	2852.972609596694	5081.231710257846
10470.642909996739	2497.6339686781025	5336.971821585489
10591.229355382846	2510.7930591466925	4774.964020695566
10519.075551668939	4861.348560533909	4854.970871481919
11849.952309488091	3056.495049257167	4718.200946248484
11441.506036001769	2857.145545814114	4356.155890876083
10543.801392750034	3340.8333883839905	5540.66054247103
10227.256554658852	4512.33213432088	5193.62463264302
10036.958081057146	2687.238986262254	4641.061732902975
10278.228427166876	4455.116694567937	4830.984271814032
10472.416432767228	5492.675440502349	5061.210983129861
9129.639477470311	4383.400733690356	5226.970837839688
11084.341247671917	2842.36329287465	5168.309560824566
12195.121709057603	861.13566534388	5049.563088304973
11205.56394603611	1648.4792538424979	5615.353946215548
8225.582081048253	4679.005674189707	4943.910479918907
11188.281962141116	3648.3795641864244	5681.709177165522
8803.863882293621	5543.73790027227	4843.727207591607
10882.25198528672	3230.434272147936	5188.774280707872
8237.234258468872	4491.968884116873	5258.3539645428855
10393.817271026643	2834.497232056967	5405.595195731932
11880.633036809188	2657.195709653755	4690.593371566903
10818.852619610716	2520.3193193691195	5236.066367129772
3023.304178044737	12249.732319092034	6758.846478649938
9002.544291953447	2219.1567555411343	5752.965105379343
10734.645391201151	3368.029188815475	4876.355413937047
9001.011436961257	5218.155408361937	5184.370367050101
10097.014412303057	4601.634053166506	5422.607429030411
10058.476523478763	3811.2468061486825	5086.827292184204
10529.88952995472	4758.198865426666	5208.88775687764
10187.702430423582	3480.594700375999	4990.101136601389
11180.90098901816	705.1046036342962	5078.9898441136365
10786.98274055349	3271.345513934541	5032.383441327398
10317.104467612182	3811.420985553517	4783.285399872721
11146.848008679828	3262.8600428899695	5187.104753198328
11198.839493120971	2614.036283313924	5057.109816862896
11536.300106532877	2830.8840751816106	5354.87562091406
10176.682203207112	4411.809483072647	5142.496280359266
2491.0467136337047	13080.659494709886	6587.729964301166
11139.974924344835	2064.5050847124135	5123.986004424644
10344.644570300588	4656.229629625085	4913.805377932222
11779.415752357852	3428.300579552126	5601.580785504914
10234.166857315244	2266.4025464318183	5378.292021091016
9540.129695332165	3796.0262928536563	5416.784734315886
9659.330344350372	2432.328777590818	4846.748046083267
10647.405747564686	3105.564207213371	5401.132879212639
8478.587854362007	4113.223560501551	5902.381812863693
11059.973175051844	1545.8714003728128	5292.118020857505
10117.208264652885	3450.951678504581	5531.469692226612
11142.73065883319	3226.150949737993	4589.7358302657485
1923.0582998717732	12277.257785525702	7034.246474201849
9354.42280030276	3781.745063268442	5566.760388225012
12725.722980515895	1102.6255475619153	4980.130652042136
9516.979758528269	5282.685560801346	4851.756026580743
10839.848805789612	3458.9002089778432	4776.3703874673165
802.0380184613998	12358.079879940968	6853.7860443312165
11478.45887406033	2259.161782616955	5454.75713559941
10409.04581498633	2099.240355061317	5884.931331925676
11018.799113485678	4247.121228695075	4867.117073344997
8890.142649075873	3162.5026393738262	5580.252080104618
10168.917379498653	3889.9221276333074	4145.3636118420745
10923.096997993467	2849.5029303257766	5181.45489541521
10991.22035677457	1528.6711617858398	5286.1859729680555
10658.052978836085	2018.5257031812578	5467.50398973396
11381.488089584322	3105.7159582093923	5653.1696540838175
7917.422821536214	6386.940176943151	4864.637956780078
12008.409079776528	2530.7204037748547	5575.8346601692465
10222.220157173544	2776.4967638396106	5575.187453527068
10395.372092811687	3826.479056162636	4971.734108416793
11079.923244598309	3187.5606578769143	4925.59284465381
11510.99150908432	3504.5596280682607	4998.320589461591
9982.92587891929	4232.81459823046	5633.873969040555
10314.662051858113	3634.8918462494566	4688.903562258221
10168.27338948727	4079.2149855494563	5074.280236760989
9915.535151712986	2947.6110349488295	5640.565648501323
11290.47008282917	3942.1970626663333	5944.106576812036
11522.073500683973	2202.2335255347057	5023.181206211003
9686.64411838433	4185.179237642607	5576.432276889188
10100.73700514669	3438.6287595051294	5330.673468693196
10707.982960457268	3825.237363257466	5176.161829523895
9546.823725741233	4623.1271014090935	5440.952192020289
10112.328979525942	3213.60648703966	5207.988470015192
11475.621792459577	3856.0869827606566	5579.676558688927
10849.57246842717	3344.803452662642	5225.805712843149
10133.234765191644	3962.3314305568388	4966.46679470942
11136.305334967345	3802.3161096418416	5144.94418638957
10784.494987139078	4991.922938346582	5313.090051023198
12815.193391815124	4006.2541435429957	4170.66955048528
11786.954512509003	3254.164313110273	4960.6984401028685
11144.02076920456	2951.5495467997544	5483.180094809628
11300.640446587722	2515.531925826257	4974.9809856189695
11233.017434999401	2017.716099627604	4897.5756696763765
10220.200802515888	3265.169132419303	5157.768210283661
11301.010650221742	4384.304326000644	4647.371233538565
10203.047046748481	4695.150126612534	5045.216240565162
10549.424304988865	3772.4992686019086	5511.908826959846
10046.1255659186	1423.0032298053286	4517.18441033085
10666.407375070265	2659.812788239577	4734.811868553456
9929.166319290864	3706.0097723080066	5461.711342388171
11587.864664109367	3318.7112817673465	5405.227171297463
8947.857217637571	3607.7846223845127	5469.266266810979
11524.420847841617	3704.570189306275	5138.035257963649
11314.302964494542	4263.460183719263	5413.551671770683
10812.683147405602	1835.363212533857	5268.615460289203
10157.25353779279	2801.6454995844506	5432.715118970921
10030.960478666533	4072.1787635288315	5495.959129618005
11081.715573593681	4752.056058294293	5092.045979818843
9174.198333309589	2665.0582509186115	5035.348532839653
11016.621873060403	2177.6464518285893	5147.446196799725
11124.301632454844	3570.3011109757185	5084.469299430032
9940.431355020495	3760.6262201528007	4193.038466894137
11360.129085350018	4298.8267041413	5047.924963035944
10267.069790379262	2066.447269468879	5415.737719121229
10135.25924687028	4553.882907603945	4857.372802856908
11278.432088717253	3593.13032333088	5344.217794858229
9784.040300452652	2069.5884862528696	4927.723395195402
10793.914254533356	2751.44977437929	5266.971191822802
10268.164064335631	3964.6297390914465	4831.790556746289
10917.42436026755	3640.0172596304647	5450.758607008762
11823.65863912403	3289.2663362713934	5498.767587542607
11190.691907572302	2847.6033015116336	5030.172790565347
10784.593429335533	2650.5443679870814	5230.943660442686
10757.045455196467	4059.0004104712193	4786.021091203028
11450.013807286188	2759.057666826265	5815.53373820882
12168.955039161632	1616.0869472699592	5300.541580631853
11577.699595099855	2151.283509904776	5996.695666035784
11078.192910775002	2654.394552784466	5300.232723165308
11368.84757310969	2021.9071802636347	5460.284198435058
11616.174356515878	2960.4375885291447	5262.672150759897
9735.546679317069	4258.239753117256	5141.277918945451
11971.490533814633	3292.1165412436258	4640.450105961103
10961.293904460204	4585.926859208478	4512.592297396741
11210.843148653965	2184.459461893187	4835.910311291464
11580.609902835118	2586.0195795059853	5349.214497945427
8562.184280117519	4748.709981082288	5422.608232361209
11813.68346788555	3207.2697996406523	4665.408116588879
11050.818506464451	1362.8250848216076	5415.9545466585105
10238.034673102762	4127.686952698907	5382.555960292476
7439.868296462309	6343.657111925936	5039.93217122065
9030.907022182904	4581.359885001304	5839.467762693519
9995.820933771784	3634.24572944042	4951.987059103013
10903.365749332219	3211.7265584470683	5403.326307313434
10071.173367169546	3463.5909659658346	4454.541468657226
11817.411827325497	3774.0129117361294	5845.062976921001
11123.305940083617	2220.6485622897294	5212.885280230175
10204.633418601605	3039.2110624873944	5734.624049022303
11178.74345740324	4038.988622685079	5688.002501401018
13119.860627115435	3792.023706754845	4932.4269847923
12163.924623107323	3320.432175145704	4704.716738535456
12351.798629671603	2279.5771354609988	5008.473772759258
11527.337348853644	2307.8076940385185	5543.0872929933685
10530.188977273774	3489.0948120230005	5015.841967043656
10759.928222476592	2888.6986224833913	4662.8639704651505
10912.795795813667	4628.744333112996	5571.6587627380095
11693.831250660087	1915.322718701251	5151.959737254267
10829.21274173655	3587.257196410873	5021.486731162618
11154.648317568528	1498.5088556152778	5089.561823131524
11820.684056374479	1962.2453021804763	5342.121678996943
11003.53194678828	3987.462909923936	4649.062702509539
10292.211960844686	4628.260933187772	4999.205629121784
2935.753334091011	12594.518508505265	6658.992652578794
11459.728871594822	3892.0760876381537	5321.563089020175
9946.03205910167	3709.1983447674265	4545.0339282361765
11187.168009208988	3555.8924982454287	5051.299329551792
8798.292326225834	6167.586602082737	5609.420662024881
11263.148863454413	3603.6124515222214	4994.710190974767
10104.337952678501	4780.151157123994	4996.8574452754165
9853.7427481045	4397.446051340208	5312.652803128341
10922.099909917379	2539.6941317646206	5022.008972094323
11355.925124837197	2517.3270859564027	4950.45703074303
11863.309416336977	3286.4100583665204	4595.989668466268
8656.275516015021	5322.036651653329	5142.730334520961
8739.47817073463	5941.204355554699	5562.040954322486
10987.164302131234	2806.69352606109	4756.239168147979
8574.67201135929	3200.7897197643374	4662.87931493814
10953.850132018379	3665.564392745814	5033.797899092264
8497.227574007171	5167.670637347572	4888.880041045882
10359.953942274278	2103.7689456590397	4850.490010651599
12060.460233420608	3436.3377982534093	4876.635250296415
10749.368214745868	3852.1397483790315	5614.856260371366
10433.5822561195	2170.8040684370253	5395.105988255931
9733.047305442537	4624.383635409324	4986.772303220559
10519.808683494584	2028.2133352829674	4829.044228607199
9701.743850010216	3864.389705195574	5041.498646514292
11326.313699079972	3632.3958484351047	5555.014249871709
10047.508699928349	3098.9941403453495	5253.700852582928
11015.23996073799	3065.9781370918486	5017.535887580688
10398.602005008745	3616.8333979913723	4376.901207556333
9902.677995437536	3584.144860628697	4802.694048775749
9419.632212710996	3465.15494014117	5562.805917036721
9527.222680680237	4381.681528342292	5215.240741907599
10208.931034515865	2526.9329647391946	4963.668978911349
10373.919574085305	3042.397193830826	5900.976545498036
11656.252560103234	2942.4835385313986	5834.916416058097
9796.34494557714	2177.3538810867126	5047.221570341833
10754.311913979374	2055.2566676626957	5240.83519582024
488.99563299393327	15144.586407274599	6361.730400119469
9126.55170812222	4226.721443949749	5547.515628047802
10448.266255629913	1073.6280018431482	6162.010820690566
9661.62565731297	4841.154003864805	4731.8616620899
2257.2163252743885	13352.765689038457	6616.409045674199
10727.462841970508	3168.463676857696	4832.02025912969
10868.17276742556	3154.676733160956	5458.147140894439
10871.808636353551	3095.6387660993123	4868.027918899588
10945.587119497493	2625.3583658811576	5029.687413279905
9302.731002885574	5385.890028344561	4984.680451682181
11940.83402388303	1368.496648059846	5741.578440520142
9263.291149887526	4538.2390286012205	4677.496703564548
10837.986923903849	4715.674462088248	4348.38788930905
10261.010183434248	3654.856843410322	5336.435494689439
10204.505535071092	3399.2473318089237	5414.168963597404
10077.57283051036	3785.731922024879	5191.78845862515
10070.395508934	4459.911343395371	5773.918633555632
11773.057417838618	2042.18235982448	4879.8259142750585
9981.708104308444	2766.7528190677863	5182.93869828241
2793.9217120092853	12302.611075987968	5334.923103124322
1500.8411928584305	12753.282789083181	6345.783289229116
10799.511065707029	2436.386894160208	5429.576814093342
6858.872554259974	7489.368993291694	5255.32751847653
11933.0672195637	2267.295871466256	5820.341728637085
11974.650217931703	1015.0765865277896	5687.31980624018
10455.546886550997	2921.050149098259	5815.122382485907
10955.542334129492	3818.1272192362508	5140.341401592499
10467.941884189377	3525.9859527581807	4905.2536950181675
11469.936875142539	3395.7399324330113	4654.066851540023
11288.83171885938	2393.907727971372	5156.39725043366
9683.403224488544	4358.7101040366415	5268.419988839644
10878.699373897389	2595.9269161068137	5280.853425620546
10014.477801825295	4109.129297289461	4471.792788916698
11552.683263910994	3084.288662927841	5281.023259930813
10968.842141852465	4670.635307044026	5006.855574859943
1943.5386529790567	12786.898570773506	6577.454222229082
9812.498493095974	3867.6716092624138	5600.103379208362
10079.20434722363	3976.588816599333	5317.145008312581
9762.029692895332	2252.3272606019664	5172.606864212153
10770.976913015946	2803.8929517111787	4001.4072922276637
10855.399240289655	2773.16618374275	5428.416707494307
10471.404795152666	3956.537111580078	5078.835446576723
10096.999512575936	3508.713531098389	5168.435473183118
11447.122960150866	3459.229410290844	4731.293275038454
11386.789310445256	1351.8990877888746	5687.446954211189
9050.918322414416	4248.828266957768	4790.320283694844
10260.38828408514	3955.889143277043	4768.826004502681
11729.18191684515	1141.0296714416993	5832.109630162161
2634.7959811728365	11746.234621677591	6641.226281877152
10701.315785918032	2772.0336557692963	4965.836466077347
10167.673013865196	3028.5342965443383	5091.265532867589
11617.998992029625	2721.7857947850143	5200.991591349666
10900.541030237064	1872.117973265584	5079.8439140230275
1635.6232776955765	12258.794339157528	6112.087593097735
9981.014618811378	3814.173476323731	5357.296595994519
10158.608780899101	4395.910411039896	4549.112710853299
10912.756844956833	2250.507675290486	5038.833132631138
8481.907638874263	2751.1961516456327	5346.619767875953
11127.933920733234	2964.989785886185	5378.129725204289
10949.179950001013	1513.0788402239616	5434.349146374119
10465.555684535675	4390.986514888927	5307.751145347434
9541.022520187527	3053.734748046496	5324.761611628275
10962.771655068174	3181.3989473858937	5433.669864373827
11618.1201707604	2313.5336478604772	4945.463402714947
10983.132875510437	1547.482489383048	4991.850232017693
9837.206289822589	4830.889410466542	5917.291018775969
9438.471272321072	2919.4294854587124	5610.582420296146
11666.5496170279	2983.257357918866	5731.2590309754205
11078.624093764614	3436.646909433714	4676.417655865413
9468.033738197691	2249.6815710917704	4973.328902462742
2524.7595936492794	13187.28090431626	7111.072540642851
9722.406160676861	3763.5739849861725	5327.701221113567
10381.589967772083	3611.1114196377634	4930.275291347443
11446.012195882575	3757.1174843140725	5011.483694340254
9305.990709462354	4602.480015271321	5183.868541390291
11510.66700121766	2963.8079242678214	5167.456319261707
11012.342590282033	3576.4731112970544	4878.7597381290925
10624.80581347383	2414.098162081761	4922.836610965115
9471.61214793567	4070.746057029258	5813.815255902161
10469.499303716984	3120.251469783632	4814.798637402936
9760.71751378911	2139.8587688419066	5544.184970075191
12101.792502488735	2063.815525099038	5122.148478139758
10581.172765842151	3859.885454027421	4891.814843092522
10472.557903941251	3398.1310501601442	5146.027503766263
8119.6298641840385	6550.691831992761	5113.90845598729
10630.042011929825	3832.7964050924907	5369.197923657947
10785.161856783194	4719.1266343517555	4854.514421937452
11537.569735286857	1862.6820320668776	5088.546135944395
11047.32645021034	2496.8384185927107	5754.74028690584
12194.790914629732	2867.8832876443585	4813.841168151466
9081.832755981013	4793.326430009187	5350.6229372479675
10707.656357738153	3833.002662406802	5157.8495408565805
11396.503098525118	3392.6942738036682	5628.024952003707
11150.044255158056	2832.693502047831	4993.473453330236
12081.793389294147	2795.5785779091552	5096.459350007462
11733.16686167741	2110.1215548342702	5371.251503335151
10819.05628290609	3511.500374367502	5417.31104014995
10249.327128687464	3504.5807933608194	4807.307339736402
11686.461107005698	1794.0886726511478	4833.069937949591
12595.31211385928	3135.2861371243357	5444.892936084492
9908.252089229063	2300.459112604422	5658.818122978473
11967.420139584648	1788.5850065393702	5053.875391531764
11853.70945975496	1922.7823365388124	4946.143855498447
10664.054888736478	3898.525381718798	5111.417570795946
10008.33084613017	3227.9473613561236	5211.33618882605
11631.359376639411	1206.6507561365615	5868.068222711301
11390.003540862259	3232.62160258422	5194.79929379662
10411.059416110184	3011.25745224876	5607.89571180864
9420.465878316532	5223.150506958919	5298.595152160829
10081.499972920094	4959.6205496685725	5081.662719472364
1653.649428394255	14280.258125130627	6189.915609250901
11629.024877393384	3066.53458920478	4688.13226728097
9027.242645207347	5272.860701770962	4508.41892079258
9842.509688128745	3927.4448746647113	5061.92649604067
10149.752231428101	4507.549489353326	4675.361978657262
9734.551266200733	4401.432480330743	5525.277727258818
8845.896902582328	3558.600147777221	5141.804749736614
11853.967176498858	3709.8131684958666	5270.690827178138
11157.084332283232	2642.466120399383	4795.067653900858
10611.592482044969	4277.067506619267	5110.234471882813
10819.002340066729	2580.6754795143097	5479.637478932518
9127.52719805769	4779.64874166087	5627.6873032383155
9136.24162541717	5611.666410665297	4468.902338387299
2532.3061599743187	12731.289670729842	6795.5574822593335
11183.697681633217	1522.6475626703902	5485.077931749831
9375.232020817893	4902.221053774071	5337.28175921632
9826.813419248803	3845.8038294625967	5060.139065306295
11165.234382606617	1692.6575850359147	5360.333433014554
9473.008416011566	3984.6103126906337	5088.723762232752
11684.863677534344	3000.5994748571093	5098.946833989496
10223.255298691776	3147.4388767137516	5354.343875961022
11638.16477319338	2992.1351398794623	5256.172306161341
10847.83920047956	3480.50049270625	5661.319088332742
11611.344761139848	1686.362944860979	5819.069209651485
11382.830965130259	3484.469578718935	4937.647173893756
10632.27345145859	2307.761339639997	5730.168910196085
1696.716737943102	12851.427492530678	7345.601622090585
10340.157899536072	3547.2968012411916	5261.0505321150895
10788.744647346733	4153.294759715553	5370.2510969917585
11461.501939692293	2378.61147848293	5351.613736449392
11788.112170480059	3757.2649932701493	5825.030948684441
10628.119160205588	2303.014791025099	5319.126369517247
10785.266265890392	2748.7325427628757	5436.611520934632
12286.555369195434	3625.845718606366	4706.741853407055
11737.171562511036	2840.512063362865	4809.096405952065
11928.956558994074	2968.231115544291	4827.396943186046
1623.134126770967	12050.364257733601	6996.120005485693
11017.694358471974	3865.3422011195603	4802.164336914791
11161.331549956765	3379.809064936134	5225.21135721178
12047.410131606439	3956.5951222633853	4640.812278052812
10429.889548192385	3605.208172257378	4718.7622530903545
10530.44689482537	1813.613468279473	5501.960290711014
10111.39394839165	1352.5261841614565	5302.237491063318
10568.318574038296	1172.4238285788686	5705.95471555689
10375.772384825408	2862.0341804752666	5405.209087656369
2269.711767714973	13557.861977412782	6668.236442892981
9358.57227027844	4200.323877576697	4920.876625756296
9996.29999603678	4281.544725487694	5350.536663193883
11675.125789097267	4758.234689013332	4287.793180559693
9503.124606592588	3989.321293150618	5241.06016864195
11671.70159567581	105.36928123516907	5719.7561780770875
11101.475336183159	4520.54231530133	5333.261892811662
10471.603953842587	3214.273842071107	5002.368486661571
10888.825782535818	1726.1670486909823	5486.591466721501
11396.143478765358	2319.705458026667	5403.371012635282
10529.300408641318	4374.394013781475	4998.36278413339
10780.28007255858	1072.1820557225922	5515.5665939776945
10350.24279774286	2165.8316690949628	4930.796434978425
11100.395717069106	2466.445819203693	4793.976818255281
10585.568426136328	4104.082004624499	5083.11456414946
10572.6301976005	4880.442191948159	5570.442073614707
11730.577280948222	3151.8842260004635	4599.872933521409
9593.44510077664	4275.878335091741	5366.821390375703
8278.69938943804	5796.095435297479	5372.789401204467
11804.164632780003	2633.1624186278223	5474.1756141233955
11051.467125937957	4362.973341534486	4533.856102772559
1308.5649824641714	12492.74800694916	5397.632152182666
11199.322989067876	3381.974439557598	5102.604594765205
9511.165711339281	3746.0516785093423	5414.8457331011405
10316.139393488626	5027.145734765526	4831.945074906035
10949.612975608388	3471.455170975023	5250.159533840035
11390.716058266185	4190.074996636048	5345.219380094773
10451.860214330933	3322.4382953477907	4637.627438645946
10775.089423280051	5481.000144515136	4867.2702783723025
12081.574697982553	1295.7923122260434	5197.056335795191
1342.6750692151816	13376.633565470145	7193.491133489636
11861.707908599434	3350.2579515103107	4482.652965875932
9224.592666327666	5151.033171966392	5394.639218792217
11693.417754750128	4233.759275384645	4617.171579336531
11579.19951402583	4142.035083390939	5464.2954260567985
10981.937109433826	3036.464602887172	4743.2326847961
9569.207192748032	4280.2063376894175	4901.638680254428
10602.1953347295	3520.130365141325	5076.007462802995
10439.496091498171	3172.989279907386	5236.184613329053
10326.104302396532	2818.504223418323	4850.577292448466
11453.554960426507	3773.5935600781527	5225.134177807926
9926.080543207367	1698.8841057148832	5530.081696944586
12017.706618525124	3046.9692097097895	4698.58502602578
12114.031087412934	2803.54579746345	5443.740406432519
12959.83409247039	2991.0673290729933	5019.839328461074
11053.446730163329	3525.161023278463	5557.287596891683
8705.029258884442	4561.945051687161	4880.577086986179
10281.070001055567	3930.2443572001234	5076.531866114683
10234.889140204823	3586.8166115205063	5197.756099108066
9906.305989585197	3625.669515445705	5068.0992129431215
1145.9935026039568	11534.997155085839	7113.240091432901
11905.12267699104	3736.9457833424517	4728.302101818325
9949.708747414876	1205.9744606849704	5564.042470186051
12031.29007562402	3244.7572294487904	5204.972424123103
10834.824803917618	3038.8189422969426	5328.602439784075
11505.275174581153	1878.8360662505113	4985.815573434338
10426.449537947077	5428.75100603062	5031.795029695818
9448.105566556927	3313.163059774295	5094.1356715918655
10281.175317711371	4833.763703192745	5624.208168146981
10303.852108715384	2906.764073660017	5487.461248540483
10890.193541193657	4232.183994545487	5188.927618476666
10155.020980976476	2701.5198494600536	4914.625395700766
11192.932867172205	1908.7912708291024	5680.512131655412
8992.565188786783	7167.044309371073	5170.706006556523
10568.310648427563	2591.9695479845495	5766.377652577755
10480.991901080097	2733.068242601801	4966.851060189935
10824.856284560516	3678.0656752325835	4604.722751984356
10763.259949339945	3723.528122051464	4919.0827641974465
11317.513929733026	1709.806939138478	5574.819262405674
10808.784737926038	3781.8722911998093	4982.213596789262
2296.6477566654785	13457.943449575469	6502.178933606699
2298.0437513964303	13622.484379279318	7725.240494356987
10856.97041276223	2207.1222146961663	5504.492898856583
12421.184856821203	2323.922597358776	4302.025982373142
10391.165194060213	4374.771288662119	5950.989544693078
9728.10398181875	4652.350608487794	4874.420849715557
9535.03089947254	2486.8409524189356	5291.215382172447
10566.53709514936	3103.1478391836613	5200.970039344503
11224.48577506843	4067.2864817754853	4854.8315074625225
12038.29602994254	3468.378928972758	5212.745154681967
10022.552835842109	4270.770853861622	5300.671712006903
11455.026938954903	2469.3825184445304	4828.820797260418
11655.688320817915	2065.4991935271905	5386.5193469008545
11673.362503674936	2611.6043675228593	5701.994812245112
8916.369717586384	4101.634411655869	5955.237899741833
11428.914590980086	3500.8234041979476	5213.434888873051
12068.20490143558	2686.466823733217	4957.4020297822135
11188.386231720799	1418.1530948486445	5931.428319673566
10014.438513758942	3082.1146364887404	4368.750186304452
11091.479866976386	3016.9407535883106	5850.354498113885
10585.05393424496	4640.724719035992	4578.120119598901
10152.969839368217	1208.4495475210488	5341.297130133023
11408.930642679657	3336.5799150733774	5333.408556887552
11019.261752219418	2584.691967240165	4730.555968699687
743.5916218896598	14333.168058686177	7150.950365915518
10357.174050137955	3381.4268386550675	4696.115842400051
9584.999513883658	2969.5918240158685	5767.802526715522
9390.242916441804	3866.322224670769	5474.6260842016045
11724.751094176127	1621.4132813876804	5007.142496206785
10754.767503662593	3030.016663298108	4971.470402079105
11691.04721240817	2655.2685455790074	4945.562689944426
11538.631580446909	3299.7793064287366	4950.0627201029665
8691.640927058887	5300.533833548926	5755.102998951008
11569.73956032891	2698.5267130923576	5383.934937909195
11366.499265528691	2044.9380158554507	5030.748775356985
10548.519573778085	2891.79834733805	4999.019695532802
10129.147924516577	2875.3609711982754	5288.7010898500885
9518.652405938676	3500.314505177992	4823.318078886629
9603.912414578828	2721.483014297976	5138.711558433311
10658.31805185806	2569.008050412421	5355.166460748418
8828.393126627765	2411.150242685032	5625.391252795208
12050.643858706582	3037.0249211076393	5789.085889332996
9996.174415066549	2261.6212463997645	5204.307113964348
11201.337231256588	2338.4572938079627	5333.189687977017
8306.572387514945	2724.726216772344	5479.845522481648
11202.219205625945	2819.494397269544	5363.7209701016445
11044.372750987335	4991.627053307684	5554.765266574414
10295.596992644543	3572.9155415792343	5593.271447150297
9722.419318080369	4425.752023374468	4982.100059658378
11459.5072758419	3359.2728200538836	5774.662440299065
9619.440991125835	4088.833606811468	5279.625913352233
10114.393559530643	3277.7674207011873	5044.1285522450125
11381.777850640543	3819.768561672735	4926.613656531587
8906.624770645176	2894.04857796253	5067.109907019675
10454.017825018862	2480.6886388812604	5610.44163906477
10106.515382334972	4634.2835122060615	5538.966702580601
9328.311988067862	5854.992868146735	4262.450359882075
11902.905913034427	4008.3451271589497	4969.463596591085
10334.643971874164	3274.0105541893645	5416.275888679472
9520.504777221844	4252.180439393317	5583.477618144999
12685.82220387176	1469.5974219542697	5228.2176378272825
10820.014724153598	2759.296108023868	4737.397606782647
9796.968600128655	3091.567819096751	5106.591773160799
8741.802517860962	3666.4372876015195	4902.175025888153
10615.551576650838	3525.667797638059	5171.235180696361
7956.738962122848	3944.0393808172944	4733.332173156462
10025.227748301908	3986.971595761409	4725.586220456446
10123.94840113825	4421.931605141424	5104.328874683057
11223.033600880817	3288.6411640199954	5199.755618977415
9208.54496577743	4477.990425286995	4799.712224227362
9449.463014354666	2659.5210193164753	5482.447031218232
12032.183514538052	3520.182478923986	5443.103839894876
11067.297639256218	1553.1332331234291	5049.274954084199
10102.787861972352	2783.9029538995032	4786.132260360077
10986.589337450181	3284.3619238453207	4983.234865746196
9572.228627625898	3671.1664515177895	5262.767733289441
10291.50783686571	3119.419303171119	5055.064504518879
10682.096223605226	2469.8167353475246	5253.051262360158
10087.834947476716	3230.8523812291232	5030.0754061651605
11047.019475281873	3173.3986374640294	4199.050777182863
11274.185940475527	2334.425553406605	5432.255283584679
9627.448970850646	291.59261103941054	5159.028778467778
10515.704176256657	3278.130035903833	4851.2217584812015
10272.761768839278	3760.6100201398513	5328.5044341311495
9145.395000222261	3274.6918067078727	4649.870888144361
11357.643363881622	2049.529612115342	5269.5488435588695
10278.512881192668	3123.8008211112547	4564.40974561654
10908.359863457621	4204.124446730284	5002.102460276745
10567.85558079013	4909.709522253037	4591.164687686852
11030.396900677753	4741.874564886212	5106.059191904941
9795.451935153951	1778.8574195336396	5854.305221011832
11765.877933248512	3896.5925568605817	4981.215942386971
10711.344737758702	4240.352205425726	5045.503886737558
9301.405893941841	3862.577020062287	4790.497254963736
11190.399880720652	3862.726932161475	5222.413876881725
10792.266929512281	4511.7233829809875	5088.3077956190355
11271.206542687252	3196.7292722561115	4960.459853885845
9638.159546377681	3411.49795281122	5384.863868858548
11297.043643831548	3771.398299549491	5791.123873773847
8899.379029902704	3415.0645282412656	5183.204115569877
9996.047141087363	4350.197836893858	5050.715127232424
11334.614486226474	2546.6864285786914	4631.928804201522
10372.857566954443	1815.6262569134344	4282.011647593398
10131.233058978281	3088.6203139390655	5517.263975488201
11159.791354325589	1982.6964369760833	4860.203466878065
11155.922580880326	2272.2533948904775	5302.50523496258
10240.533488645757	3556.6306837993698	5330.793493032462
10418.011582772282	2212.8387673222574	5275.789225999651
11454.025317118096	1787.6606910167623	5515.313798233046
9989.97148735566	3815.5155911627016	5549.834110142566
10136.724777083527	5454.735114728127	5175.635131953915
12863.342399783594	3751.9940847588296	5561.858445094939
9640.86173628239	5491.898171322254	4992.757862453463
11300.166474087098	3901.5316461073057	4798.057484172861
10550.951725117144	3964.522762042239	5652.983796617924
10130.453582313097	3256.1618553301937	4971.162999837524
10702.057945645505	3148.8403266997343	5495.534787920486
8962.015358657281	4115.619529322299	5200.65880300696
9788.102613656954	2020.3604846813496	4712.00540316246
12224.116053663653	2439.328822285183	5457.80622335623
9823.77005214562	3701.3182739016984	6143.5258661416165
11399.323607294175	4200.563210928101	5464.093337769109
11172.994365830806	2869.0679419877038	5665.687724656121
11770.971021781192	1954.9861532284142	5245.099282834276
10397.556400172482	4632.670570380138	5582.297197867325
11516.456638332338	2641.2282046978253	5327.0728160097915
10093.456045481455	1872.5195817851627	5561.037981294929
11649.43319091139	2033.1464809344175	4592.431917268294
9996.23572492519	2434.8378228556116	5550.71495376616
10267.364935795908	2243.8410231551825	5150.067798509441
11121.697898251075	3375.274451975662	5253.561063037358
10484.047566181933	3773.015319168624	5207.404274300512
8253.32134445318	5031.15364561724	5310.3334809552225
10147.14377168055	2498.506738563818	5209.284650503067
11258.407253478503	2034.6685016512577	5450.642987715677
10920.440646604213	2408.3072675206445	5591.742340166646
10937.050013117241	2697.390754621463	5224.7863830349215
2869.322517423288	12455.42033966823	7248.7090759597495
11016.156571666219	3264.5290795499473	5046.7985971116605
2676.9693744014994	13503.479264718575	6805.0357805123795
11066.031131041409	3720.7962586300628	5214.680206726849
10271.274393531623	3665.980805366373	5281.289311051811
9742.881420005697	3149.0975854748385	4942.0859359245605
11398.208363259739	3510.3389029482673	5494.661260725226
12304.767990837252	4007.162999242977	5091.015041207899
9939.733776497374	1130.1250842239929	4870.629087642382
10508.677180087658	4107.8629034066935	4864.451326343048
11292.289470090522	2818.6690479310387	5304.339173003363
10645.901496805332	3156.5183324415384	4914.228207280541
12160.156811474237	2029.6280734813142	5621.710286797381
10110.699802137093	4636.601671365998	4963.6880845997275
9894.572771327972	3778.4861429709126	4812.247168615076
11079.367960784084	1336.824118879966	4455.214928534585
11706.030458141302	1455.7464554861917	5824.450216514207
10536.071539800205	2866.7667388677955	4779.4374696528575
10449.69189643829	4711.992739077744	5565.59641123613
10011.169531439145	2344.0433961742606	5364.9805570051585
11342.267669056271	3905.1564975160272	5240.732817984402
10523.20810523088	3280.291474307273	6082.466927464919
11344.643216238823	4455.960694797751	5109.713861670694
11845.41204961905	3497.6663214007604	5053.252395396061
11234.306958939347	3998.202440055794	5527.1217526440905
12184.054706955443	2023.1947545946048	5072.881893090027
7314.908337786399	4383.109759618604	4916.808935487975
11995.309269460275	2027.5422528760607	5312.574573619952
10319.235015913777	3605.2892212276133	5377.392024052509
11102.815156744471	3095.733815732471	5618.584081287006
10249.030587167605	3919.4619874221607	4603.416673823444
9864.273989289124	5246.418652417715	4760.570706846283
8630.814380535909	4043.731361450737	5426.897213491992
11220.090231156204	3625.5570747820325	5018.4929126938805
10608.470404022937	2892.5894017838286	5688.3878340733
8883.422868163974	3658.7610253840385	4994.572666870841
10815.226203977927	3151.226016407159	5632.094678414009
9974.102843141289	3653.983074229107	5011.027369269826
11928.963795470097	2828.2147353123755	5520.887160479145
11689.071143191417	3339.958724434625	5079.220112870821
10861.580661185877	3823.755948504742	5643.286022151759
11252.390247479254	5517.0040799348935	5083.58724287239
10267.283211063548	1746.6884787589236	5749.157232104805
10068.360391312695	3203.087141204693	4823.079116059509
11247.356971953528	2934.282827683738	4662.980662539499
11062.23332659048	2168.30975300508	5775.849741886428
10216.57597617171	1429.0395128553544	5673.392757339181
6395.198365890643	7025.140666386741	5046.719672949838
9366.607882820592	3466.8863488831557	5482.148837480216
11022.281613298703	3879.182412316963	4674.906669474824
12107.756479589365	3438.329628191907	4801.025958235089
11569.753894016863	1925.4662795195968	5107.571105873389
7913.606030379393	4818.48868244221	5391.745492401663
9443.300118784618	3438.7273419639746	4795.610646753089
11257.871359314453	4165.585787712692	5293.724786123765
9296.7769322591	3024.577988343966	4585.9608502174115
1817.6076572650977	13918.110181093092	6781.205150132164
10691.06143337123	3447.0306500777174	5094.900197946342
10481.303013430392	2413.3419144393056	5458.700085689172
9731.726348608669	4111.305324170184	5564.654449828106
10019.258388260949	4280.639392458138	4650.258524116155
9995.063092443579	401.8568533591625	5282.164962639704
11259.840549049793	1891.5269694553626	4952.587623727699
10367.367357457411	2460.2840601526573	5205.125015942991
3233.145533634709	11969.079092072914	6890.154781741555
12385.153238248124	3179.3250839598013	5704.547283664381
10272.03875892044	2941.1513481373186	5823.323366745588
11041.833612608189	2845.9296969209026	5620.381863382715
9925.370934399023	3246.4453241912806	4853.069432293845
9650.606037684795	4297.215850829623	5207.813160136437
9828.772157195399	3710.7967607025876	5142.820852155008
10750.355695242804	4209.977799824149	5609.8813216630315
11748.809118875883	1939.1940717446198	5343.221765170628
11219.136707929894	4239.001641252809	4895.711617548473
9076.935027299658	2585.543236844709	5186.590066663273
10973.764148604245	3333.0825312658512	5036.7640310727575
11341.333060974412	3332.237000719303	5208.043781853612
10893.598685848963	1722.980046058094	5746.750939555996
11842.431076600302	2319.5042052964627	5317.647981368689
10230.589003688703	2839.565924568027	5607.357765784164
11662.687089299221	2969.2222308971845	4798.342364934134
9034.520827762351	3074.9600791600283	5698.512813664446
11612.41116722366	1726.3437256792745	5043.319862651251
10817.561473800115	1303.1512084939363	5192.8217645765135
10258.011396691532	4473.364310544469	4969.527963363923
11027.176075133655	3642.629869499042	5471.461463174795
10903.3546266817	2651.3865895439417	4853.3624935547905
10205.1759424089	3364.7751753917464	5745.738406393316
10564.391699775115	2825.5870035797507	5524.5690077740965
9896.49111138378	3246.5328450929806	5287.807337707236
11216.897916845295	4543.865772686261	5307.033309687286
10580.908356932927	3562.026848652483	5853.815954145278
10144.099400466877	4273.9270669030075	4949.04932558745
8348.846037220988	3847.068188846932	4729.2896463969755
11058.268812889175	3750.9877611393945	4824.849691798754
9442.005456666295	1468.1466399591657	5000.874661974091
11874.605804688954	3095.8947584525554	5032.344319839821
12296.27148563567	1230.346288491357	4833.234771036227
10719.007374487572	1951.1197438506817	5421.731331143198
10267.0729674588	2931.2864129999475	5157.638008199899
11283.977137307998	3021.594380069545	4653.871263641171
3139.6781030590178	13849.985949889511	6439.801118835243
11211.293234787658	3046.462733982392	4959.165031511126
11553.655475882662	1815.4312999950887	5188.633659603477
11794.03988791835	1010.5074465829786	5599.3960750047745
11179.456020275304	2360.003369952059	5707.434108105507
10670.313883214987	3719.2841931562743	4779.638765558401
10810.391768602785	4842.894904165374	5298.754151487459
10866.16296747288	4359.014896163694	5108.653976473748
11343.831095381029	2776.0209233338455	5237.797462920626
11185.95330922093	2822.611151593052	5525.6368245730155
9915.899683880674	2557.48687072883	5610.197081350293
9612.620462499961	3622.5136480373094	5348.734259930031
1797.716291914376	12391.123562660772	7104.0130865582705
8023.8666005480745	5404.53447348544	5653.937111137045
10973.450444307835	3491.260856564393	4952.412627638556
11992.80481782786	3247.415061079238	5061.344621965004
11447.345613153799	2274.567132059222	5654.044986218487
10619.40716293489	1465.520217032004	4897.835994215006
11282.722228566343	4287.296000588758	4797.6086952795995
11713.441193785477	1834.3644833097612	5236.1198069590355
8941.62518274913	3380.574926069324	5191.297368566785
11741.26358591131	2266.745288578181	5811.828819155364
12063.698750611056	2755.0644874249606	4839.889487269986
10828.681536391588	3336.907734745633	5248.990085740009
10897.437068869118	3708.6694942130607	5329.863466947191
6587.1211025421035	7485.759276918977	5532.276181952726
12444.486351538793	2802.1053849420546	4958.305073654584
10345.790760488162	3302.367722249312	4874.860020936344
9977.299761839846	3517.6556691487845	5014.213533775513
9700.493186493428	4360.613587682054	4473.755135965744
10060.002559100747	3349.4522982766894	5234.671900708205
11409.005850943859	2097.289319424964	5369.699740064664
10118.457092992146	3342.9646915501876	4944.447601233196
11612.57715851049	2833.3068258953394	4251.6174012698375
10536.295044643484	2899.4731518411804	5725.914173963923
6355.219407013786	8339.388970259255	5040.206522740864
13184.145506165883	4026.7997393028595	5009.694574928023
10673.736764581932	2801.137244664074	5293.729274140157
9601.176571835049	4093.9269665937863	5347.972442929742
9978.688693083112	4592.509151063481	5181.884446500678
11844.456314953308	1285.3912524220805	4915.01000286736
9618.606587896615	4407.092519683164	5261.101918969968
10489.225973972416	4801.151183873811	5523.881654722304
10799.969008714537	1372.9527348403374	5457.325692260762
11199.87667745499	3173.4757154780214	5070.004239774507
10977.810703102881	2166.527947704082	4969.72971112872
2704.366596197139	12070.08708338139	7273.513287135715
10111.428267750322	5734.77538879843	5354.0192218514885
11871.394444591311	2352.91677449222	5200.018699330741
9184.183850929721	3363.6790288350235	5347.449373205948
9640.257266166129	2264.7729418464487	5112.594211839376
10850.205221312212	3228.55215008986	5444.217664758812
10357.83030224548	2358.9989768750593	5346.721498121845
12255.32538273421	1850.2551290875508	5331.447653790297
9949.635327775522	3684.9199437919237	5107.760316012231
11431.108889943842	2397.461735878456	5243.433444428673
10756.990260982611	1744.6748355092013	4718.508897316092
12578.971521946212	2778.673546929495	4766.771020547417
10226.877863359305	4126.187299391808	5196.974564681043
11044.303809533789	1477.202381458924	5474.067216692277
10440.384811313852	3141.3830957956643	5390.929238320042
11197.641750740533	2647.130159574459	5260.186924700613
3552.5445872731084	13645.56496098883	6051.189017080172
8754.824932472586	3324.478322256656	5460.82981479462
10419.171607534452	4284.351391003967	5382.931350468855
11370.3127407646	2562.0962363389726	5654.3970823662285
10568.256234199243	3577.453072650942	4861.11521358266
9972.116663040099	4752.866429005764	4832.5924414269875
10400.594537342278	3784.635488700433	4521.849006592439
11279.867383578507	2937.0582213999833	4736.088392005153
11704.586175324235	2275.003342413336	4889.928394956156
11351.8894050799	4016.4766942322153	5513.682531193091
9898.499390707153	3464.7927904027874	5246.141331659446
8585.394201402529	4685.17103925577	5403.890910978437
10281.822840513314	3068.567248139622	5817.818779308883
10740.7617917692	3695.4336099461266	4874.74039282089
10712.291663601114	2813.8009064813305	5333.129791535391
11024.888004477636	2558.639986053534	5569.391513702097
11065.17959800856	267.61304094088695	5851.950636364875
11628.864628200288	3355.388545288273	4826.306497002225
11180.513146254929	2199.109034274062	5689.301847595348
12663.040673051126	2392.125939892194	5268.766736099629
11258.788698457354	3036.1114017679924	4945.8531930231175
10501.479307071895	3537.8121918972392	5633.067940706463
1728.7126295065607	14045.792030467526	6783.624804879163
10691.205777131507	2813.9410516314983	4703.754424486925
9741.112167000128	4741.217723752724	4402.822724266051
11604.709930164436	1977.64625896468	5411.960530310613
10223.042032499068	2439.197543028226	4344.009087185835
10749.320427862125	2412.5545970729827	4852.23506795169
10915.142448369914	3202.2177889937243	5078.13321087478
10281.13705387576	3413.8642490660404	4873.930073849389
10882.92217006007	2960.611690985893	5091.060832615498
11596.386222244531	3904.0240792487725	5025.633552723705
2089.4356033673757	13455.581544344597	6847.760359249452
10939.689368223528	3566.148695056226	4996.823626173472
10544.29864715883	2475.3745254643527	5420.371170985475
11889.219034488133	2666.0283986678023	4601.402394363319
10614.8292079446	3666.441852245514	4413.180409018592
10851.575186651828	4129.999967739698	4871.937943319373
10589.034572203955	3740.312741651127	4844.047819510539
12660.367600061125	2917.58026509541	4595.448705213201
1597.1975710358017	13489.960564760422	6063.359695601032
8785.93514762883	5102.564406817273	5351.841848003214
10259.626535464353	2438.112093141814	5458.0734602294215
10638.128701586	2208.282391648031	4671.035277657445
10645.892396724916	4390.8377342666745	4650.539914937547
10909.515947548818	2354.6850731419263	5655.3131878135655
9202.751960693735	4938.190169555768	4563.194354242433
11564.579941191316	4104.675574595844	5074.9763733181335
10234.475332173031	4725.4880589943	5537.493078110476
10086.451541497974	2138.7139806962837	6020.077613777167
10593.428948394456	2611.4340431363125	5346.862284464036
10027.818444995799	2615.5624973527747	5020.268852232318
10610.134958102428	3052.88962089771	4952.905551334082
10336.170364778669	4624.0840263571645	5128.563318134613
9745.310683637785	3939.126047409242	5525.529943230968
11990.83723829317	3208.721517832902	4711.569283934523
9900.19821885178	4184.221405028684	5513.716178176781
3363.8913989464695	12564.739984767191	6672.461901845896
10465.765317647434	3812.67004656333	5575.1252602144505
10643.825335669186	3396.585551433124	5162.265596300669
