1274.0724258317805	21032.039226530287	9036.275949997442
17.314372042990048	21094.089600246418	9084.687891200669
-358.20334564399445	21348.7452640087	8907.759486232082
1496.4861338542892	21037.670333173868	9321.836099430378
1890.8281803746588	19893.668340038974	8894.217636375719
495.93125552273364	20781.182464318947	9294.883223353072
1824.1868438640267	18320.9281350731	8943.743804719576
1121.0151636788812	20646.21097957096	8993.034677512314
1577.2402093346564	20726.258328931726	8408.108241884938
1368.1803768208135	20714.77985154445	8904.634704697282
1472.968903109609	19811.928383625298	9095.447858328618
1404.7027653021726	19230.230610022198	8495.312274511147
1601.525343274985	20233.99129132696	8981.014211859421
1798.2172099205777	21232.283465119282	8316.580979260612
1236.7677836801734	20845.688020067864	9186.45334957524
1066.183652002821	21570.871700846525	8658.043719068184
56.68103681008913	21005.09248708046	8707.111011615103
315.87861763815687	21011.595323994778	9086.941365407667
1298.9726137849382	23273.15819114962	8813.859417720312
1004.0178399757629	19897.664264386574	8531.001317762335
-237.66689342562066	21463.7385418539	9130.880218412212
2056.666023120761	21213.782325020158	9119.230840615777
1353.6863582137162	21114.101614715724	8613.506655067458
789.5691318366385	19052.48340572388	8868.83727928402
456.00042498020196	21939.29076803041	8444.629748462838
33.39107559559993	21072.504521242136	8424.848675577487
1971.092997254747	22327.303765364857	8737.165901553437
1084.3605822284499	21395.37957300908	9471.205856331557
2275.6803087501034	20645.25647492812	8864.949936898893
-346.3346046703824	22439.593274048686	8618.062802024797
1518.91445546321	20125.10973761986	8812.412953574969
1662.7428551085281	19954.072673560237	8444.465779582426
1663.4975673973502	22195.67203815293	8647.842643008367
1375.1172961551715	20519.66631610508	8966.719473070767
1135.8682112164224	22789.943412373366	8870.634289489717
548.8643829844133	19930.676626223158	8949.074013129743
1295.347062654231	21139.53552486451	8957.803183280519
2363.2130920833465	20285.80106798199	8841.890200880534
1620.8963364897818	20224.32850310494	9108.180028739936
2175.027982934635	21103.6852011593	8708.43856676692
2153.518261615072	20575.81311747818	8580.005503322609
1154.7766984507507	18890.135849592705	9053.313177188451
174.78168916383424	19493.214648354868	8933.036846268918
766.8708940206916	20517.94629232236	8586.724282497851
1494.8412955936385	20042.832762681235	8533.933485485062
971.7195790489229	21238.298390949094	8634.429429529751
494.55369860181617	20813.613982986237	9157.080796795932
606.2166069188233	21660.91604473378	8027.983492062552
1054.7384418516756	21395.830867415978	8841.079348500114
727.0865300068884	20366.240015730047	9282.077483018138
481.29196979129625	21090.98309080102	8698.916895785516
515.5998252530003	20242.40996225746	8768.58952723624
1542.2222721574085	19693.51292487977	8376.870520734443
-109.77075844666102	20019.71632634297	7941.526412072848
1552.2173164928524	21273.52890279755	8430.70493950214
2461.508093411343	20871.852979195384	8371.288851543344
2326.3068512486675	20527.081867829373	8345.14833536593
1058.6975212822763	20697.288578229534	8704.526870168316
1184.8196522908693	21444.850451645434	8693.784026504878
1383.1997321051424	20252.862160114957	9033.730974409993
1367.2457902731	21593.741202509053	8943.105095288325
1175.481408022818	22624.647926113492	8361.024986503176
1279.0397977611308	21999.953519895982	8999.592003394568
1148.7643995158226	20175.179838382082	9045.845627304925
398.04667868531243	22397.728693558445	8788.19627695961
1085.7412943199186	21310.89503324653	8388.917036126002
611.8022296839861	20279.081209801938	9125.376914653982
378.9364189559803	19185.98972350035	8781.052817345566
1611.5900472847584	19880.688674776102	8456.33014991443
1040.8379363529598	19361.992011016515	8312.559522875536
654.0524550824139	22398.663060353472	8826.682656262945
1229.7177870723303	20536.60470940656	9581.416009731754
2206.7921393243123	20123.43832966841	9092.820877591956
222.7938743761976	20792.191818079587	9176.228277918515
1309.666863645577	21414.270893260044	8794.17565285001
1187.6804097107372	21570.228528686697	8808.745528009946
1824.431923408369	20426.865702439347	8628.3763210057
1489.4263040340145	19156.168567731267	8398.633558396139
736.1796904659368	21332.560718105753	8898.246220668714
1257.3721405654205	20369.48589305849	9039.876495398012
1437.521310430845	21142.312885700005	8825.179493908345
1386.5051387237934	18838.182789018698	9158.80233453641
1135.4358640503035	21228.33304300536	9214.898028226486
1608.581179304063	19673.038941158808	8880.192190461035
1184.3700250197542	21890.79684785335	9424.13415354118
2387.642158264853	21572.59786413624	8423.618631693735
1784.365088204221	20138.895914021883	8746.33735853325
1408.9807196517636	21252.780078353393	8719.059848479748
316.75606792477066	21331.859859265845	8796.80818758136
989.0449448975924	20939.934276131833	8802.341129690192
1762.4145676284757	20772.80205454362	8809.627969498066
1282.0564963700926	22744.225184833173	8771.241043125056
566.0120180144743	19645.909856524584	8956.214445870219
887.1247483390297	21155.62404494231	8698.049540445973
806.4854843533421	19691.874765414417	9054.717770198262
526.0493639684945	21182.285416684288	8643.500747198459
-591.5364551281451	20952.26300866431	9058.444510348005
835.4098463319866	22556.298689892825	8676.23698996124
661.5163123056011	22465.8199170768	8744.299195550724
1176.9095395293039	18528.76782264849	9291.42884819456
1082.8198215010927	20578.319157155143	8278.72657241963
236.14897146830123	21004.7975615271	8884.87067028539
66.81952042522704	21452.85650634416	8615.701353458579
1236.0288460682502	20954.09602069689	8523.967647081061
305.0507807028094	19616.34308277031	9261.468978130448
2379.1474361999594	21333.05297489641	8763.13313838541
337.11948579917987	19158.287881869805	9088.611731947714
1302.055945266304	19577.258725395157	8590.073009094025
1006.3254036240525	20112.376522285216	8850.28786514739
1593.3919934182409	21082.49128320667	8908.936943821884
882.5530929333946	19986.262795040777	8740.861190661666
620.1922046119421	20609.05540611242	8555.408111701805
689.4454454074126	18875.995736846005	9283.269594241809
1605.7549179020757	22383.532617467987	8522.218499369641
2426.4772308563706	20089.527651885368	8832.678392916137
689.4943877568895	22643.936229770992	8299.45729837949
1392.8026753007484	20091.482550486337	8560.034646933764
1305.6810444985056	19565.163483905184	8635.829344678066
557.5916025246826	21561.091414562077	9005.226795096007
1332.6481965520247	20091.05392855957	8846.02282622536
61.717416366912516	21646.179072801893	8634.343575595205
1859.3366070388618	21268.87933720206	8821.962121331164
909.776202366286	22055.111700485075	9204.071102728863
957.6124008272249	20306.66371075903	8700.262554257155
96.57231026007582	21148.329982509345	9369.677408608604
-118.79563643386555	21876.567703547953	9098.165927700094
880.696099288896	21118.55371955203	8504.866528380271
607.1540092272005	19684.512702153934	8368.074239537702
795.1278143544201	18945.569698663814	8791.35008558027
1270.300514152262	18958.835358220364	8626.856717850329
1493.4228694453247	20458.868571806506	8702.281312993771
854.7077049525047	21410.286050003106	8953.381766170367
441.4068462401729	22378.560114258657	8477.300550787419
635.2730998710248	19148.96714770228	8773.552726889126
769.1581111423976	20960.74760239087	8950.23685098777
-375.4213355769203	22881.883635403497	8794.961989067593
312.40335450647206	18919.779988611706	8786.791332707886
1073.848593269912	21074.69340883079	8691.20120889394
2468.7953049106213	22090.92462285765	9088.862779444498
1534.3395117556508	18584.472472459383	8824.313203649852
370.7546589281762	20387.342407857905	9140.004873389937
530.1726278510898	21507.74052082524	9059.768862497038
1154.9568422907134	19402.78092266856	8410.95752972307
1252.8972995921838	22308.15693469453	9359.16809384147
133.45456796644473	20903.789906081678	9202.382471769939
1416.8343106220698	20644.34492143001	8748.903721160716
341.1986511866121	19027.130479402884	8993.412810972717
1995.0840776542998	19285.19670616894	8739.803037610473
1340.5436678133015	19452.511319921436	8776.471763885922
1209.005883094696	20283.146356843805	8727.01910312291
368.95786383690324	20137.56003743483	8871.65687595919
1422.5246258403024	21494.19873833385	9143.183016305717
297.4157588529213	19686.9450446829	8650.97020929778
1346.677116366031	21200.25149077172	8595.213701618655
2254.107499745949	21895.444201892173	8532.976976164282
69.6586545734063	20380.264731086	8712.18955334784
877.951629421363	19220.199072466567	8604.559686727896
933.9711444806287	21679.59212142385	8698.438916546558
1831.6740608976406	19775.579683263	8736.709139939838
1811.7432877923395	20446.223820953786	8988.771675504566
1597.1009850177306	20180.18203345711	9151.45349807742
728.5577088104	21612.691270116517	8922.667928410357
1077.9354924497106	18877.263592850715	8892.099429598506
2279.700520532034	20979.59914451787	8172.5763640211735
221.82565721168294	20612.132493587313	8904.861423213
1097.8762535818687	19120.000130633045	9058.04676848717
2885.7313636199165	23425.425643602543	9617.072862862315
1703.0223433428368	20584.68244721378	8498.062544016579
1330.157765212617	22159.180097691875	9269.50707347613
2515.0271615062857	20447.912810150166	9106.74654395072
961.9089448026563	20570.145261655034	9123.196120470377
848.0846464902855	20963.537634693286	8433.97236264716
2214.3899671600984	18877.79274885882	8835.92673074552
1029.8111440994996	21667.946067151242	8297.989217934424
-579.0053315525687	21212.542887186173	8567.243416319634
2129.420262236431	20496.090370530063	8891.706368948897
2209.753660687448	20730.57291541657	8961.32172625952
1217.0917674713799	20829.240314214236	8442.330727766579
1210.092760542858	19320.022543308645	8381.148016788393
1633.222617009467	18523.696631172163	9573.932612308858
426.6241823930298	20798.26625122802	8966.898353182632
-152.5866186772265	19815.774587696233	8559.654701344652
651.6968774386471	21031.171127259397	8918.549414872972
211.95414727083485	20917.38595551704	8545.849134537417
589.301760692676	22795.498504481035	9035.599374968402
-166.2141165105159	22651.938222436405	8546.49003827536
411.1715750175655	20180.235969848705	9111.908753108011
2153.619384415502	20565.981162438606	8684.307458269615
1408.1786476941456	21053.46376519464	9052.873037397125
2107.80470413824	21365.670937420065	8759.266190773622
2056.004685606123	19250.148347320617	8792.196681117264
1066.651571440758	20553.97167398567	8474.546817320632
2145.830819057954	21246.551135537546	8839.03006221371
1190.8206734217256	19042.973075134152	9257.552177997977
740.3687433872186	19123.608788418765	8562.489761324152
1671.2741625286299	19456.725832062013	9121.521975837395
-426.5185616558921	21897.294144509484	8547.590417213321
354.8098736855197	20750.81249911887	8660.614918304964
79.04988215741395	22605.166906796574	8791.803510751715
1319.336798972423	19537.323348318558	9166.454114395363
1051.2146594350495	21427.47297801778	8745.722330760658
1752.470990514096	21116.23719089761	8832.38594345597
1502.9433348230698	20816.9177860468	8857.958764363704
130.0343471675842	22104.71365806203	8878.353672236359
1260.9205297108297	20850.538345820893	8116.842551287513
840.5833222439064	20650.846383471882	9253.617559939074
643.2040604487316	19490.425236636805	8903.978516674619
1986.701874346514	20738.936887958087	8937.81560543949
1329.2412607229962	21323.54795055305	8870.801646494983
1104.617185542279	19056.779903747367	8854.349659867547
1407.035069695608	20732.015807125586	9051.648481702152
1288.5370461618131	20808.85813684897	8955.322542585733
539.669754500422	20774.8874725976	8831.32775242856
674.4529468814301	19743.123598958748	9041.668951051593
1392.14426679898	20518.661759498584	8840.794205149392
917.5736974707638	20727.920873490606	8798.29356611942
1416.1455928497294	20392.119429746945	9138.136460359347
898.7622760109427	20378.172205201936	8843.134725379603
160.8147324576458	23167.982869182375	8821.906620180622
1331.1907618228354	21713.785801844686	9112.259627612611
1072.1154405543234	21126.19328946668	8966.566200214598
1689.0942541818658	20781.07740454703	8402.517363787501
254.92455532072228	20402.80568283545	9148.18856369899
860.5873829199784	22408.433011322624	9081.754135970063
2925.421412286137	19724.24160650636	9307.332081152364
984.6842023390008	18912.25727236541	9044.252967571201
1662.0243775590252	20086.509952979024	8915.7640040982
1569.3569228020424	20209.93592700002	8215.014819264452
1339.5597091841412	21086.824314822894	8558.093098862395
1349.0611534813024	19592.03500537391	9393.989751433828
597.1881786605253	19897.16842158418	8271.038599777725
785.1306617199929	19096.65065954508	9267.77504034467
1146.5767735734912	20338.717879514326	8384.763953119857
932.3168430951549	20115.951677799807	8647.655472213628
1446.59975722496	18754.975985369	9247.716078148442
2164.393800686529	20983.234823051553	8789.063957316583
1315.7511326859742	21365.58875705222	8819.530408883635
395.4902284302183	21161.991462031434	8818.808113074147
2036.148387943936	22349.85350370969	8689.708729800617
453.7299837914482	20134.396408538993	9168.472297672848
818.255557357679	22422.578350124222	8893.589812080414
1763.3464919187657	20010.587117040388	8311.950123801062
429.03181517201415	20482.40845945727	8909.455365328846
1114.157336662324	19674.10725367739	7964.233219654387
-248.5383719519387	21404.571846652816	9294.846793337525
1617.9371385038555	20647.621459904025	9131.790383068212
796.3236297095091	20821.638002532138	8245.608180871572
1366.1037777793238	20959.188675916008	8757.432530231321
-189.346756302938	22645.490677542544	8526.776344971922
2431.515352455386	21104.349488964974	8702.119586345789
2720.4970324040587	21623.409779867412	8721.95752643517
1785.9456566626268	23110.214678583518	8656.136540930767
856.8814307044456	22166.579378734506	8471.725681456463
1001.9260574186131	20801.413013698882	8686.904894801602
703.2105139281593	19799.61430785765	8560.504110988997
731.9225467771188	22888.47873805809	8686.747045192076
975.9057281106353	20967.20930635634	8066.856180134225
1783.544567223944	21120.665505049375	8818.023125234311
1007.0435894036402	19733.842330125153	8479.35016639003
1132.5878549317845	18509.022447316733	9052.076536115545
1248.0910143047208	20658.729979711152	9117.395639221655
739.5082648104865	20448.623933951134	8812.20043959786
-82.84786204614443	18766.3196792059	8741.178540180343
659.0339016766133	22485.5191793209	8855.53261699754
864.6309625273519	19709.642512001166	9153.25317895308
-214.0455598048799	21152.73363928598	8352.880770048709
883.5358294131788	21690.13542657122	9070.911801967988
1073.616125080995	20121.47195562099	9256.562135983168
-764.4633643690213	21426.89444019948	8514.67354845121
875.0316712921734	23045.517975730432	9007.211428552375
962.2150690261758	20695.019840301447	9333.764760626493
654.4919192011321	19896.597010175472	9031.444562379102
1807.32468552291	17311.405866757636	9271.45056679634
592.6471280345747	20508.7422963201	8685.559638171379
653.5588080355594	20586.212995605623	8527.270255623796
1612.2079471229963	20176.900337679766	8628.45428417063
955.9253529208072	20732.644122542155	8491.61559041995
320.2187742116996	19560.6184009134	8888.630353859047
2133.2089615384725	20688.85661485395	8915.844008870628
1410.2860451107092	19974.416014573668	8894.372556631537
677.2453053874779	20351.48017209545	8211.803220553551
36.75198748886655	20939.539835641448	8557.700598682699
465.9719733788729	22277.344186014405	9561.840129306367
1895.3576502872675	20341.725118111615	8991.403768383332
1572.8658198770959	20572.169747968856	8419.801660962014
1093.8394493063158	20175.3669711704	8627.248068135985
-322.4113662009945	20671.65937986412	8312.21434490026
1750.8399633295473	21578.704805465633	8615.894022682465
742.316638408025	20340.745111721742	8578.967031670076
892.1680035310629	21056.17424831084	9244.150368291925
924.7507309408467	20768.216342775377	8788.33339410288
1279.9299564486942	21841.612960914823	8538.533289274288
607.9656148303025	21190.431784351484	9025.745439463743
514.1698442551648	21708.972733779643	8472.978122115146
994.9740775160975	20733.159452596192	8799.88751139005
-154.69331103639567	21524.78691064172	8715.04997320519
1911.965479823404	19510.922692135726	8791.303088067709
1050.442551615484	18759.55557021126	9294.082544814106
1091.3095883031558	20286.782519554654	8668.257012225324
363.7325740915972	20657.267432491495	8857.052159966071
820.8299557583575	19992.192054939307	8666.577908029547
655.140580911338	21317.8181223906	8404.166768919398
51.067628646654974	23905.47259559234	8957.478360172627
721.9953911841169	19686.72124543391	9142.69511743019
1182.7015948477947	20168.73623809104	8543.878368260726
471.4961635584655	21651.68201314935	8994.83421866144
1306.1967955279276	20201.917678001115	9259.140227792088
-182.21487576283303	21045.416421111735	9116.963454865503
911.550605404601	20408.342082789757	9113.422874173642
-183.80458640676443	21641.837285985916	8253.849256268877
2019.8539647696184	19893.269589935793	8897.896593001276
1998.3113153802615	22052.378858940698	8502.13362962087
469.57617152707644	21254.264845783116	9128.573384611229
2167.43688799801	20285.573611553933	8609.362257767958
2545.422231825802	20545.71616345263	8692.87033288398
1000.2672355487133	18698.95399895956	8696.164779667391
375.7488381215075	19258.9451537454	8722.127584825334
-455.27091898163224	20664.070195586337	8519.270448202531
496.2089053596565	20463.39367323445	8862.896853716798
1683.9062769050686	19755.363971161918	8671.778368035655
1405.8520344559047	19686.899773545134	9244.409766102293
858.1950569669027	20330.65094233907	8621.9041862901
-258.61230366236424	20959.869239076652	8738.805407746897
1022.8389059701894	22216.57227521666	8426.9682287042
460.2382384245233	19788.14757644351	8499.10463634282
-1167.697422277412	20616.892393971375	9048.684223504191
1140.1728536881064	21136.124803363153	9272.791656111413
-932.3804456738166	21160.14569848923	9041.806857371306
268.88967078610045	21570.567788853954	8590.173443936446
1410.3494288722384	19499.885707437294	9111.011585375589
1327.9363215625765	21349.209970977077	8816.509702212377
1513.4383987417207	19527.74800725149	8839.60801588375
-56.99934187851131	19006.35315053411	8511.016816380159
803.2567611134142	19567.06369536227	8982.386363253427
283.36764913771225	20787.95326770773	9240.915790175055
322.0337833317282	20788.303278465224	8638.396807468906
633.0317393175301	20644.26475343704	8685.20068810288
117.18606167671692	19949.05773014722	8977.17032457151
711.6403929535263	20288.22740261678	9100.893799928244
429.9027952737849	19867.61870909662	9058.705806856266
12.74591512091971	21894.694346924094	8987.61756488712
1115.8951546967614	21058.33278087718	8835.516241426227
1166.540851989234	22327.850362496905	8563.945302046017
1362.2212382109453	19564.738349677544	8645.570341638104
1433.883381515386	21307.78391054538	8757.027328466123
263.26543207996866	20930.313261587147	8739.950940944249
429.4472807662962	22028.504054781726	8953.411212344985
955.2318712521587	19839.512896455293	9121.738443748449
352.36957335046947	21535.52632059741	8469.088252367228
1292.6786719994313	19667.73683359534	9123.822460065678
1438.4951782376481	21789.65385816636	8628.561650896896
911.0945910616222	20058.82274829267	8590.648761711556
912.824759251201	20724.39144294541	8895.56029612885
863.0021120835049	22517.146427969878	8054.981564020518
1073.3678151495485	20544.487773776007	8327.235084934851
-365.29936826688254	20286.706456742395	8746.269946641538
1995.5466773716255	19920.52477065169	8715.80741631461
-119.95324434475462	21792.86332566067	8844.293301906391
761.0454240168846	20329.407616943347	8851.631605590817
1821.322806824633	21707.658171560226	8912.829994119265
1713.856295895016	21232.78433908791	8578.0816375995
1585.7270258124731	20116.139815726703	8612.870031749475
44.956728431960975	22249.87554232217	8421.708879828193
155.67189154983217	22539.878359169226	8931.984626948326
1678.4359490721135	19515.235159739146	8661.770570153927
1674.1437006350232	21175.67023586201	9034.522239086415
1422.6696484429285	20506.101024690266	8735.501601813978
154.8711495405728	19116.27706011783	8759.12077193864
1259.6964247997205	20030.108798784317	9057.318179408338
1210.8391874054291	21938.13318633429	9189.370047100887
1159.0658642183867	19973.286580379845	8176.397029919887
612.8051658426308	20138.877423454116	8976.925810250186
685.9639261320083	22678.848069284264	8730.985824585165
1123.969384337685	19651.068056847125	8804.224611773148
1845.0031391472505	22343.633696953115	9179.24761597989
1196.999667472294	18883.817476369688	8857.585281884853
-338.06931259357856	19641.1094841717	8714.83195167907
369.46695152068196	20349.814263284017	8840.866620459828
225.05964560874077	19447.784414045662	9008.616215662045
1510.7796867276265	21426.9741308962	8542.571697169582
1738.5334276400674	19690.80523705075	9241.27080806172
1183.9275789062408	21018.51006745292	8783.45519441397
1025.9221429477234	19679.895304059064	8913.048576560712
1712.8427937478123	19721.88405239138	8668.116749697943
228.7400040881305	19979.503954782744	8322.876835957932
1209.749464720554	20124.278354473714	8942.508793127588
2370.6173918262116	20408.017291191314	8380.528748650213
1882.2834497362217	21645.356045628007	8530.540503413185
32.81353240006995	21245.869249371273	8650.687396261916
-381.1244820936083	22117.06153985785	8345.77304961373
2083.890101220071	19985.410314389166	8571.736433006006
671.6330993579107	22087.628588394782	8957.525544930586
2979.0270377336633	20494.085953961883	8213.096481786653
1405.969611013748	20035.355242772894	9066.988057843086
595.8949406601253	20919.94671897334	8838.639037424691
1784.7362580475447	19726.73476787221	8908.199661611055
871.7707877591943	21644.462543262605	8450.632729483737
2146.4369861457635	20053.3643318834	8744.87924798162
638.2699598651818	20364.2455595798	8270.56677312316
783.3476900765195	21265.279397750302	8719.209348383692
892.4439251469636	21495.977840230993	8623.1470982248
1188.2276470606944	20577.715311677952	9046.186864963658
2587.977054111538	20734.463096669453	8682.581180948044
-659.2126644385888	21591.30306214737	8816.552340402526
1678.4487051321614	20758.305329601273	9168.400020363637
-4.049306606637833	19901.054916406967	8968.040283186887
1732.1094115276464	20959.843875108287	8230.0939531031
1439.0606592027757	20421.666232405703	8687.966302252127
930.2478312646749	22464.49980734427	8722.257213166284
1589.438646389987	21016.662894062425	8663.767513351742
1445.5450186053235	20258.150239449027	9217.869984615922
2317.457514949581	22324.44256720722	8880.069292578759
823.8312553838522	21578.246505341463	8060.70393309823
660.8832548646916	21488.118238608833	8479.363534700358
965.1791309029821	21950.767847976153	8639.104350693446
1087.143180583932	20569.30794622273	8323.819940761596
1551.3701073942104	19366.59865294534	8969.708835346888
862.2404304758569	21530.649164716724	9013.884471970514
445.6967879159882	21148.289981512466	8794.487042646952
988.1140875252339	22440.81413214339	9201.172998399166
1158.554283872513	20354.98910567458	9074.581643612639
638.4864721305988	21913.60575426647	8675.878419042072
1088.7702767983649	21763.6162955371	8932.711974054879
915.9542541975053	20450.076464885107	9247.216262404456
787.0988403200272	22428.258056310937	8879.722925701992
838.4106569164752	19570.001829918492	9113.855535202012
1404.1020563833433	22133.51103867967	8576.972079178222
889.9799773884962	21126.45952669725	8657.740017614144
1337.3637479231695	23387.906410008472	8422.707217092482
502.41265935767035	20346.11295768794	8958.896785753264
1249.9269026426205	21145.931899132975	8598.546457981287
1467.45937309937	21183.87111005138	8769.4408674095
2062.481238735348	21434.806647146226	9149.449212634318
1628.7965282716882	20425.107036155816	8186.722092642457
966.2531172670373	22545.536823379825	9044.034690362749
429.4002401075088	22372.52970484229	8909.961330522068
367.373319377726	21054.492896731055	8531.112136935331
254.53495811032644	21991.91729523195	8405.282788592147
1634.2055152062144	20322.076024045193	9345.969982211374
1814.1524101813168	21718.021893587156	8543.847868050498
1580.0511592356452	20959.8504850039	8434.089533889248
263.29854217642384	20793.324478158123	8915.688471508027
2140.2049584070437	21492.0250661024	8906.80273544553
1240.902898628626	21485.818966181134	8956.541229813116
649.6171504952724	20839.64397743677	8300.663710916551
1569.3069626404629	20741.22100198185	9227.859827399296
2115.251206425146	19359.851288841855	9184.590400888983
28.235859434945233	20579.885437880796	8906.52045925972
281.67700915744035	20423.135083004785	8891.611146538557
1037.3553812775037	21553.570621716062	8925.686666110794
528.2863604274402	20885.65387133886	8741.128726760779
798.8415712881028	22101.874398755346	8645.009219751573
343.8855471672622	20915.805293430087	8623.84407709007
-135.82808868102376	20801.09020426837	8860.204862424087
858.701189173972	20438.968624811896	8698.784639361711
567.9363912585912	20082.722467974363	8604.475822110213
133.27412047691902	21380.071394426453	8915.252839395152
589.8983298012556	20142.57753214723	8809.476882182176
1314.2822447770802	20965.16019409459	8955.253775045272
1106.036165283899	20016.371444242875	8310.719154083381
1353.8783969003841	21046.070856087907	8843.737884742266
944.1601438082469	22567.413899401927	8876.238225886522
320.0986754247396	20215.097193388283	8794.910499566184
517.484600743381	19638.116318647266	8978.207651213104
1505.1884004419032	21108.801106367544	8477.227783477725
1163.2606518239406	22181.090562730686	8807.857188682296
766.3377129639855	19099.928027934133	8345.630623283874
993.9779702775262	20824.712419007723	8435.656132346776
430.85544913001104	19688.720782921344	8809.342302560071
1808.2208954299485	20877.6546307261	8992.470932951508
1565.8217426405706	21439.699612948883	8656.818088062015
-120.51553699413007	20112.08300133143	8790.317099380725
310.1543806298679	20750.460138891987	9003.16747477784
1730.821364758566	20934.597074491863	8435.59034423391
1756.5455213190535	20614.79072407596	8674.673661713867
1113.0323673155183	21298.553954346848	8466.990904976728
594.2685190487965	20817.611012564445	8837.94982463238
-295.3128347476507	20874.164742564422	9016.973668171291
1286.288152715315	22028.106363959443	8869.18440574648
2698.6362308675557	21445.220235740235	8722.129276183541
2564.1766148823285	21442.853985447728	8144.31105672341
948.1870195997194	22859.12328821169	8828.648100558286
1066.8808775318266	22367.081798334362	9029.148599422637
1233.7532097556027	21152.4136557679	8572.989814939681
684.7357353402314	22011.662989734043	8553.559339300555
1140.8284875344689	20775.61378110815	8509.5513900113
1091.0848090589911	19592.638041677856	8561.592010810968
973.4196663158635	21408.0299797386	8827.057214388224
1081.61785326301	18057.75754543406	8940.405594184944
149.13732250439568	22683.158628365618	8763.076596117438
954.2723266708069	20439.530976237405	8532.986432204576
1973.5624086481812	19486.621491845595	9158.5538703876
1305.8360398704497	21710.967192397173	8822.193256762892
1457.7605554738484	19409.476941200373	8516.252393946477
724.002288232265	22160.152253575485	8751.813131987254
847.6766885389976	19792.742627390777	8999.945775235692
1748.0682564232065	21102.377485888548	9037.133226513954
590.2962152464294	20820.34998778662	8742.963892340233
733.9486228271874	20509.829234510667	9049.754791881467
-231.93041305676383	20477.45838699813	8750.604003257482
761.3063594958646	21433.185463404785	8733.407519379623
-243.34964433975514	20579.318564116533	9109.548578684904
1766.5195590887959	22424.958074255428	8911.442695825152
1960.7394106697025	21628.691374999766	8890.06368769735
86.96018529513844	20759.184686203767	8674.325752804398
1068.6737893521918	20901.00766538646	8606.232582883269
-275.3443255741942	22676.169969534643	8434.155807031922
1686.7159472203475	21598.304151196324	9145.401842391953
1617.5615932326534	21679.26384146259	8688.379009528358
707.3061870342727	22343.622699908214	8877.97872320151
1328.2603517024922	21768.73658296184	8476.439253090522
1442.709859679893	20915.096349968233	9050.380537104136
1811.6720426429792	19853.59092693462	8976.380889615262
284.46245033463674	20596.20751846022	8504.187404084445
1421.2993066467166	20950.91199031638	8864.413538278612
910.1941231215192	20787.959197460594	8443.948563449701
1887.285376933551	22467.145071471066	9055.375166203927
1555.186080740245	21881.622267798095	9091.774549797343
2497.385913523952	21020.150589838537	8357.115442351951
893.6100181580608	21002.548097401734	8692.188334530196
1178.3638375398364	21076.487714614996	8732.407936348904
330.9086274921088	19592.548422283737	8488.141648123697
-407.96071483867024	21676.080428477297	8913.189318671986
-195.11008451297312	20624.880485490507	8564.760721565295
1792.1192963736353	20756.66667272915	8889.805620696625
2691.465890775101	21215.857189973944	8485.507923121442
-454.03896936171316	21162.76052049661	9144.388472364613
1008.6397626766214	22619.364083203403	8761.927980156866
1908.7311375524548	21209.273981903527	8581.099570502889
966.4135449066742	21148.407572067197	9040.895853667796
477.48698697417814	19368.618939770025	9066.071504205605
682.3580045109837	21743.013880724233	8801.427037237601
1153.5981599322938	19936.350702718995	8804.00712832025
790.369685170158	21013.25572375399	8213.042143872764
104.28813174590346	22108.59630830732	8989.909537685038
267.5927222707093	20775.63238982251	8445.895286169316
2071.672092577611	20254.89407203926	8585.841253974844
2094.4893130245637	19625.300339668636	8840.914603493782
1815.0603838587829	19652.656799145203	8701.503862237574
105.675458224303	20802.900191561155	8801.259922725447
1665.0714625918224	19210.5219720436	8596.687962480391
1779.0577263640532	19448.618159298752	8659.13398058297
360.3647882130313	21135.674660699424	8213.513422208209
99.07679981942148	20481.215679229295	8618.04067260759
315.198636593713	20546.630061310352	8648.943582610982
1528.9235770572814	22354.664353905726	8804.316443589207
-638.3836549450433	21192.929110860467	8738.161591200465
177.45673791910033	20138.05503896965	9164.981141147999
2593.2934112902185	19217.5549546341	8993.736230185114
275.3707079837878	21051.931367642752	8858.226701500173
1317.3351247720925	20933.172709461258	9156.761992636953
2320.1007227979053	19810.24969171369	8367.95340576387
607.8761862353526	20116.943982146255	8922.96444859471
1655.189024336656	20544.08908682025	8706.376586026736
-666.5871243733425	22249.361017624637	8636.375369363283
375.8004570278146	22146.500601343894	8679.52028482037
895.1422136948706	22027.76142296784	8689.96265663994
1257.5084455828842	21716.296057532214	8784.39235881714
1698.9260849445548	20814.96924155753	8785.37218750647
1597.5748948777589	21289.92951324244	8835.763966567785
522.8875805190561	19529.74554937847	8522.30853095622
2629.517351259398	18545.494589935377	8859.757905304323
1635.3460785903453	20407.294474752416	8796.362672567933
816.5058420560586	19464.217969339534	8748.566709871011
1741.7871419051585	20174.37593070314	8980.117579137925
749.023703691514	19798.058253898693	8449.789511372504
1464.921075210053	21147.730402141788	8849.585761406954
2803.4818612498652	20461.11999523742	8758.683918306266
739.6596220113626	20632.76637158584	8968.681033801065
-696.3991317859023	20609.14297351562	8560.07497612026
1150.931589572392	20007.763483505834	8404.291155886487
-220.6278470867327	22127.465428626896	8683.215265749144
859.7273447373177	20774.937969392766	8827.430271490151
1888.6026176824155	21781.63543007641	8463.814107078853
1071.052581088498	19714.04002956916	8839.06814136454
547.6374046503114	20445.840943558334	8523.140360182853
1427.1208492888466	20102.660820899742	8619.381510327827
1049.9577986744312	21126.798213877693	7887.041775305405
2331.274313370849	22619.004201462587	8734.405969708747
1462.1084437230115	18345.57376551147	8408.936927928662
1443.0928701762766	19721.839728357743	8764.713978685648
520.3401283599518	20032.057941992793	9104.950452176845
1397.57540327251	20179.92510001927	9089.411959489
-448.99115086122765	22964.368828751973	8640.280053793334
636.5168882480684	19948.988392480944	8797.595777011102
76.58198200344466	20418.751344978293	9067.641111313165
1771.4807345140036	22603.543167485826	8909.266103244543
1093.6862835376994	21066.83344663551	8549.470296433237
1414.1899248091688	21649.577422353566	8988.17658338783
902.5988105471284	19671.287955821375	8767.975019074946
1026.1209162616353	22405.894461784508	8939.020202546808
2074.2978410749224	19825.614425533844	8218.18856668344
-628.9746624276224	19690.900308418422	8286.437692101455
1706.6690550246103	20298.16513128045	8710.853677684443
1934.5788775494439	19972.53894859063	8773.255204051076
675.7011686738495	19329.19537190274	8497.02220896037
-142.05703144437055	20071.492649295335	8344.008156211086
940.0353132350899	20932.73600547422	8401.481302238783
424.7075221356406	20857.379391769602	8577.451531943409
982.7053526439773	22224.874857798648	8815.261297483241
1484.6457736194272	20310.34227640473	8621.306511210907
367.5069062166415	23149.096704651434	8673.99811038696
-61.92624384379168	20961.79453950139	8856.600240028569
779.8635023606798	20616.09081274499	8754.429599913343
593.3042769024499	23397.24234446162	8183.125144540855
555.9016608938326	21577.324561545225	8891.605668777913
119.30543220701091	18967.68397099431	8611.145255981228
234.01253739642547	20555.861649643146	8800.600698992544
386.66550079444806	19006.93566462747	8405.892768803174
1421.8728309543367	21139.559627069295	8271.639119776724
1925.249369329159	21564.3897592955	8528.497634009133
2450.1029194314565	21727.404967835413	8649.298848495853
1588.6658331167669	21215.3808595592	8638.770373212084
-149.9518872189319	20966.27741667319	8546.050620792845
672.2735082937876	22595.500007382016	8448.013631212472
1511.4859633056099	20452.621964577113	8639.488652666223
277.5850497420654	21596.06655247471	8864.154599399826
1139.3641555178015	22147.552372482427	8878.623969271352
1167.2591151093698	20294.36522090584	8454.42534128617
-477.9711100099974	19825.332709737195	8680.99421379244
537.2065142868322	21458.453124031217	8627.767714132333
2465.4118278525234	19936.812600690348	8892.897208927587
896.568033298599	20719.695685608243	8997.157054422898
895.6549768322055	20481.344038726267	9170.483714340842
2638.1620482280546	19573.34415407588	8531.183598726924
1659.5558500569718	20394.865221382664	8745.588493693855
1109.4337216678096	21635.743409050778	9160.18547626427
598.0488975542355	20330.736155739458	8419.262196340225
2018.2726270762553	19525.066794251597	8700.627252460996
1076.2401711394102	19817.917902820795	8526.355327209469
2327.2306570633446	18898.665799640792	8786.770648033487
967.2321620539745	21219.438041043737	8934.317062650156
1205.7894339237077	22099.075237342346	8802.23375713083
1328.9049264357536	19313.367959661202	9401.44232747445
1225.896920692726	22005.34844019012	8859.36359282671
1589.081418140922	21180.59245682294	9233.511539340494
307.8671100638178	21797.980586620542	8622.291528064847
1023.028599329351	20841.333668137602	9177.267950306275
2349.0483389676297	20060.4027915851	9321.15438238194
-642.9930097205875	21636.05674627637	8985.302538605107
-331.9197927077379	21744.146777198497	8590.513908596173
867.2756620722151	20005.511701917618	8910.225177258757
909.4585982739815	21962.17500277674	8653.714570633116
328.76116675293326	20148.622224698895	8852.88875333765
1550.646516708034	23065.94426561437	9054.354184674034
2258.020179535193	21101.50419339325	8469.142381455194
1173.414804391926	19836.134793190304	8866.889965346712
1164.986106489476	19487.819652605605	9180.051390186916
720.7914095132685	20193.764864867364	8754.533999011051
-239.79976869873158	21587.350818620114	8572.291313297535
220.34022594479993	19403.29964651862	8783.497270085985
1398.3740445303815	20442.489958826467	8974.28682675105
1418.5468888687549	20838.158736391037	8817.897025925866
763.8046923703433	20147.26669972741	8910.779954184714
1420.8137268563805	19369.560386594243	8577.194869803761
634.8743772581577	21107.957848008205	8478.839664235597
937.4451694358316	21050.18096490165	9337.193311295812
1440.1856021795588	21523.272870042816	8710.989632423378
850.5172255010333	20334.068061011963	8866.99732775971
586.7074581331441	19770.63235063779	8919.180152480783
1095.6862193021723	20398.133416883848	9090.92991814976
1757.1121452877521	21978.493228193827	8864.3207368193
533.0834952230827	21905.047243748988	8549.434767655715
1341.4079525847462	19886.02843937163	9013.760517907534
630.7046857249903	22283.342287037198	8921.135766342964
910.783979987837	21187.61586471317	9511.186194728083
1306.8002444099761	22166.68064912172	8682.437035254236
758.4569229513547	21692.83552439659	8917.937233929653
1173.7197180274106	20261.144921044575	7956.5086674368795
1232.8629946112937	23349.254486548554	8484.787885766398
1387.5528282144462	19093.831257325997	8388.784741689613
2192.222361986195	21579.564542695836	9181.771972698269
2023.5424316914923	19698.108875610775	9200.95405530786
1006.3942783790488	21123.15017885507	8260.242495119463
1606.9139869935068	21557.65608700703	9339.8542235952
1700.6177956083109	20553.379575963045	8959.598838962484
1042.2775231363992	21928.609798071742	8638.25809484933
1396.0849806685858	20429.54886211254	8630.992787515159
1921.3616212247073	20700.253531995993	8615.09672571392
275.33532413698435	20107.62210231501	8693.90926762263
1235.9111639793923	22154.87036298258	8750.133229626565
702.4824731812403	21604.919164863742	8873.124833862952
266.0234759542264	18803.79750242314	8732.319445945983
1123.8300341399793	21291.5279455624	8665.034289980807
617.7924807627745	21258.64802507584	8705.599893847246
247.1244238133301	21519.572540295972	8885.385856712272
2475.4897858518934	20277.354182378644	8263.469720974468
989.9585607558145	20255.62130345267	7890.764908881049
302.7601157145416	21120.412347360147	9006.743379931235
1099.5642905790744	21426.360022528967	8743.197131375637
1683.4100062225098	21658.970596517884	8967.44608015177
215.20375206857108	19889.716597687977	8587.573496726991
1639.2545034284167	22077.63894598683	8876.52533094785
756.3419866718656	20664.13721015156	8699.626505027158
-85.55740319309739	18415.4564089706	9045.072612706874
1525.2528670465792	19710.330310130925	8454.982120059198
512.2344004156708	21471.33791592746	8645.074871986473
1560.2106897720014	20974.19486263259	8900.189598399755
1715.8952212619104	18139.438336993713	8701.627754640105
786.6353110274915	20579.200411599628	8997.830115353223
481.55834862968896	23544.052756487257	8452.367542939486
738.3155161498557	21614.113251816067	8839.429518676056
598.3969966352847	20571.21442007768	8167.430338880756
-26.78337480381962	20675.378684664764	8856.053247724883
1382.5456497673965	18240.922863277843	8942.231794107402
661.2124069532977	18504.168892573245	8362.61589731913
-861.7509498438612	23465.652130397924	8238.87815775975
1185.9870702193796	18779.11878817784	9271.923868055013
1372.2469455554879	20402.212988131443	8656.540679484346
-248.55520031803152	21826.22423282356	9171.734246302982
1205.1823392132258	21182.082188681565	9023.761083790629
969.0416937124546	19458.92546606925	9041.34860157279
-77.44942037847848	19259.515451167103	8852.126124852874
1706.3215567918944	17911.65648065565	8568.624602289014
2000.7827847460867	19833.152570120918	8584.46894860437
1592.193853534697	21610.67110396706	9076.845690620761
6.489543523552988	21179.576194016932	8557.083216456265
943.18752301355	22859.83487267668	8664.733836756679
504.89928262719144	19684.976647651372	8610.148503439143
150.10855162208927	20933.66260501885	9015.15875142816
1717.5561896927582	19859.20989538843	8760.03474894494
1505.9347137432833	21142.167476247578	8991.281926046653
795.7630735633358	21168.41661230481	8809.933114172341
1346.6250722211234	21190.547481211197	8727.859904912788
1649.4653328212505	20973.60265725904	8810.671571201981
414.5508418049623	20260.241382926444	8700.396030026763
412.95070588059446	21244.289389576817	8980.44076126092
832.832131135893	20306.631343703582	8832.621803896229
427.0376126397555	21029.423367779986	8662.23510016662
-293.2175414261367	22198.43357178011	8934.525693919253
2505.8107957054467	20955.831715445078	8423.472927999986
219.20462786962344	19663.1396475535	8775.05604022287
1177.0536208692395	20322.427614668184	8553.772425208868
1211.041709359488	21322.926371213438	8382.045346618785
324.3300909036955	20298.28140568412	9223.883047531737
1302.7950077993496	20321.957060189034	8496.05883884833
643.9686118343578	22227.772299173652	8570.392953687191
697.5217161530742	21263.165280921592	8401.183656527914
912.3180212780903	20543.962198056583	8558.230137487477
690.3402974234363	19845.113213344906	9168.605512273176
1980.2171241386652	20401.436370016647	8506.479190306052
1151.4678101036866	21049.718132496087	8434.421581713581
1422.4009141738875	20392.643423157646	8526.185285906497
1845.1774884833674	22515.097659823132	9099.788105767453
1454.6164159890095	21573.884461426034	8977.322950344866
1438.677850231333	20094.0851782686	8451.006910279884
1989.9860073336658	20180.478552939505	8725.096202068587
2039.0063504706097	21999.03097146248	8845.740529285698
503.3606751260597	20757.579094375527	8938.604365216232
1502.2752668871487	20836.319315972156	8971.899043243591
2809.4198910540326	20326.172420032253	8423.841074004022
849.4300677874373	20477.662785100587	8789.689529180494
1681.9826264177	19727.53198539994	9197.113271892325
542.1785837315925	21376.251295330254	9030.00546616179
1206.4783173400606	20895.40315380586	8971.448249197829
698.6942843348124	18709.073598303068	8895.325816276743
4.089876096952	21050.80619812188	8861.986978167111
902.4665827902766	19703.10516257584	8852.455579270385
738.7766939574427	19488.810739886027	8532.71761398933
1128.0226691791281	20663.529247680806	8850.032284194494
2043.4551262352911	21234.896187653925	8080.567863189817
1734.6365202775737	19995.2076129936	9151.663700490497
1238.6201859129164	21925.105316313777	9265.152569615922
998.9105868962773	22308.02505794333	8943.39832857025
1137.2812602602987	20948.85004819996	8693.375198971318
1285.1844979138446	21416.933054782225	9117.098962206963
762.7206854354282	21022.454817787093	8966.924451049419
93.32568520049954	20829.770428080727	8730.646420578076
2841.3405703583753	20034.19902339217	9035.905662090481
1822.9344888340358	21796.652352460613	8886.095549906671
398.9946668033865	19924.20893561166	9043.0899305273
-588.7024841949535	22587.91997640764	8850.390155864263
-7.369158504939942	19325.29769274445	8211.227969146274
561.4940534090049	22209.43058356926	8701.387164887095
894.5374343147735	18745.930570101063	8548.279435961662
-661.9833918387557	21391.295410405386	8522.413820568258
1291.3411308400557	21139.111833348135	8522.951205877174
1273.994022011543	21814.857765014487	8434.782951759842
1747.6216821629716	20059.71476408744	9019.444772846193
604.0948667285164	20504.84822037342	8805.361070337476
2024.9527583088393	19954.462779799167	8823.62975191619
1365.6141186416573	22831.97612695805	8233.387200540496
1040.5323611341905	21348.799725298955	9222.411440725191
1782.293956848703	21006.191014053766	8737.013968976953
901.8006915446971	21514.283624101907	8709.122091341835
44.14893983562154	19761.00067112246	8948.956104842238
917.7695091588942	20529.341472905387	9055.928763442542
1267.883575488175	20660.43168153074	8611.925653519147
1527.678322252204	19154.59981030075	8980.766926769003
2189.1223333045928	20329.284010156476	9186.977072457374
1.0362508259839376	21143.439193606424	8697.709921371403
1883.086760760384	21117.5151104807	8448.033634958345
1634.0396145287714	21417.207018219084	8793.656791658721
1081.071537976164	20231.609509789672	9463.534273570765
602.2082748791386	19356.378116634092	8583.281883614274
1066.1958222089534	21033.939579454924	9007.45272242853
2125.0572422202467	18978.791262580824	9468.133098601194
1763.349143583272	20306.127974241266	8122.753144722492
1842.4006544441424	19614.60035482212	8968.124105855975
2636.8778626536764	19125.23455163	8906.244391121129
1027.6919866307117	21052.999311380547	8953.54591237616
1750.6396909859575	21881.061338125088	9218.212071219079
742.5869801137778	20629.96337999245	8918.928220197975
507.07796404725883	20890.46541298633	8829.01649845665
2068.20535290797	19284.236501939515	8737.866901937039
1299.3015967047716	21678.609154113852	8755.654903364615
-45.747670408833834	21659.540627066744	9178.59259817125
100.90263322266168	21579.101026136042	8880.709972105085
740.9755997366524	19917.22360430108	8402.31743329922
-19.068107988305094	22683.05765418366	8737.330141783788
740.3481378494857	18875.084555544207	8847.004493676983
1632.678920368158	21547.554912959473	8962.720466222878
1179.2789629252648	20603.22565136846	8839.975172799519
2261.733651705731	22643.664437766583	8618.032705194822
1370.487075624339	21664.767649515656	8262.34122671683
1159.3746453223212	17608.94114002568	8894.228051838332
1013.6178224442122	20515.029670597327	8839.057082893876
334.6082831085759	21102.758498435094	8590.77162587643
1019.0598507094857	21530.073106309435	8523.073702901993
829.4878652792366	21810.235753783614	8893.710996310641
1015.9781194464906	22005.622793943843	8817.584155253262
-44.74078708759715	21935.285761888164	8848.727817136172
1073.9100730818902	19972.686713852465	8923.354866304102
-101.53545870728398	20910.44601672565	8661.26223726874
1174.3659128423103	22221.6000233743	8689.325550791986
1284.0993372997284	21996.18175074145	9058.354638554985
320.8365251265855	20518.324320161762	8502.612903327305
33.08991034203491	21283.358671841794	9009.299817866333
1344.9338499422672	20247.618410835526	9118.654880310087
1199.3948843459161	20156.554213888125	8565.66143714295
952.1115762572999	19909.009051003788	8624.85441545933
818.2782716187475	20477.82667682827	8884.533329458096
1005.9184357200126	22828.11702713304	8485.972388495851
1506.6432806602957	22590.175334103853	8937.843391732498
1589.3992461463272	22979.605097749703	8263.382516862579
1623.1439445604674	22110.154451597817	9064.55203068416
861.6757520204382	22087.04078694344	8675.579030204879
303.7866403120426	19744.57159055132	8780.292131384738
584.4266003027928	20599.361560384426	8765.684211536383
63.588598637665	20541.08965514328	9329.404603150839
1771.280407017578	21148.279834243585	9346.034477667714
1424.296256545173	19993.194620424863	9207.305784497448
617.3896325601318	20083.913392035352	9052.02525060667
1081.663484198756	21072.83681520452	8956.087245697865
794.6302289329146	20318.450312757406	8962.964138816227
2116.401451113261	22184.445323910153	8891.61562189357
1289.209093821208	21800.542988931727	9021.300560806578
367.2944739930638	20231.559293029175	8969.675074400498
631.2074710426236	20602.848837133755	9054.808711361595
999.5902045851686	22245.943858029816	8907.655315285298
944.5863311111366	20396.637448241065	8525.397012118732
2400.0881994720244	20125.6953624954	8911.147640776335
83.0415637431729	21791.677320950566	9150.16357159128
449.7340422102272	20450.42193031002	8764.443020275217
792.4284816476	21566.079982728283	8817.928398600527
1868.9290662173016	21878.780911344038	8686.179935764854
513.7901711443179	22114.9090903665	8532.852478883411
1611.0423383392406	20752.59218848342	8947.597249255732
2353.332554887573	21484.012879369802	8367.418725170337
2511.2363666637484	21302.026909183063	8315.654841125777
1392.9371217972696	20909.518252601432	8767.386800152051
1831.696599386628	21201.619534999358	8583.624979582717
1188.1789512463447	20020.502064310018	8945.243080360271
1288.6752830241555	21719.86842639125	8719.751356648594
1465.849353977587	22027.29023051133	8293.446949147914
127.52889835724065	20889.379944686785	9266.52371726403
1789.2890604805807	20134.053051956045	8776.145649275095
1343.2795544244457	20535.33311683082	8687.166312212947
646.146238938346	19715.68728707657	8453.835392202618
1052.2073706313492	22123.154791891346	8963.150410921564
420.9490271231032	19695.665747458217	8494.777017348528
1812.1917899253358	19426.994208252654	8399.285406425426
547.3532218938898	18560.171534793586	8526.142627437917
1470.6099888227163	18424.03570398615	9082.249547329175
1675.9656989993005	20457.073373515675	9268.882834756892
415.9206936799877	22736.43562412141	8734.5541775315
1144.3246895257867	19119.220953613876	9294.997750055454
1629.1789948817539	20405.018006553182	8829.44779406212
2494.4988079174927	19568.951711601778	8814.732739358069
1345.04932588639	19390.10989511444	8835.99109701862
1302.3198989370671	20724.94762968223	8645.198350761022
374.7777631250178	20735.872923127146	8841.084453087353
1418.9974230437713	19651.246432000025	8920.961451917994
936.5888023530849	21420.581343625352	8471.393679269342
1614.8164946547677	21966.70530230134	9170.212436199557
1585.0466353037134	21237.507173078546	8790.514100050048
1505.4614739455603	19466.55655383535	8514.944777491644
1868.9202066495477	20535.304856856506	8715.074876695222
1755.7317283910652	20593.32492927013	8950.291086705496
2197.4567194051347	20647.913385974458	8570.63110301324
1172.0557657853399	22144.364800393836	8793.820896338882
618.9058787917215	20223.484829085075	8694.236465917302
70.70423994238855	20889.734121148296	8448.772713746946
1564.454658600599	19470.246115978785	8954.20476337471
1070.0334932729181	20503.9208184823	8759.312781472301
591.7470448874112	20432.864315417795	8794.629573257178
641.7493652564385	20617.19737468155	9292.665776861328
-173.64467937999692	22006.24581566896	9180.144343318552
1909.5195983322783	19796.32878507625	8836.451832623208
1607.9825953872905	21078.754862315254	9358.455555520213
1918.0017873680176	19362.52978418944	8882.73527215872
2138.7174671446546	19619.754760161788	8717.794465066345
-390.3212298392927	20959.391964228194	8407.874310819909
926.2654825296725	21919.746116353337	8648.52870476454
259.86385177098583	20479.884356167044	8563.231051477027
802.9787567741162	21992.80877555992	8662.6651423673
2052.623747718178	22652.364470155964	8600.020510734154
766.6036550178737	21354.256461652112	8914.844778931243
1962.5880604439733	20573.75075394023	8443.001898050947
1388.6968181823597	19739.72199709698	8648.798248423069
1536.9697201197323	20877.54114880314	8723.421792864934
1827.2478980090386	20919.85174268224	9169.15450276936
626.8379202170922	22520.495150901635	8813.087126302855
179.5603806598538	20997.05981236327	8923.45250777168
659.2625872792921	21302.878313429228	8474.831731633201
1391.6712466571769	19908.91780377383	9432.521308328323
52.27979525701217	20786.72594727844	8744.634581690318
-140.0897628147717	20361.260180033314	8760.225460850344
1335.3297889831067	22337.949322913948	7941.903460718645
492.79618753583827	21251.7952839886	8783.665619932544
1232.5753836995173	21878.679192327443	8791.821081012584
528.5391507757915	21189.696504760104	8634.323995297724
1603.3604497532954	19431.122222861966	8368.247620295537
410.2424438861468	18711.442226645344	8318.186831861512
798.8649115604811	19056.489120079197	8284.06874595691
1328.086182752225	20430.05871005042	8752.376069664191
1799.5462736588013	20919.647018683972	9286.650051295217
770.1175898320871	21430.552354301537	8861.092492539092
2027.1445733859168	21279.148167623818	8788.210081997682
534.3357462067574	21140.205705845678	8845.82871718471
-638.0340290494398	19806.00746555837	8495.434783254976
235.01277924428814	22256.677354030064	8670.410303696746
128.89516283099144	20880.680587391897	8975.470601745319
499.9791209001981	20604.066692541062	8593.408755035938
229.08445219327686	22714.37588303288	8714.69687941992
1776.5437768206807	19914.81286336708	8241.810705838025
-20.215758182354794	20212.73667841795	8923.623972253037
2603.1779331771227	19760.858318401773	8679.44524467858
-82.66153115858032	21734.34556535365	8251.664845954658
165.1117992870154	20316.530411961492	8578.36797079368
112.42890260055138	20756.1406347461	9330.358714373086
1572.090947711607	21672.49327110332	8320.405856305253
332.02329892176346	20802.38519041341	8761.581705420516
992.9374100402725	22018.79715687836	8861.786771012634
882.3027224029914	19451.373906877474	9031.251727194227
398.05963664637665	21203.6954961872	8699.200823365652
121.44137797601154	20845.503500196693	8727.978337669401
1166.5956106201234	21708.71234628199	8770.96132736371
591.875797281775	20527.721198531584	8834.368653856785
1605.3841349373572	20378.66110456724	8928.80897380863
1864.1464392995003	18855.202836294786	8572.349494478558
1176.7106431038658	21177.117286231565	8905.67158748659
658.0305208869902	20803.14489200599	8752.9355100709
968.32703722825	22497.415165067767	8762.600368758849
422.3176257014091	22255.480457143996	8530.008172454403
2647.758795892704	20558.319644079977	9378.543268339457
1355.0432765547976	19727.40561705262	8360.410683528366
3041.3272571406947	19960.711287915296	8699.976671424429
32.39895931050588	19740.887799209675	8919.026093311744
1263.0950712926067	20522.363555468444	9018.216998596123
1370.803139881992	21772.07795215892	8697.590897507811
1734.9651834736046	20245.458309055422	8856.49031596043
2056.3419314429293	19373.747125820053	8344.139677026145
1348.62913962846	18594.644799326572	8781.083982354367
130.67108797723245	22341.740548623216	9272.785697845327
1599.2502738643857	21301.8085021983	8903.707856534576
1272.5010413310645	22449.7154957218	8916.269314764182
801.5169669327652	20329.86675768976	8745.115755014525
661.8135518008444	21892.108719638738	8746.888498326278
1010.9676032068144	20573.62556318575	9012.414086073366
2245.7785941225325	18526.45323411632	8451.432104013882
1259.8934579176919	19052.388042269176	9215.250549091572
2301.4164764600355	20746.213003159733	9138.840106229041
1523.5957289005373	20245.764639471538	9203.461481721486
1016.5722529985375	20736.722809789564	8805.306711267833
904.1324982772446	19874.581223442794	8769.104641867458
1168.2802832600946	20625.559568839344	8565.574686635691
2839.273296166304	20251.969347001923	8513.755286339578
1076.4095349053212	20557.353285511115	9183.921531207874
864.4697063654432	20586.211219693756	9031.692999184022
1066.8555886804288	19646.961792750513	8930.415148962375
1285.203139631453	20777.410435735117	8331.44378291025
722.8369349800703	22955.692876644654	8871.559039646107
1151.7948437092657	21845.33728069506	8439.023052884335
2471.5853624234283	22695.386927201856	8548.233750664316
1006.3604899223867	19984.71453207479	8709.789177561397
1502.276375453837	17838.75215980325	8634.334936549334
1268.333398401774	20106.71088455063	8997.536799838927
1457.0665021116993	21069.33374248272	9055.907331954138
1821.8007231435254	20225.49420944874	8343.463986362132
1386.173069141445	21045.719036684208	9180.25026193304
2247.1166603756137	19329.49381400032	8991.801285024783
1636.784004485878	21714.182441822315	8802.74185253303
2015.5979093613778	22175.417458220316	8706.386873158168
1432.2246428649787	20659.133517570386	8961.874237672186
2443.8417403441367	20367.40277109434	8732.453758456468
527.9350966386193	20241.18801100887	8891.461807559193
2048.8104793074062	20200.982261120385	8763.652491439672
1192.7045806052677	22256.863065826714	8695.166784907857
1399.201218846709	20883.583551996344	8865.268773295094
1426.7934206300556	20651.79114647191	8406.78661274556
512.1958138421838	22360.711411326003	8961.530866134635
1619.108516273825	19821.97224559268	8397.62062413995
986.6495026926691	21944.780137529506	8973.493611716669
1070.6317621242679	20987.549860094576	8546.521774096029
-694.5227817104101	19018.75983827123	8693.521830976604
1092.5353393641847	21287.957305026834	8893.278483798085
-394.5131799758233	23169.48162746646	8817.603173709822
554.9149845148822	21891.569282482258	8669.837363258222
1084.931857805704	20112.243730808106	8894.331689541497
668.3118948539304	21934.44563766818	9334.124426961578
857.9468193720941	21467.095646163525	8882.589493219499
1579.682822917113	21336.303327112855	8992.462685273604
10.613358789848022	20086.1064075911	8692.280481990192
1542.1588743019113	22005.892606227815	8684.150293410225
164.0694578920816	20481.907577297214	9114.251057067248
1112.4218833604807	22114.508745152434	8550.695191793073
1631.1475761683582	21392.328978303558	8855.621258886473
1365.5398510939685	19350.758584643634	8901.766045590162
1082.3761056163833	22306.93879513227	8353.272979892286
909.7508491677272	18966.346678782174	9132.377855274182
-269.46978344400014	23043.395215446144	8405.895173391853
303.54426852384154	19455.527091790525	8648.359988277332
1731.4922598914761	21008.715245997184	9263.38006131527
1318.94752539918	17657.17757233402	8786.013219373463
370.54610730980204	21176.62770443121	8707.343292594413
922.4331622400525	20618.612633560966	8182.190173359697
1536.6000208446485	19940.799609229485	8788.275702027484
158.117172792722	20415.724449140234	8917.638796533223
669.9591765993653	20370.832619999197	8251.311064002039
1879.896221116765	20206.231603853448	9591.74667936061
542.3489808242591	21670.3823593206	8988.956015635029
1470.6709401384292	20225.44582012178	9237.271592204777
-188.30853441346963	20718.447379067708	8812.818129884568
1726.9305509541384	20613.373452576274	8809.01827398303
694.6865831827387	23099.75456009524	8661.393697786794
1505.6957369111126	20107.8388394359	8798.903404940513
534.7696695393676	19685.00632044448	8569.590565824332
963.0422066540908	22459.212482278363	8666.442792669417
1172.2658403602222	21737.967626763766	8599.069364527408
1599.7099148380375	19278.24964385693	8829.454323854403
1781.8763355965941	20122.023252648538	8959.162753772982
-494.4637384918372	19208.27457822612	8882.219845636477
333.86237661598034	22106.105143067423	8610.51886800881
936.0045774156223	21425.140997084956	8817.681043006538
814.388823710295	18946.43842437525	8745.665289067183
616.3553491401626	22447.112043740795	8620.967651056306
1373.6065775768734	23308.437028299322	8745.011054639492
915.6278600609375	20977.53711987486	8417.525024617571
1057.5523906157346	21964.67104565226	8529.697382077708
1552.9318987538988	21190.40129589642	8457.222787116496
1210.8870450767697	19870.855510284866	9459.151260014387
169.9550994404226	19201.57353513508	8718.78447033453
2334.5805168492475	18626.757476199422	8929.16107705154
570.2477677824374	22048.908097883435	8213.244637203612
1309.9557731464827	20351.158826463296	9095.45700228661
1464.7753161124722	19118.32421444997	8675.481798770508
805.6181722892737	22424.351821507356	8822.363816889037
1037.5760998250307	21608.845593146838	8425.553623893162
-48.23543783167476	21873.083809726035	8546.869107222323
-99.55365800831831	20382.18505665582	8819.863329825743
1626.125290892562	19394.7893147305	8641.152342688154
1501.216794228653	21284.667292664726	9318.216856618874
949.9761681988724	20865.27115515937	8949.30150956156
218.38935284454848	21986.22232942683	8283.756593164982
671.5485534999015	20680.699937854086	8809.22422416537
-291.693847759273	19667.478976840423	8969.13722833558
655.5378204734549	19267.172711711926	8781.708405598012
1937.4413137210095	20492.627515051423	8712.342389864752
2680.869278046817	21066.106780308313	8806.051508521234
1945.5835976995247	21024.58225345527	8947.540038084933
1207.7111612408412	21331.027685371108	8452.932298763624
1568.3083852228187	20921.44123204181	9200.931449201977
2126.1084533892686	22284.73880077407	9204.915047756698
423.0805192988561	19465.916691069222	8807.409563373394
-161.31829002942854	21759.129756638675	9197.921731614766
222.0106235263187	19432.72358907221	8748.050207641636
1632.1963493443945	22122.750330343344	8969.805007169974
1454.8980261639692	20486.771375092598	8563.663594937285
-313.0707888144042	20111.83615836574	9103.283463039135
1181.237266205975	20495.889520595818	8419.20035593878
1591.9828506437295	20395.398530606926	9408.454876366508
2956.603647838493	20097.08707476419	8482.720336141716
1902.19528226422	20306.949205146844	8929.644711600578
-196.0798583974925	21436.332969241354	8756.788071914843
1188.1217303025905	20993.68852452006	8447.058894948765
1204.1811571587257	20155.392792273167	8822.14369134727
-195.8873597479443	22618.843838771194	8573.469565026704
2212.191654479666	21033.20020750458	8790.554397821314
1320.2443371883023	19030.6730898193	8592.094032214682
469.2303580831477	21112.821221765695	8496.685406428123
1023.4393438960473	22185.673680210166	8611.736067443167
1729.792978289027	21499.9062707592	9251.172686219239
720.1575802516419	20653.69641004935	8550.250682620057
1497.1387899417703	21167.705907348933	8722.74005168846
1778.043820321402	19902.776056135386	8884.718573946993
1255.5816036377264	20162.908664414623	8494.87644096751
426.3333975849278	21827.383962099397	8937.112303998512
528.0294837639606	21468.708658296346	8904.99244162471
1273.3912888194552	21268.600282887328	8585.298155238115
357.29830995774125	19641.80313455805	9391.093754825308
2171.4074807081524	20986.52293023961	8982.587345030453
866.7301502229458	20556.36216166279	8961.80461872037
-96.463005473996	21305.903015514377	8749.637325329311
1249.8147781009118	21002.381932264572	8735.25583043827
357.5972978824173	22171.7383418558	8713.779207895948
1031.9471154804535	21276.48292372661	9092.040056988517
198.9205647417273	20876.17323657919	7984.013773005134
1418.8027236131338	18683.48733353301	8737.047147894913
516.0881450768679	21309.66316715472	8882.99240565041
1866.9879272656176	21174.1381518018	9007.527531995387
2389.632653553154	21957.70386113292	8895.643803997646
1391.6654425356292	22249.331535687692	8960.129743278278
898.8733058580192	19641.106352348466	8398.573640342665
650.8871050829609	21125.75631687372	8750.617227920598
1426.2687338820733	22473.236103608364	9068.553979588924
252.80291869920427	22189.658140035557	8679.709294453936
224.62267784285345	20021.712561002918	8566.076837207362
1427.2813904009981	20603.365680289142	8978.457141769193
614.7078009733228	21222.337160382365	8869.145530043677
1484.0633314783117	19874.82460715128	8773.223452510018
13.8649325901414	22122.144171709464	9025.804650477963
943.3455247810971	20238.587824508344	9034.58995741294
985.9769589099448	21317.68439535495	8663.614128645655
1332.871099165258	23550.40703929864	8921.701984336316
668.455994102207	20623.87462430871	8802.564595619946
404.11316462009137	20084.55795443699	8694.58218778879
-410.69344722527615	20228.865285255077	8805.065562450465
1800.6245922555736	20749.3620023224	8945.732339220564
1213.4086431324833	21157.46268824047	8632.609527517076
1366.9704261651	19406.18200065747	8450.340583115321
1190.650526197428	20081.980557067876	8308.42660992928
614.9157998940882	20232.89006360257	8616.19484891911
1316.2583490171285	19576.713775445558	9152.847760849956
1058.775358200443	22266.218570900186	8234.432708571576
585.1982550510038	21391.563586921347	8847.69974198403
536.8816498806793	20644.254513495947	8162.9925520791585
1679.0501534179787	19609.641787022552	8782.294432118724
1740.9868130701973	20778.545027400796	8478.642131101335
708.1055140588486	20617.96326708278	8645.298974063318
872.1322820838367	21729.984123995844	9095.375072049877
1001.3736994040875	23078.31585741317	9223.927226935208
2318.2772029497996	19586.308764917456	8537.13409751498
808.0712542537512	20636.24341310602	9245.837091563239
-212.34619877325784	20494.502933831744	8677.089808000355
642.5692640889844	21913.723457872293	8912.714502257126
1301.7413102227736	20196.478346701308	8685.871634023903
1470.9660000439262	20714.81379335244	8593.053690229432
750.3489999509162	20698.420758223274	8973.752096583741
2013.0182482408227	20462.755643080065	9053.88341124892
847.6270881969328	20291.352240678516	8713.797216127698
959.983114724148	22483.652899536337	8515.43847692414
674.4991144276903	21122.058447986732	8473.403129818418
240.48286980244393	21733.1724998514	8224.890570833524
1317.7805224877004	21341.9020033507	8782.381877048618
324.4273518525963	19148.343255803356	8712.422958014993
1839.3506041597082	21253.710176588014	8537.367742307388
1796.1785817467367	20553.433059107196	8905.141593777547
613.5459556532084	19783.167899843775	8975.993134681448
1231.5525257638922	21733.163608153103	8691.024688710315
1244.0586053317109	17821.53260370324	9135.181409211833
1404.7200452873271	21826.99272035729	8747.574448619938
553.7593128893003	19366.471550819413	8778.256729349987
2443.6181341602846	20213.404507597785	9027.45379298235
1609.8926752278103	20488.97021920874	8299.151924859403
854.458908947836	21303.638048061195	8173.634861952561
72.18520244047859	20670.889123494962	8867.490776586937
1435.1255058533895	22095.413560495963	8570.025771478871
785.5208616946882	20413.95259973835	8776.888432872423
1645.1241610616728	21184.456392771655	8908.972492865074
762.0389300491407	20512.940582330724	8446.23715063138
842.6550262967321	18727.55850904138	9095.385586062479
635.1869358656364	18078.111574860515	8951.317961005045
1871.0169179896634	20179.121713952612	8501.900587048414
229.94090240840748	21701.422446475568	9190.454452869686
1675.6834017161	20619.361233880652	8814.633994381355
176.56872967497904	21411.64230146806	8670.66663953035
755.3549198275302	20510.220804421097	9232.188674574447
1354.7702089102065	22113.938425620025	8714.995960227852
511.78208697866506	21235.00653767357	8797.191550168605
1000.1253049983284	18813.32191410535	8434.16342864984
77.08251304935472	21660.983852189438	9181.021343484308
972.3222601883797	21126.129751170276	8403.497815670731
560.1107418833114	19359.11289876513	8924.267499627595
1537.179194515559	20828.854517238764	8783.903925545279
694.9018942630025	20089.233483844233	8992.991600404011
231.62079508979625	23254.517770457354	8825.82537703159
956.8475540781988	19716.28604816344	8596.871301063218
2817.618912791958	20340.48980009394	8526.12303475514
1353.0976552781744	21521.22849019135	8506.56715217755
1159.6639330565847	18645.713115849336	8553.132876017262
1017.1511766125284	20978.51259805101	8224.498409523814
1323.1584612561182	21807.66067921411	8548.122948950746
683.0339798065334	22038.309979877937	8741.258579360707
862.4579842454783	19233.566742269537	9374.379128484092
252.87831572634622	21175.674899216312	9300.261322188282
610.0861235622311	19843.930255166557	9008.534544323222
1274.428808771038	20629.574986259948	9001.629717842745
-40.55780996104936	21194.254926379803	9006.364236087657
-544.0762335251912	20887.621701505697	8995.945222077287
618.2409700165247	20162.483862683774	9466.61621163202
320.37614161648503	19598.273336463164	8660.61437450944
397.07497909183854	20929.495833865294	8816.813743626031
678.0874974606023	22272.01218397576	8598.198767288495
349.9883961382878	21368.73633579716	8931.819998955865
433.8637224893881	20715.112071299605	8891.59155345334
1284.2543893310155	19378.793974473047	8777.79228028284
1723.825239066688	19966.64221976105	8661.451338559033
406.11471595890083	19858.99267314923	8903.804078151261
519.0014255563882	18572.23340199481	8934.0256879101
702.9262178583607	20561.67355741382	8600.232122404042
1592.7508980415994	21786.618085828544	8937.424921033424
883.6416877186306	19839.139550769047	8760.681606579024
1155.5457268525538	20828.851045612613	8780.79282422201
874.8064035724763	21522.99496542958	8246.102201054642
1405.2116753172884	21220.001826643325	8912.837217507651
1355.8147081641325	21756.003302524823	8546.26932291274
1741.1654905734201	21065.403557205704	9145.252812797997
306.32038087846354	20576.67931070307	8749.754979468302
1550.0609824056726	20478.515458098354	8926.117838078417
1645.3053499244857	21891.163872435132	8867.112811673062
2379.246487315	20163.05144348036	8503.423219024693
1119.3150946741832	20378.281426828544	9061.366258323818
-281.2449066150858	20768.030360892655	8819.616267468498
1733.9353807216723	21980.153770556903	9078.151576249564
367.0386894633242	21116.282659217813	8948.251699735327
363.5039453560119	20757.515760409875	8669.188994861803
1096.2288018894299	19876.328416211592	8865.331752783215
1232.3320614147574	19959.736240748156	8664.031773485513
1515.3677041396506	21494.562450877722	8689.776061812412
1464.210838151778	21657.67576920798	8832.4570194975
1324.650705459412	23106.34256278814	8736.270596369737
1192.1824524477665	21658.938820825835	8855.19726125148
431.1699911945815	20879.750987593205	8244.79286569468
1557.5907124641892	20762.166238099588	8810.053491659604
1931.4566458585866	21943.231883866672	8902.87545296888
-110.25691344512862	20735.132427381068	8707.02372335625
884.4408641262012	19344.197792002506	8778.781777709193
1201.8304603212134	20258.47856076724	8600.543554478008
-277.5151147878209	22098.53813670808	8464.110726664643
188.22293884760057	21560.46570733689	8525.598846166438
2302.263144309599	21718.911820525285	8995.143097936054
414.9651698134858	22681.82234517525	8527.834392876042
1152.960618393843	20689.388291465482	8610.552829025843
1310.9865305755318	22823.520700354777	8815.471672657808
405.3225899442195	20860.31693463545	7953.964550377511
1948.0464302080306	22951.865607707776	9312.455961792428
1600.5156064962218	20062.633788468618	8701.180898890912
834.2231959983164	20854.90255513309	9242.969474510235
849.8004240910951	20882.71720102464	8709.442967780253
642.2167119439785	21151.44737460321	9128.151339188787
115.18639701821576	20763.774373130957	9027.181811742621
-344.9339102815952	20587.339849784148	8766.344873421094
-14.844128198606953	21137.198064977052	8428.153757378584
1274.2616175634068	19458.781073871934	8219.42200965991
1163.0067503654147	22437.659073961233	9088.684696179576
1102.8916504605158	22496.940764175928	8883.671832021113
1293.7593170678988	20131.874409722615	9222.056252718878
982.3143268450275	21041.659514217972	8416.852793339533
2175.877235655583	20754.436177515647	8928.773631413396
612.7031751449118	19836.219515899786	9127.790435189254
1296.0451778639963	20716.941326857268	8664.271301291024
936.2879465462933	21320.43407239624	9183.856951495049
569.1253442917679	22183.557142069036	9142.929166393053
1118.5159129080898	21214.45273499589	8564.38242487298
1282.5218396406378	21074.911555324747	8671.937907658912
1132.8250932844016	19552.06635642048	8560.236176551314
597.6524666858581	21461.917642378965	9308.469423204044
2015.2242770266225	19727.541075894973	8908.288296597735
1268.6538259829606	21798.899091995972	8230.032027799412
1667.8240862701748	19165.61877538182	8853.953101353034
1035.1846155938183	21934.5240213104	8340.654724710474
1454.9931596278861	19175.281390696375	9129.06274365064
786.2643962357838	22085.97141138188	8802.020137868403
815.4046096407963	20621.913294804104	8621.606256237194
708.5878145851045	20428.117584740856	8885.795479543363
1109.8771250877985	22429.385742437	8603.33206805164
814.1367920524008	23010.814626396088	8891.517105761708
654.0193407527967	21163.185402258412	8788.019899764528
1636.4687656329286	20455.1780528018	8485.93037348499
88.87219227974389	20930.305286832532	8937.43754817947
885.6026710729079	19904.74729495002	8701.453581692369
891.4027568504373	21799.155201495214	8516.02847693158
1113.2882522680043	18838.228130306834	8707.256779605235
1715.1841635204219	22097.408794141775	8488.807534691314
1620.768459805213	19755.891171623658	8642.609705560606
319.7525825277564	20086.976071004858	8616.644569633643
309.3308067454059	22162.961106142597	8159.360660450897
1002.7611876685615	20121.020080963342	8267.01233966113
183.09685022112492	19541.285506168926	8824.027081993432
519.1676843234228	19828.049375141916	8654.928862897843
1433.6402991571747	19526.013875269004	8507.054506138718
-136.12910898479382	20463.86694001851	8484.565590358065
803.633077198569	20529.01240386881	8913.944857346192
1560.1336855775899	20129.51361814984	8998.104741554955
493.09271902780466	18740.879143229573	9070.232901612439
1169.8034833195213	21724.067340140355	8605.046993878517
1281.6969631762372	20334.55865340564	9176.905490768557
252.50667597517233	23067.216592276323	8876.987968379453
144.17123754419123	20859.670845639852	8794.552568769
828.4257071465142	22523.745537106977	8704.637786908432
281.23803599672584	19576.764190563976	8634.055039576175
1637.5404081059626	21130.476907293978	9201.350796034083
209.14209707745687	21517.3445661907	9087.27663792747
353.24705829631154	19848.907208263106	8099.835892896108
811.1509085437916	20098.38029558003	8727.976802220954
2480.06281706338	20382.05189857749	9017.809264729136
-259.1348435624706	21623.48098083108	9380.193978774383
1143.5837737511058	20582.564769349425	8892.777863139805
61.95833320379759	24329.464461905387	8687.812444784482
-711.960601527274	21097.27510940417	8614.044769920409
2098.782547712527	19185.222003440653	8957.21054638226
730.5945606786619	21335.65338169487	8805.947410382483
1663.1039694859783	20128.35929104217	9174.449975306128
-545.31562324477	21546.875136797018	8272.651052108393
-103.78283565871723	19277.35536477055	8914.346417427676
344.2281228374914	21791.477829753552	8654.947207530498
-264.45302487365683	22119.80924299013	8776.211992484808
940.0390132262647	19975.557476457794	8912.741070794122
938.8601138833307	21128.220321655208	8475.053527543892
11.063572953651589	18981.340560497127	8944.723307307366
933.9573382886642	22055.163280869285	8301.583722555966
896.6569724462707	21433.100801360426	8782.116072170047
1374.5703260160014	20396.115960513234	8517.378099933712
1713.1043237360693	19628.24339380617	9448.416661307572
1068.1317970779899	19962.384125051045	8606.406212567565
129.3459694427629	19407.61573883232	8422.859856043286
1390.8716332420709	22896.83123227427	8901.597948902572
616.2848771544463	19987.76083815676	8876.240441328575
1158.6610579296844	20864.04148971115	9054.026653959188
-32.242263416772666	21204.34564158474	8447.781696157328
1320.9889456093388	22407.41816633122	8937.03272124168
937.2234042806961	19808.579083365803	8723.207852290978
514.0119208308447	22375.80167715638	8848.680313455388
1022.5350954128112	22706.02161132769	8914.082039595756
1551.9081633817354	20744.50921036592	8584.90241880836
1534.2318234018744	21395.487013277336	9257.713147013506
1339.8186779514472	20529.940078222604	8769.180858957512
604.2432298640066	20837.585862246586	8956.540995731482
-460.4998300573344	21042.85959362223	8939.997115785773
636.3830754962916	22084.261324567942	8530.275072279343
1863.9491529880174	19466.915868083634	8793.296201548239
566.9952295805535	21132.936896455107	8838.609007650854
1412.7353864367544	18320.319148013055	8845.722047452693
1240.1668610592774	19981.463935975306	9163.766810841733
772.5625315319896	19604.876719523687	8704.965149053925
1207.5702716447659	21260.33841259013	8744.903082038962
1866.9537726309788	21382.093143505754	8941.251896723388
1673.8007637731152	21255.854824076185	8920.321399924269
2356.0218377104247	20495.58626133478	8817.188922141617
781.4547225106015	20917.70083672487	8728.299103085667
668.9715145448841	20392.058085286164	8531.436375732737
1459.8725528987475	20622.076944942994	9009.300463388283
-672.7790032691619	20577.35215275813	8533.940264654713
2340.095966480234	19818.487424719497	8867.333882307597
-367.6436440689634	21740.835769517365	8090.668370718859
836.1515446064196	21926.12014625357	8542.509563147187
2614.374464527295	19809.24774086524	8971.500250688872
-7.812031036293004	21140.939120561387	9022.805754880712
816.4825003563142	19808.607269481887	8610.00695417879
393.25061120400386	20709.53870157286	9206.383455244444
165.39055285636925	20389.202849679208	8961.286125165672
1143.427880618877	21165.880679914262	8929.895878516634
971.4127663464036	21417.08061876666	8696.180191915682
903.0466064791829	19677.881870075813	8493.58331062191
1449.1431915438102	20423.71513408718	9486.681585957513
-574.0950853530426	23155.495704213943	8736.05049310843
420.5759710759233	21820.447583189278	8748.091451214343
1491.1749210453293	20180.215701407702	8733.466712197041
1152.941710816905	19843.05779518348	8746.897396726805
516.2385239769593	20451.631633862165	8741.403856999497
859.0710915714362	23972.5957498978	8948.684714722986
1019.5635279693806	19931.490794217058	8197.017452232965
970.0463404678281	19381.51006291965	9012.695378995573
1695.4561092601934	20865.485007472416	8680.36916158587
-3.865100816915081	19755.69357368858	9171.089992823972
1994.7109229593282	21885.977891706032	8500.59596143349
394.9802312718403	20477.78934304408	8370.451220337087
1927.9326221851545	21764.970298241722	8662.990565745491
461.83463697683754	19979.51852596651	8839.773745029754
1401.2499057017849	20966.95007119311	8555.78055727544
1159.5271440470449	22360.195837146144	8727.73798601157
1540.0518642119057	20382.827005975923	8534.98966861937
912.6120184252453	20103.919677953993	9441.18611424
1569.6236197875312	21981.48038783857	8419.011768359842
696.0383989275647	20948.22494417482	8962.982997718327
270.1744332540518	21595.79179662937	8762.89212094177
-161.92482136710157	22085.466520818878	8527.29558577933
625.6766034255118	22009.568962444897	9276.275873377135
1519.5692276979437	21244.58760517498	9110.10365514533
2144.426917209312	20633.86489154936	9155.275955922223
1414.6630888671596	20300.874857314484	8452.380251722432
2287.7877704288107	21680.741228335835	8592.17535294941
1108.3155079218802	20022.546378986644	8445.108785545728
-107.00544039691475	22223.92988349995	8230.09079387096
157.08059611560682	21037.221719505258	8882.445596720172
727.8078151471042	19872.73582613027	8636.018804458115
227.5845053067389	21287.145461670443	8889.905665717497
1878.2448879976262	19787.02043022466	9188.63809839952
157.52928618030455	20688.42304316073	8856.089948025481
519.1945405680206	21300.184427312728	8342.884654796391
2018.2986388109484	21910.24296461158	8729.407651647372
1955.2687424649018	20465.61881613114	8879.595336306587
632.9970710182007	18778.166987282984	8839.033455958912
748.2063480500124	21516.330675742556	8575.759968321296
781.9192570557042	18793.455880478865	8810.103952083955
1952.9722747310095	20200.2061115947	8570.703040307648
1548.863791976391	22046.39867968192	9174.756071367858
1320.4882047665267	19579.79935757978	8739.865676156836
1361.9523267454983	21144.987858537217	8724.827838628216
1676.2869358863409	21841.245421773223	8857.186510361964
-408.0451170141213	22328.976706077763	9018.405906050531
837.8320115404182	20508.952473723886	8926.631244484071
924.3290750090475	20565.093524728574	8980.353154088329
900.1057237318972	21559.611703455255	8380.60465880911
1374.8184318943354	21292.01411879578	9330.123583424072
1491.9081482678287	19306.52354942565	9336.737603677866
804.2175873440484	18972.64794154429	8722.597638893238
1330.4107923071629	20175.794399128692	8885.813248771437
775.6715585383571	20907.522975204345	8179.404458384228
-128.43378314644215	20255.671260388994	9225.549415083693
2075.693680485562	18463.220148278968	9108.646663767928
1291.712864982535	21821.539635254627	8562.902996901186
1844.4802978231587	20666.162352128293	8688.490694859593
280.1079763837625	19165.174574148823	8769.931321314994
446.61276690089204	22020.646083712476	8789.016464379467
1884.6932246532015	20674.068707850183	8371.116346495408
424.0927475325077	21144.548432140444	8836.893823187394
1253.0907129091042	22659.20773348552	8806.696355853293
288.79173140769404	20500.733784555625	9076.254794916942
1007.6248938276469	20928.228155144534	8714.678075620388
1538.1791179993745	21050.92907993809	8924.025771330696
1609.9497498903336	22173.266690585693	8731.046599411051
1064.9131472924223	20255.622925288815	8573.488987123666
1701.5832175966166	21661.84117869896	8793.020555408222
1657.012439311569	19729.121415845148	8822.804628734664
429.8380865793913	21707.612887513555	9023.298166459204
1857.7333633657272	20733.417810010935	8773.250989074557
198.73120464948428	21424.275531699015	8157.876357391033
631.7726038377644	18910.16506724407	9012.643284633608
748.9638968842421	19051.874409608354	8851.349516274751
1195.7961858686326	22296.43779565578	9292.280920214936
1512.229035239909	20435.68942486936	8730.807131150625
1060.3705358018278	18916.850512085595	8672.13596695164
365.17143205586683	19060.57651592918	8602.539166043938
2051.9680182110587	19586.261274881294	8481.73772691931
926.8982151266147	21652.531440333045	8784.857389192797
936.28055310914	20382.570428132258	8637.18877074737
6.73920918408405	21761.44472396827	9181.343301777039
944.4511213408254	19538.350920611192	8811.961016692458
176.78952188195115	21216.012673453435	8725.93297248311
1215.9143141646712	20187.427996657443	9182.954184884036
1749.6146372366782	21396.077364233945	8849.998269763923
1700.2155291495328	19680.199341826123	8606.699606964406
127.36871477237531	20223.834259053965	8655.841815150543
404.46476639562525	21959.967286690277	8320.001873325366
288.94967071259975	20107.557681676717	8976.229387368532
267.5788951132303	19560.53248992965	8483.266194633592
1424.001319010751	20762.07170858503	8900.111542422823
1191.7158740560556	20839.058653074124	8505.111210512798
1267.3170652293848	21391.02716549836	8739.155031531931
1202.5767494403358	20361.2338952951	8454.552352621604
366.69920480241205	21403.35618728424	8606.719362731197
243.71029768617186	19102.724764585964	8942.824457086714
2235.434325205777	20472.32132989867	8962.927468961765
568.8378319576517	20161.536940189242	9252.18671207691
308.2054260385322	21484.84076411181	8982.901680580359
189.49483264542067	21766.02691087895	8322.282480049378
777.7582888108877	21138.439661634486	8404.294379276316
381.5463890620996	22446.684628018633	8837.323545343766
1503.485255904335	22809.612381683597	8749.31223327343
1086.6778753055594	21537.101645988347	8815.599376153321
1482.0757721664634	20925.35219796404	9184.867892788056
1549.9458712899943	20641.827206893973	8559.215523561232
377.7489860070266	21209.14174732929	8882.018820075733
964.6513830236452	19784.437937560364	8699.028283221101
644.0624142185164	20714.170731790677	9055.608799056055
1252.5015610744883	20235.35363257373	8996.819949011233
195.04631100548636	20220.894172436558	9244.389485023823
1447.8828530160831	19051.156286223344	8621.601719210237
404.24491144260503	18229.780917303557	8606.73591185171
1406.5216934009795	21882.926086319676	9073.568697411321
1244.474648832639	19253.641537508596	9179.051263327743
1779.298374862762	21209.469114137664	8760.32005438128
1090.0088756047066	20484.93062704244	9019.447429215792
647.7041235384004	20333.29974438282	8961.281828734678
1276.5546867643554	21610.306355451747	9092.528368244726
1651.6721140960144	18696.318945337323	8950.94094672499
1390.4825815635695	20467.466124779075	9006.892592887285
1356.6290176835696	20798.948982706308	8495.099703926937
1477.1809162078823	21130.989616772455	9049.349519771486
708.2084838281235	22771.69151253695	8767.947578829087
621.4319392485066	20473.13566542598	8388.545260645973
1628.033433069063	20599.217652247706	8653.065859599119
1118.5112977897982	21322.623650686477	8788.24745587148
114.88939517181396	22250.490793478795	9229.94236458229
741.5042210179992	22028.819754407028	9067.984465833828
1700.367244631992	21430.300638044504	9290.787535274269
815.1935354365129	21549.896124479685	9166.319251798777
