183.69329701995852	18287.40353561843	7872.622360553954
-54.91125420344801	16763.408681800425	8126.506548449738
2416.7417993333524	17175.260687133607	7741.084070315914
727.5274783406245	18753.023618820378	8043.38126845055
885.7510147612178	17728.50758193064	7578.780857816725
1407.2307531092056	18069.863447822863	7810.846552367184
2932.9977076122514	17955.60813838791	8193.422939439428
324.23965086770045	18874.33066379482	7717.841187406419
1923.344451170492	17288.93094217577	8057.5180466256825
-79.07966829561038	18550.23369272267	7868.594350843802
1312.319554724465	15179.579889446713	8442.655700188552
979.4388778550507	19172.304008928433	8047.59001567374
1199.6829099728566	18415.859809278558	8250.45716595704
2561.1327173464956	16905.428441637643	7786.014443620098
1878.7969322996144	18401.22962118002	7779.529830929566
469.6361742727924	18495.99593093766	8539.297422531597
2408.0602111052385	17872.036452813183	7972.528669883415
1150.9836375587893	16695.264857951253	8447.446772876805
1868.4143883506977	18369.102003660304	8413.900758900116
340.00831365109644	17851.015241053377	7710.036038660518
475.6406987119492	18063.130000748628	8010.530801753323
1151.3033775153342	17380.931907041297	8103.6191487942715
984.1082714119858	17207.331641397912	8302.96784253253
1565.7325715031402	18179.168720866113	8041.807298632314
-631.3075702167596	15960.075492076066	7861.820862573781
1823.4187936143678	18840.73951416277	8510.388692327037
1864.1271016669461	16346.239452916385	8212.372376938512
2392.5644716534607	16130.075804445463	8896.32396273433
1848.1145617160719	17838.76468307886	8459.497758108926
2172.2722028688504	17149.734683131464	8077.7114503645025
550.1588026810321	18634.674405673126	8457.456575294442
1089.8831193654457	16397.083298912006	7958.38169810909
1658.240504769289	17977.323145574093	7997.270029053343
1850.4244975201252	19060.424071116206	7870.813862801417
-7.230908665196195	17305.097655905196	8075.0113202973425
-128.3910725055062	18028.09289847274	8476.952487530805
885.6275533916892	17576.60299796949	8523.328842555435
1657.7782490570346	16536.26074274772	8325.41833431122
1892.5173215864518	15489.793443876484	8605.427438577719
1484.6049252108608	15862.43244146499	8479.69086835678
1242.0172194807315	18522.722767205018	8076.5480192767545
1458.3382995392315	17360.021784949193	7799.479487445804
445.8829029861149	17119.143518733545	7827.771574413438
1006.728177344194	16162.822725047892	8475.716109464956
853.4603379142966	16822.688418900052	7792.796583177718
2018.6685327534444	16745.91689879714	8276.84809306104
871.8614178013397	18292.35524463811	8307.603500622821
2456.2075874319044	17003.747132468838	8489.732405073826
867.2017621250612	18008.500481067593	8099.7752706281235
922.7349459899409	19447.178529533547	8494.82898925657
1262.9408076166383	15711.156404030067	8141.396693128067
1167.7939836626128	17898.172083643654	8611.839960508856
-578.0583999810698	20016.036897194594	8597.585674235566
1191.7250762558517	17551.545495258248	8521.829387295595
1413.9652149157976	17490.416238731683	8315.227922527054
1366.025283467492	17664.496674657934	8254.208023116544
1483.8867169652435	16873.66201828782	8438.947008719499
-157.11277518980455	19110.204137921093	8020.345839092969
233.16733566943103	13897.599654366402	8538.841343731634
1006.1687999619787	16597.24738472613	8213.849428187188
1282.1689818473951	18113.781036643104	8314.54385088619
-106.5845051759939	18433.3525359228	8346.764924740093
1193.8166085568414	17513.89256624492	8358.78961859886
1038.705472414105	15743.679932738494	8334.72379145815
985.445728865169	18288.434896553114	8383.25124588259
597.9877666836074	17678.824707887205	7641.767743063257
-581.6545878044946	18073.618214970513	7840.760635080824
2181.0973352263914	18297.270416609077	8113.985717998635
1823.7330763777434	17510.90129146437	8078.556376959218
1905.8312388103805	18140.03856487286	7876.36337619753
319.2147744274507	18834.759139256377	8046.065555957767
1430.4741005357203	18741.872237045955	8108.979889935971
2006.993697756126	16763.809352692675	8484.623468833748
1153.2559286614996	17527.622646478696	8081.272800379484
1191.905254614021	16849.575675294454	7972.689363294687
1606.4754516970254	17983.544979240633	7418.172420616154
1274.6314864666567	15933.59869740842	8216.800900802345
1521.9447100550165	18677.171485467017	7678.233669960023
2668.719733194648	15489.355715871568	8328.241974956176
1312.77778928055	17519.810949577433	8111.181616698242
1934.8978692998517	16749.61761825328	8152.681617118477
1177.6463829446686	16900.28677587646	8272.813130507506
894.7738214639518	17940.986751248773	8377.152857737849
1795.879480899273	17743.053892170818	8424.760775649362
2173.0843613977304	18671.25320024142	8435.95462677855
872.8038680195029	16483.330774684167	8156.0784965050425
792.2785373025555	18536.315102444776	8239.410528141141
1595.222169104058	16289.948104518504	8426.450237904972
495.3406193789079	18034.67801384988	7975.995434971655
445.9900827940338	18688.059214718236	8293.546950432125
-124.29221949415137	19197.08818239016	8389.250237138624
1603.793293966965	17565.58021956761	8113.445411260725
2769.485713922126	17048.416767285238	8672.011966941172
289.5178065295037	16499.65028634958	8504.74614663445
579.7205066428149	17633.48620165551	8289.222482268266
2062.602182640956	18748.295763929593	8734.159626856228
497.41874096168533	17104.242062409015	7837.786193795735
674.9910182792399	17561.06884650779	8003.555629261584
2201.555365223068	17194.26364131108	8369.615720748607
1825.2692377976405	17888.797893384864	7638.072323299759
1391.269669437047	15740.068056072458	8575.314735413222
756.4880481494054	16453.33249344895	8387.58494234994
1350.6905842878668	19176.36736227889	8070.482213359589
2327.945191834109	17755.084024248874	8362.650491585015
1058.9631100208755	18463.79630345445	8152.918209800391
1139.8085269507624	15732.77117974682	8161.415318147116
1970.4882473257799	17665.110056319372	8424.93981590282
2045.913097456533	20089.82610593876	8713.209126275407
1835.780797858483	17722.84455377505	8051.241333857496
364.4512290055074	15962.876311303815	8180.552706600322
1557.8829439063377	15985.161011258666	7825.518431374198
1589.7017336496333	17098.076051466956	7895.810861260322
351.6922916222095	18355.70602145373	8142.350975690887
85.83686369545298	18390.137088255215	8240.663405824434
2077.3381464465497	17165.351234725917	8260.596444970179
730.2307385223615	19235.237016200805	8285.47071622922
1766.6249307899932	15625.573648582897	7971.778812315849
1551.1499029975112	18163.753841548314	8244.167639714324
1416.1878091022686	17997.67154873337	8853.854866356658
1375.9504225105657	17923.057681722385	8091.491784283351
1830.812888896801	17167.25840630364	8216.82237374399
1272.4316715500115	16239.996226634028	8094.980334514356
1859.155224220091	16897.27604633935	7518.041907425302
992.6082911065021	16533.49113296283	8250.650189113767
1863.271723922696	18580.126059387752	7930.257181271441
951.6657849815216	17462.684893001526	8114.059717026371
-390.741981346875	15900.150736854672	7588.75472033478
713.2706861786932	16200.139837603496	8063.455727736988
879.5741527959491	16034.781716559664	8129.956727962355
1737.6578523851308	16076.155924887207	8207.79305386711
1590.9362154339203	15451.132070146654	8225.694678844347
-105.53445366048321	16972.813507622628	8159.902932568094
1315.0009474672513	18341.614215527097	8491.436449669745
972.5287338838053	17114.85144673481	8595.96868487748
687.3793780298475	16564.140791522444	8870.834548134018
1715.3443558305648	16783.621082893518	8023.694638631004
2043.6694526255471	14398.889326604538	8385.211997347944
1474.655354475304	17648.024112390056	7986.779302520457
2058.732784923994	15885.027939560121	8316.387647137364
1742.714494349264	17946.561712199786	5432.042774441847
489.2104845705288	18192.26968967858	8375.613851221231
2213.556903309673	16417.779431124825	8444.465427427054
-282.82998688251706	18170.88453884539	7694.995048368052
1955.964557239391	17096.478473146577	7934.2134062052055
581.4994087205249	17306.726643248956	8387.739402311316
2209.2858705915005	19189.40031213949	8343.655791375628
255.60311809422524	15449.55060547669	7590.6669642707575
355.4081468510672	18043.614250093888	8152.428638408346
-173.61022470660387	17731.614611920646	8042.015252168297
863.0104750939323	17795.52314881316	7920.405033136937
1260.5850756690008	16725.791517694615	8261.903284195441
1694.8750187134785	20506.141082436876	7797.1223499694315
2379.904121010372	16867.046300184284	7930.066236790445
721.12286871363	16134.180070266548	7905.22590389116
75.58403914750055	18344.085062672515	8078.019828395806
1287.7010360139375	15941.75556057789	7861.657937688441
2131.0299306522134	16918.21161675111	8267.935393586551
2425.701090275378	17183.32763419032	8065.039608030649
459.40551615079573	16844.14974980768	8301.470278252535
47.35146887945359	17856.31726894837	7317.073405891739
1074.075868336687	16153.45990121443	8534.048320425723
762.2272943825608	17662.259775618888	8084.829598426057
1861.051467716009	17078.850099122727	8546.305206260851
1699.170554900875	18124.926163916196	8116.340179210123
1339.2105420676671	15687.748368549599	8214.29658408716
1091.8692218955325	16451.772525169734	8236.264583195332
-293.33047257213093	15195.66211429589	8463.03086422198
734.9838952818171	16759.789799490896	8238.108044245144
1069.5998574241364	17054.35458632792	7927.504644504333
429.91643123422966	16721.350769988705	7384.981580312022
875.6527586422372	16103.678848295245	8280.828678338123
2575.5728050915973	16492.391688853684	8620.809113497939
1622.357643316364	16572.742899258643	8164.610204793963
1067.944773879352	17498.71020126752	8014.6640488375915
591.2073981591777	16448.866042413996	7847.994541125112
3453.4352972069164	16374.614932593548	8159.0194829906895
1588.8339038919205	15217.480542045401	8082.834721844825
830.6960123308312	18502.05299404453	8157.791813009359
636.1061642241626	18264.164807957008	7562.468820060279
1218.2496202933887	17237.31803582167	8168.9399043252115
1598.3892858164645	16053.23458217133	7969.431367967041
2290.895247724289	18533.207354159378	8121.5775784769185
1059.679973867389	16851.179708898122	8726.882607768419
88.33182778595832	17163.748364863983	8452.181230783232
801.5424084540388	17064.2955867112	8225.414607005114
2097.293487483229	19336.12474210537	8394.934197621442
1968.3401823461074	18301.66533738974	7931.452701954295
460.237557356682	17692.071110143872	8603.136416506053
1173.4598623641307	17198.264050806287	7439.067182922733
-58.12482324524337	18040.63503442338	8487.387627689992
1008.9259393839721	17020.896002023477	8120.973363853493
1827.7797409272139	17453.99409622518	8632.929204335269
1552.6449468847795	17674.640945848045	8510.611282344289
1511.4353173982763	17292.164909134754	8195.010724772972
1604.6716620654915	17184.8134025034	8841.292820338562
1511.2260660415325	18754.170934811053	9031.15605264181
1147.5505205587708	19283.20733832816	8351.200567708212
548.3004539338751	17923.206684796965	8065.967541078836
551.2597205155251	18735.34057879632	8026.44068281786
1896.917393249396	17424.726811219498	8237.843462433384
1050.961285470979	19456.648077693582	7922.9199707399775
1460.789584846705	18384.47780279443	7970.768069227195
1597.8650319419387	17713.101262459517	8463.94322893949
1232.6663607678636	18610.798021839193	8383.238424745063
1548.0596189615812	16803.242426332592	7873.414635931873
1875.3174680385687	17909.4901789786	8363.889002728709
1717.161899666637	17726.158747042227	7989.116266058754
1795.835299312982	17100.60055777301	8341.211835782946
1571.1762779746678	17536.295117795285	8721.657752540857
1369.614589934441	19530.76630543177	7785.663700756599
1683.4167347310645	15400.350279793436	8081.059680359514
2664.436968460437	16565.7352368852	8335.09517288705
124.6759604986379	17910.515325110773	8080.115640437266
1343.7040571181076	16126.72656233507	8047.580535817526
1935.7966742628591	17510.46679111068	8281.897058586826
630.0247381050897	17510.467788968534	7716.028837080372
275.6585047972315	16505.559944811015	7524.229703866162
227.02515483240992	15876.539554107438	7997.9165361004125
1886.687814167961	16882.9123182869	8310.290059842207
1723.5686437387162	16670.722367722603	7938.10471027282
862.7956468402192	18839.28650159336	7963.131490508
2396.1559518372937	15844.044461922933	7932.6473890869265
1729.776085969386	19256.021385702	7884.067632922511
2488.9452113574293	16542.771134732888	8211.869448399484
2242.490683751184	16886.273260314898	8260.74468597637
2161.015388253113	17057.37672516011	8656.761183639544
1163.0459716534413	17141.05193186888	7829.1089574865655
-61.45661478645471	17180.89768971013	8105.486342083099
1930.0165704118156	16838.64896587087	8667.229691691726
1681.4537759086234	15870.049071517644	7837.807304349873
107.57336571366811	17925.662243872186	8077.136333773429
1575.2199196152303	15171.365941455406	8026.893926803922
1528.121475463823	18557.494743904168	8016.018741725778
439.93593182183645	18696.6810513627	7868.326633639049
1727.6649446176784	17529.460443758206	7818.005229659291
719.2944784618728	15165.345694228514	8446.49087890319
850.3537778265003	18759.099593609004	8092.196319747253
2620.6982490071155	16572.209492086473	8003.1984282879175
1141.991375990381	19148.721407664892	7745.8595134364905
1679.0038285575902	16419.236305118502	8667.627071181034
802.2137554462632	17189.335500940695	8211.32218608399
2139.9729998698426	15996.92586423763	8488.132701964905
1499.5724792412589	18080.097370753363	8019.727385527521
408.90054290071737	19193.803948582387	8163.9213506761225
192.75214115980717	18659.899394340355	8354.077556989412
1764.4030863383334	16867.644630597963	8295.135566305375
1369.067890133698	17661.90042186346	8116.286929641351
1384.8084187749926	18917.283904386724	8296.41848053584
1470.1074740279207	18684.916683704116	8517.355751934469
1196.6429088946918	16861.53495303864	8172.460048582741
681.1397928451659	17473.735942383693	8244.080276375267
1452.9626454231832	16401.667401150833	8424.292840632348
1942.8945374302596	17668.573417604446	8140.539645010091
1611.7285527616737	15629.197540998082	8042.277438471703
273.1758411308043	18858.998487224424	7718.8215761014635
1348.0936870194691	18210.845507806764	8561.039470933449
1917.9682107991696	16553.804259808927	7718.781267510539
281.5493411510954	17543.207257445025	7933.1863904317515
789.4470093078396	19759.52129426091	7879.464877983708
956.3150812452183	17950.22906195568	7829.283639060002
1319.755905018553	16577.574512885956	8215.368842880729
-90.18905203303326	17684.664031560635	7966.039515381069
1572.8250395715106	16858.90270874913	7961.1179005900085
600.9516717559736	17816.370354011608	8511.674644943601
-765.7804113159157	17231.637454211315	8599.083170693577
1792.9827277204788	17394.333653969235	8196.409722749564
1081.6227061540496	17540.110567152882	8123.516374442882
1682.0214031243663	18043.79702951816	8493.832752466376
2205.3402428825843	14866.872887293424	7908.547232271282
573.1472553855109	17598.38228014308	8659.933564366906
1649.3797907911332	17320.870667456715	8143.861297109483
351.8994029127686	18788.747905811524	8096.378665840409
1161.7027209139778	18817.12225255716	7900.327121349629
426.2980178728804	16766.45849412204	8086.379879665292
388.19297595056327	16461.410605957168	7873.302001173463
1516.7701220691958	17636.318135348058	7904.173205049597
866.2630675045748	18155.068838210802	8655.03854823203
1164.097783572563	17234.49233314486	8208.379052601967
1656.2274144997227	16721.487337872113	8247.269997732528
1210.4594404793424	17862.74074457618	8540.697863701615
1476.301941592447	17702.953755599385	8084.138299498895
2065.308980206476	17341.26730370293	8583.510866163804
1093.3249499792444	17947.908655476338	7815.814316074088
831.6584621731951	17208.12223517717	9110.812183910095
1439.471184946312	16599.122965589526	8675.208299124435
2530.587133514207	18212.80968411624	8406.046244682855
1959.330138184501	17507.686171723282	7505.178313194886
-518.7296770469761	18332.063349596392	7834.576919798671
1598.9741760528354	17092.2202602529	7589.357789529529
1365.1149051456862	17034.5385527545	8116.207190577738
1623.2619854031527	17562.960580700743	8030.309853365116
2184.8207233050366	17207.669897675416	7436.297667926159
1264.3416312448487	18415.920421140487	8106.034838273539
913.9069140071196	17937.19907373626	7788.841665818824
1965.254064347462	16762.083022697436	8181.009419603927
1788.588615496969	17400.2112783543	8005.488192155269
1585.1736744433258	16744.281566914207	7563.785754434672
1326.329034849087	16583.972618355787	8374.446316361556
2562.423940730944	15960.305466684254	7817.715160031289
1683.7609676566344	17176.6697900515	8245.271605607746
120.71282779104996	17813.862940998304	8515.380384569673
772.2813278023234	17220.80837227532	7724.840314143743
608.4686316728968	17019.430581199493	8392.571538721157
1722.340461831629	19486.938504329944	8454.694942239174
-464.12332948133474	17910.14843155445	8039.192266252979
2385.761023610287	17022.623011860418	8328.602948308202
2136.675889770656	16725.02701045601	7928.739097251629
2080.1327945026765	17236.91700486145	8687.581254744657
842.9852044335624	16860.62671670598	7316.635895413222
1080.2392100277114	18421.046752735554	7983.459314953679
1185.566048595381	18079.229971400946	7987.800466768004
1393.382985933333	17120.649261619044	7944.192691897976
922.3148187357523	19772.050647598466	8171.632341671768
812.8042822527183	17521.990791883323	8141.020883264111
1079.762276618641	16291.537722355746	8153.188674245572
1185.6665767621585	17621.55114287928	7848.268863942526
991.2690455875071	16973.577562026723	7889.7483209734655
1096.2739774812908	14240.500236516295	8812.454029623334
1635.1401448709685	16563.502544782623	8199.227495496247
2039.8089557167625	17596.208880243645	8018.818930864492
718.7592981765711	17242.02664373809	7812.365375706542
1440.0500252955997	16933.36734818619	8769.253349503535
2182.1110665293754	19256.758137418256	7538.046109989025
1220.2387645846036	16120.406786876545	7924.2548507677275
1364.1103775934055	19014.975230079617	7932.761715120094
2004.0657055983327	19082.848810379448	8213.726792954782
1138.6256950417846	18781.93200368466	7450.898679809459
895.5858271259567	17109.63513026627	8129.496452757315
755.8431330953129	17208.903431702805	8156.375301638524
2498.4133992676993	17711.424655441246	7736.9383375056605
577.5098069168819	17774.62102262826	8396.900793643339
1540.4421265732672	16512.59573105125	7580.032567980868
-507.4209367960681	18263.446875516933	7873.0949836900545
1544.657505649671	17807.89748081764	8246.400952782076
1533.286706562716	17237.5477075965	8146.027450525142
2586.8290789703883	16074.351680401924	8356.125181764293
1491.0265225477438	15920.350776191359	8242.487344688618
890.5791446901178	17560.164745726262	7924.756160139312
1517.4940869635193	15189.868003509253	7758.963791665389
801.3657226297313	18031.1126177774	8052.603475363805
1960.0682442748641	17270.68452287689	8514.089496724804
1363.3514046653593	17852.93337317737	7904.22667458989
507.7979411737277	15995.964242106265	8041.75099805996
-1109.735859947481	19820.946316603488	8745.416318396958
1970.0620341594567	17196.7498243028	8022.092612747602
2127.8212362712784	15563.82702413762	8155.330948707295
1861.136761481275	17145.609041935084	8302.556361590448
2488.3993598390775	17934.498779422833	8153.3166152305885
1222.2253619038215	18001.474816212296	8187.58566858756
1190.3733437178576	16170.665689528207	7788.759570988899
2966.357041266802	18385.529327829405	7972.215864014202
1823.9955055689477	16673.732158998464	8285.468258469513
413.7077451589385	18766.027573684583	8110.600961837441
1484.253995281016	17124.548046688004	7898.720747459175
1226.6860691441675	19851.491635613493	7935.390230447479
2043.6768376960474	18857.596337156207	8916.878886049839
1680.0712407723884	17370.70204255102	8066.076145627346
1148.8793612598665	18440.20725041307	8822.00785312677
2579.851210442859	16118.591803371482	7850.89980582247
886.78776342834	18384.50092138148	8148.826451246616
2110.268490086424	15708.351119010853	8191.570859324838
1269.9350316190298	16907.51872776895	8552.30016566001
1832.4734310956048	16590.345466455867	7894.7771347922235
1042.8836064132786	16333.588738487779	8065.911079096879
2702.231095763994	18504.171600629055	7899.358534826526
1983.372614821241	15577.772437658161	8484.5246133459
891.5504782236906	18739.887437034835	8042.28225306268
971.1679054547649	18020.005975608565	7978.229008595206
1150.9312289459726	17698.93521945384	8423.999273154053
1593.1582475644632	17957.323305749946	8041.0711341766755
1122.9989585626179	17498.255692504437	8685.833221700794
381.6881040099153	18684.29145693448	8118.06057269839
1820.7214627243814	18848.11537568941	8238.987442719112
1257.2969789615581	16921.28169747605	7955.113897364296
16.09981077027359	18662.502675377018	8847.775485713528
2104.8611652606664	16622.110222890333	8320.454858407647
2696.1167309276416	18284.38071748046	8420.822558404245
1545.0016674384058	18962.837685081417	8210.17326371932
1819.7118669036136	17409.361733562644	8268.408209272073
569.3724082194005	16327.8985498533	8293.68033903801
1752.3421836605328	16921.504000263085	7480.033860524854
718.3723915131612	17182.380107829744	7880.321454467596
1284.4763322359343	17612.020715933177	7860.188459125994
2635.2431606031237	18286.80085700746	7967.526045274928
1550.4449089988707	17184.284340535844	8082.083986347366
1.7007871878116865	16540.850691159027	8073.056106691081
871.3308437777295	17111.10331320724	7780.335252541198
3155.1580116557607	18706.754620795342	8043.205901626617
2219.6541713301203	18968.323653354142	8281.343723588496
1496.9002048123343	17589.203084624605	8244.819595485611
1219.7550082888065	17759.14510402966	7954.974586836009
1529.201070501151	15583.718088881806	8094.78924503928
1004.0498636798944	18746.18181056092	8039.02547513267
1846.2492178317402	16981.860898216702	8366.511875705892
311.59480029058653	18760.733806046308	8193.115935754906
1806.8328852746338	15856.87718290362	8491.94709267935
73.97895340454669	17555.912686208067	8292.92190441045
1482.1965215942805	17919.66906498893	7645.573804006671
1542.1110914458095	17524.857938818717	7989.497795970448
1410.696097265354	16265.590592955918	8053.040952676385
1770.197362865435	18331.171193761897	8105.091414868281
456.3675142458266	19420.124875903562	7969.69620578289
2332.673047329219	19348.186936739923	8000.564498382083
1770.6633010060702	17183.762082565754	8404.273433694907
1054.412023037337	18542.60208733437	8530.803277063622
825.7983051137968	17481.83945469657	8419.264943253083
604.3157225965602	17230.84460177461	8014.2521104959515
582.2122062890936	17213.331035740834	7855.9283676744335
1676.8384777743595	16288.345608021305	8035.815162816245
848.2110569521905	17838.604157101086	8007.4251324427205
703.2025297558711	16630.33712240958	8145.999734815745
3104.283522525139	17066.620026084584	8267.66199133028
1699.8290505773168	16641.795918515327	8106.615172449553
1643.7874936623305	16656.15568698564	7682.523826190273
302.8295221471581	16906.61862614997	8216.267918567612
-95.17403906155553	18941.620188358185	8224.542651708218
456.9587395130018	18152.54901683309	8881.519441765446
289.9701360655181	17958.51228191601	8149.479037701779
1332.2732241518545	16860.92776537067	8165.227190759652
1238.7781877432024	18464.80150321914	8180.54602678776
2387.228966279118	18172.55404418823	8074.386283876019
1679.4350932645607	17263.929487333513	7865.37433986447
1081.9408277342254	18091.06153804655	8440.111607260898
1886.3673527977596	17184.956190146466	8200.547770533432
1569.0923703665724	15795.858232442732	8632.955998274398
1553.4495499073444	17049.939112961707	8202.482790136024
1042.704361071787	15722.694850177731	8312.691742109691
1406.4540761144644	16241.170918895157	8456.392062899686
-129.91801344574188	18475.150705004155	8586.637100707301
1530.0961544952027	17565.424334144813	8303.581064074424
566.0157261207471	17346.05364693302	8391.896471456766
1359.1594127122269	17685.457968314204	8257.197757005666
1209.0462539343027	18867.777292333085	8618.907652026795
988.4566729126878	19444.470907825296	8461.314889721742
1595.1913589070477	17718.717013198413	8320.962743045788
1768.3598643144871	18787.14753794728	8444.641747976759
2201.635690602815	17133.13970303396	7865.315257366414
1261.8240576875435	18992.330361665056	7927.069276777458
616.9293742745061	16889.11564747569	8242.8202247842
1932.6844182717555	15191.198760248393	8092.811501760575
1785.7433942832984	16396.470644789875	8014.9734476139365
3020.516190587159	17267.5641749496	7394.047038134275
856.1872532794068	17028.6270374676	7513.217946336628
1960.393599791223	18089.97953182492	7998.686936695563
1717.2596156574925	18321.038880682816	7598.573210710935
2398.5166687717215	18731.914619272815	8400.422558822242
1072.2927029532864	17730.402807914415	8959.332605920932
1020.9601538862287	17559.36121466269	8596.064172317947
2051.811981527379	19105.00773104934	8175.476073613162
1171.8330940967676	18315.42573680612	8169.833392644873
1464.371601626569	18631.455990554085	8035.1287427532
874.2462638775339	17418.482483842243	8046.138230905321
1408.954335562959	17113.130646387617	8296.223582378929
-262.6007154984199	19013.917669898266	8394.928332761221
2242.3152045116194	19080.556607411378	7777.650634319446
535.55812961797	16361.169884172772	8063.296675135019
1545.5376074414373	16239.110724166361	8192.087023385597
1348.181219527909	18464.01452002118	8214.222951739974
2040.6020219344668	16647.04519209911	7987.775988108187
735.5041647991201	17817.658260139156	8032.896650984973
1773.2195736409365	17201.81213506291	7672.562783072628
1115.8519553767503	17196.021729668413	8344.290804669416
1846.3207368452636	18597.005216359754	7747.21560979084
1985.6813458859665	16375.400080491203	8162.415775271128
-151.73882296315853	18916.53113335097	7774.258316140622
1002.7692560306268	17167.789758676674	7960.949968845822
2376.621980443362	17389.49985904777	8255.999645934997
1857.1552697975214	17353.708389592717	8405.839628411775
1436.7830595925027	17587.855833471145	8311.83856343091
1913.7194138087402	16937.65301483158	8401.561881354857
348.1164357185084	17617.82347361197	7947.604047838025
1285.7189341009866	17638.076038160692	8300.929412217543
326.34060614691515	16748.21871595226	7880.047163249126
-408.2282021972727	16994.890500493326	7986.450042003625
1384.2623065951386	18131.503528608642	8707.15002719034
1419.8991109140711	17851.548240803262	8270.734387894
976.2636964655197	17434.757380490988	8110.111346775503
1787.6123305975257	16775.196270399803	8166.850963409308
262.30567175921414	17560.551039584094	7815.31201564863
2704.701222093478	17819.320743324774	8596.133300111971
1936.8125095016978	13821.657213997469	8356.420859866137
628.0958746959044	17971.17741867667	8244.277930689184
1360.5665733538617	18761.97250231522	7975.212429477254
-517.6764045016758	18978.650608652024	7815.242645336428
21.65555854570437	18250.93189709621	8178.772220451605
995.6640428498836	19164.040057556114	8178.128770671779
1708.9379838318032	16038.937322015357	7856.352315733363
831.3032993029967	17565.794256951838	8397.330404291275
608.1104290215918	16524.41651957088	8217.132805140074
378.01947373743394	17488.117977931095	8452.406018788253
-526.7718249594611	18498.445152128992	8026.486116092772
1190.8521986948558	18411.77589187239	8805.584201563193
2416.405095741289	19062.79292176911	7969.062972835772
1665.499681762315	18090.491602650927	7844.580890541991
434.5144852901981	17371.778191376703	7997.535867003337
-202.07360340593817	18062.035492614985	7655.558013746924
995.5094110933185	18968.43991272928	8491.636114526267
2478.7748892063887	16252.538653291305	7915.369790212511
1522.1922560603555	18005.416475238097	8041.389629917864
2841.3765252528538	16411.87331501536	8246.368003918074
3305.3308298203256	18989.060329144213	7976.4630833131305
2397.499855131399	16062.81477636377	8277.720549185668
666.0287493286138	17861.208417396876	8736.094349241777
223.1775232087901	16435.079900388137	8394.945507307611
2003.2128314349886	19037.21383028128	8375.801476781216
965.9003814973355	18055.545703660344	8237.634546076155
1109.4604846502652	17301.777144077536	8284.707321783304
2239.290194142526	16142.70785103195	7861.039593257323
1102.8517762888887	15355.197477405773	8101.540512554828
350.52097134588	18900.22222006605	8251.23282528913
1818.4263017937958	16088.836654025496	8043.913438429702
-96.8359854024191	18452.83062584443	8390.474319355853
-102.93831757802987	16931.66921024069	7718.936448077316
1784.9716206264295	17514.837694114623	8399.315774846571
1272.1019008006376	17990.214326787678	8419.135497787976
-17.654167579096182	18181.025422053317	8243.38205300804
241.7985329966123	17363.70596663335	7646.6804565547845
2878.1356276986385	14592.389358242843	8879.259408799699
332.94974460827973	16377.804688229751	8051.481086699269
539.5483850631589	17326.36030317199	7948.815938918896
1702.168153004904	15969.468274515422	8252.381390223605
2111.818595201918	19031.069207990797	7960.367356567098
1371.9841644617356	16624.201309774442	8339.312129768266
919.0647549726112	18218.34862883507	8080.036193048195
381.43199548745235	18041.111423235383	8014.676248618484
929.6000907066309	18104.84134953536	7870.860487681614
1310.9127564632367	18734.987678266512	8307.953002737153
1256.9230622189186	17561.5444095827	8963.943351215163
1219.7068006575655	19017.508240685038	8374.040278760642
-219.3988060603028	17266.744472054535	7384.914176927641
95.66235760839005	17944.02108417042	7716.368419813657
1525.3881725532951	18476.705112105967	8314.163699583321
570.9718287607345	16899.472172860045	8162.3778483907345
657.7813286229947	15553.342076127863	8460.658151350846
1331.6042881897656	18845.684207084858	7440.683860256265
754.2781180125481	17953.119104986956	8200.47476894022
403.772866231664	17876.51992800541	7967.5292760176
1917.045313428007	17703.149499330193	8220.354371283049
218.95764403790335	18465.91687315475	8410.986696515376
1507.7926561641207	16826.793662529013	8401.046190488578
1470.9719992860505	15395.877565585688	8097.757902232127
1363.5967194154734	17375.475565848836	8411.792771574666
2432.063984902165	20529.33150573364	7928.115415907146
914.0976425913427	17855.583359200307	7848.636750082366
1589.70586195844	17423.08578300168	8643.737486788117
1461.582110443622	17610.119462428454	8118.917270375954
896.1119835512733	20470.229168009944	8332.304323792316
1971.8956268316854	16509.59526963727	7767.099242828591
3053.280561368424	15368.24147820057	8096.40079168672
241.431673594475	18625.746725655834	7804.18990437054
1012.2753979720355	17059.100095892023	8396.209381064526
817.49433151472	19938.803295293485	7587.86313870793
815.6655069137004	17649.836455967874	8194.2784895966
2442.1257582978624	15744.497595338233	8651.34577514848
1185.4726083334185	17986.529195844985	8283.965979213555
1814.8372105002381	15897.5958655016	8301.33391728206
1687.1866173223564	18055.911045947632	8093.325109911897
904.0915410355537	19958.017767696816	8403.946587526585
1533.4401728294204	18065.656387928044	8027.450136297856
1477.4472329979665	16752.10942712267	8203.519879512918
827.6522311958535	16687.140187866622	8349.549518532773
635.579431709495	18559.012449165126	8648.62622864661
1921.9090670981732	18946.744144619206	7724.344475239498
794.3843744413879	17717.677074031373	8368.813592456641
1288.6032499257406	19379.146311218276	7782.6609415471185
507.15440312494894	17527.347957647413	7842.488942220599
1545.4750798812418	18646.806058674905	8375.457348263217
1651.529307835345	17221.965827992208	8204.567391281795
1332.723843736823	16695.125937096745	8158.006547350551
1876.542801236376	19135.082626195253	7931.4967363875985
1222.6473966569756	18164.543355603695	8103.2766221035745
1374.9918624407462	19351.564910412842	8391.245121082009
766.3675940179992	20918.960694936817	8414.286803129373
2661.9842765438566	16930.962831598874	8035.041084984254
1160.179945892361	18499.78840174148	7735.317285188612
1797.7163014779737	18880.659387402196	7525.842673371496
2729.5122593871897	17284.46133664303	8244.494816543538
2545.431901198753	16617.446768687	8620.164306831912
806.4379325244408	19636.343733684364	8646.331879455496
231.27716475551475	16040.586464388944	8347.077513910854
1930.260821085706	17082.52042173287	8231.28699798787
710.1768870043558	17872.14997484981	7483.930724818602
1310.4391249519745	18331.761083163023	7891.42433261382
1757.2403924385474	15566.11876469894	9102.447080060232
285.24235789276895	16324.62228419609	8463.96086156886
1711.4580502295364	16058.961313744849	8330.92415029805
1809.6479476329653	16674.272744074337	8885.340316333644
563.3372663684216	18943.17550237792	8126.637754341198
1443.277285330782	17235.80986652434	8083.154862808318
1624.7343026602405	18038.715678250726	7952.379524937311
892.6304082055125	18186.047037269895	8022.851945067788
1706.4997297722757	17070.974291037164	8360.712780483922
1537.3906259948758	17491.86348455287	7831.053450798049
606.2984152259583	16414.599208926036	8493.459010415598
211.85246941731344	18854.30749572279	7641.235169291838
1725.0043868578646	16317.95011405965	7952.3116849280195
1346.8593533996532	17117.997238910106	8113.7809505969535
273.1704841560231	17429.108293578123	7251.396932646997
674.7997558503106	16694.620707893784	7844.559699149158
354.833348516686	16212.487841027996	8069.203545008066
1436.4124709404537	19601.372947391872	7747.071249635467
410.6887539972085	17032.850937561587	8296.03070806229
216.90881552462898	17771.391836640603	8410.866011671971
545.2436795838418	17145.174687923405	8196.770980409949
2843.92211127565	17677.39737257858	8377.410915029566
748.4584981224948	17264.072626171837	8344.426243964213
371.7651976840548	19284.859853335634	8034.249767384507
1143.7147657311136	18003.17361317455	7957.561562645262
532.0708421738894	19771.748630939706	8034.148954575794
2547.582376929256	17489.599744211137	7852.007809327305
1950.2620301468016	17542.94391998226	8677.922138161315
728.2538101462911	18617.438219991654	7546.50063849769
1479.3655615818282	18741.776216392227	7650.1816829648105
1128.0970308641433	17866.161025406287	8484.081013359537
1348.3298839793604	18378.654851064075	8666.282385448783
-17.294355149780795	18642.493279877603	7690.1944026328465
1198.8558103946154	18089.263496164538	7853.948534073716
417.7602237273394	19015.32509440084	7696.144579620371
1891.8177524204038	19782.354105870305	8695.342692843777
1808.2689078472888	20478.099524319307	6374.895214432468
511.50173044807235	15897.419009600933	8517.029921391235
891.4986326205359	17881.243381944947	8527.089289886402
455.168380215505	16336.827964793736	7773.267857017454
662.5176318077557	18418.102607275054	7990.615611721574
2067.617692711877	18397.169996557437	8323.533994832864
2131.9340875461753	17910.78657904577	8239.689568523145
1489.7284974993654	15878.083697329237	8105.236189038548
1713.071453296445	16945.076246562912	8141.290082096154
-708.1034561246645	16414.31030573571	8174.025938955615
1883.9298017701917	17124.30968868999	8216.111888547894
1342.975015343121	16614.6587766377	8452.086454710903
353.5830647528343	16577.13275311266	7944.134256715099
1604.832766893439	18251.888369688248	7842.4694449163535
-187.71181913100946	16400.06634614791	7972.515730863855
1190.2975369452704	19003.27871448472	8072.646673173373
598.1993935773545	15360.848021899166	8007.6421202148695
1624.7925604228776	16925.172197854175	8217.26716729469
197.72960180692155	16541.16976586554	8479.456137192896
757.9939963445069	19047.715746826278	8231.66167993653
1242.368579899785	17278.68183644229	7946.037674876838
2155.1024595351587	18439.518003544355	8600.696073494426
113.78854327214222	18559.5350353008	8035.464226757195
548.2417627778042	19690.454898108237	8458.757302492479
2026.4317551757717	17690.8082952986	7974.981521198686
2352.3797059290337	18489.981463502405	8165.736517693361
2914.377838298204	15930.605669364099	7643.549998213967
2542.4398476376	14450.263027647503	7836.153202217358
2116.5103816331916	19304.943436240967	8135.0423214101
564.5427040049017	18264.96932169592	7956.466820203634
1753.505234189517	16103.58211236097	8592.580883957156
26.044697472838717	19391.49803303117	8263.416355336021
1414.3476589431068	17143.191717708505	8379.079508787261
995.3466868081074	17347.743946319802	8418.140883711092
2021.9442125362298	18986.846916594448	7811.442199331651
676.9862430645119	17617.76022129133	7791.2160508992
1533.3247907815396	16166.52662194174	8211.331593804425
1527.4275619948346	16914.462846548624	7291.62907253457
681.8042122824805	17645.048992266802	8351.367289915857
1083.2215764834611	18717.604765041673	8056.801663682674
1391.0823600223487	18771.344290270456	8338.614028808082
25.6083761951945	18540.551853602552	8517.21788968451
890.5620281436749	17497.03430164641	7878.078280852329
-52.344093875313725	16563.895513158557	8284.570910828927
731.1214667841502	15589.269375796715	8638.174635362006
1820.194424723822	13901.953636928558	8437.934920669524
1406.9798441697071	18242.196066594097	8172.913446973978
293.4134618897795	19035.44431016444	7818.713730093941
2156.0817183242484	18578.703834095635	8220.660737735026
2913.1517930467176	19082.678273127975	8047.405374005709
2016.6682915433398	18786.45313769995	7739.801795826716
2057.175766835072	16626.137856377925	7983.016012884131
2368.9375275188295	14663.609877996116	8638.778288015792
974.3487086394853	17068.59271018855	7761.865221592912
1926.7253731303563	17382.49021444929	8430.75391150189
1924.3070863332914	18487.82118975486	8383.327765227092
1518.223071832016	16076.018027705011	8108.7939082983585
818.0482017784074	18860.174605447104	8497.767623268624
-602.0551133231237	18524.654949666496	7591.729991392007
217.3344820447779	17461.19087178061	8378.363153579943
1769.7299149716719	16502.222399234834	8620.089548060818
438.13582119597777	18871.419412243697	7489.174393468998
1287.716920494771	16746.182863527058	8012.67287809252
820.4334299623793	18140.934982288494	8438.13084677308
1566.5154898156122	17643.546031823447	7970.239812071591
1775.2484003826346	20127.922905690513	8071.245691682668
2121.9698101650906	18608.47329388536	8602.754491546184
2105.9549155635596	14733.432318675295	7779.654114579562
1324.594706605153	17934.745393255795	8064.537249807672
1149.4962839235889	16603.5975548201	7988.765858327543
899.1299080642755	17860.357770714632	7904.0600668344505
503.99288035314703	18951.256192221517	8118.678573605917
2072.743508503233	17040.634703861517	8006.036536644004
1532.3182855553644	16671.157106031405	7038.263733000658
2055.7633970688103	17734.63370143477	7755.956145720885
312.17453274321616	16822.680155704034	8229.7100380871
1773.2034860746523	18321.932542086623	8251.701229914894
13.36146842798533	16167.316275972356	7889.770869475936
771.4994444666451	16233.093707576774	8257.360370285038
2048.542364836114	17402.42001058907	8035.7868651195195
1037.7647727125575	17536.80722348738	7961.1334915952475
2221.5224787676943	17318.14174296205	8369.40231660108
2636.0764459606216	16594.824195170495	7798.288489351347
689.4758016889082	16739.176174703312	8292.528758766037
1324.0395006693607	18822.21040447111	7617.666221521255
2493.7627410273285	18329.302993604528	8090.472849393611
233.86770231424873	14997.821893476688	8309.522669229038
760.371838533166	17336.67327864088	8025.055517422422
1730.1528401380554	16223.965772387895	8013.715402640115
896.9541661710911	18632.66667771329	8007.2516904995255
939.2167821033438	16334.582788628239	8293.624988318812
77.31072561033471	18436.580508465056	7673.8448313942645
942.545982979654	16784.714088465225	7959.17311394774
536.6035135061188	17607.442202929833	8303.532370129764
363.6740445309244	19107.420129265556	8134.265520766975
1686.8747725858752	14420.185550909939	8402.960094722157
1436.4429181996252	19606.117581105584	8119.8542394726155
956.4190242205048	18528.477952373458	8328.939446395207
304.8640445619701	19476.363804038545	8005.667925172434
778.7837075395931	17685.83120338491	8278.771199874109
1826.4157978220912	16620.394596132603	8150.146860461299
1754.2766024259122	17346.54943955633	8434.413235553013
1270.0205863555748	18934.83232597006	8150.019267680499
719.3622727857206	16592.59829956496	8408.177284221467
1889.4550620143877	17969.19843960478	8132.453172601999
2754.450773177416	19233.327404154814	8207.023917464809
1043.9178318543852	17047.37625007917	8257.993613485763
1512.77298862427	16598.271454902064	8584.474772912927
1167.8271200236497	15624.019420397408	7901.047467834254
955.2549718209312	17979.948667274148	8241.815410495085
368.27622851568816	16975.22279712327	8313.982768211192
-744.4174942534501	18120.205729294477	8144.549633222265
590.2204903638021	15756.657459793074	8120.664157157476
1689.3081121155847	19355.68841875196	8573.838448499839
1510.450249971227	16424.868964933656	7907.75337382001
1023.6501550530862	18911.339904214663	8048.901747475524
1562.4800579022876	16835.82366361654	7822.58041433253
1257.1996902218502	15836.38812691338	8657.79789651525
1242.8800022202133	16793.570123524838	8184.432238109633
2333.01998688649	18658.250850904205	7641.726101352375
537.2834112121401	17165.181260067122	7553.126882006476
1535.06802602199	16782.860434087725	7736.354649821587
237.8008193489263	16580.65270685708	7984.046609923788
1329.6116293224052	16236.513452975798	8114.877817814876
160.60841987025972	17911.049515806	7952.399685449351
2244.59757163763	18794.470089936945	7729.246989183836
361.81178647948275	17177.93872478616	8110.834041244496
1848.6546295144667	17796.65713583672	8108.539254195272
2281.4594965819338	18416.596630630367	8322.341572108518
1453.612557739501	19660.61206789197	7704.884930947349
401.56893960763284	18126.93804673067	8281.185260082399
-246.6624002534073	20024.040630143067	8671.418164798999
840.1788458223272	18226.884466684518	8602.760913580867
1070.064660840749	19624.22668382825	7685.947370990182
661.8272568995753	18375.768566705374	8917.795784321239
957.621614372238	18057.565238741412	8788.882829076932
1366.5089728828873	16687.519962948794	7989.890458236316
1774.5445951041977	16993.93574834913	8179.901421879244
1120.6642527101158	16782.056587584768	7895.573072999495
1833.4246351778438	17971.394977723357	8388.497278858127
1248.6539317883542	16658.61985811457	8088.181343088947
1846.7242063201788	16663.050500090012	7451.988719576797
902.891230757973	17479.62400586852	7527.451307475162
289.7732988998479	17972.58972702824	8412.362057661374
1365.7601587469765	16486.211912345843	7957.087181704658
1808.4826155319217	17855.24129580813	8418.646162003692
2177.7131843132624	17971.177514691608	7991.229284310325
854.2096821103319	15990.162980270985	8522.877537905119
1223.136390007187	17849.76592055942	8430.656584152744
932.5309816715014	17521.524048054365	7982.072521796356
2179.0393621381213	17670.009792606208	8073.898954985845
1914.7528103522113	15959.258328900663	8039.250164322447
367.6593506403307	17666.29679425985	8525.908966764711
2662.3617567727765	18003.4466470829	8149.196020144884
1869.9974418393285	17947.9123875769	8294.572183798255
3077.8606586828196	17885.55424978545	8029.728904284521
207.14993178541195	17092.35259410508	8535.431080460601
2241.9718158919222	16482.697493089727	8518.183360138466
854.0204387704049	17374.076401312075	7979.455568298576
1245.8464865991791	19010.847426661207	7803.663305496952
1198.1930317518265	18963.487398816942	8022.11642255996
1703.362724646436	17429.621032941704	8019.048696392087
2699.4029907946037	17586.816403822435	8240.360714062843
834.7620557139893	17119.425695477472	7980.745739995409
1437.5497106406128	18507.548339124725	7911.686920680998
1360.6514922125189	18723.64590780038	7803.455991838749
948.6622909559386	17198.954417953122	8844.59663245048
660.5437403747504	17831.606651745682	7967.49584448938
791.3666759468101	17702.329416250763	8088.433315591801
1390.0801555636813	17138.439625455707	8259.428679945548
1297.7213377473477	18676.49099227465	8369.829790721298
1597.4647050830301	14451.370939394279	8070.787567591907
1359.080270065939	17101.863212149732	7654.391667231574
1355.2831015462934	17902.454651130705	8370.463298533135
1399.3109637923012	17286.31621554645	8560.54697628532
3732.0119625400102	18424.68165640016	8175.009813696321
1751.3001136677456	19189.027928130206	8204.367968684906
94.85366068856463	16286.845110529759	8029.388620585656
1526.5790745454294	17197.23585074261	8338.565173275065
1824.0614462070207	15520.644679227707	7774.735528503199
437.99807997359665	17199.196843702397	8415.224888706181
846.517764648618	16795.66951729262	8093.789911415508
1484.5126639888363	18637.331872155937	8074.421913279707
663.5803820640058	16075.810733561195	8293.659309843533
1327.8247107042712	18122.674826990606	7891.208826207236
1796.140761234758	17592.15579734343	7725.807950405859
1252.5757568216204	17253.65499747928	8428.006337381457
1347.9959026227161	14809.625644574653	8469.959411800814
378.6112099547325	16497.209044839536	8841.12240765758
931.1196389957537	16924.53719805756	8098.184087722674
540.4504399174543	16510.50246659772	8069.813395468445
1152.3758376203841	17186.80960032736	7699.523808121734
798.2584176165334	17775.644025424386	7659.073274435622
1921.3616572853766	16418.841571837405	7911.115877299295
1243.2314336248303	17400.11034903443	7972.487409322028
988.8300839577809	19139.34965228369	7830.83655053247
2037.5114145460284	16247.801438770797	7807.906093678608
1340.484629481564	16565.534870352538	8136.098549552321
832.1544999198678	18631.233202181862	8482.03778368374
1830.557585517283	19356.978628950106	7942.640632086254
974.6847572218662	15337.05231441356	8076.844224509978
730.7489198293349	16458.367479607645	7776.888111850056
1077.6306141375933	18791.486358447128	7760.463506178294
364.65238127302246	16385.656846045964	8377.575980807567
1627.8307202319045	16964.17899849139	8279.607430664159
-85.12713486716397	18190.018605434878	7344.307779603143
1603.4583291880774	18570.83421327913	8400.370167367682
1224.5344568995677	17458.191357598924	8076.575697156085
1395.6565778638283	16581.792034216298	7990.799337691475
537.5006260440856	17246.127872814737	8752.414667097424
1515.1818288272889	18684.68963988263	7669.472557987963
-214.03913432635892	17941.825289407017	8491.874829872739
608.4493519194734	16271.084314643418	8184.6704159195715
1092.718215100514	17922.198221587718	8265.295130925017
1635.5540042933878	18905.281488702192	8221.727246402152
1707.4047431786391	17299.84074976469	7840.687444787018
429.8156498509217	17303.006372203152	8266.400100004334
579.3020311080767	19338.163510401148	8040.497898979525
1777.0669650891396	19180.36111737837	7633.874957534872
1372.1926087982395	16928.471859065026	7892.210192131735
754.3386187562465	17212.195361896192	8120.430219458219
1723.5900891476808	19932.522210613788	8365.8686429469
985.1498710819354	17264.40477944829	7847.95270356985
657.4881400937785	18568.204710459657	7988.577271042372
1923.6313657321757	16675.126874731588	7922.332556105524
1111.6246759462115	16243.605807395134	8068.2849356946335
2982.2897800736628	15467.485400776693	8626.000981518291
1121.571079740684	16712.751375920012	8454.172061080444
182.84177563891285	17122.742163342315	8439.508199444184
1915.3603073016636	17650.749344148706	8317.595242013482
3680.45711252253	16919.341285021103	8299.667853065224
2391.185746825023	17335.3255835283	8067.006698791191
828.725108572588	18062.02405309351	8125.847048170509
947.5337375326544	17274.31956244833	8071.779235130438
2572.762541453946	17710.202946963385	8176.628377383469
1483.8957550294608	17885.55693232589	8205.26700620849
342.6202834717601	18866.809704875493	7872.699421925366
-927.6018847056716	18857.84054344619	8199.41780825181
698.5616181869689	16592.116548215716	7705.468948401978
266.46645214076716	16305.2458966117	7870.084690557673
2098.8349934347443	18511.136022136627	8519.64571488425
1799.6293065238024	19666.169447399723	7943.7821150890595
2642.696526408372	15323.711792940165	7983.81583007036
596.9272081762032	19009.664039652096	8570.514285046082
1763.8504508010249	17129.20313406088	7996.906179265504
1001.953372467805	16413.494452659408	8216.301804417275
1333.8554835954267	19262.290885472125	7715.105817032095
1063.8764623772483	17990.853095871316	8246.384126557123
1598.567171906637	16614.710245069695	7954.292457374502
1204.5042374670754	17315.536192690608	7842.86189888883
2946.028570344667	17311.616258684393	8266.433245598533
632.782819621439	18486.266297994236	8183.726626835293
1379.9951402143513	18091.169957631493	7758.871461843667
927.0720772053407	18543.185325541996	8325.40584321327
1402.482817418968	17308.790582933223	8465.40264043856
1583.079846498694	16888.9626289821	8496.189319536159
1522.3893317679972	16611.863601487992	8362.927756090263
331.2751607404384	19532.577190280626	8238.328760031538
988.4626271037844	16989.887892293173	7845.4511258542225
1149.6930390183538	17249.241694690027	8233.71844138811
1498.8705540369306	17724.52038101854	8343.592936504041
1454.2216463701886	17646.767197963487	7711.206999148868
890.0373095145633	16628.22283662362	8348.72134469775
1278.1040397384243	19331.65708289153	8215.697092299804
1475.27100108695	17637.438053911563	8469.698855262815
1191.9355958409787	18046.734613938243	8325.455426170216
301.98233729316286	17684.72136314292	8457.732894857672
1777.8310921542277	18312.987237147725	7505.113124685371
83.90165338702684	18768.29759015493	7398.907144846283
2108.2686542662864	18132.526783146543	7903.574677717596
1366.952158107062	18680.081689481714	7960.987817585208
1421.7861590473835	15636.905213216776	7937.051560794504
1201.1963165269904	19478.04693191222	7591.631589740691
1567.7972772947353	18662.15214348861	8115.265054515132
1846.0580442531148	17168.16961322253	8328.564542584807
1953.8054839563667	18916.198943331045	8300.359929799759
2081.685975853568	18137.02346359215	7348.430307455113
648.5146646140604	17683.501539236455	8570.376902541515
1054.6329543917905	17480.434050164196	8104.238187926358
640.4314929492666	17497.337102069232	7762.375023565941
-47.554972568293806	18108.309548460897	8209.091672357248
2021.9088348406797	16456.352490377674	7580.014366807642
1695.6730823837477	17961.01428893249	7644.4045815113595
1612.5124204131987	15782.427146229338	8801.375799373816
2352.8743789971063	17827.042855782154	8301.814002126923
996.1769592306313	17351.2799763571	7621.810795248119
1357.923437299893	18903.05884663181	7926.438519340932
1678.614482609112	18898.49361083766	8002.6415528118805
168.08522312481952	18493.26330111701	7955.939337775288
2422.2530920589415	19390.988255798246	8287.89505310167
1010.5485326618011	18942.588517765937	8239.588104503093
1508.2429465576968	18053.737041608034	8030.196507562633
960.2903661223039	16989.455032842518	8128.155571115292
1055.8602207424972	18245.811906991465	8109.255836933974
852.709086043906	19046.3531430884	8017.8918722217295
1131.2962963348896	17828.97829910399	7778.52780833418
2945.9125063924002	17913.514515366645	8038.636498188504
1028.257478189803	17409.26457617077	7888.543561581456
1701.100902974205	18308.813155836116	8538.596018488955
1766.7788020917997	18241.371291858148	8569.257058674804
505.770154014295	18467.385842196076	7750.999523069139
3828.291291852607	17966.846047052328	8351.969394983085
1804.3805417220015	17072.911686773437	8042.501008117053
1660.5705241620653	17060.24604758069	7923.403976401019
437.46838296966695	18019.863103534626	8350.939981806801
1205.493484828616	17246.613066796253	8079.84277855015
1060.9358682949662	17216.613933298093	7913.886377934264
2453.0519825738797	17530.706513742836	8429.618314042396
2259.578988052252	17963.740011377577	8472.761523149142
1290.087295800114	17968.469517288348	8302.58524560321
1034.5633465253713	18993.361565462354	8366.587616866798
2379.8295095201083	16706.47934378144	8270.256277966439
192.98275503048825	16386.85181082029	8488.023898221929
1168.9281996781729	15832.668522673053	8374.597588227069
2200.079375703219	16604.19920688541	8171.4379145235025
921.6535389606926	16549.935761661673	7962.918732956493
1677.052913385145	16006.090167775168	8350.16474496483
220.08338118335791	17473.933416950535	7966.488084808531
2462.8215373118364	18648.383241919975	8057.265400660614
2150.2336139253557	18917.012495853214	8181.513729421153
554.2968080532697	18328.299659483313	7744.096016157405
-145.15988863484588	16287.689414148283	8261.079157503715
1492.8028485330935	16842.92952320482	8255.981595690007
378.6479450216606	18781.244374585047	8371.697225670941
1659.879141094948	17976.017937611578	7724.353335588204
2259.902393597261	16325.771555854602	8030.215669678346
1112.6520492116053	19139.172928803433	8291.599717298586
2469.4295398311333	18705.80031505673	7651.906336807206
2280.2769940909334	16582.636521944234	8031.53447492739
803.0137981415629	17479.11371478211	8116.456761055542
1535.969697868046	16949.551264523274	8142.555205298941
795.9041586383333	18726.881346614846	7827.423171568704
195.0489298836908	18529.348437044384	7936.37770086846
366.1792180480121	19186.727672703768	8055.426588752215
1561.1849220319266	17870.44323398357	8018.727077261051
1540.747001800499	16040.32303576417	8055.752516754793
796.9062598577992	17216.14125723408	8256.808393208777
1839.6994500078579	17877.272699999063	8129.0588918378235
628.7213989315899	16255.785861654529	8286.430751166665
97.8701852351995	18459.654652095698	7946.967960633358
668.943412384706	17609.376023735156	7815.142228297455
1987.5933123644982	17378.213507890297	8882.137349788869
2032.5643698102078	17696.144881140644	8327.69979898407
268.2920770925374	19066.02691489023	8015.4896470470985
-1262.344985444046	18234.387618619297	7831.333932806427
771.710386044719	17325.45665767258	8216.500936394415
606.7151515531503	17996.021909931293	8850.068675750352
1716.7995904407453	16771.976064865863	7826.253156102819
2150.252025656816	15856.683074920362	8366.66668158403
2138.9511277538645	15406.58749465744	8332.827705716822
1994.915806270981	17701.749534705203	8800.468730585568
968.0595373513379	18755.575671043498	8063.181438141956
1677.5008516957705	17761.127756001453	7157.288562345317
1628.6645545662125	17307.14867303853	7573.203852398774
2239.4692267965697	15936.045233447569	8252.944580932646
1993.360243415553	19408.66575488384	8687.842015581096
2778.9838885875924	15985.353922443384	8743.648638006096
1747.7577103600256	16290.82535395053	7995.199375086763
3161.301376296613	16519.84563879569	8018.952393250481
1936.4552711293445	16393.80395174982	8273.330414806069
2092.478205610701	19314.488412092225	6065.539650514353
1401.9324604709955	19142.162528460463	7626.383195955479
1176.7686805214105	16973.621753985524	8570.674556806305
1155.3377748833452	17231.916861408823	8117.236743902458
992.7539990397099	18441.566100837907	8136.268826467964
-594.7284548279205	18465.383295913718	8253.666052530301
2087.3900186242204	15711.791889000238	8286.24272440295
752.5712939839834	19729.71109205031	7179.749148134621
420.16131069210405	17351.50669532843	7960.749413022754
1719.2597864412155	20021.41659498091	8217.331034469016
1911.6601731579647	15164.52187122254	8266.830598618362
1124.795175263692	18504.53191674988	8222.734681221787
1600.1340041656592	16830.1249948086	8221.380997039558
2149.14087768171	17819.663217059617	8298.705554352804
519.8333081810746	18275.345781078224	7957.1847683145925
2265.8312413288268	17931.67880438996	7030.144046009176
1597.0460852332376	17339.99436885759	7783.387473591706
2431.035781996724	17664.81849159032	7627.011422952518
1953.489642191342	19126.667558187924	7696.593123038818
45.054792483471566	17591.72047551491	8388.292308536207
346.0540783311677	17602.395070378094	8049.569157917337
2727.311740923131	14848.103723178901	7721.107312588945
1275.8093991290227	18309.491049716886	7673.959125003559
1529.560284692376	16616.422528750463	8161.570284507938
1039.1346656728217	18493.009086092592	8109.066122917472
1128.298021452067	19017.48871976488	8375.548211419084
829.5043233722389	18257.52816223559	8211.521557502301
2056.1230748141043	17635.935981602954	7887.977732332264
471.5784743585588	15659.762228946927	8049.403505487886
594.7002381035312	16020.875380479192	8568.221945732914
1927.1082035601662	19466.84069802488	8161.790627443305
1219.8666600504116	19789.42698115238	8236.225696801293
826.2511283213539	16129.845740705627	8574.233495275808
705.7396564893196	18210.634218339568	8560.362829010088
683.347769412332	19516.26915399051	7918.603736175862
2421.291122150948	16132.364768593461	8061.253475269282
1166.6913967443588	18993.111716685322	8024.935034897577
463.3541925864501	15330.821818245668	8355.959969558853
1598.98736937799	16309.274086554597	8242.3202472126
2590.5744202326177	16718.81910072127	8052.633149042758
945.9862463135721	17939.067418948096	7873.237493350546
2870.985751681494	16388.059227871163	8047.843450731608
1093.3279730866807	17959.414267496206	8886.020399102676
-30.357299152695948	19453.11024841896	8220.170130245206
555.3396998716739	17124.730704932626	8229.13630569922
1284.9610158631701	20403.69188784175	7572.712723198444
828.8672839505446	17649.741308865476	8337.31774379737
-352.63970637575335	18738.397358236867	7993.647700108387
1062.4326566400482	16943.33564808182	7706.497263766985
793.4862427599371	19372.284892965545	7815.471944862324
1635.9811498596778	17677.91942438132	8099.669819232342
583.160984838213	16812.041155108494	7765.960217035679
1662.4153277462176	17779.201034610487	8137.308073026465
1397.4769545183563	16120.2168435389	8272.430405097317
985.609726643737	18481.27363535927	8198.661818012262
1309.4887053741768	17529.65382125018	8017.4758224685565
1838.062079560297	17520.11572481844	8436.77476086663
330.29710612169373	17744.619659320677	7784.096417137731
1817.004282747733	17594.541317240637	7790.384635288052
32.03909222042914	18373.49528582992	8018.722870915543
354.5752542059447	16852.718454270795	7479.3023808298085
470.9264196746002	17951.92824032524	8043.6594680285025
1335.0768322022655	17342.099039840265	7669.626412071714
1910.8530507180685	17725.749785943957	7640.251188219854
1317.545446932895	19094.587138118637	8119.672528209252
1608.4017228921573	19292.12781759884	7858.824119414116
-160.74471784958206	17168.72654015378	7812.410699936648
784.5653066790891	16631.398849586272	7941.570941855123
1341.689664703197	17500.490942818255	8515.620687477793
1608.00601106769	18862.112565225674	6634.794187424127
1000.8448372373223	17786.02392570312	8065.53353399983
1818.3923967739888	16540.447094701638	8001.710666912455
986.4689631426661	19582.873133619953	7780.85680734736
2131.7985701350203	17912.19507730495	7861.951201734371
1400.8096876603927	18834.59369206959	8075.058458271749
1990.840047638949	17336.35176013863	8220.325681863826
1054.4487255703964	16813.764862391352	8476.476954286438
2339.4423348878777	17435.138283625114	8028.828956119316
1717.1788764510338	17179.435062798293	8359.461922834298
-195.38125279043908	18610.636537315626	9065.157517307578
1776.4637396351168	15603.686943648721	7763.374594695062
1428.2062524465136	17140.837239627184	8211.99277703854
995.7530956814167	17541.449934508597	8171.290819642537
2054.046443504526	18201.869780270023	7691.65201060011
1111.2681838928115	17042.25563969167	8307.022975925704
-33.85132704176932	16599.59618681796	8329.441694236319
1972.0745346853216	18803.01331104471	8156.951887969016
2801.9542665508216	19665.927719501466	8184.33030698823
44.91606873546668	17237.595651834275	8077.462061318229
1799.5455802473111	19891.231657326767	8334.430169588879
79.44317819309165	16399.141470842966	8080.789138182739
67.5090660142084	20182.763250983924	8145.142412874565
1738.9176231073932	17472.59100785134	8341.380387875904
1438.568977971927	16809.024886952255	8346.397735989318
739.9844884303915	18606.396995578867	8370.944495107906
2060.807638845903	17869.288711985253	8037.747903578115
2657.632460154098	19664.721712122944	8605.716198648952
35.04719372424537	18620.37552681315	8287.1288004291
1779.8184149177393	16350.691264340287	7308.749055957868
1629.6625577141615	18981.098926551655	8117.151799147053
1338.861239163056	16956.73705234385	6967.213028192
1027.472821404939	16729.4813985346	8474.579059319027
1764.803166573609	17702.07288863428	7943.112907239225
1268.5925731207144	20328.004650234736	7747.013759962535
1673.7563590613845	16062.57631805998	7547.078542281276
2704.2451945175626	16583.66860742242	8323.799815348839
745.4255214584609	16716.737550587444	8331.688160981084
1566.4694676011295	17724.275963862696	7930.160842442196
285.34329350018305	18389.12951811258	7407.426801126033
522.4492668841033	16753.557101864233	8225.609800314922
1213.2467969402196	18193.256523578573	8308.276704957443
1306.5586203870926	17118.869248832616	7739.62119796235
1207.8984859809816	18651.622850528773	8275.43327235477
1643.5643262816618	19580.57524521799	8157.278037551332
1114.062838352882	17810.004964230207	8523.35778760017
1383.5443059123306	16878.016987848398	8102.248855249575
1271.6801229862901	16087.862038972831	8278.65297417355
2139.344549970293	16198.687640948123	7762.401254375217
677.5323016551336	19167.668306927913	7858.872999816211
1583.4026497714142	17742.844989599605	8024.265101930369
2213.8289674316497	17235.847811584023	8509.185115389319
2051.3265463013536	17339.452032471352	8561.034192563315
1480.5097286470623	19770.034871972108	7795.210904151833
258.0455515844587	17747.123540459364	8307.490852895931
727.909061844111	17284.257772250705	7766.564656029722
-329.8673574716068	16091.239599922314	8225.90621662173
1707.8020282420953	17633.480307282705	7723.6091141143
2570.5965060288236	18750.837306624733	8425.14642899804
649.0808610748497	16549.399722808736	7464.9766279875785
953.0350707623356	18441.063948038012	8069.751690790802
-518.0757913448306	18106.655424756213	8320.165991192294
999.8440037491406	17288.39348672296	8192.338007212544
2096.6834535176304	17262.015382444744	8687.601572266647
1603.0924358491934	17264.58480294725	7828.221280213334
1152.4165289425562	18919.136537735227	8078.578761036139
2204.3068999435436	17335.511044933337	8207.922943075257
1244.1753637339618	16125.54351244135	7984.164104739986
1999.8109611661453	17541.73480050715	7824.604729365857
647.1851115424159	16639.37092700319	7944.509020488708
1162.1940359908842	17560.641660876045	8303.33413383334
784.077988624432	17236.090125156134	8592.783764775642
785.6876723710192	17453.91680462521	8230.165344851272
441.67052220423824	17685.252066912282	7926.262095955295
752.0180176660446	17540.76881548966	8578.245344892175
599.4733568040947	17740.928270126355	8075.429011811306
-652.0333019252703	18153.70877569576	8090.260013596094
1431.5442521702284	16469.66135179424	8138.8086539182
-0.7619292310517831	19797.7407636779	8309.571155892423
1190.7248631618622	16660.80964197744	8576.700587771775
-204.74034721873497	18011.86573751623	7843.749806125589
71.08932066595744	17133.170991287592	8158.554008229162
128.77974310611594	19575.915820642702	8058.123513998408
393.21949167786977	18485.828384069024	6678.934885391096
113.963142180271	15861.89621037708	8402.913391633794
1016.9713525151127	17120.584350449717	8000.443407872825
1145.6382656582339	16458.67087160971	7494.406750673353
28.279164265307745	17767.992759646586	8406.214458221415
868.3053876267883	18699.486904549278	8396.413027299228
2218.048475583037	17844.03243893935	8449.940776494508
1005.9755421159102	19008.128853599803	8135.710926908754
903.2004024534174	17489.448775375327	8106.800255387525
982.4278467627494	17954.771829326208	8653.42000463749
1635.4976977538017	17758.452165925286	8724.177703550107
1119.7046042644743	17468.443361321006	7911.248666263873
1404.0263312863678	19587.571911961266	7731.69714432838
960.2803037188456	19493.674582552925	8034.103562669027
1954.5960571941819	16384.300612842417	8247.555728269672
1513.6975535719698	17405.945267568924	8384.574289017091
1231.5608903919588	17635.033910935854	8105.221105192515
1499.5206679225291	16735.625825718314	7922.836179142135
842.5132743647732	16544.877557663774	8332.118826785068
1842.6027548832874	18727.36043466681	8293.236466779192
-171.46000982687661	15905.37182856591	7779.376038356417
1569.9445820111919	20256.15499576874	8295.142580626309
918.3373043841751	17655.931961662336	8337.151096182206
1813.9953872893623	17296.776280579477	7902.865911787319
3101.588238396762	16256.804433409603	8158.711946390168
670.879300194172	16854.529925750525	8713.56902591259
1899.2789627208256	17609.098996206696	8115.7381282450815
1291.9562466684158	17527.296684919027	8492.993053537608
-138.81137343229912	17662.283394033868	7913.15267895636
1640.2698426331294	17383.161125240287	8256.281298011181
1097.278677101819	16451.085572649135	7675.335774270762
926.3312173783972	18699.839520818165	8137.668897537138
2263.053073928967	19815.353656650608	7957.990876822602
584.5745068533433	19058.069567794777	8268.561444256604
1042.4726449692794	17266.110246140684	8239.764430744961
860.156049892034	19353.750847812298	8046.219337066698
2603.667957769374	17790.888933778257	7803.244183791333
702.5856210450559	17429.649863723465	8185.2010064248325
996.4463965871698	18130.899162398982	8058.993140266201
447.88726305676084	16562.623677661446	8516.92348698715
1386.8431317722568	16464.4747402501	7960.671534862067
2223.052358060873	18610.3234051171	8266.138167822308
2026.5736226547194	17753.36837527724	7830.581228658188
2507.7337999851247	18265.528587627792	8621.838591223912
1972.336474451753	16668.867953767185	8496.501799118274
1904.6566029566352	19130.453040097535	8776.259848699716
3343.0665194353687	17662.145467432507	8987.07781866055
816.1141899477108	19343.06017952107	7897.1535738052935
1475.8141355811636	17108.96484094204	8129.815786847832
1444.750410356866	17993.428282515913	8397.200647511518
1381.1570923293166	17844.54506533627	7823.631735476374
1842.1117430002787	16855.673521906134	8144.872191180944
893.3677904573525	16483.479958649725	7954.679383455826
2070.6947865347456	17145.359565627587	7574.095306581049
1609.5690210260825	16613.278931924964	8398.258868438468
2254.6446172397227	18183.63868651209	7563.124415106396
-585.0332678766421	16509.805662189323	8439.721972583611
517.1342012070604	17719.594974670563	8238.31617793662
701.3442897360247	17834.451960645398	8158.302338119398
1646.3322785219996	17603.67937615183	8263.678227566754
1173.1047620790187	16313.084353431906	8104.246172094041
9759.728127363458	4574.882107909707	4900.755228456154
1149.7092072454261	18046.693265906142	7712.599843342772
-300.1753176404191	17098.106912350355	8059.117253591358
2340.409365727474	18284.433063965935	8129.305407035111
2219.9498170926922	17033.10483824002	8137.446121370972
532.113554588115	17947.628080246814	8121.174416412839
786.810827908995	18408.662289928696	8478.322575232367
1144.2309679364928	16617.389673783302	8571.340053380392
1636.7605052777	18716.952810418697	7909.719075056173
577.6150428665296	15752.313637289675	8166.160801202833
1051.0026396422975	16809.690339798253	7902.6758868823335
1705.8587210879907	16008.773074936144	7804.397417292466
1663.116342843674	15831.687337882877	7661.51824371935
1531.714780105755	16140.646498706774	8622.397679585803
1852.7099037089872	16199.668100971068	7657.351120561114
1351.4519417878214	17478.076255547214	8196.358959231253
624.2562946051237	18349.67723411572	8079.405272937204
475.72336827767504	17214.082921670055	8175.612268850288
1401.6405842827837	17989.556010741944	7922.361396925726
663.7054444067193	17087.488144975752	8402.186340229022
988.4883705187191	18496.375329190694	8183.590762735575
1277.8310097036995	18126.733338282826	7973.0241723947
1438.6902432126328	18586.8518234053	7722.022867056953
609.9322332076446	16933.995110222706	7797.529418354658
-461.24449487534747	17111.736544972253	8024.492065310497
1185.0744469986184	18849.396233145395	7989.366580883543
1003.7379655505073	17959.96204520322	8075.27875466697
1226.1717816907405	15876.925765726453	7902.19878155629
2203.9174723363512	15389.633280178246	7840.804246674114
1864.9442141963798	16834.632577348355	8171.914714694936
1837.851119539108	15401.138715323998	7864.983847502311
2.7977988196558643	18562.059754609352	8206.973742825514
1656.6443312395743	18745.095181863817	7900.387432709159
201.48104144060827	17840.469329920066	8179.1271861287505
358.026368615168	17143.558648257425	8158.206528879299
2688.0713891164487	16601.348177749875	8048.3788326756085
596.1735352738033	17317.103518138065	7653.270378993819
1217.298879945563	17776.46893649591	7909.27669360324
682.9560719476793	16269.133450334317	8554.546340256413
2352.1022395290597	16504.62733236544	8610.797128867654
849.6416524544261	18432.385300226673	8282.371773418443
1158.3212675544823	18125.69357514882	8405.799701904105
853.4633469335514	19685.018213275045	8139.633255767853
2677.34615258483	16890.145445356753	8277.717335560043
1452.8072882429813	16892.77227705593	8047.180836058249
515.3623302312454	17845.027213777936	7633.114448074854
1899.0748125801447	17189.813287779914	8528.726995235507
1319.7407503578258	20982.133659402694	7679.879162858282
1441.9104127736746	16978.01252667445	7879.456395512125
759.2007728886437	17484.91983028471	8461.826729759201
2024.6343764669214	17716.751492999072	8336.024977628
1052.8045512820042	19692.312800942575	7383.417021006827
1887.5133037688865	16550.094497737056	7840.979024976205
2319.041354514597	16282.134106161191	7916.175767173344
-324.9972262145152	17215.233706604242	8121.030573215637
838.1318369151925	19202.48633229606	7842.837268555597
898.4085151567896	16490.48026243209	8020.882152925156
1647.4793517515636	19223.57406654233	7686.990601556414
1444.8457075922424	19029.463100669167	7899.347116189843
2597.3230464717003	17050.704508299037	7989.3142791551745
1505.2939649690716	18425.096984149637	7817.2433457249435
1814.803862990269	18852.603849486033	8354.04106430368
2019.2073651061787	17508.272611103243	7912.85890232659
1494.3721783894919	19398.63222780955	8056.104527696621
1396.6719968997113	16338.132318673008	8338.876716400968
367.0628865850352	16150.754052678505	8403.123216933034
1512.265058643136	17294.35233220049	8455.402658695697
1435.2169123380356	17277.943630061134	8017.295252789301
1705.5947337172015	18603.202012652662	8133.65522420887
835.6321386871614	18126.014918618235	8293.922869661832
907.7749690196918	18163.15614491374	8093.5651794693595
1452.886521704689	17406.47974695807	8381.330376716456
1138.0512307036174	18462.87007987275	8190.630648576231
624.3990613412956	18274.44369165106	8241.311004063287
585.0467667460136	16247.39731590604	7496.699047883189
1821.9351428346138	17758.964588905645	8138.948476827337
932.8949634004246	17852.602642640217	7779.499237212471
734.5740673619779	18161.892252130827	8555.139349856228
1566.4304885616161	16300.449812024826	8409.605373826673
1516.745720220154	18188.059624821628	7854.310002089514
1480.3551684200418	17732.48464717804	8202.168621708333
1113.6170844170572	16179.38579434473	7996.911321059689
1908.7103679212555	17393.060369893577	8548.517713916646
1504.5809170418513	17618.39151427883	8194.599804242223
1371.3436938790376	16832.50117258928	8426.721441139827
2004.6914067544417	16271.064023561294	7954.038702797416
1177.7961149285911	18866.179034095603	7558.688911508889
1735.368049693591	16945.315942572754	8464.27062924817
386.07193143271655	18583.631541907722	8182.5740412538335
1043.5476629504926	17668.106679473396	8053.830155907456
1281.9628600211527	13826.980743730002	8360.188596812875
1624.8175042063503	19506.60188789946	7199.790022116419
2440.7068622609545	19108.519983121056	8513.195092826156
2741.6912939465697	16861.445816908155	8678.659988033924
839.0108034955949	17826.338758796905	8363.901072470033
431.3677583401184	17354.543989112848	8292.61121125109
-112.45176259846943	17677.803197905483	8406.917607347723
794.7613426977285	17896.52218154973	8813.313019658368
2827.4694906885297	14807.175873800032	7993.0836291886735
1137.2700479137895	18243.593814440206	8387.706394332494
2.695988987862943	18974.84759134359	7869.034511086605
2165.8220586072357	16466.200087588277	8017.310452443373
1092.498670072512	18726.29238536328	7993.420029914542
1588.1272376474435	15191.52711167361	8179.6531632870765
1674.0462666768155	18736.838259654254	8016.881238022209
1905.0089824020079	17941.41815474179	7752.40822961435
897.5544496416701	17875.613482393714	8346.78642342156
356.41722168910997	18964.85371883601	7546.345627906036
850.4022266540692	19041.24076278068	8211.167756576546
83.89905584761753	19518.930614608184	8223.68080657565
2145.01399169164	17895.56397891836	8362.5097362192
422.99974621493095	17004.002782912812	7819.091375176735
1111.5830266702676	18526.442465058462	8263.51956681745
969.3584925889752	18379.07364092444	8336.448624902963
2204.7933775400415	15071.881225147145	8075.846409719203
1992.1536888171481	17941.50603688911	7972.885955606179
1062.1599503348275	17062.264370694134	8267.40288381027
2461.5922748639023	18115.41132703864	8452.512423174316
2513.2494370945033	18618.44821069513	8040.762560470586
2074.605170552411	15620.76997129418	8002.867854077308
2025.2257369571373	17372.61440924849	8822.538638826652
940.3531964749466	18278.437095471403	8621.672108949591
1170.202937922544	18432.787749521256	7852.187092815178
1937.66629641914	17367.62861493524	8051.287032257988
2153.1860351984187	16656.459610131933	8199.781355859137
1529.7159041936093	16018.575214378994	8530.617250301086
1987.29671015005	16747.656947673437	7566.030172100058
599.7496227874611	19070.619306865538	8014.279233989124
1374.089450321804	17606.76082365906	7900.476080282464
1078.0529918537727	16039.117167532324	8399.843373545249
882.153830754132	16706.532280121224	7666.820569999376
995.4832839418207	18785.426542941408	7597.34115008125
1503.239177328075	15801.536868467294	8255.387645554096
1202.843169054523	18594.29528751704	7806.747039307199
1991.3566376668718	17412.075172294266	8156.236544409264
1122.4013250884273	17623.279339897486	8077.663240843839
889.0514163662723	16104.652017889266	8493.359211666775
1435.3556819584946	17409.90655495537	8399.438079582504
1219.99443405342	16423.576044586054	8221.199180672778
2092.736034736147	17616.21379688464	8744.854329826347
274.93936364061926	17097.69094348534	8268.567894624854
399.49407348611936	16247.23746090213	8415.908695048041
2071.7144857430826	17494.107920955958	7883.484651217838
376.6778524164074	17982.48294026971	7908.376483246367
2660.839289683595	16977.969580028468	8319.30403145442
1436.9113606078427	17142.066470636295	8032.40734393786
1316.8104551683073	18380.6394448069	8481.221505688376
1115.786184086791	18072.999974135833	8069.053058427818
980.4338110604651	18620.32185061604	8155.291293667582
2901.758446654675	17834.852168780893	8279.658667732867
1340.7106965688247	18841.82833997334	7967.591671798933
916.0298713113211	17149.090330283823	8072.070520906059
845.8842840280852	18345.4110388665	8482.335989276393
1271.1591349654252	16394.384124855835	8679.9691663267
1210.7370234332213	20058.879571891932	7870.691067768044
899.5811150171733	15712.254682196626	8144.883103074655
1397.4836757144574	16512.982208527086	8249.086609998196
177.9985726815875	17496.274071076914	8563.125138353602
1425.1247745455132	17332.743375273283	9018.552650109032
1546.7718938428422	18017.330274253378	8344.43300522605
769.1320809603678	16324.68410772162	8386.571100041845
1650.4005699504344	17282.633967606198	8419.742300416152
2098.9028061557397	16332.661117087413	6399.53062563851
1247.0818374403518	17554.272740042084	8447.237276699387
1464.9739178203074	18380.55605727815	8089.179075531322
1792.7220484967638	17274.49957081629	8513.078246767258
1735.2719265753713	17656.64247309331	7903.829882328487
2132.336168796086	16276.076800320609	8468.732066392762
1803.1459862196964	17515.83029605093	7577.5416702585835
758.7029932484054	17693.88885362213	7900.300227190088
1221.2288393936203	18823.582299997757	8232.179250679379
1725.5930016919554	18495.39630249695	8242.128584958778
1224.6306033716498	18341.680016520364	7898.043873702551
1447.474299384798	17978.07599206316	8087.97770436595
2139.799535214204	18414.311763582074	7762.126816586475
2441.589007703316	16752.725160786908	8422.485089943828
1806.167873892086	19057.043811348525	8369.334059579625
715.7845043329381	16174.957927984206	8572.688420069326
1609.2839598258468	16376.090393835406	8442.08118815475
1314.7872110612357	18468.972892021917	8318.037136193294
844.1894958455249	18148.409191207902	8473.568417219005
1481.0446948260114	17121.199291712182	8951.718033152569
58.427388471787516	17260.723789723696	8345.28285800051
545.2495376009242	18165.49994144532	7927.936260224295
2104.8379135705204	17229.27365153028	7978.88689009982
1195.500691921552	17438.091390579106	8012.556824257866
1346.855465760913	17588.122144986017	8054.311250545282
1087.6060233620326	17771.865599941433	6867.859202964807
1425.7367574453801	18101.55086194186	8432.347243741917
1786.2547853780804	17413.134310719754	7741.44667922254
975.7766422050844	17323.672231611585	8287.481002617787
1762.8923927290396	19124.504822593222	8129.456291998058
661.8925629357373	17306.971447663604	8393.273454647318
2072.514591737428	16748.47191407011	8420.780594574151
-260.4115953250932	17565.374412889425	8084.3673766679085
1486.814595305017	17183.55477375928	7969.430045453371
407.4620779003274	17917.737483077988	7587.290203886328
734.8167446063056	17899.259867327055	7484.417698401149
586.9355160836775	17758.298383017212	8204.97677749556
1366.6979879159042	16958.557694124367	7589.8390944954435
2408.830354846522	17538.129002283855	8434.94662430238
1095.5080349515956	16210.071623214135	8086.725670027979
1189.0910168014445	18594.77299063119	8047.822824897188
771.6393503374713	16630.55172555436	7871.9920538177175
837.2501818636317	18206.12903582753	8240.020892333307
1774.5854102793335	18149.832988353446	7502.411719006857
1771.2760709931379	17032.388879110906	8588.713775173905
1250.5444293383566	17031.476472974344	8271.369761323678
1008.5046780419972	16367.844898673824	8604.52566121092
1620.1757525818505	18042.132700962182	8667.86082717783
944.5475001166935	19000.940904599323	8331.070740371788
2450.1459818369235	18827.247055424177	7657.820333306664
2309.753352033008	18155.1125168634	8315.752899572635
2042.3531376117433	17493.11850318314	8084.523311231783
1541.2768827354882	18104.08521457281	8203.120165387534
1415.1516940850179	17207.80142445649	8026.1455981121935
-189.44223566267465	17431.62826149689	8680.009955018828
373.5271895361086	18428.36446448818	8163.607084988037
1000.0638431236216	16706.050976497114	8320.990902628668
3536.937018145831	17307.843446715804	8061.542537361616
994.1759515003072	16292.685236330197	8144.812936127308
2567.5822892518986	16927.69573928116	8203.45020811327
756.0666650281876	16372.720169176178	8287.031933100501
2135.562466619384	15719.808271471476	7865.786002190213
1357.1651615436153	20033.934378376947	7843.351768370378
1324.160076184484	17308.44970438366	8047.838249899934
275.87953219528396	18138.416757509058	8235.22319987017
1026.1671771145764	18424.15279308558	8429.315692246833
923.7442759291245	16541.919934411148	7823.390952873871
1003.2870633188073	17126.603418033388	8335.399567750681
1104.2201913274507	19355.802277463386	6970.702122304393
1698.318694199366	18450.49046004903	8247.51814532859
1915.3102656834305	15396.424022365147	8914.847551146526
-20.894834752864256	17691.56051470529	8265.140652574215
1835.4665694784287	17021.861597098523	8187.089115186308
1197.9833514204215	16452.914158363976	7953.608621103948
1951.0178997826386	17930.489969483384	8171.417454182386
1915.861162746011	15957.387985458428	8091.844382010399
464.18923384060093	15965.582523642552	8058.6882490845
1513.414924268426	15432.213439036335	7892.6442109860845
884.5171660252109	17031.24562092059	8419.410394643432
1016.0064217317739	17309.867521706336	8528.59427877365
139.23485278809466	19509.210426109803	8041.689039211587
-93.35482073566796	19375.407851845972	8426.187525573563
1670.5840702167948	17525.98336444909	8108.143030166769
1123.655576866107	18006.093154389444	8147.685852559286
655.4264343389873	17712.6686188487	8434.149013573176
2086.9092785112307	17186.202028259868	8035.072139337406
823.7686298017347	16558.648723009097	8653.624022052893
1538.481140687406	17399.610296431914	8142.840364133348
1663.1100431858642	18456.07553969311	7834.1322504556265
242.92079941133363	19209.791379826926	7621.358637489735
1570.314268061008	16801.22629734534	8381.499853001958
641.0067887727653	16768.171564268996	8422.1881783434
518.6280219293589	17187.172624882776	7792.9231025370245
1642.689092228056	15495.093278527895	7920.858023551257
674.161441428212	17411.172772681653	8348.624158103652
1083.228596803168	19112.146595982922	8214.334809356085
1543.6622212293023	16402.636624815816	7771.869435954159
779.5657373011627	17441.629360084058	8391.133587075137
801.8998265565399	17182.47736639989	8674.25668039646
1086.1523697714292	16969.354476300374	7685.802957447298
890.1379133405625	17237.661711001685	9030.022832804696
1360.1827034805312	16306.675662031677	8617.304520093816
516.2687822234735	17380.219513907614	7869.757160259772
386.7097925592107	15721.314792464738	8204.800181735782
382.99003226833065	18255.939632630125	7799.305820268684
2016.8056607467233	18363.69329525707	7858.11281427757
-120.64913165469915	15972.859759685867	8352.280468556712
2281.6999269011008	18624.7887240887	8031.947466837377
505.5851645753154	18746.86565259129	8235.018889020543
1073.5573746519244	16588.46889071467	8087.698777001068
1305.8436019147584	18808.985689980258	7808.382641600372
1041.1504611366245	17361.779911856273	8572.630651861013
3093.6220150176414	17049.39764482113	8511.810990982422
1003.6848251791201	16763.172534664976	8014.583878235124
743.6536187358552	18571.904954544934	7679.757695051684
723.737606961512	16453.609575673105	8171.2745550201935
-270.9622337621902	17083.115237818405	7837.919257999224
1279.0859456356563	16576.531039759033	8217.667105966695
241.04867386108089	17719.27111992961	8175.37181699044
1554.8186371160903	18650.119488629876	8158.092998591779
1241.4384008953753	17094.032547296727	8022.725760636281
456.36382651882354	17025.79872556182	7833.8908333255595
9782.196283717487	4108.051769282714	5418.350237783061
-24.396111453557882	18620.78128279111	8095.080198016302
2329.347352839151	17875.06792640877	8081.643683634444
623.676514671837	17811.110283363025	8065.795346870342
827.9391470036898	17450.57993003482	8013.846623001156
1463.4272681013413	16135.686882733226	8625.007354850686
1647.304630809083	18905.160745865804	7947.58715889459
1306.0628995207287	15975.104782101393	8429.803702476636
1420.0389648321548	15217.613102643058	8855.131685763792
1358.8912962760946	19165.40492412498	8014.313605631166
606.3110544912703	18994.316752568095	7827.349301549217
2664.937184218729	17680.44750141558	8120.088632716001
502.3150171878201	18326.115080041116	7944.465606392343
1365.8323189068071	19771.037772503514	8235.254564329987
657.8815594285261	17483.77597215301	8214.828104117138
2385.420731861367	15582.3732540208	8162.617938622003
582.3296300636631	17609.65396436817	7662.106100477329
1843.141595358684	16753.941607720462	7559.012500682189
2443.0685913980524	17496.79321699247	8056.910224682463
467.035514404565	18374.72017742963	7961.8459358297905
1104.626826100116	18188.170302625607	8674.410025095869
1312.7115296115178	17985.268110033197	7958.421948651426
1264.4736832886845	16355.940043357561	8014.262321179342
366.95506705500543	17565.064719917842	8029.619901222221
