11205.18155706809	4415.386028441012	4800.929092236698
11729.917826746047	4068.0376519179677	5093.563564703708
10735.921607924185	4092.827282483237	4999.96159044789
10478.923008579502	3162.2585544478534	5819.051627491094
11746.140936223652	1802.5228611324965	5590.455139835635
10160.125529302886	5570.791611876338	4828.025885178777
10096.738455152707	1912.7768556632739	6034.154330498498
9207.919736379601	5323.9071843852935	5049.9821592245735
11073.899938923996	2275.4082385539687	4828.769131233006
9680.449760084779	5255.216066017889	5188.647389603343
10859.984137257732	3808.653357042298	4566.56776197198
11033.902820991243	3081.4229682827045	5466.572883284338
10204.125551596178	4257.960554874996	4969.674929704767
11261.520115909785	3047.769164265798	5127.626617657084
11041.418509260859	3034.561173829088	5510.9854634333515
9464.336820907696	3161.313578681679	5556.1035140511785
1172.2076558169222	13990.372874528604	7154.925935431686
449.56112226552733	14653.701556088306	7192.27505928394
1425.996332344905	15673.569862232533	6941.725622798804
11053.835741084245	3127.7369127147726	5367.244508431788
11033.7187888885	4463.022951452031	5227.37127927917
10409.657492466557	5122.53241876868	5959.009984267458
11807.395351815627	2668.020355330939	5023.151298972391
10967.124287965444	4049.852958082821	5005.15736477762
10820.94019627693	4360.895850678989	4841.659368880643
351.0366966251908	16870.563730295737	6960.2524700688155
9761.009174002145	3128.9027739877356	5198.575653089631
10374.51629303237	4003.709257234745	5246.203524531825
11338.17845242307	935.4801739030555	5095.711768905648
994.6774138548552	15878.519211869901	7055.457389804513
1838.7126398951202	14578.848368936528	7740.722768065724
1471.2874225583885	16182.146863476126	6982.450030334096
708.0662619859007	17295.098993388994	5485.8798848528895
721.8433750709548	17562.131139627378	5357.355649841602
9320.158100565255	5082.468109495871	5254.804161788574
11617.387591940245	2909.85869577915	5053.898656289822
952.4248419059703	11821.654601989205	7373.116926041397
2455.5113890278312	15711.763198411314	6772.041103332575
11116.94607302985	3045.7441767653186	4828.94541331425
2278.935458775197	14736.346643643961	7136.090316063009
10817.188404177617	3200.5830151309488	5866.556268987124
2140.36764070762	15698.658428247736	7911.707055592095
883.0002579810653	16519.493435854696	6228.596138915937
9639.251465574498	4967.886186399082	5913.427768540546
1788.3088855654967	14278.433434177588	7480.9666401401455
950.6339706450029	13442.414112993594	7015.8051706545075
1371.7124341082995	13319.264846669053	7554.914327912381
11893.432246518045	4280.070353745025	4323.6064455323185
1451.648106631143	15535.1097317175	7516.909723249957
10146.220362352185	1909.5407995962387	5863.540499254453
1047.393522557533	16974.787546079613	5269.576743360247
10079.583142382935	3211.090358982493	4644.037260019796
9618.642695027187	4647.883325345422	4654.674485814665
10638.910549134735	3012.750754509113	5281.612362259029
10837.643100565962	5371.685100961761	4729.320529886852
1523.813781275517	16182.820582105807	5519.983917657253
2004.6685638958381	15181.498024210096	7084.400774641372
460.0370909606314	17078.59403352037	5955.015691837866
12030.387768789218	1199.6843524776782	5080.298418771857
10074.844665961364	4766.70932681669	5482.417458443562
1430.6453603672155	13964.360333969158	7448.354645854748
9115.482485306606	3409.808068800832	5672.322622299517
10649.529125266323	3523.9723391116645	4866.247597494107
10102.916611028448	3626.3648422789383	5082.167300661727
1568.979620779979	14061.888868992142	6883.732417016578
5603.967308111324	8743.115426453616	5130.305943691209
9446.660218006014	3861.228963018917	6389.04453612805
1640.3055306744075	16690.801623938307	7171.213555568317
8882.063943024361	4424.911057680317	5138.9412707370875
1859.1496288168626	15475.965476752397	6722.083130030314
826.3004774142571	16777.157577598395	7907.053298734619
8625.08110742687	5205.655823558409	5578.421935923353
676.7711721047208	14752.424869564915	7025.94699365903
9843.828032754871	2785.563651346237	4739.456169874186
1433.7676889790787	14349.299059391786	6794.625630167588
1658.9280630852136	13804.15045111318	7393.739001343997
9757.863595472643	5358.632398882867	4476.612641127053
8472.124498436804	5597.169724326959	5206.743765107857
1333.047932937099	16065.749841173785	6638.4730389909
2153.3321853319667	15191.490950940326	7530.604501457526
11141.066375798897	2655.687935099713	5663.30570764795
10779.068834231079	3016.841668980701	5037.016657265098
9838.55707332611	4779.605263306183	5378.899059048476
8925.99632133805	5658.26010888006	5735.250103728059
905.8029172713516	16820.78678126467	7249.636057840849
1721.7036174013167	15886.837795405609	7925.589005284805
11090.50370024061	3691.399051518402	4649.530779477601
11643.698597398727	3957.8508479323073	4757.550791523681
1113.6887225337928	14202.540797364773	7279.457842545019
10165.691978481838	3831.970409890687	5043.099514958766
9162.52840094663	4900.055749672007	4984.68070885821
9659.814505472938	3365.5508063339726	5060.78112552144
9670.37332095441	4790.935577935068	5916.118312201282
2422.4431341802983	11989.035339136164	5525.968019910257
916.6115403655533	15585.83310968282	7487.152081906425
10168.24124449819	4654.274329009	5466.343689175148
1131.6037668173187	15426.30321923564	7442.146967599845
1772.928624843013	15327.165731693618	7759.972521025489
2505.1690880192145	15568.209609722615	6089.259992267922
10393.162654490789	3619.137517146914	5713.502754431612
10405.482158803447	3773.3589068420047	5252.152082005299
11233.41287172109	2818.2366683523464	4908.755366026046
741.5542888923361	13644.01394549208	7074.690731461628
11030.843508710575	2779.506247582769	4558.352975841711
1870.1090747156932	14590.860889979398	6778.921580819069
855.1893993979714	15783.121867244286	7683.520860670508
10883.161357498193	4517.155667988584	4592.628373130329
11824.608163480421	1650.981693382587	5154.556993999208
3377.7361821531003	16145.329775945655	5642.849622766091
2859.7456362583225	14562.835857208962	4938.872979307766
9887.415439302204	3116.452989534088	5086.703370972419
1302.1014499245923	12902.67204599212	7982.335287401485
2767.3201317207786	15823.795751221207	7417.4106617947955
8598.844004822893	4190.771901560078	4959.460689611411
10930.80476386398	3222.9169255271063	5177.420972705042
12026.741298234074	3216.126337253863	4923.2572726360295
2011.96555410345	13797.587730641768	7095.594356945462
9460.394135267912	3375.026452919726	4953.744144954527
10180.877173321973	2456.705844641232	5220.777751980871
9782.84334598127	4043.667561209561	5019.087580867375
2149.256633696391	15485.292757086958	7211.884678313665
9673.76693906886	4386.735623084989	4700.894302852248
10609.634483187923	4441.8509194267535	4940.548756326835
11354.863155322282	3747.191115760917	5430.750104764769
1155.6410429855207	14365.4031639451	7337.645207967938
744.1976054463488	18062.437709661932	5300.574101543041
263.0026171032655	17274.63961340538	5695.719586527629
1618.3615465327553	14437.848097403323	7243.403333322755
1584.3135987029468	15938.563250936428	6485.815118196929
10387.835761089767	4003.162370363591	5822.159109189698
1030.414414301222	15188.369288835516	7605.62505674468
2708.3559177449456	14443.408429668656	7640.1804452461365
10647.925665371273	3938.1858005629656	5116.053679793144
1671.3304385663162	16675.819446562436	6582.398952458624
2337.1975421738784	14848.002195856749	7312.56065719566
1795.2866718020925	15956.96611804669	5962.182660431587
9167.18217981167	3981.3575977595874	5563.794464194737
10630.955056884126	4967.788172147626	5632.138079279177
10318.065946401597	2303.522856642886	5481.254684943866
9723.842499929946	4953.764226449319	5148.288437762878
9305.431728161995	4785.253985410817	5176.178414076392
1101.3623681898655	16607.564111701224	6656.482072314452
10387.604344169778	1792.8632008617365	5766.786955594852
9784.832973062448	3983.651482773351	4743.351860888219
10638.444160403273	4027.0209091243337	4940.030219692193
8548.989288318224	4558.146981277247	5002.669673850849
11620.37617402392	3739.61703803919	5462.709691417071
9635.09386089588	3036.354445981641	5405.56248140362
10277.071844897217	2520.8737744393634	5163.024132258024
989.51203814841	13948.86299057692	6930.580805043182
10441.694662605201	3319.0688027389456	4504.354677428973
1982.3004759950077	15848.234061953923	8120.775167783963
1961.1940861965377	13966.221400770768	6936.112698757046
10724.17198705405	3032.637826251868	4804.33866919853
11377.577142029111	3264.3991887969582	4289.359582498422
12490.445932243674	3198.4914933642513	5241.54459050565
2335.1848163066647	13862.222079450086	7215.721955205411
10475.998752432268	3376.685648504589	4907.610094261425
1204.538230258145	15853.792377183569	7130.846639978482
8705.664974194005	6039.823720661115	5872.659821574028
12131.910314097064	1922.347989664695	5461.954497721439
3142.063775445384	11490.466160143673	4814.609431611641
9127.15903610326	6171.88063988635	5031.415913998564
2088.991012088787	16616.172206409337	6050.823192407004
9706.91634858246	4877.938320650989	4915.317228106833
1531.7946514247212	16275.332767811233	6655.0137200195695
10713.598910201006	3708.2624905701646	5407.522377809862
10039.889900560553	7248.283594752403	4861.409532653737
2943.6323937957336	13739.333987399867	7839.858439201261
10061.695763477965	5651.136786033248	5097.500825101608
1748.4143748733766	14925.863645712881	7236.365540599659
11317.12521969416	1663.4074575771065	4965.7352986706765
406.5782731328941	15667.38136451809	7444.075386981495
10976.575693082203	2617.8679416918394	5064.706157002504
1928.4682745028908	15124.405810162287	7014.7680063549715
10754.187510995678	3351.1463726230954	4618.838702852084
9929.49486905374	3743.5678711451774	5497.568057075738
7335.73186002503	7385.345258744823	5499.525626947324
2857.561528223662	13887.815925166457	7029.775111968902
10182.446025228173	4156.426331867555	4830.218753728502
929.8869775812248	15096.017246567088	7318.496106018773
7156.470004052428	6722.27215059627	5300.611613627261
9723.140507568536	4136.155577492732	5339.730992698281
811.7127173135822	15710.69598985309	6343.721022634032
9977.59309662407	4057.680458120622	4757.492954007516
1009.10019652074	14408.370554284822	7519.604643295634
10245.009347252906	4810.725450237081	4725.126229112501
3038.2042637122872	13996.20068912646	8122.169292971251
8717.976398856586	4902.097736355813	5165.731270424596
9994.606186717598	3294.4556248675244	5934.7756212617205
8999.131702960549	4575.727963038806	4760.864255388182
8903.605318716089	5083.3684968237885	5036.695081710945
1726.6654444454264	15764.680186404064	7445.662601159508
8949.298893689544	4766.715130179041	5513.1680523151235
1602.6521523171607	13449.983019825782	7773.50832873672
1355.6621310262503	15491.376484536922	7304.1727584510545
902.4413530481169	14783.754617923789	7191.029717118738
9023.68743993804	4783.514234166719	5057.901321656777
9629.437153580722	4633.565899279583	4925.426945158551
10649.232200738781	2865.316385505232	5110.719204486884
1923.5754852042319	15246.433815504353	6817.105329285109
9564.716544641778	5537.268572082602	5431.625674487443
10532.573665743394	4051.3247193665206	5508.233193591673
2512.525606758888	17072.215175287965	7384.3135634166465
8761.647896491062	5154.716159231657	5105.27805524567
2393.2192406164895	15058.645364068447	7831.376997970252
1416.5731858658712	15540.979710162299	7984.856164056542
10233.286462818289	2234.001650064853	5546.944527322123
10451.370839023299	2887.716533062867	5247.900842159412
1489.8589989036898	17355.560326087965	5580.832904415038
11544.403520549715	2350.7949477794073	6203.234111293182
3436.9247040423634	12729.257356085847	7750.958951927732
8693.695194920865	4568.127131954874	5296.523495416087
10869.125982550573	4615.403565422106	4718.00119800482
1371.3281382842415	16198.595628409765	6912.123329370935
73.94920640236515	14677.33632271994	7649.179183733855
2300.5274021025148	13636.145646092771	7181.885631420865
11288.56140675793	2701.7154861939293	5154.833422555089
10986.95605832218	4191.324774324716	4972.796787879647
2114.7570495120826	13311.684501941441	7706.41374617633
11340.968050371877	3744.603029349337	5215.927171887781
9682.9394511526	3355.730857629058	4446.074218237777
10706.773043206329	3922.9602339944986	4614.335055927014
8717.1632208321	3364.386529848953	5317.337787719224
10080.958979467652	3895.069498989034	5333.9540834150175
308.8918277388253	15647.053607257532	6537.688208747024
10713.091496085239	2795.9136704554758	5382.678366722747
11055.057148088077	1920.9020210919434	4921.207906483124
10282.777945208663	2584.678971881139	5662.715083529655
10729.593396522136	4357.208636257226	5395.988612317072
731.8199458719914	16274.208632849237	7130.013855481354
3322.7977623010365	13380.52968371292	7018.940408619891
12169.834919826331	308.41666843109647	4816.254879413166
11231.13489301481	2782.2428133390217	5479.615788481112
10228.003185462592	4623.69566077599	4867.0608203519505
1340.1428558866075	15741.64159090577	7097.746248826054
9045.060656877346	3655.359107599468	5134.983922610742
1527.265348215566	15656.17950367028	6679.227351764845
11195.137668827385	2507.7182729959936	5386.173326027361
1276.0357540350963	16235.485654771679	6277.92613857523
10047.638925807054	4032.9864541790585	5017.981917961145
9247.881379491513	3064.8460432514244	5650.236376662331
8121.171144851717	6388.672874456902	4901.484962411943
8746.907477323999	5268.5431374933205	4796.061947298312
1442.266384830289	15947.361551899343	7026.971288151258
9666.520857103484	3433.3720010691	5641.383434801155
639.3080769819992	14228.64353421463	8074.411467551288
9910.646610447138	4362.710817154239	4780.782659802784
2135.7017249314113	15885.73254399861	7616.874107757205
2600.3997984208945	14471.100022518509	7368.861633037692
1064.380743783267	15200.088350914224	7527.097352294788
11513.13715261128	1778.2313996552466	5619.68768373998
10367.452745837576	3438.526811969053	5288.535508537849
10554.565189874811	4277.946775161594	5504.977463572271
11040.316484177341	3018.6675612543504	5252.513965799371
1302.3615552804383	14283.502904631256	7958.592380558257
1280.6476352005905	13412.755845701759	7187.317455732134
11227.80021727007	2788.898082738759	5306.138844679175
12087.288336037236	1814.082155309183	5481.581202868275
10728.485130004468	4179.783011751411	4995.776448415863
876.9552416241029	14550.416615129421	7274.6909144520505
1436.3413507149123	13922.013670066448	6937.287406377367
8960.181945825307	5434.774141745567	5086.711802040167
984.1470469391688	15137.618885697128	6777.8316852852395
8031.009750726514	5047.082098866135	5044.375397503283
12400.41929467768	1401.1990944069642	4880.650729703062
1085.316665331159	13873.768481571833	7634.187691040099
2296.096111128117	13615.455325789588	7199.849867172996
10931.32052576257	3370.114964265944	4845.621724443179
2584.3259429361033	13739.088896232817	7166.071643287293
10713.46317687108	4377.594972734744	4869.033994728152
10756.685102374877	2909.0241325452157	4961.297586720491
1374.8338538987334	13831.6967356506	7233.640564201243
11126.283328995474	4105.630671079392	5128.734852831736
8950.219053337585	5266.354012650352	5132.235523024761
1202.396977382637	15920.934384292503	7632.376111985956
8907.814449726553	4197.588634014618	4949.529145316298
11105.767390815934	4213.715448701737	5141.489152101747
1905.3786687112429	15655.5132500875	6807.596304888121
9962.33721978197	3343.8013342193854	5562.19501123244
1147.9232985867375	14751.338598334843	7526.249572328805
10210.893251242374	3970.833329852055	5496.539826677477
10781.415518590842	3135.1071782285017	4842.378863674897
-362.4374635469757	14934.99139545778	7118.4946221669825
2215.003944504072	15743.276946286649	6602.771628151524
1167.8123146054736	16984.444863608656	7486.771292698511
7712.7391569506835	6822.602415580273	5585.474673189389
1492.2840830065836	15324.851769755476	7112.112027957295
11196.839368981606	3299.8231987039208	5087.106315120704
10921.476241139559	6231.620721484005	4542.1854304977005
11582.585761897219	3597.467249161115	5303.499142387873
1563.9704753487918	14899.281835286403	7796.414456871651
10328.83390434562	2781.8846056008897	5368.7103469602625
11267.253773484319	3322.72800069364	5693.993421857123
10607.413538121958	3467.4684733487534	5219.243121530943
11259.25280009761	4185.910931516602	5195.410808559638
9843.132473153843	3453.2208049993046	5581.167940714444
3633.332745682902	11830.59262656222	5461.782919195826
10849.174543107565	3003.887935468889	5551.406291158346
776.0895569128793	16065.194839684857	7204.166250517282
7502.656669522411	7420.214699279786	4446.940846228274
9436.84839129697	5868.238138181733	5029.285083095374
2420.582249103032	13594.574535586926	7501.824680029166
3316.101679839752	14177.082359781303	7584.345735004642
1300.2337487769516	17922.629247032528	5367.116989466948
11563.882440486488	3862.945729156575	5285.2571686014135
1784.3189894828613	15431.216272774727	7730.519461610639
1680.2255433472646	13692.304914012397	7790.44283662758
10043.469992559694	3376.5161418712373	4990.747973409357
1996.6160817671305	12814.523561941394	7723.079946411337
1915.5856796378719	13798.423700820273	7509.6841034831
2374.621423146051	14989.989670442565	7565.035239088312
2168.770561996579	13822.166954493297	7482.116157002722
11598.260727440034	2518.4046808462	5449.315540985334
11416.299764813104	1642.7525253910828	6264.0335686844
10113.15402075386	3465.818105806465	5503.67817404234
12253.43907268978	2741.5327817956854	5164.938955126953
9695.6972349602	3102.4685787051394	4839.566148505057
9239.403139616712	4713.706012074213	5268.813338564321
9909.235958782598	3520.816302174484	5277.176076881776
9515.839057980686	4680.061984039889	4812.339757973063
11896.166190493483	5016.652149481019	4519.772119242266
10711.13857470547	3726.787204726653	5184.594897932766
854.721531704891	14116.072480612582	7217.951135934069
10464.440656979876	2890.608769663917	5784.347858567288
1182.1457132538103	15510.423417201791	6033.338590853045
11300.790504346418	3193.531528721184	5615.738711587742
10902.438593830939	3128.5877221561236	4947.294297461418
2471.066949694737	12847.373417807512	7055.532849136093
663.5512767919784	17255.46937599922	6420.415535350354
1716.2914389248122	16456.604564638743	7523.0070449009845
11104.82506094055	2895.815352160514	4724.13573994816
13404.761025593747	1838.9846948805532	4773.8495623561985
9574.68358146607	3918.0671966196182	5326.736046346946
1766.177744853465	14778.051650702357	8187.2631573824165
2934.3932116959995	15730.481394252767	7668.26042520993
1863.4095947145518	15306.869085111157	6153.733426131833
9136.557522730496	5680.543373843523	4555.660870662858
11590.007759414582	2634.121967592537	5367.293644971553
2069.9659219788564	15248.857232652032	7097.2289426205625
9731.055662942206	5213.233103336462	5200.166870739112
9642.90110479122	5090.5482974819615	4719.479829202966
1203.9398431320942	13376.030519246022	7141.451165147623
1928.5754860215986	16226.60578980025	7458.4747824892365
2761.7024662871804	14494.200221542747	7178.8370633741315
1882.2984768494305	14843.306228887672	7151.903724433297
10695.120102424187	3347.639975053824	5440.517951892451
1789.653258047451	14695.172816590039	7251.538210884382
352.56363471759073	13922.689326215592	7649.338082493338
2017.6725364329893	13490.461827826008	7246.610898250837
2038.2935077298657	15910.824152620842	7653.748467640045
10959.02069687942	1451.03276843273	5064.363369703699
10813.843825904876	3585.541151403012	4993.952090233777
5210.132417972097	9372.759568716607	5705.455182597673
9320.90560295079	4475.928684593721	4886.146284434421
9588.254665908451	4700.726187391984	5073.563322134732
1396.3426692952248	14242.901753652282	7929.512632847029
2413.5309222038386	16110.172041154032	7293.634906911893
11684.881723246815	2590.117524382089	5530.132087664819
12029.627921066238	2746.1277729825456	5744.4005315467
10914.738744615785	3288.68427426374	4848.931483591804
2225.7584779318436	15156.679091385695	6838.811028830604
2066.862432967046	14138.114601882686	7168.7952748119715
12791.45909313864	2650.7942863153417	5194.0692868472315
1355.1750998762961	15698.424892548048	7331.481367612567
1161.0005742441115	17116.438198800464	7964.505908064404
1912.912875057368	14979.73226162195	7496.92805757387
9421.689063698554	3577.772793456749	5988.620961728463
7829.064606536804	4769.28626343646	5108.151403469543
1999.9524289520775	14902.78879341044	6783.166997720665
1528.7571928217521	14393.687536231828	7457.706169293709
11416.015974021011	4015.332714740407	4670.574811470095
873.4809734400293	14311.393791346254	6257.399865378062
10606.120934292314	750.8732148506994	5573.857969377067
1070.2364789769679	11788.265267005663	8326.526458549757
1590.8233853241163	15992.547709053684	7103.602399596505
423.62345429889217	16532.583658906147	7705.404581530755
1517.5523292284067	16228.7653437562	6182.647948783945
2337.929108311386	13194.735054014804	7642.715244892928
8513.57373009321	4504.019123104496	5111.194677972743
1934.9065312352454	13492.573203482834	7113.873673793346
8453.92416078258	6847.971674313265	5591.28306474348
2188.5547178675106	15679.14628523784	6017.445265617896
2766.818448252041	13717.915973483421	6092.117884635743
7961.690741216815	5448.9549303714575	4895.912325619036
1774.6877886559369	14976.591492626014	7374.763945060551
1485.0624091266527	13726.464913241756	8047.7309497463
10611.443443259737	3758.6475230264828	4739.852960857092
10757.654494967506	2626.493665141554	5399.257936315458
10028.59758927719	2512.163892036261	5363.458200170769
10182.867250789946	3215.276227766746	5496.528214988061
2200.5311827866544	13473.63591747019	7401.1017318551485
11365.950142622427	4255.529226355113	4503.980675972752
12588.097858153507	2415.237525032923	5068.58410592932
9302.923665412089	4349.948890123863	5124.31876222904
1359.6307387073032	15606.62100993524	7567.09286495572
1251.6371912845905	14114.131182808971	7444.008897531543
2052.6386322876688	14933.647023326537	7218.790914469418
11085.351614096226	2262.581005662833	4797.812023565459
11591.647042999066	2348.439207429046	5342.434690249999
2150.8331866398985	14688.035685143712	7502.991345575909
1878.6615782528884	14887.649255577719	7528.8015793411005
2227.4894758496625	13603.252976997324	7311.686462404326
1640.6483923948485	17558.852363897127	5631.627886632738
2585.701713064448	15289.269072544355	7178.4723671810225
615.9144438303936	15602.912701352045	6692.39246057103
-96.80689896469912	16094.161045721527	6938.341151968662
10089.323909190844	3659.3527417516434	4872.819590482934
11472.211575303541	2530.172876999828	4363.949720630695
9969.539283546444	3077.335311033019	5363.904448416362
10437.041809591608	2661.618098202836	4497.127243983987
1596.021222394622	14985.093708761045	6441.09686136003
9861.57896578658	4048.624449286112	5940.750059574607
11419.436427591741	3661.8638168415146	4952.712734316524
858.7198686278806	15124.633689705413	6624.825058731627
9948.878166957657	3219.8530772984836	6095.554534285564
10275.001172022492	4289.842961570688	5191.935992371129
8783.853320271306	5130.692116341997	4777.332505399815
11395.838949394489	3649.614759484349	5409.548301123685
12959.733728687796	2828.2957893769726	4898.266288557584
10880.915558007482	4378.0702744010405	5465.389366871499
10970.503870580877	3735.9207107895113	4876.043836309994
1032.9756832156681	17191.515187553607	5138.17211692658
10188.521205304214	3959.847986016622	5511.172250899409
7870.983366493993	5523.777927037657	4758.742773477243
2530.2713257989753	13685.041732034577	7161.6553878029545
1034.1457929590126	16216.85047559615	7710.087342420721
9862.467204089693	3610.809625382977	5494.048261598685
11407.495902650757	3370.305160718965	5069.660639640286
1957.376643546562	15389.510657749854	7238.61635487213
9552.695148162495	3629.9455223977284	5183.777535568187
10443.301185052034	3401.9088289822776	4771.0092394391195
10866.113062424187	3925.6940325438186	4889.993272444407
2238.1984741555866	15234.1663449299	7197.06912721221
908.0720696376206	15000.101386032937	6877.998554503193
1484.9086995902128	16707.551272370954	5756.791686114904
11431.334868904825	2283.130435543979	5226.154703748417
10910.945062932085	2950.6857312279394	5176.66358953741
10534.002335568865	4327.93510621453	5234.256912342506
9288.89129926347	4002.172913479537	5296.220960718178
8607.087055084652	5091.116307602417	5057.307921929188
10228.650603430531	4538.411002400898	5062.819148562668
5022.093439024596	10185.64157332443	5334.361599373804
8896.361315915525	3520.2030174637284	5235.964788896361
621.8277734468127	15442.500133926982	7288.239984198886
11212.606016267859	3794.4689285173395	5480.037523297383
11036.570676332873	3914.779279355994	5044.509713100679
-277.33284018852527	16356.311760713357	7501.650574204031
11908.396639471719	3651.1534363677806	5485.840277587389
8145.895653113967	6905.030527563321	4877.617415477569
11081.219615513286	4625.121211339456	4816.7807104282065
12391.044079794281	3293.033890920039	5266.204238848202
11011.706577905168	3142.142832132516	5721.824336913104
2157.8266916116627	14752.756372105208	8109.2588547912665
868.098969576853	16023.316683768204	7407.4981315733685
10761.47436673534	2856.760564184994	5215.906922405019
9808.178179277342	5258.251380434218	5062.202108713914
9287.018862332498	4820.286831996467	5391.14193846459
10781.865000312948	3504.2536337497127	5405.129570624437
10406.256397521996	3434.8224656473003	5081.428634504466
1192.4366019414806	15329.910889840816	6975.323311816808
1418.1467721264578	15939.893645207188	6401.307618953509
2151.146291289391	18575.883225475445	4867.672788542322
1764.184034663557	12463.41700784435	7575.699897720652
2009.5365759496328	17650.231941776197	6228.191255876514
2853.4983687584527	14682.22841625835	6786.468654295111
8499.758813662142	3983.1166844729146	5404.944265755614
1683.065191066319	16129.36857076137	7368.090775513996
1584.0809033309251	14689.171028189192	6619.092089283652
11633.989047923553	3199.4797327922006	4917.527977360123
2712.6573464889616	15284.053653368059	7164.067085386303
10385.502621786194	4450.60272191589	5729.941136707697
911.7158960858297	14936.551613636217	7466.33553398289
9170.680311454216	3693.3689448246187	5700.6834079554355
12129.442618514018	2734.716348281336	4706.212547603265
10609.466412262249	3202.233191428522	5091.6199861219075
9962.676705889098	3571.8632274829324	5406.726652856459
10894.804494970746	3708.8934472702313	5114.022364299852
10836.728058930938	2925.390163938902	4646.193760596826
2109.8019037959307	15804.260806842545	7199.344901114843
10360.909126283594	3128.297001804532	5162.493617278574
10631.51814323154	4645.627442627906	4923.351759675599
1661.5797324372907	13648.118970586615	7530.772671653135
9538.481595867077	4543.532679287611	4895.757855322722
8425.9040513034	6131.884447626687	5338.563270555485
2453.8843868822387	15532.489674792287	7177.3205884889
9878.006925238293	3682.6456568837216	5205.607084669551
10969.471723088296	4141.300605191891	4751.658695162089
1677.0471318510233	14316.5792420682	6592.254967020137
11270.141194397233	5253.9545620332665	5695.113086377006
11204.945688154645	3815.4288169183733	4671.825592196395
11018.922338187778	4002.0811136809843	5239.712197584566
10369.535278660976	3364.353638579154	5301.802068088744
8619.383662010654	6632.250465447809	6010.911190061429
1302.589040649486	13772.49595147805	6976.411503185208
9627.106575052769	4810.249754736487	5098.115867711661
1453.707938854073	14620.22759517802	7448.972073915049
1120.0093730094466	13853.347030058678	7438.661035346657
2390.0888048046627	14700.204820631052	7482.25385949728
8997.29199710203	4382.787849064709	5209.84411170596
432.05791687044405	15362.743149828835	6389.224813893528
1364.937064124808	16479.787779188235	6534.061313919296
9259.767807088298	4726.923133615405	5627.082528914596
11005.666689149852	3731.157494748179	4634.836387115026
9878.013612632503	4106.469073989698	5351.569225657726
10620.613698787172	4639.060483626418	4397.626367619564
1648.873674539143	14904.751745990005	6977.867184452816
10203.384773468604	4260.699432655654	4667.076632015863
680.2502477297407	13971.173123986588	7181.886146102108
9413.182973636116	6334.252453270418	4955.556284941002
9756.281719716528	5222.967716797487	5508.509476221639
11176.288539055577	4051.3672099515475	4860.916706397005
7910.952749745727	6315.668516667546	5186.47689557187
10911.816251975924	4277.446671489519	6087.451603968976
933.335492752537	15044.170423244123	7874.758868325752
11254.965639753156	1367.1465530126993	5101.667024633069
1471.098176271531	13010.598370565496	7586.360265712725
10411.38829469836	3358.223001326675	4644.932824481701
1084.4801843773532	16900.224873520245	6006.243621420875
1418.6472614420743	15660.975533327708	7127.970949286595
10117.716576773551	2022.1200591687316	5056.670803288672
819.511764963211	17032.664223512827	6451.438979607606
9455.540954291644	4957.149747674441	5618.951152634795
1794.073478015195	16191.23281647105	5878.768552258508
402.89484961928224	16166.535336504236	7534.912628074692
9948.00557623012	4225.720922135405	5396.007486541807
11661.826436464686	2936.17797022873	4806.923807921912
10086.162109589433	5176.260678078251	4643.086588087505
1905.6746638391494	16722.238741166937	7169.294976709456
488.238846896287	14599.357219052039	7508.329354926001
7847.51663201232	6402.795386911046	4968.711142688434
1509.1915920919544	16735.70496081751	7329.716667018909
11442.505499223174	768.8326166164696	5727.068367457117
10612.582859213531	3898.8311457131636	4637.435034350411
2018.6883466272022	14545.217319802603	7408.8059830362445
-123.37355329874819	15201.983523356543	7685.406567202515
11099.425186720495	2169.7725923259914	5267.764296282069
5564.630836559323	9958.317000137797	4426.87798434362
11766.84438142899	4591.832331098811	4796.244517646067
9316.879876509023	4435.97623420676	5188.26761827127
2189.385679712961	14580.933802314716	7291.878943609784
2330.3141761108463	15116.748120959672	7281.2020802223
9331.986273460043	4910.499016476249	4652.51345248299
1558.4011904367594	14594.893544271255	7141.72617405127
9714.176511783147	3739.0945043854276	5086.6768891385545
930.9511619329667	12684.100864693895	6909.668070991024
12297.17562035728	2986.047069885623	5027.869651312167
1365.5773816251224	14356.550540196824	5900.918602133881
9756.525310882562	4243.832595965291	5071.715757253005
1510.390925066243	16567.642568280447	7227.6172819198755
2098.522803949527	14019.110414923476	4900.988959678099
1960.9865066745097	15530.366119893062	5708.035147666447
10746.900969061035	4108.704607003385	5525.224411782701
10379.447423772128	2456.5703999118514	4959.703495934282
8783.514490235064	4821.587156009052	5134.527238097261
10577.08149151313	4113.0964902329215	4940.5468231173
1562.23626950679	14430.803742561195	5941.638660630429
1379.21041595809	15198.482344442125	7712.105971486383
878.870485783442	16525.84002966851	7165.371326849688
1767.1077004465767	15085.498746489011	6369.409200037034
10639.961012492622	2246.7331084992734	5680.7550539056665
11384.824478932414	5100.759217235897	5096.988979823065
2331.6087415632524	15269.69121710276	6899.443670001777
11104.237544415384	5490.07879869219	4587.431450080732
896.3548848723708	15492.983577738318	7329.545575982314
9603.184736246454	4584.127026419701	6041.976327642982
1638.0551479749283	14568.582135253937	7491.2956481779365
11655.296627293474	2716.616962791091	4739.523653334237
10097.346755083172	3903.225161329672	5413.757444014712
1914.9171198116605	15457.244475751817	7807.247517789003
10753.094967960085	2645.304560600749	5255.747091372747
10074.623566096247	5391.066409277557	5273.586299136544
11098.742113557517	2469.933706812913	5339.724143367953
11266.235100121181	3660.947775388982	5219.578906840067
1304.7834656069094	12721.422229004624	7265.795053598875
5748.132354809085	8735.305060085971	5392.901124329353
2049.994199900983	14514.454659158871	6545.776321767767
2735.3525981133853	12793.32217545059	7481.327760357691
10317.392812079353	4423.774003428318	5031.220190843506
2014.6824954356014	12800.233585149814	8226.351072108817
2020.0075160210506	14791.885936328865	7728.785064163995
10688.247091549352	3224.0399286001148	4874.979861026501
1535.517633206443	15196.805240904938	7971.994595215265
11655.809821341905	3864.267223523584	5118.730399650262
1347.7991199400074	17389.616938845465	6480.106439259259
1960.0323590771927	15593.827017033651	7937.956022044591
2016.6811628894784	15259.832773281027	5131.603324530396
2067.2017355637504	14245.189978981063	6761.458539685012
11248.303470850728	2647.1517124695947	4998.886025453207
9182.304076054314	4756.554507117913	4948.132766776535
9926.784752753929	4278.5743093042565	5385.780881444827
11062.839628054071	2713.8914400858066	5388.457048894682
1761.3283461750677	14286.244749414847	7931.947277212938
9539.715049781891	2791.2704122957953	5586.894875780997
7566.681812303358	5183.111924590859	5713.475911746966
10822.886219949492	3912.635648737778	5236.282667756505
10323.690847891874	5025.71377704004	5482.226036667319
11008.59161808747	4296.128684604031	4870.536181636022
9187.882068093922	4003.7164840372307	5500.106497360527
9304.078765054226	3724.5587517187796	6095.200270874343
9607.624682641906	4877.9298011504625	4673.866160451311
9118.071903333677	5498.941993118167	5167.993642500216
10672.529973320965	4036.6764852453716	5757.959799139657
12300.438643506048	5048.096696790519	4748.030159427099
9806.398117927836	2501.75772821997	5452.660297689241
1485.95467304746	13934.235106774304	7047.048232132522
10410.016637573197	3927.2720312037904	4824.986433283529
2230.6029406016532	16387.02547615182	6474.103178257265
9500.108837701773	5701.183806537166	5459.310167116885
10408.070377597196	4283.800295764919	5601.96121778315
10112.046380478634	3450.743779553874	6002.0996687939105
11397.80649680995	1222.042311513239	5011.689419147979
393.61528633328123	15703.083600188642	6962.368293462792
10511.240362249182	2701.5894953803327	5265.534982551621
3950.02589111342	14010.424141962547	7653.012674704179
10213.087848685229	3442.5549883096755	5283.288378966159
12062.71012245072	2870.1219577813545	5134.459982539452
1731.8374135569677	15079.044666775282	7513.27147836068
10904.195847924597	3360.6576397844065	5121.531802678063
1562.44648383647	15069.771762393333	6869.35733510792
12459.431064577562	2959.4011196162537	4998.8717906289085
11861.398001766349	2923.120417032706	5733.184459165632
12205.737278214856	2772.9357948292386	4963.737090240746
639.5449408648059	15275.373248787222	7617.31662788514
9743.422919408815	3442.645402111336	4942.744318128416
7997.724402435752	6254.445564437874	5116.850894975955
10292.382301834157	4300.827248716782	4404.063610630675
11053.13149669386	2055.036374041018	5335.051363196116
8998.575939793343	4096.495426269162	5097.770846950197
11372.100615622669	1937.2421589318283	5215.481700768355
8923.062698879663	5639.367639456441	4634.20349959729
2156.668052330681	12351.977917163977	7460.689163981073
2029.888743761545	14213.871764221192	7460.798119700731
9557.73818535876	2440.5122809295326	5723.769672330256
1773.203407984607	14068.034485520418	7380.481535613766
1763.8272360134085	14662.981635258297	6824.860777594985
1750.4006658939425	14838.947761233105	7542.7878566833315
1791.3251521812979	14008.896567886299	7408.112609054967
873.7525453093497	14279.985319644213	6801.52355063971
9558.014732205873	2826.2106417526265	5381.920210022024
1332.470206594057	15526.371881271521	6703.913199414081
2563.1297609144044	15673.473847485759	7375.8667813722495
11034.410554486205	2575.1154971719557	5378.437146730525
2529.196872190664	14400.685266063132	7219.410113700208
9563.04289554216	2419.6818558529685	5120.245650683175
11422.625247625545	2461.850174920403	5059.949918989463
11345.00835587654	1781.8440074504947	4916.127943643504
1619.017874532948	12708.64325538032	7051.490237045897
9824.962169389082	3852.9957220299248	4831.650173050327
10310.410517864828	4174.080855949241	4564.359471547177
10671.720723537946	3500.6939583214566	5061.7850267949925
3280.340034420978	16527.533434023262	5179.4454144309275
10498.175870343306	2565.9015034152167	4910.497366850943
9108.989492094623	5829.920873164452	5581.201170707296
1125.5759983615421	13366.90560253045	7210.815416682339
10364.906082989404	4224.427803850876	4455.682955023716
10777.614423030336	4198.786662521705	5601.631020872785
10351.30259941553	2717.2969928354682	5559.641818448689
10010.936685514176	2112.0412726999534	5496.770405692933
10265.547492129084	4551.364755393748	4776.872029688412
11311.480206029057	1922.0500337883507	5365.370073497147
2222.2334722815676	14411.125970015746	7225.830199291289
1221.5257051588194	14516.48847583073	6990.417063334143
1153.5698872594405	11896.935120011738	7456.446964366113
9684.696172730706	4702.904607349151	5465.09072680808
631.4192576290664	12198.921985875995	7262.984928790303
1635.9139144281437	13174.005510512092	7467.339868406108
2189.507116026468	14366.066279439183	7593.647326430011
10758.28879916061	3651.1454413393617	5699.819215497402
10819.609024530004	2920.6465796748594	4952.854322641029
10872.047935705674	3211.7124495399285	4711.013493777358
11686.32323167083	2601.615822243142	5403.415625308799
208.17888721789353	17568.33701930099	6749.039008494922
2488.93473210357	15281.790539553573	8000.414386305085
653.384372616967	17023.238016356536	7865.177378045651
1425.5391750720505	12983.80840896349	7523.423234372905
8627.396573578728	4394.143000436092	5482.093467581455
1797.001886495897	13144.796715981147	7365.086458399005
1555.1951326072628	16035.668079060584	5657.5138618083765
2207.7544285997697	13666.753933334892	7536.570110070719
8342.822230248039	5489.333984524775	5192.590754051177
1068.4132955749546	18413.919994914315	5160.7784328955695
813.1975368190273	16373.323163039442	6106.919928890176
10262.249719454565	3895.8733402164894	5213.075124391213
1337.1503178887665	14978.159985250983	7184.432659562735
11111.564091712271	2014.9564694543692	5218.040776218115
12116.026700441456	3249.8320115364018	5135.558166282334
970.5566532431078	14898.221870551715	7230.05420367819
8371.43753924769	5100.714281440968	5363.496804842236
2096.122204719732	14028.889655151084	6785.629429110515
1451.30825063785	12035.574733410467	7493.586718833705
9924.479504348832	5307.356581542578	4932.745585999901
9787.910708391844	4888.3898019466305	5140.5619626479
607.1487762820044	17064.06280169638	7003.330007746488
10311.520624191902	3348.8644810240394	4562.145503225547
9541.415315275426	5642.422082257748	5066.949334306286
1700.5369548263016	15248.908906660603	6982.653134504256
1608.6863387799306	16383.843608287549	7698.805606563662
1883.0719588854124	15103.059971705314	7565.276486550838
12051.842823539506	2428.655283230751	5000.920692891485
1068.297007888867	14609.502724526154	7433.275648654035
11001.371569235902	4180.877574872263	4696.746054566818
10672.337592272468	3181.808520701244	5551.846570118352
9928.899786008455	4721.36030228411	5362.987789147499
1445.1359275429843	15615.473819729426	7039.445084364151
11570.54942877482	2557.4164851451633	5759.811174933787
9872.62025647242	3169.212924777996	5313.790794678447
1217.5443503579377	15608.484074016085	7681.049987539958
9580.72007834796	3561.118617338174	5584.005113886333
8745.567699398905	4497.422081792453	4810.990619842429
900.7712920844673	16368.918123539155	5734.391733839206
9860.823039428311	5726.407418994443	4956.619797521971
1253.3816006391337	14073.972619551849	7702.145694629939
8331.222036125362	5367.328995789864	5101.129336417462
7735.729635534303	5027.756376384191	5182.050571395617
8860.04499890086	5178.380181500835	5417.91406417295
1342.0029020958136	14125.900700877106	7496.258045874056
11036.55914818538	4447.840389212997	5056.182622113884
2575.64314381808	14088.32715941986	7274.198531674667
10958.52138797638	5475.827179034872	5161.143358345355
10474.342744793605	4433.5058970617965	5271.036213601408
12029.474247705562	3517.07205505367	5124.222386365749
1704.7914145631362	15160.824276823016	7376.663671767819
1343.3438788777162	16244.680223543648	6128.244655618972
952.8245389339035	15786.681160567927	5814.587680412999
2384.0491310511443	14635.75442286505	7500.984052958706
1409.8549956738375	15642.37382833244	7897.451768451444
958.4818515694834	13971.639046742283	7039.430616448134
2515.325748778248	16781.06525651412	6750.7132084939585
8909.429018728142	4741.525200933259	4932.208327145168
1567.75390503684	11619.188533403498	7530.229385692252
-127.27545098428477	14339.376089276237	7449.942447192883
8505.63562762317	5372.427050729246	5406.230112574339
1027.9044860325941	14752.336180524022	7159.794743725321
9387.23552038222	4564.141310246179	4560.851732913192
10377.583151927407	4439.070992672095	5440.49938288828
692.7407460901336	13983.299241035587	7232.320655305914
680.4288776388775	14415.368983781438	7565.357238972008
11846.748733254193	2761.164234026916	4705.41839808594
1322.0683392287885	15922.242804222451	7333.159677078796
9125.515146845662	4493.868472763196	4882.581901665572
10046.657507013311	3091.2903695080945	4956.256058368426
1411.5635832356402	14389.924340658903	7503.238415113288
1361.5054546102049	15836.174915745822	7462.6500016135615
10600.786450016314	3877.6955732899937	4793.079296982549
11788.071454385643	2917.791289239001	5095.202742243896
1681.0032217114215	15911.976922230258	6949.335889722988
2221.7281334730624	14843.522173516512	7252.927408138397
881.2450884295688	14588.015407899758	7591.1414325518745
2422.4079193016946	14118.210844930729	8014.948193805349
1328.050107883173	17362.78783758156	6801.682716461043
11386.848545338587	3777.1197049557986	4660.511763096349
1625.1068918346562	15503.896321533819	7231.738209520347
1501.0195344754509	17094.811965022396	6764.343894444488
1428.0135493633156	14561.301215952248	7921.105803385555
2494.153291912302	14186.990919751051	7484.570010158264
10702.78847631554	3337.0941783705134	5393.103650800395
3061.936638440496	12924.745357870022	7174.421787801764
11268.01976360178	2484.877047444588	5184.094113146084
1734.771030047154	15975.001467689615	7105.439455469043
9643.59693846924	5316.493177504265	5605.335561881608
1693.2979201148491	15054.74852738112	5286.894146354254
1719.0890272184647	15740.491712558418	6873.515650579081
1671.299607499625	13828.230009316545	7159.627620048033
11063.92716009137	1698.8038427403192	5335.366090387139
10094.60661337966	4182.441904967741	5487.747455196714
9444.002910969426	3700.5470228425825	5216.91509192756
1172.5627717718135	16085.37627938616	7486.705360252156
861.1360677084728	17590.665843269504	5875.636698566343
10053.185799952413	3957.848739157994	4954.678269583794
2159.32136479575	15499.19531940355	7394.262865204463
10377.777527690263	3717.003386827524	5206.27571039287
1172.523780822526	17310.84349486077	6371.17364560726
10487.744706454207	2589.319027041536	5216.032459437039
9800.95717160296	4970.038603146131	5272.451502305218
829.5842039863514	15863.429341337818	7743.811383915808
1046.7227608216836	15247.25518387741	8122.088400456104
1963.2294099741791	15124.475029127087	6293.6032678569145
322.2637106497064	15855.384555448863	7383.625693059423
6462.813467573325	7164.618112712942	4748.94047076382
10799.965426801173	2746.8685714393946	4971.261263211034
585.4302088303131	13072.685780423575	7854.301943237902
7186.815329806233	7131.1818531168865	5436.440994922486
10982.059540822838	3953.6733208536457	5432.322458552318
597.2468393622153	15289.012770880607	7213.783414350499
10297.235388214758	4399.921186646347	4874.927049581163
10565.46558608999	2300.5878792282188	4891.377270646667
11926.009254813222	2919.008949876458	5409.971145736915
11089.287233237008	2769.5927742267572	5240.598809305336
10100.95715097773	2396.1108608120476	5932.641454679067
3012.0329780650054	13380.499274683234	6773.758194242469
12018.603319221755	1968.4758584435615	5821.879484725941
1920.5016812493936	17881.416575559568	6477.1852532602625
1322.3568557834735	13808.01227376448	7617.147752367818
2722.098818804801	16709.08489241746	5330.494921403776
10312.404843707622	4026.0796409700206	5216.742622392355
9730.47218131155	5087.871765312178	4646.096395905276
1205.0256496500324	16056.09708973517	7719.213147576409
8821.223882229826	6007.729703407772	5844.918771237945
10317.053589295929	5671.2220899227705	5201.682687053959
2143.4349972457694	16551.82941182792	7015.873489967527
1634.902139929702	15644.601125276049	6409.955749772742
12383.64081088172	2176.4610655729143	5339.184018500015
1564.5411141750033	15655.428585362706	6912.388638408244
8846.707279685625	3966.950678211956	6121.2604226258045
11414.261946351062	4646.932597142462	5707.514069141825
949.5156349065405	14028.443789147756	7008.580729541395
10236.345373633178	4574.197044901741	4876.208541406931
10181.315948504249	5180.887255429491	5359.178608416077
2432.7876944792315	14493.373373952674	6791.90628041717
9921.328322052601	4852.146882250309	4894.595741660559
11006.893698635016	3232.250997326464	4822.939644335079
10532.038593985197	4397.264079512681	4532.798042133728
1999.4388182742266	14047.894290749684	6664.676391337132
9523.759445623142	3511.200490795059	5278.881941801292
8529.39021343187	4215.263029662623	4927.101753952134
11172.053215926622	4535.133895476817	5065.83916585208
3109.859054656593	17180.58766547252	7671.805243218624
9769.81038018598	2698.310619900056	5719.30711840747
11630.638233182048	2722.039751061776	5165.649625455125
10229.902540279145	3142.225937668332	5399.258869797943
7812.998106714915	9049.865790487518	5137.290124107878
12071.354758841957	4007.7634267489166	4807.969735505928
10364.181787618345	3603.1522944840435	4654.535476625978
11942.997993727013	2345.528187688966	5286.648305861655
1834.5237416608923	16252.607696054429	7355.842915346049
11071.805709211148	3517.7558532172225	5402.000527288496
9505.652142911793	2123.225834985272	5872.326988266564
248.2213446670566	14597.856602676944	7599.274266109041
11954.187819512266	4327.987540400441	5175.889161983736
10841.581575346287	2500.7816732518722	5521.317215526057
8472.70200522693	5942.791892534795	4573.810883969723
229.32734176343308	16478.09762893577	7444.461638325109
10239.428112634843	2160.292106894699	5108.725710074204
2899.6061882414115	14496.5378343395	7252.843079344904
10042.878625259154	2690.2975268382947	4328.396832566539
1881.6558541997504	14332.926880797235	7806.67220500657
1337.1531142961858	16270.101622123446	5044.5850121218755
1259.9346085110765	15389.627171000831	6759.951712273034
3131.593116053471	13754.002003122803	5152.817378897653
1628.0761571160106	13862.15179251343	7050.852284868574
3714.196836997008	14557.998791920107	7301.558297955135
12266.074436559162	985.93974620071	4957.228899533454
10304.488729234732	2384.0419797356612	4831.9353186398475
11894.733264153643	3393.6059930593215	5033.543845161466
1952.9895769288325	14201.394975253175	7088.514980034578
10747.84312936739	2633.2699284227206	5427.718068855683
1125.440143070531	15388.01057189757	7203.909465803565
9281.106736246904	4834.9585781898495	5367.7997985715065
1296.4342381825174	13791.09164728567	7867.937494330566
9805.048716208088	4140.7358246007625	5053.64562770753
10320.737231470379	4661.918009088892	5131.510726996199
2741.183991096528	14400.95181015154	7677.457761178674
938.0710518292988	14837.544541302077	7308.287410322448
9108.216745282562	3054.619610353972	6311.819793837224
10544.59815709877	3284.6730952668904	4807.413573482151
9809.413246769585	3939.645297031866	5600.101627523737
11093.442190712218	4819.561080400453	5304.029104380052
1558.730140719874	14371.69681263435	6827.614960034914
9704.88829579338	3725.7453068821565	5134.020241125852
1830.7553055969065	14222.530461794637	7866.206184451017
11498.877990085815	4040.2270775328243	4378.465903318681
10012.610349121493	3981.1787278798565	5383.861434469071
1569.5439804035962	14903.772048541605	7735.5474928690155
1073.7664949430991	15002.816737939307	7609.1269837423
10418.471359169465	4354.995982303267	4940.0160212109595
11695.9918909021	1960.022261115137	4439.267311665427
1769.0153668078915	14142.604731785212	7557.18727184697
9125.7314131172	4860.412482233827	5216.888167629698
2494.2619845319614	15533.478820846716	6984.656788032717
9554.16962660561	4220.754184556635	4972.88027575559
11253.506187079103	2814.488173237387	4798.99885813479
491.06576469529836	15021.13791556224	5252.897703649371
10272.877774208057	3554.1004604889995	5374.28520032786
-185.3514225260975	16307.366635609904	5969.243376443551
1535.1355121187023	14527.317255520582	7566.00364722418
2423.9417127207385	14870.939888577237	7800.28944489243
9644.622224155137	2943.1528281597148	5734.880310844149
4908.929104107596	9580.273782908904	5558.769206497551
1837.4097184519076	15068.593081290268	7660.844803517914
10389.457574046872	3818.8885579252164	5651.812921359709
2326.470412541083	15015.057925680007	7321.095220776756
2360.3423441938194	15717.857136357841	6809.723675578142
11555.248283741128	1711.8291540931275	5101.130718729037
11257.004149116168	1440.1632495997892	4769.345614175122
1550.5543828850045	14748.269397615866	7389.197155407789
11181.436288479834	2245.3887143920188	5063.78280788339
2414.320201855164	15826.454792149361	7136.686460536052
1605.2794867951804	15113.823452865236	7685.035664238874
2153.9301324198364	15181.706396872301	7308.161568173624
798.8325804831493	15469.576722075388	5588.011697913179
8437.388076933938	3767.943829125464	5180.104491910741
12132.97749228019	960.4369896660991	4763.502303266506
11575.701464790618	3019.27654506783	4997.909086948991
2535.2678684430684	15955.669825027446	6571.6401514184545
10794.742808448096	4810.626339340216	5484.704733066758
2429.114284432878	15187.868554242332	6754.8537562219235
9627.721143108336	2354.0040477085645	5073.829499960175
10801.981500741747	1897.6452981775403	4851.6599090541085
1659.747332613682	16239.820189136342	7484.838855684088
1275.4326522552433	15368.923954119151	7820.911927876425
10478.42679993654	1579.4643274640796	5375.052962240699
10111.351851937305	4794.766945198631	5332.3149532245625
9567.044459879031	4464.2897150936615	5203.427443284472
2168.4487306936676	15716.186144025674	6895.804909601023
1860.7834162265592	13852.635633998212	7450.502615575672
717.5446429141825	14596.120967796029	7071.837233578673
1275.1407329626488	14949.371092285497	7123.725540542752
1562.9312266587212	15465.686927524099	7201.511136058772
9280.295414422379	5165.33022696247	5444.203802807244
1282.3211535724388	16438.38174887155	7513.680470810541
11054.952449090903	3546.041128060959	5058.4556552402555
11802.98557890354	4489.844269879562	5209.954978187577
9880.190188748056	3426.150545244656	5169.68001605146
11486.564128832824	2117.3082150690307	4726.297472820356
3615.527759776079	12536.098233724195	7694.897845556635
2276.963504774299	13926.479287029357	7193.774270584387
1697.7901178629515	13323.974327449761	7423.813732414727
2288.1161060315208	16723.88200742463	5402.071686931714
-70.63210399410336	13305.216501278295	7344.903047375881
9930.791550691676	4630.499091920965	5904.943267182399
11209.238534726124	2038.0042697524457	5209.585621437364
10931.996339094083	3525.293982385764	5812.3401042454525
10621.69532488475	2677.2576591774427	5882.01617165864
8711.41930420544	4030.0297782855355	5041.821272376831
2043.0853330166553	13593.941014117798	7518.506920467217
2137.4447595961574	15509.1138472445	7391.944767512764
9922.165351439278	3868.132755229305	5535.966089186403
2093.473308384412	15885.253898369027	6071.667040965301
10024.310023458751	4824.536233386557	5610.996093250428
10011.13260433884	2745.728373356987	5286.252645005238
1308.0092044251614	16518.31298574492	6975.758808361182
10054.528337973847	5154.710214332742	5302.415866933509
11191.033885218183	3992.321639368765	5258.36588402319
11750.053541018411	3323.901369272571	5173.408926265002
1617.993244000561	15531.22753149016	7498.790771306528
9213.54654431407	5016.604897967606	5207.420137632011
7993.328367558467	6163.108344323325	4723.830463503745
10604.678707303681	4179.575176567699	5808.165232610822
423.5535900121919	13352.871800781099	7375.115482252762
11429.940729209475	3693.0922973382726	5068.884220303924
2245.9298836960265	15406.67783051287	7262.4909921837425
9909.816637676291	2640.46183398177	4806.088468088873
9916.080046600851	3755.3338010768566	5159.587391848137
9742.777295107027	3980.6593342168153	5326.880589854138
2083.0688575333425	14713.502339573606	7905.7779712144775
9646.176842992876	4127.628382687673	4614.205382329956
11029.648587574238	2309.111210702252	4640.796451063802
10684.836455994067	4752.830748655934	5225.441907326249
2478.2160530506208	12829.59158221892	5283.349768826445
11008.14666084088	4096.907587285895	5491.698317823809
1072.6940231323933	17249.378963002753	6732.858807782404
9015.20642802076	4480.053371253667	5347.784569743894
9077.527294766314	4556.561178034176	5477.797344658815
1262.854181865767	16332.715786327084	6940.178880948337
11833.360260251855	2741.539309834601	4758.526491239136
657.2606464035522	15095.671508097104	7415.319206556271
9143.88374698915	5026.271515533594	5576.278945960842
9959.447017179442	3379.865719599612	5447.897531902026
10570.205848642272	2700.6257730652587	4855.467480141123
9835.734497532083	3852.6027624992935	5031.090394230038
10395.735430028013	4233.289004227629	4941.039901307834
1728.9866790134527	15754.781005315728	6415.871195792791
10553.13217860103	3260.467367312472	4880.5229946948175
12002.421357964133	1475.0364177656234	5955.016179833931
11234.445853010931	5387.327793465408	4475.772633946531
1886.7091742414618	16276.90879271944	6891.642978929261
10444.265537920237	4350.959071255151	4882.509138563385
786.6207443548088	16252.2370411504	5416.243311340294
8240.176614111422	4097.190108852289	4822.356891366681
2010.715236030748	12770.825670064463	7452.771749773379
8292.310602422887	5729.8710088232965	5906.681483901577
2581.797700348231	13850.328188413561	6778.101992658725
10542.448421201387	3147.5527082715016	5607.717412987856
8625.46079363858	5374.94907922632	5230.599841969036
10686.357036388541	5405.7313681723	4826.279495481166
2253.879599488825	13112.7616126491	7766.676020877915
11125.013925047988	2946.749452508722	5359.309400942996
2088.6730898544215	13121.743626903519	6729.304935031792
8639.237954371783	5185.686584653984	5099.800362596643
1702.0832923687421	17533.884994065513	5766.3833468047405
9771.370326808203	3030.2643159977324	5274.302684841107
9407.13089117676	3728.3251738826943	5496.356325061621
11553.984673133027	3541.4371629367247	5106.893651086548
8597.385982707267	5397.612096528028	5972.123698462622
6898.320239640084	3669.505389544253	6141.2604071994065
10026.09400702968	4275.832383652277	5455.642633688503
2464.6586890542576	14503.236426699306	6916.543680672235
10398.973837065927	3558.6817681203684	5504.617722268044
11044.281906941562	4738.037017053613	4498.422893763434
11414.82935449326	4226.756801350032	4907.203502044197
2073.2365400968038	15889.101355568968	4496.790340219828
1408.6840995963698	15080.785465848387	7283.108276061972
9789.740809644312	2948.0181589834065	5602.476689869257
11483.536003465242	2906.8801455115167	5284.58487586764
11290.416805520726	3611.38475861637	5310.512510359116
10735.404936030212	2411.7011314545957	4784.864256306417
1377.6922136141734	15013.483631290703	6881.245532942639
8815.796104130284	5636.78876665902	5588.062810688426
2048.1774049297846	13578.90451077584	7350.545313790583
10504.47779025426	2426.490684662858	5246.9183492224765
11248.998450360838	3950.9915586647935	4497.387483266463
11275.618644894088	4956.766322637578	6285.197794563667
10467.433108789479	4422.4446927598	5101.130158448112
9145.524938096078	3751.5792896230764	5054.4858485972545
1009.0132296728179	14664.291035282764	7452.908329711101
2270.2702182625185	15013.59721944337	6307.733000087792
9422.075256019196	5145.48321600677	5075.442594221996
8383.58175981079	6550.233083862577	4538.915866035919
1327.6324345287408	13321.744971267646	6870.217829539089
754.5779320099008	12486.25705864209	7605.434056056949
1058.8997961026985	16057.949460293275	6768.439173595203
1298.565447571331	15591.048752828103	7138.491167834742
10446.300577678823	4619.05319146293	4786.322567112996
851.8106366713234	15052.689991838677	7394.605255525753
8800.324584111097	5666.1187721619235	4850.891152314612
9664.489158405358	5130.14125106583	4873.251235988632
8954.84212029817	3481.6817759964742	4845.847312347053
9851.178905617575	3503.466319753389	5255.086539577721
10188.243547758719	3870.177387437596	5562.806966091374
10841.744409898358	4251.102777258556	5117.116537468044
11711.024080992136	1946.5051617670329	5071.381630156025
6611.132834838477	7063.45053117691	5112.57054844174
10144.264767073966	4380.6250748285465	5029.362245816164
811.3647565506942	17205.818689633357	5673.517671235391
9538.235981247788	3941.5579451747585	5334.3035090722005
9189.45510979837	5905.572010842858	4772.558607438242
9387.742385338626	4060.2194300892966	5019.80165238731
896.5072846276964	14108.871576072977	5487.8558962531615
10674.805634322382	3607.1993589947024	4849.995590316015
2550.0313476519923	14820.914859659837	6743.242017741593
1096.7339597385283	16862.715680980353	7447.09849517012
10876.024934599609	2098.7592644734164	5791.77909892921
1654.3332370291578	14948.196189765575	6709.55125066346
10248.212606275049	3175.8945614926056	5127.864442352876
1164.1733872459326	16496.552471237617	6989.828099227365
9733.356533801325	4850.990542970204	5009.928718372868
924.856351460571	13968.987529177462	7352.46941166748
1496.7513776526898	14439.400016019812	7500.603313516722
1082.6857454304643	16285.122145549942	5441.832265961079
1645.1775785294476	12384.101940036237	7188.75414741589
1972.011247108127	14684.661736897235	7337.068183107529
9415.677435814368	3659.02311752767	5818.073752604568
9996.937449998406	4971.404344735085	5600.868208618691
11155.386873519137	3078.429225802247	5708.923477667179
1837.7512002190851	14460.830573930201	7722.708498935045
9628.977298291704	4850.912860267478	5657.247349017269
2389.317845224283	15516.42137580243	7706.576106463532
12189.165984271469	2739.093556993049	5566.3785735992205
10590.010252144955	4031.484610956278	5377.290943759221
10976.378125485977	4126.510637086969	5539.4393750315185
2363.6697508764437	12473.881862636421	7360.05042834082
9063.023014132625	4809.438324832732	5608.132004798125
1027.82461556974	18293.52791396361	5168.456580120017
1131.0777658747882	15251.640544151847	7018.451274889726
12077.871754901456	3148.269958459594	5924.0817759304355
9434.492130643259	5787.626976093694	5099.412508610945
12740.991219838692	387.3704998149778	5683.201408224211
1235.0589848187324	15900.235734104623	7311.503657803255
2189.059010903032	13729.605997207153	7703.736936381358
11467.634287504043	3209.6615386578633	5241.914271616151
11471.635208795075	3328.27439234992	4889.719944356368
8459.100965520967	5076.043723798824	4874.012436090899
9951.46611153209	4274.002858587625	5673.809465392855
1542.3532714089017	16063.048810157887	6991.1098256649675
11835.833792500678	2540.111511564708	5693.1052751063735
11941.254642343365	3031.542011998493	4874.69313983756
11663.139684571026	2419.3207137482077	5027.4744651820065
10626.521240802665	4649.364934374517	5429.140114507729
2212.601079403543	14172.881535736122	6962.043855177432
9455.380846223863	5937.099762802309	5301.7620905056265
1148.8089493399661	15019.28159579919	7212.504690999271
11749.674856942716	2920.319735439452	5604.042295188994
2049.8048569370376	12955.785886220732	7736.631983880246
1926.3122074772352	15668.693135057234	6818.764724297277
6113.36787738037	7668.122600517158	5341.286798528385
2313.652271339468	13200.52343179306	7801.593744346267
10957.393646892422	4752.844326107951	5381.072693166332
2761.2449384426386	16533.801390483328	6239.215889536057
10707.44722160308	3608.366435009373	5517.373505836018
8787.884599993977	5567.764801229769	4727.663593542416
1263.928658569843	15514.36553394079	6903.656552247035
1343.129683710273	16773.62669346537	7092.341058496672
10319.05026939659	4118.293527515505	5478.51041829793
9839.605332703344	2494.2103104324547	4929.571750733387
10634.597952510323	3305.442979466797	5273.834785678133
11517.777901197214	3604.76954426454	5370.9299163827545
1041.9699659391297	13562.633056309796	7562.536284225218
10408.538432980838	3376.7683847014364	5605.715474074685
9901.26740746317	4426.287393774925	5128.099591096109
7784.611642927338	6010.059589695632	5050.628818812061
12660.519920858454	2720.458520404172	5497.973565099511
11758.124519264034	2658.0094601609944	4904.241671185276
11386.457332940488	3234.9686902858184	4820.497508281254
10026.029557706252	3260.2671650930847	5377.651972303758
2138.621481559099	14124.289398081472	5277.840973270705
11657.310417723927	1286.531294003254	5253.299785701394
10870.023779331104	4097.372849670241	4803.54820764954
10523.113429241668	4037.7667846692225	5366.613034708352
11815.56158662121	4173.06812553429	5563.428409716244
10421.719154248833	2929.3381089732716	5370.253760298195
8075.271501063435	6038.511336805275	5357.975861976563
7432.013084261954	5607.965609479699	5038.2826400916965
10073.262115238025	3768.344229103324	5650.089044970557
3117.495256617711	13065.934918477478	7223.5050083627975
3263.8351972479663	14068.387807958841	7225.114830258246
-426.80404342579243	16733.20991329777	6589.192531894133
1472.753684461467	15987.52404694217	7240.4771232832
11239.983414778668	3918.9153457048997	4865.574605928133
124.5646259961687	16805.184466752016	6855.02706065276
10629.51364028927	4000.3255013759726	5006.737987559958
2044.2311220209785	16926.20951426035	7273.260151722054
11805.50643534748	2296.0394805036863	5275.166335316637
195.71716734198452	16812.368614261584	7465.054822363686
8877.672590239008	3837.7196578975136	4800.377981459882
11476.994129761944	3328.8169758118042	4919.42667058968
1177.0081560608148	12289.120300483994	7238.004390784353
10314.831196944931	5377.239486136263	4969.138965543426
9827.46593734509	5954.814197447279	5176.918427625664
994.4295255501546	12693.50935032633	5432.751416154712
9857.778002042172	2135.9437964335157	5294.342101583957
9483.985408113263	3733.3256045276394	5432.578851149608
9417.967888434448	3148.855882698881	5179.393453126298
10437.334565445908	3738.12720009242	5612.821733308836
9211.301600873674	4366.869839795648	5398.975583887085
223.62518738177772	14915.748473337459	7306.882894810587
341.2184398728391	16883.420699559956	5837.424922875059
3914.4188106432553	9416.557873527316	5059.416770639971
11512.044774957843	3121.620935663983	5205.219359112104
9341.94771228593	4872.455774477093	4928.597089253788
977.5455218146691	14898.606896901683	7846.3892562488245
8698.991413419695	2050.033778180508	6363.939477885789
696.6972312710169	13316.024074607603	7135.578017335064
9259.155481482716	4915.31828329533	5160.962041420322
12032.305123050091	4387.8584967847655	4938.880549617783
2584.6334014079052	14093.674853782055	7281.962649079647
8613.898097757485	4344.2094098035805	5642.872218612402
3136.5296608783106	14430.631482071209	7004.19102945425
1066.8558813382115	15313.292353662315	7290.287406520716
8718.03271154342	5406.838190777204	4787.283866752004
2860.968414661084	13040.496031925171	7439.578187748695
8351.277052828784	4210.047380323515	5419.400937399984
7884.143045419256	4145.936883590642	5795.280077022301
11016.416034426413	4637.998290049987	5206.29234878743
6465.661579460278	8477.262733997884	4859.613164631483
986.664777717715	14138.722663690343	7488.135556012688
4011.855799050781	13948.089051593715	7926.931656991205
1277.6199592987348	16820.062886055002	5866.426854415484
2625.4481184732576	15146.450983245319	6911.863262134956
10527.700058804307	3626.613865467	5429.173372411193
2323.6221913495147	14987.766557712916	7369.483693826703
1435.4765225762267	15421.949389897487	6677.331554390738
10730.344355317922	2803.712873870149	5006.519527931124
10422.179416710893	2772.403711581461	5735.535237186509
1248.7091453448045	14391.611851596634	7368.542892106005
9043.274633193558	4136.479912120619	5109.083974035133
2140.282707020676	13863.262706888701	7790.104211860733
10296.209505990502	3527.339052267876	5360.532960965737
8869.268505569156	3765.01095505981	5937.754944575703
9898.933023172496	3566.3065013367514	4870.2915523504125
12614.80282009691	3461.0089911683335	4444.801243838277
10762.00970085751	2217.5851226908903	5937.096894987281
11589.4188921342	4438.711644386943	5537.417070193561
9979.7878844768	3780.70056263791	4579.900426548431
11598.892479912702	2975.2477740784093	5251.727392503356
1707.9282941381714	15462.41298114283	6686.076702571723
10916.925832781215	3434.2001965558993	5105.023172464019
-534.5989768520773	13686.240583265264	7572.343268834572
3566.280921670457	13257.601044173254	7184.785253430029
10243.823765108484	3720.231344282798	5144.012012957668
10929.058073406752	3724.486939792934	4841.845594605352
3798.3927887600166	13320.278266045174	6756.984216152947
10116.174573453829	2500.653901411805	5003.797871651067
11689.385251846386	2795.5683430033955	5113.100486289647
9892.211964225498	5822.871493837551	5285.440318387938
10088.509512940376	3367.029381218104	6230.505187608195
10955.458035927606	2890.093599882793	5360.220667767732
1780.4522838067587	16744.988943956407	7797.340246151961
10411.440765846477	3912.5060162971818	5840.40183414005
10474.845275179747	5110.356858649975	4895.383218146984
10681.90892156604	1997.7264096426888	5264.3429583701445
12266.472094510818	1760.891938268516	5066.758766781708
2235.356757066683	14437.589302574084	6967.169639137966
12156.508188614966	3505.924735734278	4914.4479814190045
9536.277024248642	4251.18725852643	5011.55468349445
7865.1288985252795	6167.418270766987	5096.29447907517
10530.415984208505	2966.1167504883147	4849.564481368217
1638.6530016068077	14668.61539715345	7382.381228060565
1690.3423315191333	15069.764235745697	7054.077866102798
1316.4329426022634	15304.1156812192	7973.00490057882
9905.977113623632	3614.4339444640736	5509.187660058817
9321.048291211413	3179.2546732292317	5344.468311652877
4675.762286014819	9574.035337013855	7964.1728675783515
11562.960029346952	3400.5955720365437	5065.991385809196
11622.562779030037	1804.3650097074951	4765.787950064419
10654.084634932087	3500.8289494526516	5034.617126337428
1753.3445359174452	15631.57677695718	6930.430994852876
11526.354148564615	4511.261247702962	3774.0991963159927
10990.56800665073	3458.463991388716	5418.7753644398335
9497.914010160905	4842.540840989847	5073.0794066135295
10372.024526420017	3712.0223052745328	5433.654602069922
10925.332871724648	3655.8942686656023	5189.418279454444
11455.30172462482	4563.386010656218	5566.118722006264
9570.767603886681	4171.059158700589	4545.475576405207
11376.365197182267	3374.2009746079675	4783.65462809177
1194.2582934064621	14785.062910570236	7009.430743441822
8994.166871680987	5407.592922243412	5266.399069886113
1808.1507179141715	16120.312180204579	7457.65291968488
11179.209956168883	4859.647493597338	4863.622962301918
5528.72078236571	9030.36366869562	6023.787109702997
11059.014986039847	3759.6072856976393	4945.825894199499
1921.827183803286	15619.662099983549	7207.175947898442
10130.493920822119	3003.5639033102175	4914.103814017565
11656.953868811828	2342.6737464901166	4387.793017079946
11765.702519738164	3187.175249229041	5244.49121745187
7825.150456677107	7520.330754688804	4955.740550127429
11341.902638169595	3560.0309382907417	4993.256672903525
10578.143804493682	3646.3874763939752	5688.035297881188
12975.837478277052	3807.3014054058385	5383.8151758520535
10844.985647838275	3468.731397134801	5342.49087861484
11546.677257302503	2442.1433082986496	5672.184750061284
9699.28880942089	3909.364868649045	5123.826412548581
11302.76330436152	4359.21213018827	5495.0706536158295
10208.811342092631	3930.0820704102894	5496.679808227754
11155.033847336135	4286.450474943299	4980.418804282378
10260.179696451294	4603.623561587789	5797.4805575164055
8046.317209947681	5969.023790320731	5269.122196596154
784.4850533096131	16392.521793366253	7040.532095459307
11882.33041429471	2610.612213189383	5272.1200930026425
2021.3347414900343	15035.497173195241	6606.154610117623
8178.791514512742	4185.074947536368	5614.020684519962
1514.8556374491573	14515.51347359637	7136.655447570232
10882.960288242402	2586.989507881783	5473.495410617034
10473.103480412436	5517.572441593545	4495.845166232203
9178.789968005694	5351.4701788889215	4924.42216979098
8150.909411900887	5620.41018750243	4727.568667652353
729.7212098761901	14981.281318380714	7264.120600797241
10948.761608410725	2869.1946395354676	5003.486518757912
2309.5791657288087	14999.958716495477	7066.931001420895
1439.6852757507386	14729.940583910804	7476.576062558252
1939.7760962921361	15876.373468690888	6779.737421151436
995.9282199713698	14899.314172162214	7255.5139766808925
1908.052216239578	14110.859410032435	7115.090758747103
10805.342924157867	4054.195387423082	5337.31358969886
-261.3711375502476	15465.700642351536	7191.863810967859
919.5590245769266	14914.54997217253	6790.024433235315
10187.413215229557	3160.324984842471	4868.356383561851
9298.23348321438	3189.981115923446	4819.139147907602
1809.262041857462	14357.579468626785	8048.427460950185
10750.325232041982	4510.8629835201355	5123.540389786959
10557.515657220896	3609.2035479106257	4736.982749644188
10330.023312658206	4245.076370724426	5463.753662443973
11944.937320534798	835.8279335924038	4574.554702661981
11414.541156528727	3032.5830032707645	5408.079226771043
9759.899086181545	5042.805421750565	5437.738319147658
10949.594852351725	2456.507405649006	4933.6732593199185
8918.745251261087	3405.5332307546632	5427.254032196833
9912.286335601972	5154.181184220333	5140.778287322073
11192.563389668328	1565.0242467599687	4904.694745280895
11241.931755917032	3465.7805127147767	5198.960466375032
12136.725918458838	2824.9027417041966	4639.10017581975
1457.272418273465	14028.120572618456	7418.411376737798
-61.99425582157966	13470.831556011508	7078.873464559343
1361.62017682877	12726.418671445526	7365.490682475161
1849.6096552956403	15256.95012814275	7242.308933465776
8617.764658430684	3656.836825120531	5045.784413135437
11505.892029319753	3886.293363004511	5253.907918274162
10976.570272252811	4980.106168698822	5198.737465509042
9055.162823683648	4963.294159791006	4855.4639601859835
9298.329072180826	6532.755141379989	5485.660423441939
2806.7343234567725	13374.118218044092	7827.065861892679
11339.147882294566	4315.071566487464	4960.665138059266
9871.373267812856	6072.2308134251625	5028.1541177146055
1349.1757191064453	14063.11179025689	7605.796902813865
9651.57642743718	5348.259647474757	5730.065023483438
11923.035740051902	3313.8987628196915	5340.448015468793
11204.296079495667	2973.033313370121	5228.464963212713
9947.312446990189	3984.252670932652	4915.214788996846
10945.985603466648	1236.5948596177204	5389.963015275749
11475.719939542749	3732.499941983236	5005.6433608585585
10289.894454058878	4438.427276230712	5491.764565446322
11298.994318660758	3677.395073555449	4646.735398086655
11092.458528999374	2693.0891305336227	4204.324358552507
11938.825977553171	1742.1766417113756	5895.1081587224535
7487.471940169404	6449.951804562644	5123.264072713992
9654.044543772343	5016.478597356394	5224.517861822235
2548.5254530258317	14820.162277589847	7304.85803183473
10839.216595296444	4253.497574693179	5127.534046568651
11133.228194617706	2688.301725075694	4347.108400838692
10644.618863029975	2951.296470011638	5737.513608296266
10116.845129025049	5646.520320678276	4875.978833253327
10303.480176894378	3142.724387051991	5326.065860119525
72.16038182506324	16228.100151092069	7603.2315694312565
790.7977751041434	14820.090728148181	7541.157528132054
9671.697539195835	5779.559835334942	5327.079587179578
11609.075236951086	2353.767535843277	5505.036134442183
7051.281266639813	6102.082710474345	5010.359948285355
1708.135295510553	16302.707287114712	7440.455557224307
9807.710349558487	4814.140256408476	4425.50303490379
9301.284417760762	5480.218437216541	4669.231032454892
1905.0764099954245	14415.852206211697	7114.362591143423
2261.745135331391	15327.092455039787	7864.838035284268
2554.071256362295	13948.829967848025	7719.506729378899
2238.684791114827	16215.758858201012	6922.688628331854
2560.876745674505	14294.315136671838	7067.69058387684
3146.962468282153	13241.138949232978	7541.608606077063
10486.325334560452	4095.857740801557	5150.8582995258785
9719.01127979439	4602.670432528064	4921.029238111491
472.66256783042843	16228.211290379344	6464.904975702872
10420.32508094914	4678.491210459526	4959.264204828055
10452.341453444904	2747.316568788949	5832.0439805693795
11533.33380224628	1376.9822865429476	5701.530132419427
1848.2768952741658	16173.204989918095	6180.195097371161
9793.860855067747	3807.671562733723	4266.604815884156
9287.693420116755	4708.620686708913	5294.747505472453
2880.361481762141	13518.955382848266	6861.18661744426
2212.779813506864	15355.194636265453	7263.676744312144
2166.1704936984847	16284.322790428416	6375.097721242893
10140.58412486773	2275.6374159045486	5121.549221102618
1510.0353896038082	14580.196427397585	7148.167564401411
10696.069507718563	3593.2179647285934	6030.511152163907
8692.124987208601	4680.52983976713	5554.5698352010095
685.1358663524129	14665.812510030666	7787.532194865757
11296.948120433308	3806.947968861658	5218.663696659749
11770.202994731098	4202.396789020862	5569.728380803142
2155.427942169933	12484.505285492436	7694.67451544397
7707.8308034263255	5130.359817769792	5161.342144295824
11769.132555873179	1560.4506189050549	5054.993791220108
1239.755601336473	16147.110069878461	7498.114555312836
2476.497223125627	14896.439443360787	7941.693136608717
1226.8075093319144	19027.601089244952	6155.751451451387
1956.2244583508611	14246.268745212124	7410.908011940453
3245.65358564966	12290.67757603002	7751.252347355324
11152.869545104157	3032.30761050821	5048.029674978653
1864.6930925410386	15868.40094254197	7282.5694259979255
1482.7823806547742	13313.437515611166	7440.365373840684
8739.535662897151	4473.219452956728	5344.879620460479
10631.425298345901	4226.477430941339	4969.940796588886
10577.798171379456	994.9860526211949	5584.983307445302
10680.852339168272	2581.8233689318845	5017.927145614545
9191.726398081923	6413.979847435477	4226.5502236233815
10522.681521294644	4186.99391673882	5995.749261911319
1986.471790297699	12925.142174298182	7224.126720413454
10646.083590216222	3749.135969558144	4723.241310455609
1603.4738954625675	15391.225284145537	7042.905306886508
10328.854751515239	3735.2565148217063	5008.99903253791
11450.558559446583	4340.7344559622225	5292.754662472093
10136.740461258774	3877.2311244144917	5611.782383858927
10857.069823650787	2983.183813805585	5252.032268529666
9203.850962964361	5585.620860230214	4677.886343792799
1963.6036468702187	15145.32190106737	6840.917242104543
10430.33018351229	1848.7491487853063	5955.507270915061
11403.30145359174	2107.335581576909	5351.515285569506
2194.474438344308	12936.16822684534	7163.185740560773
9740.423086495703	4689.687076402263	5225.860330570312
8446.664167745932	4321.215707454486	4401.730266934716
2346.517717979157	13579.48053931346	7534.726777831821
9052.820834659056	5930.064182508249	5670.479336672485
1955.0031283805977	13856.253566617788	7370.497325274748
2198.3429414164034	17020.22652942171	7158.755540887145
11711.438893061699	4782.266698093978	4936.122661775291
9806.893905438143	5092.928997798315	5169.760766290716
9268.604888001872	6209.70313333601	5155.583335379041
9441.180863790347	4478.977286456862	4856.477460605047
9844.73848616118	3162.773206940651	4822.783651049653
10591.788481419704	4058.671306330887	4715.850821668204
12189.04868562568	3764.9076373217486	5712.528973648474
656.0435594592644	15184.184005352323	7451.970931517674
2164.260934963737	14641.772610561684	7452.988282191562
1211.3205650030452	15259.059920358726	7654.577935552798
11379.109468118193	2921.3997054251263	5426.836501863093
2229.1013518407817	16167.647257516239	6650.657885435515
9458.19858008025	4371.354613811433	5111.236745971914
10222.387834815769	3257.182540705039	5406.514625276176
10980.74830715092	4633.389793731244	5205.208468639378
10260.028004508666	2961.0166269536994	5540.94756656802
1061.0104273828688	14290.334799966731	7742.010784602028
1757.0206513124406	13083.671922474045	7198.119120671983
9248.176203069756	5098.983798277687	5018.329723410378
1285.3130815736351	15099.841119980574	6148.366123463136
12669.507942867878	2786.1724492087064	5690.0699104106725
11435.331552019168	3138.385241806132	4981.029627909363
11701.620933893062	4322.469962205631	5094.8068608873255
9480.82582801751	4553.329167676619	5652.141496245813
9167.554776022613	4171.232544865406	5257.014066703305
9891.411030895508	4664.750279464142	4836.0575925056455
1585.6963795963345	14435.267825672665	7252.438359097671
11531.920281338209	3047.2802119029507	5513.040043499189
9696.756746104475	3294.29764541088	4639.940106997213
11314.708318396175	2813.983972024466	5197.77790367067
806.3047106802883	14630.631670102066	7518.558740007389
1764.4009180728835	15187.578325115714	7974.164964652113
1264.0825354759097	15965.913345517416	7521.511329532082
9557.75410686443	4125.670577387202	4718.956624152684
1681.1890571740569	16806.093105080727	7173.209310882024
9971.652753637369	3826.073379280081	5219.494851861849
10239.809164778604	5855.861566508023	4789.466093375649
8633.934647307506	3849.587472797201	6050.635292867713
11959.812600613273	2487.628667053665	4788.09732538246
3155.847273835269	15356.37777154787	6650.038332336463
9962.480084420024	4809.67788122091	4601.4394538993665
10925.20226620826	4675.4754915552585	5256.436837991143
2837.584914605185	15193.454295776273	7043.86814029921
10201.139043401066	4231.818238436995	4977.36510801878
1202.7123042689868	15069.192065688596	7486.186275421766
81.97719204569215	14911.991994359345	7178.547625146432
7642.761218972135	6545.996812857707	5197.5463104288
2543.119907443453	15367.181988425002	7309.0830196630695
2687.0707444011537	13513.55050645281	6159.4825074755545
9519.56490214994	3774.358671796453	5485.045873680041
9759.438365889991	4045.5770834714212	5575.397857282386
10887.964698228125	2300.0464344390757	5446.940122564313
861.1380693813974	14758.526421250612	7221.949635000823
9327.635528385159	4123.425535900665	5380.299211015095
10487.633039551896	2083.13787003782	5426.9843130310655
1761.724064833633	14316.25329444765	7206.692385768093
8299.369601490123	5490.964319866388	5147.826367063896
9691.484302784287	3337.258985965547	5105.911653021277
8569.604421056585	6551.864774357321	5444.476774155973
10457.063324947108	3673.69601893697	5142.930653422228
10238.571506437687	4259.2080002340335	5286.909501222189
10242.802080880876	3190.236951880655	4978.523432323335
1142.4200856752204	14836.405844624067	6892.44429613261
9125.362388354317	4903.215638898172	4693.695215001451
873.5998296385773	13493.556473059385	6851.9368922905105
10217.634236284131	4561.48835752196	5629.663983314343
11001.492684347588	3287.882842133928	5186.816753355405
10046.417835818693	4432.339545983759	4374.238309089476
756.6546728851922	16548.08825586119	7420.646367192938
9437.403751546959	1947.090274118695	5148.600605993968
11423.966219427946	3193.0071571490685	4950.896698845524
10556.730771047856	1993.3225126271793	4628.986219070905
12129.93234012666	3193.0776462508084	5105.7856277970905
11186.74295369761	2294.676481809832	5194.791154003598
9385.7686435076	3678.779421204149	5034.123664527151
3315.001558191364	12618.283244903989	7235.840567446185
1192.4287346636993	14872.597588250921	7286.6956476380765
10936.319631066648	3498.359426425746	5304.821712588638
11665.243403068507	3201.8136713605195	4934.5685621446855
10468.794460377096	3496.2113762774648	4796.497840681895
10150.734471601814	3728.0253229369273	4978.797138287178
1461.8703587222228	15252.834334686579	7205.714905556173
2548.4739391151056	15313.576842098246	7573.662701467155
11472.499417796187	3250.278963638951	5134.828062558528
10693.386955753609	5435.812644744086	4687.691640163703
9607.49520611282	3719.3954471455604	4814.6296767021895
2179.1267869189273	15641.477502047834	6697.486525153793
1610.0911621744822	13561.956854405707	7224.506531808608
2874.9045650130247	12806.924499539628	7453.507034562751
12100.142285018885	4286.400265179555	4984.071632260925
10389.813663568333	3278.63600656283	4936.297194850856
1830.9459946663776	14262.6915556445	7574.097620795418
2403.283589856291	16834.246543983707	5161.435023950641
11707.406859920035	2548.8945811909152	5604.042657975113
10445.073921416119	4728.166517239313	5464.707235728693
1431.783468743816	17112.44448106729	7360.222365219648
9858.10428347466	4375.788201640621	4419.9586640401485
1658.9924947911443	15053.671817030649	7920.909162475588
10577.370856303814	3265.165398078839	5136.781211331431
11538.947560578443	1618.9363139943678	4582.386801276567
8864.958081861048	5354.910591908841	5456.515134626576
10619.62591372371	2632.745851499208	5695.140074547153
2700.1385016203585	16910.75767340637	5824.439596658091
11124.56183212579	2970.513630222935	5196.5407825410075
692.6707357114783	16356.78825444407	7535.637002911498
9414.765411145061	5168.309226287937	4958.722901149035
10817.381369050045	4222.576506213702	5895.313335399958
9368.073785233893	4364.059747565673	5247.373898553868
10135.726336079855	3556.66590474658	5056.733615572841
2014.3132883028607	12930.501486075182	7526.584193365409
7632.218019644431	6862.695020210225	5356.814172931959
3501.0466800708086	15482.743363018208	7299.096752636751
11049.214093968343	4459.452450948083	4960.622775936499
1740.720114507408	16362.012572946029	7370.653813490175
11896.602414672432	2033.1494581069567	4842.196380718959
10718.801184077292	1521.8629646844263	4898.845843247878
10424.665856128317	4746.355205770838	5979.177742874248
1290.7048788483717	15885.831834071649	7948.642828839386
1866.9220607869975	15471.715471229905	7690.056753257938
10787.61107989417	4155.179555654884	4809.568990156269
1739.2269726757988	13553.788012683395	7452.916822844543
1153.3773924719478	16558.203234164237	7541.135584261209
11185.199240899989	3927.4874789099044	5058.325274272465
3333.8212254304444	12306.316823860081	7475.510153293756
2356.1028956737136	12954.328734255158	7490.025941388218
12151.538437530917	2065.6164207967013	5004.478955461804
9600.393334986113	4506.258638049732	5349.168009210675
1085.7165212895175	14517.896066935333	7808.915187046076
9900.825162043338	1880.2158356014256	5528.169790138912
10970.780791702318	3688.8771165098424	5638.765541806381
9542.355793890356	4588.756930100589	4947.883344576778
11460.782997204857	1395.4694977515169	5473.07313217064
11255.160608509297	3540.4886712695193	5408.046299993012
2133.52071603814	12368.818205335965	7589.263741811621
11657.692649307666	1958.8710526777745	4931.09411024217
1717.6154855173372	15350.145064527173	7211.323599690765
10606.237062677912	3541.5656889465727	5495.551915966513
10331.096815918132	4581.95564351036	4955.773487058888
11771.559077001799	2317.2543355755834	5006.217758304282
9900.214903465054	4489.984527808825	5691.323142401292
