10035.842846928887	1422.6790137135292	5883.609539735134
11300.612974354251	2791.826816223971	4507.278792711367
10269.954562390058	3598.3828638324567	4526.875877976503
10559.038485971194	2642.993880548161	5926.324227030999
10982.037491353134	1972.2391510367797	5372.863184438076
11240.420901260986	500.82371956869	5398.190701800034
11160.265176783761	2544.0857625924355	5936.406102436669
10581.472357737104	2474.4865806005364	4986.985694091106
11375.049334548274	2317.083050040255	5147.945593646048
10939.264949846274	1621.8799366442627	5161.320406492218
10167.698574535982	4249.892752490718	4969.357404914047
10869.554665667125	1943.8714115447342	5581.712194412643
10832.015376981099	4031.5582358392767	5965.8237408740215
10645.851852061398	1951.3581180224328	5341.018266474152
10448.273793763672	2466.6163905409003	6054.815853851178
11328.169066438748	2010.4807800377869	5312.850737459038
11705.980912548044	2977.1416395104284	5645.832740091467
11681.915951456149	-415.20718100527733	5640.4699854333285
11320.62262280069	998.9530133269382	6197.098895185927
10580.359342149279	1646.091351245518	5617.781779657767
10448.048294274797	1405.6572430075305	5314.7284752316455
10414.72872007843	3677.1596468161915	5214.362899687934
11207.440455817656	2074.9469906186528	5119.800851163632
11194.070534642657	4183.98381130577	5072.137169942725
9946.519628682781	3592.053129621818	4965.514108275406
12575.141672917527	3654.1731843896996	4818.9730900087
10265.769943143303	2399.363070291997	5919.597143635567
10386.720760267519	594.2994922258877	5879.292927349516
9958.057911660568	2358.398140980695	5257.1016557120665
10931.06014024655	2623.5340377758716	5113.620835670667
11549.846803910345	1795.009883667209	5376.397398851665
10380.60985341154	2080.91759669565	5869.974682559761
11744.068171012897	1546.457300181172	5446.922432929099
11515.940563749638	2243.780654033159	5989.687234037726
10609.122702796734	3182.527794547458	5437.1865654444655
11970.682463947407	1619.1073836272105	4928.3875425799315
9989.453593799199	2281.039484463665	4660.789886293289
10112.944365768122	4348.3186178373535	5685.513659328132
13417.746765575252	1983.596942843583	5123.348871520649
9991.918562322631	3052.546308220427	4846.903551192932
11157.269578286809	3177.603299338864	4843.212959258243
11524.548219734668	2478.2570533540943	5074.951190388299
11356.395821541462	2718.7072144159106	5192.5629047634
9286.334748347119	3791.613568400159	4833.781841839775
11146.478773979652	1033.5211459696213	5105.777810988417
9935.56926619296	3274.5570735967576	4841.360012737238
10040.863336224627	1685.9078765654342	5224.389145973611
11222.77657535102	3560.8184609988316	5340.189404210553
11287.640355309299	1833.790436454006	4999.324579013063
11446.006423492629	1544.2710413785167	5262.005352519603
12555.978461064273	1325.7053142408279	5414.531819768502
10984.92400084053	2197.8390068747403	5745.8019097488295
11136.977130494417	2141.2092098607686	5520.490727760185
13123.500909656843	1090.3762029473792	5298.981017999712
12467.893842982206	2132.053534877216	5254.232479857878
10480.008118603238	1466.830649456477	5669.983881076131
11561.591864406615	2660.016199435079	4949.996817589119
12209.347693950076	1106.4589312474716	4661.255887419207
9985.216945639651	1853.1484619670453	4808.252970408684
10873.313901109845	2234.732322467473	4734.456352353707
10809.258005924174	2718.5571650115207	5261.103933832934
11265.469405548227	2910.216252714774	5208.362251935786
11222.43546217097	694.803998037126	5141.0420713077565
11555.294136195667	1541.0924090739097	5912.750132815023
10815.251484616898	2245.403620976197	5708.696957292558
11507.321153156714	706.7265938768671	4943.869172854047
11583.83331403779	3087.5622879074313	5105.68903370946
11108.57955821238	2582.428009547489	5136.743916455655
10311.693524076602	2645.1311571276324	5202.917650955928
10824.812541517713	2899.675780741444	4935.320517112743
10884.463659116798	1370.2778295947098	4952.911544401487
10759.180926312207	2981.994641120291	4972.396518433892
10467.024564982228	2846.1665403506577	5127.264300699598
9793.933655219791	2243.1180489420462	5425.621528584826
10205.706058343929	1743.5535357117399	5410.5756010833775
10424.611856893322	2074.8544113048692	5601.109532700091
11389.38817687025	2256.1920338637537	5654.915142835505
8913.863358251841	3653.0411513645586	5964.432049846316
10583.14358270723	3231.4768049991835	5940.228110541798
11003.251878763074	1375.9933287425927	4885.517072322501
10247.651936607535	2734.3997181469344	5899.04504872335
11535.477975194199	1105.2619901712185	5075.510634136845
10244.429373033483	2223.551048972693	5003.26389054731
12005.201572117458	1850.384195582646	5086.246811372615
11020.645871505212	1656.1176796664588	5695.2635876651475
11416.52204635052	2967.9241818740684	5464.012306709537
11369.004052650664	3517.8333312148584	5669.999230722964
11885.560265489046	1968.9284074621612	4817.172215992817
11171.426971850908	572.2982234947675	6041.54999537351
11025.70222483056	4518.225189071831	5123.416893592884
9884.567627184244	2759.721933947485	4664.415458417657
10729.726358632865	3196.4530307929617	5466.808708811581
10854.988823577052	2138.898704122193	4701.94414692579
11770.89146193332	2208.79545172484	5321.114110405127
10859.84549167417	2812.703451981202	5509.596829554878
11544.997115682132	3638.6519833160146	5436.6191714984325
11503.705158267898	1981.6045552988094	5474.797335697651
10029.099252547867	169.9294454466913	5145.495333080673
11757.068148998447	2332.2463595196095	5435.367256328901
10788.85565044667	2305.990659488798	5443.908926032873
11322.044738738034	2519.296056818611	5269.837175907147
10755.011656220113	1808.602840499154	5512.654339417939
9773.233020329091	3358.857788387291	5202.956351752499
10511.33376880058	2901.9690910125696	5135.154501116471
10287.569704499292	2480.791108419962	5888.847086541768
10709.909283753072	1711.9974830324065	5501.034611436063
11858.905365974553	4059.197174631189	5562.887304923264
10913.088275306476	3179.173013672084	4801.853721372335
11406.046764640243	3065.9071723199304	4974.247360920731
11918.350411346422	2439.431841142463	5394.685994992342
10856.024533584943	3277.9417702537667	5315.931041417972
10282.75326669065	1480.1477976609513	5840.346848123256
9897.799871172443	3334.1973629804074	5116.734341844922
11718.356230731635	1682.013020022581	5006.907815908348
11327.880892715568	2585.2612248295927	4852.549533469027
10420.454003022085	1277.8257706635895	5886.542933486176
11430.397268224084	2797.188154640924	5663.277768016888
11327.370732702162	1403.2746052569748	4570.985698182875
9085.217695865987	5481.875878598651	5033.149089133318
11153.893946785629	1774.9524637369739	5047.303542474865
10355.830581453825	3365.0991862587266	4629.240693086603
10454.522345097519	1129.8814205065503	5448.354644475439
8851.498335049424	1724.1789723944607	5074.050834181518
10367.20058663502	2663.789518055707	4999.798186354442
11350.991058518623	2518.0107071999278	5238.62257526952
10576.357864952188	393.18017743874816	4797.221469349497
10184.493937875683	3149.5424915670296	5150.0526947428225
10095.540037821676	2407.2964277319625	5422.7249195026725
11872.67730803964	672.9607105133191	4774.008257184481
10192.350044136618	3395.30803606593	5007.102035385138
10638.096466319004	1740.475576207844	5648.0156738848955
10647.77959645279	1585.8540756183327	5099.881115326886
11148.148429338487	3413.4870550816795	4698.267556801759
11570.81508000649	152.81901774512323	4935.7252527567925
10965.213790860575	3379.246893450984	5489.368131036675
12101.932115255697	1695.749887349665	5251.352064491519
9953.811883395734	3487.0373149817838	5222.429331074224
11998.024913935229	2123.199487841609	5080.325412183982
10578.744854814922	2253.9227794589806	5088.939907481759
12409.833228682188	3020.4469988597434	4788.270992932409
9894.81613172878	2883.385834567839	5562.6930161667115
10159.76712181408	3620.8936075329443	5253.237850357027
9429.556589034564	3837.188804473754	5211.184691191606
11562.50404904353	1270.268739246205	4987.635202014144
10761.75933098006	1423.6325955818452	4897.747296091054
9083.097957486558	3362.4823055418124	4942.469775421298
10401.41713692153	1709.2668170504649	5816.608039267203
11220.80711690034	3033.3019038326142	5692.737930435396
10516.04369577261	3867.428401188839	4616.676875317062
11000.700091444745	1727.5880424834634	5362.137371932331
12585.616734022688	2140.5771001428766	5218.877984580048
11542.22320771196	2941.4398565637857	5150.2126262956035
10375.308075579733	1211.1704182059655	5380.657669438282
10262.405549424902	1821.258640362111	5606.935654769817
10255.384051018897	3118.387081063608	5024.675717857388
12154.487963988708	1080.395661369318	4972.184181189992
10563.77298806326	2819.398800869882	5107.366553148154
11575.572181977872	1458.62988696735	5430.341427462515
10665.682890339596	1949.41825943032	5256.290284729841
11330.25922266216	1297.9752650657133	5784.383365976621
11474.691113772693	2585.9263538013643	5316.582063196296
9979.63528561274	2856.3454463951243	5792.353317770956
10288.206497283974	3167.5608005686554	5143.306485729159
10481.825699712159	1706.2289952428634	5336.907393097413
10714.523649550794	630.8171736231309	4724.344512571452
12123.930358128178	740.6717386644747	5178.71100920971
11429.200059432216	3215.6416831717443	5427.38527465636
11627.61451650288	1725.1825092606816	5497.787930427216
11612.303974973513	2511.8200999528594	5110.400190576539
11510.288150580094	2151.615544848658	5791.433017276635
11574.721487080018	3620.3006273777887	5522.40889699761
10800.235020985398	3274.9232669709845	5022.33788859177
10428.239522136284	1907.1612314910258	5068.5739733657065
11286.119290201428	570.7265819463189	5476.90437282426
11548.612967122688	1444.9953696954894	5230.925201804296
11379.61259369593	531.8896152333	4839.2712988030835
11249.718747883779	2480.655809598442	5611.763283445707
11148.132805014055	3400.6642392906556	4868.176104482143
9945.381136687052	1347.9966780980392	5688.099386619892
10811.179282971994	2469.926676316796	5181.460803584051
11601.786908991868	1323.6311574083593	5589.787353067697
12280.945570498496	617.2398934463733	4723.398589720877
10926.831384667808	2087.82114418913	4750.037772370769
10709.07397846246	1876.9163721848408	5131.205799616861
12194.99101771506	1862.0121352397107	5184.390595524117
11473.619199089731	2557.539691612399	5187.579032368298
11578.579033630931	2675.6380870744856	5298.061710988823
10722.564642418718	2729.253807213915	5667.714152498042
11958.803236234382	2462.3902568196145	5590.887558376693
10339.143994505846	2536.8868158258006	4418.456866483244
8922.575749486004	4212.306672758369	4754.081309654791
10670.798796599365	3615.634896853178	4909.362013272591
10962.571370062175	3257.1293502591625	4954.075267357433
11509.91882033882	1332.7529594103776	5148.444679328589
10424.50316650702	3324.10232534452	5844.979858461132
11028.000401526871	1769.4171857005297	5414.654871376203
11377.552085150197	2486.095103921114	4829.515948191958
10260.691085211347	4653.826040944247	5181.780896522143
11244.985224461245	2032.1514105027463	5597.555253525674
12095.399524317714	2111.1404801567915	5394.69464548442
11989.822856738767	2164.0223415869023	5529.910836523804
10537.156336355356	2723.471393371823	5625.987456011626
12332.37319558735	2027.4966089241352	5720.134531369763
10666.067514697823	2643.395127296032	6038.325511773598
10075.624594064757	4744.241124819276	5280.2551534216145
9576.412895783022	862.1092873570742	5063.162617917784
10307.94171973001	2662.846882093761	5565.122397578707
11215.214051821342	1651.4385547750412	5606.863645848062
10494.26608585465	1964.3381321599531	4830.760918947572
9748.844537902634	4667.35630439293	4885.257801508233
9881.990829792774	1018.6452320040557	5296.732211794835
11478.77465546482	1470.2428066696264	5280.667485207256
9717.83875834405	3980.4746981672997	4925.551793797546
10705.982796522374	966.0110096958696	6141.773504667088
11816.793256940502	2013.579646859811	5104.686144373172
10591.29138177417	3469.341760585901	4702.123507001895
13004.829135082326	1526.4826065033487	4920.427421502743
11589.278261087547	2764.6109960207023	5610.792860670916
10752.028012966517	3139.1535603235234	4972.982351624495
10618.133936546865	1618.647690381391	5359.377487577672
11597.640481918916	1269.9956235904792	5787.938638026037
10993.478087430145	907.9561727071647	5063.699546712563
11748.500659336649	1229.004063112242	5561.377053952747
12139.727012244964	2002.4891768880548	5158.149271050732
12344.438462449125	1874.2419090990745	4629.68475364396
10112.084637898664	2091.2184362556754	5492.161473338615
12104.334163401138	2346.6897551134534	5213.552087572855
11259.094229992526	2153.2170046470724	5355.676731225745
11567.522375887482	2818.679797798231	4759.20605091416
11834.984831079328	1874.40330301074	5266.674305316436
10855.55170536961	2540.8649172454193	5273.0793475599385
12013.85354180836	3337.1714278493214	4993.988685911981
11542.517256636991	2261.5952129545562	5532.91779801839
11735.363178307527	430.5624263572168	5533.4849835352425
11621.652366366156	2390.1704562491077	5110.595782243749
10424.4720121321	1390.1326222191992	5307.796291750416
10729.046926600353	1886.5216395786413	4645.213482617974
10413.998996874996	2293.2724599798917	5346.227101707471
9702.351825424195	3393.85420463955	5549.692848183
11038.879157482781	3121.3777773824677	5299.2669386245725
10903.64048001051	679.0510901769227	5239.223170247558
9701.046174889656	4179.098588432623	4617.8550400833765
9988.27406756529	1355.3935094595088	5729.111364082649
10749.607633968842	3810.704286405429	5094.521268809428
11270.562475477032	1401.3860350661114	6105.191947981406
10411.708740947683	2478.577209761777	5086.947246686028
11291.336251098073	1343.3557585651772	5269.021859536544
10801.57214722141	3667.993761420946	4583.931740270327
10996.548904434047	2736.008993071735	5198.5948080817225
10921.665776327665	2183.1750669231765	5347.598910072702
10225.425704035299	4010.4505733593055	5169.801889246102
11522.024152117949	2373.014148726388	5078.662834527403
11941.505364578486	2906.145479989163	4525.955838794066
10327.427715099206	1761.6214587827278	5537.7244986430305
10463.64223277404	3222.647606340163	4858.655550759044
11105.740368865425	3069.7130275590994	5239.540945146702
11029.069690664288	1664.7561026414746	5565.228427105185
10682.723406931409	2274.8494310489796	4884.487075697568
11007.513501083045	3281.668406056988	4851.1684969330445
10479.629322196432	4526.972237786529	4813.233464808553
11659.007983536914	3912.1125192407076	5530.518944031812
11307.454312588132	3591.528574902706	5032.37246165275
11926.817996948386	2725.4438775543426	5136.527478079372
10282.49098784959	2750.1685417395656	5552.049197533868
12677.30841456133	2005.0452269537839	4923.5932372378575
12056.820718784289	88.79843515737544	5307.379177046051
11622.124058213953	3130.1191783976656	4991.017683062168
12006.643805948772	3819.594834380768	4343.320953717977
10664.20941134761	2219.731092693412	5128.125270446858
10578.825508211572	2325.9537222208523	5451.488923256301
11036.651739306642	3255.6460340781505	4534.336634891865
11633.271861826297	2024.3696039146357	5703.688499665742
10976.576860333458	2895.1192408907737	4754.001558299757
11250.300873710286	2558.005075281091	5001.350018621761
10747.926670725654	2005.6063498741266	4909.936353786511
11918.61576772245	2220.7211321758855	5201.276396020434
12360.947362400271	1696.9072429420646	5371.3124944744095
9386.643005089336	4684.327025317775	4682.377935008637
11268.810904503998	3024.23688492267	5185.643498195011
11312.97585571819	1333.040980757397	5262.524743149157
10963.801009505303	1815.7785904140112	4710.401488262221
11095.293394843122	2383.906295430101	5357.0040720012985
11568.18071380885	2769.0610152724025	5107.973393136784
10925.722849264861	2495.3580386664134	4877.946258195793
9897.677336114688	3006.412676872767	5478.763694608813
10767.847900667575	2666.0220308037588	4636.5269082549385
10964.538064030128	2743.175336278703	6175.678497580493
10666.609923988675	2118.206781973849	5468.132563701202
10813.089773990707	3051.7560741814186	5589.508112200133
10788.632816268757	2495.394161110248	4872.697602772521
10692.186616874998	3407.9816943163964	5686.427336092475
11258.22904709032	2649.49335163181	4447.222994316674
9578.897576337817	3374.9764313213223	5054.402220580356
10778.1289430845	1787.8000264632174	4727.471320459465
11330.664023134063	2279.3566890843995	5016.99796459614
9931.383634631256	3251.686450780417	4650.062747119635
11660.916568862094	777.9187429501908	5489.8564108952805
10825.778675011448	3141.7910704690025	5483.657721698625
9717.575876248453	3348.1149188680956	5368.359870598473
12597.226421309995	2630.9906229469816	5242.458755402938
11699.376482005358	2102.55457105521	5790.675885884102
11018.459655837918	2057.368577162974	5264.625230868071
9825.597746637572	3179.175041608927	4807.066632393424
11456.015289250172	182.86293910798017	5651.173400009343
10460.698831407917	3340.6827307844396	4949.322944530561
12217.285064019587	1960.4878382025718	5188.119096095147
11753.980528096858	3166.5365405929397	5553.902265976278
10426.755549630763	2578.968285884811	5348.460368029295
11404.946570360164	4177.4937452404765	4612.316721358954
10382.070465033892	3722.7856446597843	4637.488842901358
11354.571089019002	4360.465540639786	5143.633339158841
9917.416359197288	2616.3811036422885	5169.751907282683
11785.405562390333	1218.0155951866495	5574.344399204243
11232.300119237296	1802.674403370556	5466.529208975615
12129.00860352682	3320.1619013848335	4870.648098958526
11075.302361552865	2841.269116374835	5563.726860160967
11169.085678720186	1464.0743268824303	4626.975914910195
10217.027788587953	1312.5774061009854	5124.300435557825
10466.711711203548	2549.6651642920765	5017.409401034747
11390.875406559373	3340.307921523265	4522.500003032245
11288.787035718471	1496.6588642840277	4823.911002725732
11403.904506190398	2141.5509436321354	5825.766510493726
12106.775789472296	2734.8587232262626	5318.3699092570705
11110.553869448746	2030.8287420679942	5293.287446924746
10838.333231108345	2876.1005472059855	5723.489975401204
11602.787541214582	2333.7407895312945	5180.420066407348
9551.55706336041	4356.385379475586	6200.49229373389
11054.460735948333	2187.781706810309	5270.05535139579
13273.374727637836	2244.3764611188194	4854.13257525334
12257.69068755571	1203.2812758255593	4783.916418302586
10922.232716796783	3030.148597549051	6091.475635153714
12545.973694195696	1730.054350097737	4734.527741040094
10923.02460098635	2278.972703011429	4989.183135033351
12145.622877325379	-410.3525209041108	5364.356068503121
10820.318684524427	1084.7462954664543	5044.787413962195
10639.401080160667	2894.2246865340326	4527.993145015778
10952.40836743102	3266.043363157245	5005.9821112597865
12623.863945933826	1754.5831752143044	4846.151474863972
11708.240264032496	2629.956045112554	4995.985833365341
10850.018369822643	2012.9920447182508	5074.900977206869
11143.790971790137	2336.657667022666	5610.170542476249
8791.694221738528	4922.283785410648	4719.392271181789
12012.559764344087	3685.6133325841547	5662.353947215871
10967.945730116757	2990.812645880254	5761.470594845793
11337.21799633354	3530.3432110303675	5189.804209200065
11714.91437621353	235.16158255044934	5629.633036674469
12445.168239011624	2686.8295284875194	3888.6793920684618
12199.479876402442	2067.3602820472274	4891.233724957969
9341.076955932203	2694.8561117165677	5121.898188737886
10820.482897180982	2102.9887313911117	6170.606892425421
10936.333326796976	1985.0865556467988	5677.255376317474
11569.323752237025	1893.5651740676954	4846.083195336124
12304.847960895033	939.7476803222028	5137.6464948162475
11542.177962266345	2614.38942400776	4693.7786414484535
11262.737444205894	362.18641617104305	5263.8772722719705
10873.956373589732	2367.3120806286292	4954.008027850423
10614.770804721733	2025.0150155645554	5085.788543902188
10208.71560066027	4393.253378167029	5358.896324897153
10047.327638692048	2626.832358526712	5209.759137003695
10028.127336799484	1896.4406453253234	5583.407842074596
12217.233376400936	2069.556505161141	5149.07576408569
10695.316090695174	2749.2148274994147	5330.318070896985
10982.154634730026	2618.867414113164	5553.234659432737
9211.721668389873	3131.6546995338467	4957.93997333115
12127.314789658243	647.6193012067064	4642.2050778419425
10916.652870636479	1515.2581306315487	5845.150097044596
11004.503219374572	3408.587753698438	4535.719779584453
10931.049768645566	3560.711237919071	4888.955206507841
10071.898342397242	1602.112347713669	5351.827807995003
10912.765913616127	2473.4164206733726	5207.119879453684
10076.692905193639	1424.702566067323	5110.3836646702175
11656.039000656072	4253.843643380256	5273.020015016476
11028.263303983309	2804.105795763827	5115.645597043108
11137.23288706547	592.8600344503266	5169.856744506917
12560.675789586625	2833.038140786711	5322.625994697069
11034.549016757928	2080.5584400374614	5021.887496327284
11379.81507424225	1077.681087727407	5025.539049129375
11528.593460072301	4837.593611381245	4440.772572166617
12117.53975089951	1993.923154312939	4813.501817113592
9760.596023832371	1719.3149925882522	6227.678109659282
11133.535636501148	2473.3389449225588	4652.0951740517385
12059.99419726997	1786.4061787173482	5068.737007075584
10794.807583603348	3024.5337692581966	5273.312438643801
11258.787406362006	3129.173883961999	5723.506072489942
11348.030136963509	4182.12308410239	5095.316181908655
10608.669979176777	3163.027691745109	4985.23711701179
11964.072657908817	2560.89450782078	5335.6255469190555
10144.071959393817	2092.232509394585	5153.314768581618
11705.796923980624	3069.903180429751	5371.787336087684
11284.473295573227	2192.1921655868464	5487.341949733395
11022.511144332542	248.84607238919205	5421.91130289405
12250.901840701246	217.62645991597518	4958.25966631723
9572.956995536646	3417.356760958274	5676.22519075769
11472.99566783025	2838.843738231219	4607.421425093415
11376.082627559239	2753.4340838489593	5480.317208632863
9455.664371343266	2561.6430446604118	5789.273779389745
10353.823512884444	3293.3574817487406	4983.129873455877
11558.99654368151	530.6278464500087	4846.403686045211
11765.472150748192	1679.1036985258481	5308.203485900842
11024.573700475541	3494.970753142266	5083.805935775962
10190.134456358153	1932.0162490180383	5461.085922465074
11464.57766115831	2855.3774031860785	5070.648877826064
12102.426930970663	3656.8815953511717	5367.391714269726
10546.930198982976	1828.7327405100382	5457.058276456771
9675.579928362486	1915.1341316613773	5484.1622232281825
10290.786001705188	3682.2844858908547	4982.107302457898
7755.562624835	3077.532176598438	4974.65179480523
9845.162936522835	2779.306687091818	5462.0764394616
10968.59863495976	1493.1606227262125	5307.9880986121725
10150.5267187646	3587.374331077733	5428.503210532695
11250.791713909894	3408.164317782726	4390.792490924512
10025.863630416947	2807.8043825603554	5441.660862325937
10553.023102476387	1895.2341638413254	5063.466303024941
11572.982449600986	2302.614516976492	5023.862815894618
11690.013458831734	2297.9915489283694	4936.5766686682
11061.348527352467	2955.11133010076	4817.896921211942
11607.499012724798	1947.6729750707293	5549.024192805262
10930.512882293462	3341.8202665230096	5315.704955308719
11986.943131748965	1990.3602898760305	5270.627022633078
11796.842383803783	1715.5013479466159	5185.090541573411
9725.937759880202	3942.145946545957	5836.061770935922
11073.070643159603	3333.414882202382	5180.852258244853
10724.984742965307	2006.349694318758	5346.404398637933
11313.196141414102	1952.5701350123463	5468.803397959967
12511.451614700574	1702.2770481434823	4113.711957729486
11707.438755181782	2802.042661844922	4640.722927867725
12040.897890124728	781.9876217847927	5135.959963235526
9736.95129012607	1627.1064734625327	5499.816033279955
11528.395899273693	3470.2244618091368	5425.904363925299
10919.681637701498	826.5308736622786	5317.927061881332
12425.801704746218	2355.115868541622	5759.1300601994835
11277.423250211534	2352.79141892503	5155.743534182517
9580.116819610283	2010.9485690007891	5112.177806667389
11232.841899470017	3001.3695272223345	4884.39460102279
12405.081059961129	967.1733044850973	4893.131299737017
11363.11760650241	3066.9748104589107	4849.418116604976
10927.905795211089	1543.8551364066784	5409.733702921614
11208.142321528992	2882.490550425646	6002.783840814876
11912.708710100826	2415.2957408784064	5570.64722632599
11136.802864474785	2492.6340092981936	5347.853214080169
10458.065963683997	3200.7379719835944	4893.592734885268
10857.108672550448	2903.052211270792	4674.951974380806
11150.571320378636	4376.305765401556	4586.510825780282
10419.356929514106	3478.836201228821	4910.90391779485
9931.86887227616	2554.6050853347815	5224.3770038835655
10428.499088119352	2618.703878054613	5566.522618399365
11123.035273760472	2192.433246201581	5810.814944479442
11073.82094535687	955.926024600463	5214.119361598298
12208.637781632024	1599.837800433703	5029.989446503941
10133.939803702759	3861.734858075961	5144.42166614544
11712.970813431984	1512.4902289340978	5104.845292725856
10242.624513463245	4145.532206382818	5213.192252575069
9779.377794304013	2754.100558763486	5051.281864392086
10634.52504653432	1730.5718252383376	4825.697940655048
10897.762151583238	1058.116006680493	4891.091649073809
10963.617357073228	-593.0423410810746	5425.687514709008
10313.841423583817	3452.828795326192	5038.677529283802
11632.826907188819	2525.6500820305305	4941.888456809884
11622.58821088934	3373.0666473489878	5578.427474309995
8936.091811941887	4208.634572813154	4721.232664887073
11539.44081503336	2172.9617204880074	5138.360701018169
9229.685249595808	3644.7350692526184	5682.499612903531
10359.678549797196	5179.435920661021	4878.922704199815
11534.309149850575	1432.1940102554865	4911.985291299314
11429.715354571348	3059.133001794747	5170.846787271108
10917.977473924713	1360.6878120209497	5513.7090908339005
11262.905661903513	1862.706382943815	4941.386326074434
10325.84336253563	2880.366996321875	5477.835602064194
10370.93328612038	1960.0516616826728	5426.134916037886
9518.69702877199	3716.0459553016935	5009.419483734544
11078.771562894055	1726.4851213787213	5063.46331447844
11148.89555787186	812.415234194286	5771.15997137421
11165.095961017003	1714.892483154933	5774.867503445411
10131.045993276664	3728.244196078166	5339.03086822291
10736.309579181087	2689.203335664477	4905.737348724867
10879.606052340814	1415.3955956981467	5414.900091456682
9857.8905727062	3389.2134980255914	5134.80830520075
11157.633286497963	2104.364711625085	4989.515019240877
10448.945212401439	2344.030919035068	5658.668614170523
11402.42379599007	2343.4093819206114	4898.061403669481
12092.867246074073	2903.8960624789647	4680.023766639398
11918.69644080766	755.5288518370612	5249.800775524645
9911.212717599401	4021.781134960374	5572.092261878716
11323.146378742951	2179.4948685743448	5293.25489689945
10151.499840998422	5200.4932856694095	5160.251369939275
12048.668988977479	1004.1986534855672	5014.4046270989875
12267.97075572878	1425.480066411059	4850.42306377749
8924.704690653414	2546.729461801282	4817.353474145342
11408.057947242303	2075.3344472987387	5570.717685875006
10365.330073366957	1067.1655331329735	5062.375470405641
11816.627316298509	2234.3230642281587	4944.627142601861
12433.335492484553	2334.7632183428414	5536.78028627387
11546.04210036814	2082.7043259864595	5403.90376824395
10095.535760425719	2333.4631911899382	5367.044261239334
11148.640219143446	3510.318605072844	4970.773631656967
11707.997759014086	2545.289003244465	4963.7310454715325
12524.702527197103	3003.202047318202	4749.133888517612
12495.195605995132	2182.988174071414	4428.201417476841
11164.057303366662	1473.286481486889	5594.665627334763
11395.848430590539	1679.6594347291061	5229.6143979942635
10498.626228361634	3063.386878626782	5056.241458568198
11916.836467771176	3164.5135565447645	4736.067953438682
9825.805553511751	2572.948979088974	5658.592048975754
10708.273098029256	3845.829549030322	5427.46713874588
11055.230883046237	3840.074653995882	4944.1708297382165
10348.435097512964	2584.6182964210025	4863.355541361001
10555.893927700468	2168.6654041245824	5805.442915587852
10386.427177526488	3212.3613191255413	5267.443931784673
10611.612017802096	3312.111961729331	4458.977508133779
10790.366687540018	890.8320338745868	5093.386833363975
9485.092030777032	4538.3263452141855	4882.87990302799
10711.722826324894	1094.6484271180661	5487.222248273747
11334.67396685146	1694.6436951141554	5463.20553994118
10895.497411885788	2837.325391215166	5086.566710540214
11062.916518135067	1298.9317746336483	5497.332280529382
11837.173783199849	3070.8857240387783	4942.414450183968
11237.488406868471	2394.4947032034593	4868.321508593077
10836.365747494641	1532.0975208236043	5879.400572553863
11219.02085732088	2002.8391949533454	5140.375305578289
10913.365452668593	3812.1809149079254	5847.720805065846
9318.10503162908	3922.264620807076	5798.310218988469
9872.054383171642	2904.132266811075	4764.727368921995
10230.096417633958	3397.8137141674383	5242.944141833841
11409.810329496622	2860.6457169017613	5407.988360695938
11168.07386886322	2223.5253715749514	4809.1444905735525
11964.296174417412	1398.3026359984913	5883.13752727977
11216.381143069013	2778.191699198315	5427.013341937327
12662.89993366891	767.9139087840199	5383.531036411632
10287.059067429544	3682.5550113002364	5676.844032895003
10998.907087855963	2688.3425191217434	4704.93664691736
11125.18026325118	2738.018548710569	5228.694699459867
11271.672290767878	2755.208826618294	5668.825443202935
10232.91670544698	3360.4015943883223	4678.0122887917805
10530.639008222868	3943.293338286776	5186.0874361784
10150.512569378536	2752.6705897761685	5052.882935600759
11384.044804222802	3054.731563688019	5043.458782921119
11377.024434605615	1767.639014727594	4990.9152249042045
11696.12750887472	3062.3207029989276	5155.687826141837
12848.66867363827	2125.5005425305753	4603.655944542918
10124.50850714895	1750.4948238776321	5016.740498630119
9974.99408602374	2356.8176611019226	5236.924561237905
10596.30826751173	1776.643631499903	5189.166773281112
11094.672746806245	2439.2888638629083	4822.955201955915
11180.451292575759	1930.9973742701852	5098.588656696081
12723.197401550337	1907.72153581602	5503.763871000665
10447.611376547742	2980.1111720504086	5499.497463275383
10061.333728924374	4295.4856236398855	4848.8846540204595
9517.91027050398	2700.6868493552897	5205.038026115067
11241.619825039053	800.2228802341949	4648.7647600806695
10516.394806853146	2005.676587192448	5198.755969836123
11659.294601767328	1346.7583563457997	5696.778529147131
11738.168225651747	1397.3111490977587	5033.015857293526
11762.437789938384	2229.175064145207	4926.038368709498
10907.496771330269	2987.162249976511	4862.642884112216
10939.714230615351	2683.6014376413164	5059.5810209816245
12018.856927877325	902.1703361495374	5658.906765300526
11164.131142065615	3173.400125361083	4629.267595235629
11087.196711640201	2915.7657099502367	4686.301961135037
11104.016991769902	1905.0807758730382	5120.904739016562
12052.662181317888	2586.3829762594396	5171.929552714018
9594.441631370439	2496.764849639953	5224.795299527645
10363.949096107724	2424.8929899966897	5526.377849152297
10997.844225433135	3002.8906845194965	5438.693228859863
8654.560509793231	4539.513072743101	5496.29887058976
10954.184639178875	1958.840778275367	5179.305088559384
9748.983114469347	2944.276969939006	5670.981985049807
11220.054877830342	1714.596283105597	5159.95930887218
10818.489816765174	3176.055223757955	5586.417379101808
11279.095177021447	3671.358210431996	5946.145414973465
11087.650196821822	1606.7185889764985	5238.9037974046705
11585.88224662779	2632.3519022206447	5473.758702776713
11161.167892426753	2615.2714493377252	5600.33830915156
9834.057745447435	3444.0784394173347	5262.328186414837
11608.55904927606	3300.2085901823084	4653.243220485871
10870.030028397015	3242.031803354307	5615.528094992282
11024.119315614067	533.4226307191028	5265.0907784175915
11064.651052210973	2949.0872725618074	4617.956187314812
10337.883259051818	2807.4840095360382	4762.103761961805
11027.525812861577	3725.017828906513	5155.51244960474
11301.821677732964	2155.94325624079	5483.343659216573
12500.209416762798	3848.2731202498817	5273.734001680836
12248.846592815862	1589.1008347984998	5110.65168504179
12251.27303620409	2183.8053653279067	4986.628344852366
11338.696996396635	337.6625755886524	5793.104596570471
12503.178154726691	3627.908372976346	5366.548041865039
12259.897423530148	2637.9979635046166	5121.238707781395
10999.446978455144	3412.8549458802518	5036.271041030598
11554.842779846113	3267.066668153324	4980.776987190563
10356.206279876935	1982.8601603779357	5129.5823918703645
10900.47871707565	3753.190764506788	5386.471138424086
12393.235388905652	305.2441275860002	5273.852962623171
10552.800968013762	3951.239992244088	4911.172951610702
10657.492880175723	2347.177812414494	5381.204714488409
10326.836563979365	2690.6254558343835	4948.218720361127
11574.675959337408	2670.0628758280636	4971.709260961408
10086.085275404457	1105.3026432497709	5011.764948306388
11369.450001653084	2670.4867188263133	4913.753507900468
12443.562486160197	2832.959773143095	5380.909504505528
11102.671872018824	2761.4057820330763	4957.464602636355
10300.202813152178	976.2406504912619	4936.535490302567
9531.208113424675	1765.7521876677918	5759.364220216343
11499.853428645203	2969.51272518611	4804.4781618923835
10620.657095204762	3454.690455857489	5581.820642687142
11442.871123291412	540.0103271270807	5351.270632000171
12073.289456829036	1864.6297415210047	5138.838592353711
10652.441761203347	3056.028051452255	5661.500789374738
10667.459391415212	4151.312681465811	4885.41747920147
11110.651469898485	3791.089429874596	5406.271940605304
11219.151879167888	1202.2338187113817	5191.551908094303
11350.49278555681	2793.2353427772873	5136.078116994578
12154.866721451872	2044.211419745297	5178.386086558809
11816.501875549626	2416.8829221339433	4609.495686370518
11298.08944244212	48.69465231387998	4698.46447283745
12658.576659660741	1698.9569124196998	4757.943024997304
9772.793570718271	2484.1927862500193	5357.665587787714
10846.20005241604	3387.6248276739243	4396.5026716362545
11123.660288738514	2395.1206134445906	5848.5094032018515
10272.23272220557	4428.199868039221	5125.292131078251
11138.82718301614	3508.2152250186778	5479.001449034586
11460.6890775905	2017.4262983748076	4596.207984808115
12170.663475501105	983.9589898805681	5506.586934610512
10136.99605228799	3349.5024770769514	5468.887371585359
9956.343295613753	3257.0871861682594	4979.733247776763
10379.028573552145	1180.1025846989985	5161.621923987161
10670.056786863248	2969.385830477382	5443.92238716107
10409.48185813496	2935.7500804387932	5274.835196704941
12552.220921717382	3036.865669546992	4913.689989058296
12682.903909343248	1635.102470642045	5492.9017303224855
13054.164350567731	1177.8312541168052	4430.235256853581
11133.288797986328	1884.6588319483847	5435.915640908943
11061.536388551567	1993.835205631774	5342.842013029438
11267.508960178731	1586.2128279550739	5273.396543970374
12541.582295050357	1528.669944722081	4349.725957335474
11182.245839199248	1686.1106948279428	4565.283414700216
10309.422088539919	2438.5722669034067	5498.674908535356
11218.866566649502	975.6301674668897	4769.201022439108
10281.138006351079	3544.2501624785214	5223.725585568314
10180.760911195594	2187.5416774751343	5005.147491930856
11468.693965742224	4071.158433963613	4970.423670772823
11235.833643629861	3131.5061347396754	4988.166401182743
9994.863458601445	1711.5585479124154	5628.025098698179
10805.068275451835	3158.117701837646	4857.381929633697
11368.315914268254	3102.449806144238	5795.475838576166
11464.655684711493	3165.270527808013	5520.056977989477
10789.020256933845	2545.807630761127	5519.232181442449
13279.251032966395	1369.1785428515898	4932.920662779136
12061.234913595801	1927.9519226042262	5238.382296232402
10802.739584149018	1435.581387951727	5639.833352954678
10911.236930115889	163.58053711038534	5331.157756644613
11153.080724467593	2036.176664477114	5070.00727521788
10538.4007470868	711.7994952475791	5343.204950282681
11235.623094132268	2319.7153690053738	5134.853690283805
12710.303911216946	1696.2492638424512	5004.519697370784
10804.571714956583	3623.2654264404428	5227.975203196745
10794.878066411957	2113.3476497680244	5681.345430727959
10373.486778907625	2784.4185870858737	5330.270562481816
11595.981084548432	377.74068113563806	5145.7284353166315
10896.821578840309	3292.319729972293	5857.226590176071
10678.348872750417	1790.5780336982505	4457.159609010258
10992.629427315833	1899.3299748666736	4906.579869585404
10519.84460524946	3378.6506360775693	5057.748216201805
12095.375052685635	2494.5707566084893	5429.848353426044
11288.172632391186	2670.9858214534815	5288.625113898257
10695.416639729849	2690.1631388535666	6248.573378781867
12037.310402645953	2206.559709025313	5047.818661978246
12230.174519442025	1621.9909694469354	5082.32109880857
10172.2787376074	2614.4537428729504	5062.4876782207175
11256.03299671228	2323.1678151942433	5398.349681134905
10906.421217834475	876.4641040190153	5862.723711892248
12299.32994476506	1426.935213862552	5524.131535939658
12169.10417357015	2532.5471214656504	4975.665280205383
11409.21868815637	2876.4128934500045	5678.300921733023
12226.310006167469	2468.684919840115	4545.422993492264
9856.310750412737	3768.4090023115596	5852.027917008044
10804.82979170037	2155.8612620188883	5165.809351285434
11076.718761590557	1933.8847748597766	4802.088381280985
10010.485442888492	3416.094664660549	4731.9667789872
12755.338970579003	1125.2258344291433	5529.209507016917
11315.957659844438	4642.056219020543	5368.520687865359
11570.849883211127	1290.254264228721	5004.670094641243
10817.70996195372	1355.0584240047544	5170.120429695208
12423.026642635243	306.3670044118139	4807.024211248619
11035.189920426863	3145.552479137547	4839.623878326782
12119.774668265123	1481.5751832135807	5650.094187826965
10321.783585773559	3968.666424673524	5090.136912997522
11653.470265379183	2803.07876688905	5349.724408861548
11455.112088274613	3310.0049490797796	5262.188123942693
12269.758493336802	2185.216771636774	5579.353439804748
8749.487543024485	3128.6648920517046	4955.025335061435
11070.761681827258	1990.1760607172776	5474.618697730892
11549.04424706613	2409.5113384520873	5251.286771223074
12185.478163718633	1855.4041243260565	4646.628567396694
10989.57201234697	1203.3391142514706	4911.86235112615
10173.348126371782	3540.1067058678495	5106.158979230147
10587.778330795718	1848.2834142283418	5759.8904527469
12544.189448136725	1904.3605427117886	5363.523393088334
10917.956446609931	4271.84789998321	5700.083710871665
10682.747862661769	1795.0848812954748	4967.770082441431
12034.932474099367	2595.010617077004	4753.205291256382
10521.83413429121	1328.9421749105668	4954.564999476263
11891.162356797811	2113.7716993387453	5363.429777845597
10870.112090382463	922.3500651095563	5032.152974110625
11226.884687214178	3223.4531543556677	5370.324047156725
11897.979978579868	1749.439314153977	5038.054368056786
10875.324096472365	1769.0186032533773	5245.671175748962
11147.300807033858	2301.8271857919135	5415.25101866729
10637.87247532274	3652.0466640934824	5056.611805154644
10817.89248402858	2453.5325685749817	5498.386227337264
11038.954234673296	2461.379090920583	5746.508429332329
8304.134959776591	5266.939799602102	5255.195920656382
11510.678853636768	2889.013499833477	5270.31175692631
11205.603725837416	388.14147043400493	4792.090590893938
11251.51252281963	1504.4824737908457	5859.538335597792
10411.697370352013	2691.8724083527836	4866.510409802745
10889.138288645243	1299.7920326565281	5378.800405467859
10099.241307374308	3149.1909970433853	5015.311859885201
10244.608815626732	3469.3073374045175	5166.959830413886
11767.28696546708	3541.0498549143017	4177.71028951664
12565.095269872167	2871.044585372159	5226.7694182863615
11121.364042514022	2995.4158962257334	5346.075186962147
11479.318142466833	161.44049231968026	5551.200991186118
11900.286499457261	2467.071465852697	5046.255108163847
10117.60428961048	3576.7149831497704	5630.16205432522
10429.802889699151	1054.2019385665874	4986.023725746834
11577.956901448239	1408.5115907602114	5261.030579306606
10782.28776568975	2641.2620670418833	5132.471866209545
9896.8539426137	1889.7630854817494	5831.522795589951
10984.223509289772	2531.856101102171	5299.8669000136015
10790.1560094265	2282.5878469089243	4235.823325475574
12008.456053664691	1538.114164693246	4845.174433468005
10079.292664824621	4296.899415865999	5183.959598826819
10911.551187504916	3524.9571779182693	5142.12180601707
11277.263173405834	1675.3652190816138	5358.839057444342
10418.619146914802	1770.2001674024607	5053.383626861511
12668.85401761812	2152.1492093376023	5555.780636888774
10547.009857879095	2837.7005393453046	4606.9578870646255
10635.358441964181	3082.049529539849	5119.616971367093
10843.0231386079	4111.537214778028	4833.608663821202
10720.17715684896	2106.8142983619523	5580.242919716984
11314.439298492814	3281.8689085464994	5234.007042698758
12132.893661823626	2654.9965030506737	4790.895151428676
11211.255027844714	3355.2243985208665	5246.131340313903
10707.81387692246	3008.7809430612883	4970.51250076154
12102.1141883417	2559.2469489096134	4819.412398375749
11953.724825808844	1459.7690140478674	5275.2805563971715
10654.206977129154	2304.9796608278425	4689.281017430296
12572.891647499864	756.9601613176407	4689.094355528444
11084.214674683966	2150.409771940137	5411.911643782576
11540.590793593596	1548.3465889540687	4619.877125443425
10090.813149705726	2383.3777413303533	4982.231541539359
11109.378561305222	2369.910833734472	5601.822187825468
9586.551732635284	2169.3084760342176	5649.511625965298
8601.541185730794	2303.765898846096	5016.160954798987
11277.820352507113	4583.126682108723	4997.479625292044
8560.182867022422	4357.5465209965505	4693.158822456464
12626.341272556581	1642.7100286933164	4396.099518717802
11298.268511573631	4760.720258480733	4387.827027737121
10954.17238084193	2239.3030409690655	4951.8573297982975
13090.462892840153	1579.9160412013002	5273.886435570018
12677.447720271046	2205.181792774275	5193.245913892105
10556.718661990857	3476.084393663636	4780.5794143059475
10762.317145118242	940.4532815676932	5332.622645194031
10529.465899264815	1982.1160553750192	5449.600158550568
11629.911897361491	1455.6643440935036	4873.869962022659
11083.249599596309	2897.156529333458	5080.926747408609
11805.338744405302	2232.1921874186646	5521.850939705836
11695.431717609528	3085.5142782911657	6055.6583170910235
11128.540075944038	1820.5502302590314	5378.173747787891
9794.094036527942	2380.290547444846	5039.881017463301
12084.867367850176	-87.31261363571551	5227.235511268109
11325.018695498657	3302.4667992757577	5054.9874286404665
11526.888730293587	2816.473205925782	5393.622024220122
12576.29146395909	1594.1909522719034	4542.31062845074
11734.157035380764	3497.8675002933305	5466.659630572352
10800.821177429518	3921.152893944212	4795.614943296426
11083.901214522983	3358.14806116939	4811.749983473415
10810.447227412482	2771.585093340753	5529.057250249925
10412.328026562249	2900.1487568466423	4625.379716409478
11455.672835357282	1473.6990798145578	4910.244008296516
11181.216763910199	1901.4195787933345	4633.807778660265
9651.459725771076	3324.182496257233	5086.992936074008
10510.944629873118	936.5364778090693	5140.971101029058
11673.296583410696	2971.5649634253205	5416.707771306319
11665.589640176056	1543.4389850312425	5777.709831748307
11465.98538664657	2440.957014571937	5279.69104522286
11482.945234639845	2433.417827617225	5243.1441865938095
9465.167875601242	370.1401378851699	5194.355307048799
8926.160344436134	4873.014073913337	5044.830497434917
11287.523175123151	1973.5424762538478	5104.411022973318
9999.857249402019	3438.692073135035	5201.808696173719
11026.563927392652	2392.86881996421	4891.663979285354
10244.99768887334	2515.0286263393036	5544.868242302763
10887.843159702403	2108.051075943455	5099.560297275653
11396.078690801432	2420.333709716873	5193.588081134473
10237.971579528232	1864.6111905548032	5390.506835541809
10633.07133206282	2963.3298833959047	5572.267879696328
12043.489342694944	2380.3317813930316	4920.868873565098
10722.750957172722	759.8050772853002	5019.324398947241
12165.303640126329	2031.371993090775	5121.613446632067
10380.780420175775	1881.100085660518	5397.715533211951
10677.936294820052	1281.8472632568114	4957.423040631346
11751.342203094637	3084.4913493538315	4556.088305754242
9825.034955254401	2443.1952141327993	4975.891851894652
11570.435754246782	4235.635010297444	5398.423570613573
11418.471678144591	3459.316092816695	5342.01667042137
10811.435751074147	3504.1140257126017	5165.01787729326
10297.730338382233	2579.517409386189	5831.412490063682
9702.853119133428	2475.2104843932293	5025.346248197883
13317.58814790538	2347.3810053733437	5277.462496191422
10770.791374958024	2363.819951715968	5018.994479180988
10776.82931785088	994.0397375666884	5204.898111061265
12284.702610622473	1855.8861419347973	5250.66368657567
10876.071736456946	4706.859527147255	5399.508193094789
10459.900525234307	3989.4943561452174	5166.961588030115
10036.86952452205	2232.300117263042	5463.306972226246
12348.448694298115	2018.6793954737545	5051.027696910395
10113.814995403176	3931.334530165474	4671.798057948059
11298.971937483086	2746.009790851294	5629.235244294633
11651.724978663487	1752.5605595140419	5640.190946538994
10786.200188983856	1451.961031296142	5133.4253689914785
10883.222767273452	2172.7401302831827	4868.620241186997
10892.279405967438	169.19116468457477	5029.683713660821
11706.471119200069	2692.5552275927125	5260.516302122846
10965.08466241034	2120.3758410028818	5259.7944847542385
11438.538377687139	2052.640518203881	5916.081850274586
11206.9903783341	4110.076464889039	5121.204917902629
11917.130445649203	2249.8230599238623	5201.522653487635
10604.982664304373	2232.345223381889	6228.745984216451
9791.887686845765	4302.093963487632	5049.5135349191205
11985.207373622288	2240.6312175015237	5178.633793365344
12116.314841143547	1567.883165496961	5212.767317037614
12003.347077804365	2976.5041328934444	5059.272866758151
10262.040569706853	2829.039608596358	4452.295207677303
10305.142268079942	1270.7944468408655	5690.981752990587
11997.366371691758	1592.9819114566183	5279.44116191178
11244.419464009014	1989.1712858292424	5573.0361184081885
9342.082747027674	1151.1727581375505	5072.804604637998
10807.521648276757	4300.812402394527	4597.211550456157
11282.282579661129	824.9830690424805	5062.926190485249
10929.830624909111	2546.415222211115	4670.877234253036
10736.567362486521	4600.215421833859	5918.07509529853
12152.450239676036	3183.525959490802	5001.488294997533
10716.064748865525	2999.969301560528	5205.142299240167
10378.433419206762	2162.7486124497887	5331.270725957727
11500.647152153822	2353.3965122880486	4754.089420738096
9903.440959748423	1047.7709207787584	5201.191936524543
10848.291794936495	2722.1934054156145	5874.920200035895
10817.38681681369	2018.5477689451868	5299.596156369859
11452.268663660294	2553.844832782497	5037.449753862645
10776.620596123506	2560.581944876087	5450.451695707647
10274.186562971407	2235.863351365834	5353.982312514392
10633.437716557008	3465.6283814435324	5525.949867724269
12485.192982195449	1803.6915470015583	4493.731900863489
11383.90845295459	2657.792172026941	5393.622159001202
10273.262244079448	1337.3422046393723	5319.833516160615
11233.753629456787	2298.4759523391303	5157.75361357321
10862.402487786308	1931.5862373831449	5544.879790499763
10509.65694520677	2611.477764916815	4771.699851412347
10859.120492925873	1261.88379246124	5411.07326915524
11345.19723493134	1430.8262924711767	4934.215671449439
11276.429013365161	2927.9586908188553	5223.306787775266
11067.518779451666	3394.6262745089566	5047.10407359041
11223.956319325884	1266.547042087361	5315.3521436038
12244.728525841376	2877.6431001314136	5396.269801135298
13243.655095981543	1079.5597377399156	4792.675457016206
10272.488294020557	1503.004722971512	5086.455331751608
10272.074170594527	1878.2732348876782	5578.751087413029
11349.491389126159	1395.0888543130475	5460.910533844663
10781.558672442387	2599.670448546642	5499.603699900428
10360.490816328716	701.7084579810529	4781.417222053247
11478.040807775917	2660.619892009379	4975.749469438696
11327.242693556153	1600.7688906041549	4840.646766887879
10366.321920609225	2244.141951320243	4835.972144886057
11462.126060457733	1607.593710971779	5336.961328162264
11154.076675857998	3985.552147928563	5358.1424774389725
12187.190366719851	971.3672502523524	5265.344041167581
9922.540871849911	3032.886743932045	5077.280095407914
11736.404954976795	2139.8810089627705	4756.506221515013
9828.651789025138	4280.5185691762	4447.538893507491
11905.169137229837	1633.73984488743	4985.76809793793
12579.196734197587	2459.9307917946926	5071.742200565765
10420.609103721119	3681.332899856747	5554.756235910603
11183.712371236808	1323.9721168634067	4995.95624565878
10903.581512831786	2612.7187813735454	5312.395678815999
12644.534384236253	2066.7310409855386	5233.246099690569
10777.532423371482	3529.3257235615747	5035.05890861337
10841.959609172614	771.7264403595364	5124.197474984487
10306.707919326647	3294.7034671009696	4840.225930987177
11410.312487227104	1317.7231788319768	4867.993802691749
10674.629922676037	-459.95959134672444	5217.194339236823
10055.346887866841	3965.8215887656074	4976.595765039469
9394.632312752641	3715.7648539131355	5335.336680576843
10107.241112529437	2662.176989790651	5122.961463208135
11407.614458081136	3209.999997718786	5352.696406358311
10694.355463498161	2876.894090458061	5107.516940795934
9943.47573949043	3578.4875835052044	5609.1693554101685
12463.041496170297	2022.1395706978542	4685.308976357206
10854.49254643845	3003.1200801719397	5794.207354250688
11740.094486123471	3097.106161052513	5564.456595290393
11198.80903559401	2492.868798552207	5458.585270009813
10355.018272803052	1273.5630585371366	5797.392276464272
11176.968376554016	1055.819225584297	5139.366560025446
12129.327432106693	2407.4590461066805	5502.191568158626
11466.594896356228	1476.8126891822026	5230.5831801510585
11082.159246994683	1571.0326502683927	6328.819374892117
10975.432762934892	3559.228752173271	5101.286183354385
11185.344411780725	1971.8408865707606	5275.89611282906
11827.025010152447	2670.4995776634673	5092.217469195246
11025.248677791553	2838.339196411346	5262.681634047532
9848.169804258223	3166.9791991981824	4821.265289476335
11723.814322825932	1015.5282952628119	5409.682206210594
10654.30764758309	2127.8615735771414	5350.966814694216
10318.609749312693	1846.2386808255999	4938.103833846431
10487.131984650061	2060.0964710639055	5345.9243324686295
10954.731240353798	3054.789914076644	5113.5018003590985
10553.629480577527	2870.6818824152033	4656.700017370037
10905.051054791451	1991.7232939991893	5474.280330197116
10500.999052519337	4615.731551935375	4832.474501279581
10331.246434532228	1242.2379485329377	5693.690111216767
10591.15956269732	4076.9764145065283	4019.465224648263
9896.636380237833	2201.9506480247974	5627.420650071406
11351.325566678208	4396.903945764551	4692.762897650845
11847.541049470661	2693.7649754544423	5368.817317224104
11491.072749518937	2978.1399698771515	4112.8608284660895
10327.034742211335	3007.9905204636484	5190.118943799707
10399.618412306741	2424.3701553577603	5113.970488001636
11495.515043224876	1918.8707001867874	5460.04500759438
12114.694547630059	2651.059856193557	4254.167186408675
11058.958230267313	2097.0486583077845	5490.767416011298
11940.975272967125	1507.6911366154297	4951.905967772276
11018.716360798857	2090.2520776727415	4668.591813926651
12326.84553423293	885.2893915946574	5032.918211699454
9065.337152122669	4055.694585492122	5514.413738500386
12595.503522665736	1309.7283423125907	4626.105156473751
10395.614789736162	1948.8856178259114	5689.350004869864
10990.742206080815	647.1719871180593	4997.149746943225
10939.646052064016	1313.5301269798774	4886.749224019721
11010.772366091527	4049.966784445086	4768.139241581613
10095.351887816661	878.4851094211069	5655.283239087067
11426.366940566759	1636.342868609285	4498.7259134945
9654.856132036884	2464.6495217733172	5627.65473980092
10825.31578724192	445.12559104969523	6586.749185259076
11189.65670855654	637.3025212260956	5567.220449434142
9847.429345203573	2590.6006200656034	5856.957175352466
10835.33111785166	3545.570320731456	5443.026294508629
11568.84227209506	1328.7585690136546	5354.7025499001475
10648.661108271548	742.0145355047114	5082.624390346415
11163.655825598787	2349.665449749635	5086.9052245960365
10791.219055273255	1320.9893650550296	5131.082539265594
11251.210557496674	1939.1936624505279	5701.5103436793215
11990.668115946197	2098.3151706387453	5478.577616645802
10881.45025849592	2683.9898261126827	4718.500055350124
10991.537189972254	1837.123410832589	4976.3660401496345
11988.097349740194	1885.2445151511383	5481.291834558743
11994.327870070409	-794.276423123472	5048.328969097472
11479.457019211415	2257.3518982350893	5276.486123690805
11311.317815767618	3184.0418667129047	4935.839854125266
10548.32713103662	1431.8199633411543	5206.881318344779
10790.915444144082	1507.7104553156958	5253.599389315857
12349.15671461918	3213.402337578518	4618.763961861122
11193.46216507744	2999.7833471842564	4929.291496477346
11496.627812741739	3780.6410955688843	4734.2965655736325
11811.333371924891	2904.5444445303365	5113.8822248585875
10306.292151804959	2361.2845085815634	5423.921821201939
10467.953309813802	2340.1938242642036	5059.774384590583
10229.73672752352	3005.9653257949763	5158.297901918353
9125.047813282566	4132.917724282367	5593.9764437146805
9816.384088939009	2794.52676738333	5737.877191677736
10915.628083412166	1623.6210993413886	4640.959545739261
10413.823474745985	2458.0146353969308	5681.013426163308
12185.645558273853	3354.604502843637	5689.509643994653
11581.103580964496	3080.542719084775	4580.677201717108
10905.087338305748	1352.7635522222724	4744.258978646943
9910.549661055977	3498.6237843062063	5193.3974932992705
10996.920602140506	3171.3600049970805	4617.539794741987
10551.060260071805	2775.0991905682727	5700.119359750654
11082.796958706273	118.83016411079919	5587.632486058488
11785.7244611552	3508.447298480624	6314.074291072143
11731.2598363866	1308.4979276700165	6008.201759255547
10308.033402536825	1366.433500941077	5577.104710333585
11490.244161423825	2883.973093939285	5508.963809810763
10982.474016529868	2667.377124438355	5215.7860385751
11431.669618347405	3353.8968544707272	5121.675170562146
9665.730864784347	2874.9955011275165	4617.066565482975
11689.231232937342	1808.2264343552329	5538.907401156099
11162.903625778126	2593.7435073830484	5772.973575616555
12353.73200187923	2782.7276475467406	4495.166068405646
10121.204447137423	960.9562206851576	5600.352889997089
10453.303805765037	1604.446064815524	5608.771267858035
10473.631944284896	4306.756463119043	4710.6453823080965
11300.665734969074	1875.5310614611446	4785.690042486122
10629.379240313876	3393.5131422244326	4474.710732018981
10755.903564406011	3235.409635361865	5230.266181927413
11024.847946373664	3972.115015188172	5525.506893451707
11295.039532572999	1983.4307456185497	5259.343805800989
10905.337568847872	3175.0086871135295	5207.237315890851
10908.964950885142	3448.61359539794	5298.36050343716
10808.690359501696	3592.6241263904253	5854.66654018056
11348.632684002161	2932.8535159156727	5117.164964152478
11277.492928566615	3267.7279797460023	5631.067939225701
12009.942789270672	453.31196301725686	5884.606747576087
11858.107006278859	1751.3151751810967	5050.9343197621165
10986.468960861303	1290.546390785987	4955.655240896437
11794.082784745811	259.8357253273035	5959.206198084788
10588.955193143425	2307.80760754774	5015.925106743651
11049.79017890855	1227.1123176314181	4988.241610699809
10339.37613645879	3534.935293963078	5414.167240251077
12025.385941918057	3017.7985141140603	5361.406883229559
11443.21382115887	2471.059066976931	4707.799555760825
11908.668786637887	1110.6712764652352	5425.583126799269
10575.425286072392	3657.9629323272284	5409.716945877815
11445.962112076853	1076.5473033186506	5341.335679712221
10898.955349397254	1206.3791240285423	5628.310015329351
11049.045717671477	431.14971952254666	5058.634365322656
12170.075144879003	1115.0406871994314	5198.631033179266
11071.921025011063	3123.355974522742	5301.0516838439235
11622.840181284015	816.2012960564911	5100.450928706707
11381.377930173388	2078.5962507438094	4659.381451252308
9990.45643193187	3754.8726243964265	5606.427994197628
11408.907389527743	3123.6958883737043	5731.976549274645
12087.924822307084	3471.3161639971363	4604.950175358997
12044.579956457743	4012.536870890922	5179.438747425392
12583.495906096228	1815.73954530411	5196.895620670873
11830.233516631486	3240.396582112601	5147.247865075323
10757.118054488832	2233.4925026601145	5277.191062003891
10815.295940737478	1133.9490844833888	5137.807753478486
9985.235107506933	1846.0715908196614	5796.2023004218045
11487.651988692625	2905.3601513407516	5265.114812606164
10819.42584053983	4786.691556005332	5068.379246125094
9890.876971482541	3107.631973901927	5663.057816730288
10769.408586738018	1076.2977801824009	5354.367366082015
9392.683753019335	3554.637866742838	4465.16351041516
11033.696726590731	3862.9597967474574	4582.231977732663
11403.562257933752	1791.1566836036434	5355.441192022864
11553.773252541634	1184.9797973657385	4547.042312570235
11617.160778109788	2281.0209571285864	5037.135502006117
10537.504345974707	4197.643703370036	4398.5818324391885
11449.66982443198	1602.606780127893	4906.158206077224
9779.281454864107	2343.3943564552474	5805.811643409321
10956.279804276814	2156.1065828683113	5122.846541483352
11904.250480314071	1082.8256328075001	5479.598247624573
10028.81604902505	3198.5565740298866	4922.2760798673535
13293.763870625797	688.8941910319929	4910.65760976122
11658.350990724814	2417.3010167945636	5577.420240352362
12356.692012341502	3447.59052087121	4398.4980980760765
12663.706916098861	1308.682569424789	5001.133121965266
10802.458323458903	1231.3131939644768	4980.231176413993
9120.552437622628	3445.85942124528	5435.3077548724405
9404.60002123702	2626.4978473533447	5153.936427764785
12138.333067173262	2616.79873755066	5461.596854858895
11362.575050357387	1180.4425726566967	5005.994286760899
11704.41818758605	1599.119654196065	4856.81826387001
9784.024962834937	4415.550957721197	5192.062939700084
10445.734260779594	3269.9058890359597	5186.939868463899
11322.21097849471	431.0350642486569	4973.334050909305
11610.208180755772	4184.562519799037	4620.344177553529
11219.82821463455	2841.4041080892125	5989.40189399846
12202.288855809693	3157.283888862267	5425.28691077686
10294.885985276615	2199.431632584314	5248.945576718702
11045.325913190549	3184.728022999559	5112.352542097477
11088.524622391105	3518.8834333637506	5784.122732694487
10390.388123813269	1469.9281897842543	5217.191355828624
11365.785783552255	1143.4782234272886	5548.956126519717
12620.037995862353	2408.1508102332264	5535.420963024434
10217.737382829286	3371.8874633497285	5128.742184886309
11323.182416399388	2940.2166317542396	5858.0414242310835
11187.073721684576	3100.893214883156	5418.72361210215
10697.434795310146	2845.253561571184	5528.841913979039
10660.879931154066	3093.9979961022896	5284.148864084066
12300.194310482531	2437.1473769246318	4627.947468144007
11017.907367271053	3359.963379539683	4981.8678534563705
12151.582282090993	3125.4789127257227	5035.059375102007
9269.464304381854	1934.3637590782093	5191.601641410303
9949.16156023818	3382.1606511289924	5677.775588643251
10656.129433777009	3285.087849224008	4912.737689452914
10814.010629127088	1506.1173859366754	6006.631536165856
9963.973334455812	1994.2518258904438	4321.811789019055
10757.116363865542	3254.5951582910425	4952.039672903812
11658.286402150812	1658.2895281898386	5011.533310632655
10845.519823016124	2683.3122030310456	5618.299671598074
10762.77809597656	2579.4565066414766	5543.89258492756
10496.625531564654	2200.6668173002063	4992.882263438908
11071.202417407778	1357.7375990582843	5306.292203280247
10552.624556671735	3035.1945867315203	5288.886934904062
13156.47448137586	2213.724695373201	4752.843086425716
11551.627903320075	36.62864300913365	5288.035212889345
8630.955005386291	2584.460602558622	5031.738451072542
11433.35128571774	2741.515550823277	5228.598028712908
12214.106522208369	2231.781392953617	5674.443053976592
9814.063985160023	3314.105841832092	5059.785052269048
11516.506331143999	3045.800946610889	5164.885713423863
12491.834744351438	1314.0626001787004	5206.623121003258
12211.426348628456	3229.306211717139	4993.988994125929
10721.286967157903	1352.7770284786113	5196.346367409409
12555.706489474016	1790.6091609574848	5039.191608819415
10054.11668072034	1641.5841367248452	4879.5962362396285
11417.058562348317	3361.0692707265875	6339.061645469352
10054.88413097738	3573.710703469661	4470.988869344082
9733.52184092301	4272.709763693838	5864.0772725494535
10440.863671340781	1870.133103428153	5340.329145922124
11759.767863440313	618.5515337700595	5020.398912781512
10496.770498866594	4765.169589138416	5005.250815916996
11334.926407385583	2181.5823688574324	5117.388562975243
10640.984189251727	2414.1558953682743	5500.666431540225
10973.020889267484	2432.177231424439	5109.605185567422
11783.215872733397	2331.968224210182	4970.431087628921
10791.738111394128	3169.0822339317524	4924.406652150497
10476.534050669528	2896.925817536843	5522.078807437927
12603.932421231635	3193.5170719848384	4889.2608089286
10913.55974924931	2498.034360222443	5604.049955633206
11470.375113344087	2081.13055336784	4348.468946205653
9594.921455762045	3958.909150399388	4987.692120596989
10831.15147098755	938.0412277589154	5695.959013403079
10792.251642029765	3539.586623193331	5230.067211902539
11418.752669866866	4250.617488498717	5978.760961444409
10596.684226219417	2360.7659607118517	4835.7214036397845
11613.327760348682	834.8622644610174	5674.226528900419
11202.586860296535	2839.110154564819	4771.8609134754415
11481.419341891286	1742.4605443478467	5127.331239851237
11351.344817768517	1802.4196518189253	5685.947600061364
12201.933921232496	1750.219833311132	5351.848993330636
13222.383350151775	1292.1616582347942	5372.1269856020435
10603.661004752194	3613.8440753012014	5322.048360930102
11876.575842366849	1380.6047428149302	5315.701610252044
12498.20073814156	4015.6309019604582	4694.0101752500905
11245.851506481478	2224.8685313120154	5330.878493896641
11594.288947949042	134.1790947825715	5434.632225049195
10914.528017863578	1462.8478478043091	5436.537499231886
11210.765311932633	3490.5686466693005	5096.143636076024
10206.269054537097	1225.2929061424054	6224.304285087977
10285.847195259154	1510.1006939166402	5346.907547087071
10254.23857207017	3369.9267129455156	5375.414675637939
11822.28545023173	1333.0036110591832	5420.0094576551
9548.54966159567	4119.371630039008	5413.076772442535
9436.335082492295	4309.363750365955	5025.514339494847
12405.69264216535	1020.2524164236621	5452.184562756269
11207.528305004618	1536.5828319632858	4797.943166408214
10797.381930691445	3747.5776942303837	4741.079281295497
10772.572191327255	1864.4825703016797	5479.389451702483
13250.244689457202	3567.2415121392237	4960.72782897929
11033.813748919385	3455.789518484322	4994.355634405958
11627.681159322145	2441.254475865605	5157.5142758671445
9344.384850124883	3676.523573871558	4894.539930386581
11015.539297620138	2777.450062972954	4931.166822935761
10569.186663807219	125.51244572700871	5368.328672956007
10446.892441893962	1637.8952361520512	5499.16008477209
11501.122379595115	1418.1196828250431	5112.226269742902
11444.323695554063	1404.8246124142895	4757.938206620997
11186.675981599587	3807.4269581638355	4424.590476636085
12109.567720288402	1968.124680503758	5366.51109634823
10680.431677654939	1842.8878454460535	5502.655821599714
9823.773894469306	4011.8035613872185	4965.85903240241
11295.674452612444	2539.2410259774833	5584.004851498144
10799.995130326872	2100.932477402174	5217.239037774292
9894.897402208724	3534.0407995390624	5188.535744238914
10775.256380646691	2242.049577654663	5234.049087240097
10855.387904550485	3451.577838046182	4871.583937335525
10999.075769216552	2249.956093202614	5012.768739840047
10597.184689525802	895.5811301646916	5324.936211606146
11291.451692320132	1554.694944522998	5071.935560622068
11431.550866604146	2854.004135724197	5861.323880629266
12207.536431525656	2776.288222325274	5086.143764135011
11142.96299668567	3869.472968476017	4915.750670826881
9522.03461953496	4065.825241769381	5062.1049697528015
11934.562960455483	1603.9552049678257	5721.410238276611
11243.62710167943	2191.3051120670875	5370.946514840916
9912.403958645868	2449.0754176289743	4792.647771080829
10943.526751806257	1977.279717845664	5730.93735443669
12380.5656645001	1051.087904334687	5378.508341396928
11186.824933599151	2189.871037051951	5725.101882885202
10876.119553247836	2270.6250088068946	5834.070548612147
9066.680101433878	5240.102882317108	4702.196340747757
10609.251499606928	2695.206852045676	5142.606229818426
11191.441421265465	1810.8513910345946	5261.752761775809
10166.417592812564	1924.347692396467	4787.008495741524
10518.2022378664	1901.0000991229367	4872.896261053243
10871.274699233061	1447.5302647299245	5682.455647813963
12423.484409812983	1984.2697371850463	4469.6191115037755
10557.38742968701	2559.818424887176	6068.283966130911
10952.60770900022	2363.0076032391416	5659.417968602521
11745.808216910002	2823.5672017056836	5437.979503745212
11606.59139598682	2873.79137163696	5321.5637020407785
9351.14446692505	1916.7910206519591	5411.8913222507235
10535.36265718514	2319.8145846428533	4683.93246640318
10495.61203627838	4318.242315458756	4861.566789904242
10821.786028496956	1901.0890363356916	5954.54531083155
11624.416388535565	4385.309507591828	4792.395498413263
10685.775347413028	2482.989219997929	5440.066486909001
12450.329490767566	3316.702776736887	5056.389998722145
11405.953587879507	3314.8301761255016	5099.316097362169
9363.052186870744	4331.145175646305	5133.373167533535
11638.733599207215	1555.5083503147955	5213.851674742324
9371.816677866844	2688.6576402497926	5279.152565948023
11142.96882131013	2443.5946903106874	4908.410409845284
11638.339571411809	2531.3949418816082	6079.659506448873
12810.254305419468	1575.884077775562	5077.748974719952
10625.878812129391	944.3884871110195	6251.921986864185
10650.406444171764	3315.3598456462123	5295.731540980891
11236.639878547674	1017.1909757163693	5135.6499034789385
10515.32542061685	2796.311319714639	5068.860063394365
