10722.639599175878	3541.0011249348927	5856.802333392369
10942.750825845244	3376.620115389337	5281.167185453452
11342.423790606375	2264.0609103188385	4844.959525979757
11417.561528281596	2103.0425304984446	4950.284947365958
10315.434743295025	3421.3185528926783	4173.193089835588
10238.609509653152	2585.508560265234	5261.281392812243
10177.262937222975	2154.5896002836494	5442.111375492969
10827.961902374498	1076.2674086642837	5478.503478006507
12331.595637906421	2574.4862717366277	5319.173392739815
10557.228657889691	3556.321930291001	5379.956031036441
10253.66589132575	1747.5948358515982	5635.462302211351
8576.924729527835	4520.781914323066	5425.312932138124
10980.371841739514	2980.6810477574368	5061.3600036752305
10838.487556334496	2029.0305589486734	5511.458471700582
11628.932038419323	1142.3156232162703	5575.172903158605
10859.608610055935	3141.717012360399	5179.882835873096
10515.901645128857	974.9374130701793	5854.40491790563
11467.388848857301	3748.69485569609	5230.791812723829
10484.6888836682	1970.9540084232938	4509.207835242427
12567.740439666204	2788.0013498895582	4802.445088610069
9791.877689347932	2136.602967925428	5568.060369406232
10049.275770034781	3779.9900807255426	5395.400266690363
11730.17164713969	2442.715763825759	4756.901848063072
12076.117945101772	2893.0780813190536	5522.980369741926
10548.939110378933	2276.99922094558	5236.922176556055
11127.734028412457	2432.323209340342	4846.079906916235
10561.125181462548	3543.756719969738	5363.150829917926
11354.933843045128	1360.820748062731	5012.147045912712
11634.253873548529	3904.569550978773	4994.679096924186
11435.648604992508	1088.2958621622176	5282.484796039327
11019.01013757543	1368.5070718020886	4654.505558008838
11050.917778496294	938.3579393660359	4919.744543094514
11425.52556944265	3381.933969627786	5140.022444401723
10387.44707361313	2708.886250768906	4510.5401838282705
11713.220194277368	276.5259830234158	5301.554021956556
11710.228221393489	2500.7011708743153	4900.823676944908
10643.557098934823	1703.622388001949	4640.564289769614
10681.893231838252	2505.0670315033303	5464.48338492599
10095.656031052524	2155.927752949239	5616.26854525027
9525.514810539318	3075.096253717684	5864.062473800017
10404.80159217931	4315.72809398148	5126.18866381419
10973.919848308853	1687.1920620883996	5264.890499702642
11636.609048068025	1939.9844252836422	5433.070824966194
10679.47706659057	3868.0415320708175	4546.8198729656515
10852.035334332551	4520.854065644244	4780.384458831898
11119.883197788933	4686.182892840893	5026.483033313261
11793.422692040145	2065.779867641602	5186.209931225972
10618.74796798615	2430.333518296184	5313.283527790218
11791.337190588723	1815.4112708504535	5110.262767920951
11446.195346010449	1695.5668843705982	5228.19277951526
12190.431374812393	2741.4157752680053	4795.253614047592
10093.113769393622	3787.691187681646	4963.828608904033
11781.814255668312	1947.6665593128341	5393.285347723755
11821.856550038912	1488.0301830464193	4624.433096711167
11898.706959644063	3176.1371810722158	4783.895957850088
11595.97811335086	2210.6962565550402	5121.067147784989
11080.497046099485	1419.7248986461027	4602.9479344179135
9620.051739357265	3539.456282652129	5101.955687718427
10288.870300382681	1347.838882984235	5167.867477275578
11359.356239822946	970.1722466825762	5713.318670322453
11139.833639959834	1557.4163838520537	5173.33820579593
10248.163421957397	2355.2343101739934	5868.215690098148
11566.693029481658	781.3734342072327	5518.716312600035
10724.749213090165	3270.626336535034	4752.450615965835
11196.097366226988	1747.5605182963711	5044.754970730243
11801.55134521972	786.635515492676	5341.137809747813
11072.032897509214	-50.666640083931	4691.245914964436
12506.967818239087	3121.8537770692897	4662.591801042853
9620.042447559244	3030.0021712314606	5420.693047672331
10609.243394279989	2175.82563175342	5738.089809123403
10784.61653619306	1698.9684068472604	5385.157035257651
10763.184584197512	2300.998594423105	5449.554974490919
11990.841932836265	4841.362493885867	4945.149163985943
11950.473616730738	1124.355411335096	4317.646628828645
12202.426550968268	326.9526149290466	4867.369557088652
9810.872634606696	2452.1473372335895	4438.053545227364
11166.803864218404	2818.5381915437033	5329.158675962403
11763.037467580069	2968.7852701326206	5179.937285477439
9986.963549658654	3449.2903042634975	4642.300688024554
11852.840734800024	2661.9778227775	5395.75256546518
11514.08579103751	1994.289619965351	5573.140692163781
11142.6316779313	4498.69575170977	5173.682399264394
10912.136096524428	1584.8828850062725	5425.143589613235
11239.397543501795	493.801625767446	4448.598669051829
10609.967584858772	2575.992332107961	4858.970976033021
10516.994718551563	3417.8861854372967	5756.952820839057
10356.152340648092	1707.003106607658	4932.427874487475
10654.25195990255	4696.9858933165015	4688.790828116101
10879.473476095274	3515.184499309246	4635.957915551823
10878.458815353044	2587.828151677159	5312.018761630561
8590.054336028983	4131.367662653112	5274.182531935038
11310.871897603973	2933.5857209737846	5044.023356350345
11663.651999867692	2827.7367537070513	5534.82769361735
9575.746907626533	3215.6220702376613	5351.622017056941
11195.075062463386	1412.9580685651345	4869.01233202575
10909.250805492762	2391.3888919270144	5465.443037218679
11084.42506112714	1941.7168396995196	5159.987363418034
10709.777481645016	1871.9327120445753	5132.9131618309175
9510.750972099997	4832.6537210468405	5351.080114734045
11013.34585362726	2685.0716480428555	5504.248671238228
11903.032039010714	2366.574396252904	5128.140187830744
12327.397327999402	1073.0854360330839	4915.913447683316
11450.634847773366	3149.25828439069	5110.234270323357
11438.935068047309	2325.003526202832	5306.740948140052
11716.217562362443	2054.238831360227	5187.588083057235
10120.841567901487	1088.5700642529216	5452.027502211026
11278.865238237762	1829.0596737909127	5157.208020635869
10899.910678788101	3455.24049102203	5041.388652760197
9885.656592422236	757.6941256259379	4987.695871250871
9460.978922540622	2617.596105435433	5400.239597076109
10751.020497748883	1804.4766839941144	5848.139398289536
11371.7754735443	1732.29908475221	5465.9793233871505
10669.752779243516	2075.0415453235405	4701.609741069313
11859.984359900101	1647.5787340714999	5319.9990410848495
10926.061129887727	1872.6076744632348	5449.2108243245
11164.750086157186	901.3783814265685	5099.898979729817
11272.11955828527	3155.9238560479284	5220.225979517615
10534.050550136557	1022.0554636242324	5728.283546263012
9082.672021827142	3452.2088001092684	5217.9848196074
10780.596502724584	2379.0930282156255	4980.15448609744
10900.353565142932	3252.689259116959	4756.325363324639
11579.440939494807	3591.0848769235827	4761.723534267438
10561.136843435079	4669.783237112683	4849.099077743377
10203.318049886844	3750.0993988820474	5506.999978348706
11286.334388793885	1383.1585217361958	5025.535795810831
9574.730705137346	6589.22063730606	4761.494529566303
12148.918864011426	2428.3260713311706	4823.074750882461
13371.63761531386	1777.3858517526814	4865.944979209712
12950.706968855804	1355.1430113480717	5053.881707152528
11393.659417325252	4155.71162890558	5450.681373797055
10161.009297292028	3620.7741213567583	4807.100401867402
11336.946960819225	2425.693742351974	5219.1283708529545
11424.072142235704	1430.9403081053035	5267.844877258411
11304.579561924684	2612.606672628949	5753.951949713378
9968.78111988015	815.7580446328196	5296.328678397843
11422.720583832892	2335.7443037971266	5497.547179025744
10460.518950601107	2663.469146714768	4856.044837978574
11229.987839921312	1494.0733652542917	5480.672740000813
10133.283356896163	2393.369735110168	5475.242043289879
13543.303723275338	2313.8471518657943	5140.336117716397
8809.020111920016	2223.8189154076777	5698.1507511233185
11399.602103553549	1687.3739121961196	5475.1839772636085
10642.03189616559	1069.8166230685558	4844.146713460813
11560.457042087173	2789.7242163676656	5140.133798034494
13111.559168763733	2050.7166311571686	4856.524868180867
10348.461151062904	3184.214194925916	4849.389061888338
10985.483961607528	3339.8889288101577	4806.483891070505
10078.563737040698	2467.194811051996	4868.588478130522
11436.511257501139	3189.5915362598007	4738.611537859124
10727.77245768727	2884.0637888703613	4433.049051927687
12039.887920583851	2698.096944788634	4408.209861703354
10686.287571090306	4301.490095345246	5292.41435976414
10894.264432685151	3022.5482967725607	4724.586883036984
9524.779032999706	2785.8542385086303	5352.64682479677
11288.399007233751	3087.7426692425283	4625.8205795947915
9810.401535268738	4111.111640524602	5080.489055897011
11132.695921832417	1646.6898799162354	4907.8037942968385
11139.863665543398	2610.359519900601	5480.603274291018
9165.033822862757	4259.999262930223	4950.586007962799
10324.796399722944	1420.4655712130648	5931.393741457303
10915.284285488575	2338.150528754699	4954.590900550376
11886.470182496068	2607.9069592528754	5327.271234915816
11811.49147008366	710.0486501814024	4877.613523103617
10473.811702806704	4001.7113547934623	4902.621801867366
10830.747457993111	3403.0760406822533	5091.143402636957
12054.6522027802	2177.6997698302134	4972.170890751146
10814.673466384356	2977.6258135166863	5192.668504388962
12500.545281813818	2971.6464638444145	4690.484816695673
10941.625102378188	3124.0269412249545	5819.457320332088
10119.263081978612	3044.0223650456514	5157.941825502243
9894.764343717567	1311.6358611065407	5216.21432480317
10748.002435829569	4411.040427384485	5098.323721157802
11211.943224159597	789.3689033027962	4934.30347280336
12234.23229442271	673.3532622817866	5382.376071851705
10896.078130854748	1960.501639053919	5276.1232897553555
10542.673261536567	2250.0963872338325	4629.977470884461
10814.6022632307	3302.99677301512	5207.418997890037
11230.339869769263	1824.960119872164	4975.384395520792
9288.484395714386	2181.060890740562	5098.966640746786
11071.211219827585	1767.380261679071	5590.7563799161335
10342.63460083492	2769.7900138039795	4823.0193800503375
11050.37295114657	3787.7016872192653	5832.336989255675
10415.70129597389	2518.2961836229315	5081.313494316189
11272.5878647029	2789.916295214963	5100.745116859724
11218.354858391467	2784.914095034184	5085.448810630977
11627.476060663264	1914.8283444348433	5521.55963296505
10632.681990985246	3502.323635998098	5030.197665201391
11852.770381115626	1087.0731099266009	4849.9008132159015
12092.879443686004	3070.32821976149	5313.916229734881
11365.758811485644	1034.8528026086324	5029.294241863977
10979.358588949734	3453.8489978143843	5108.332550794294
11551.530478216899	3740.231043396744	4632.701489900898
11546.595662428139	1219.6932865843767	5664.180505417747
9645.870644102859	1776.3567261429769	5395.7644419673325
11144.330927894081	1635.4454674551725	4968.410935764002
11050.60000531211	2689.133239336797	5464.637767332424
11919.443442039817	3431.4565957656223	5428.750584596208
8582.771355329374	5627.020047549937	5460.5970321159475
9350.355079696872	767.8589092371056	4802.884937081408
12053.89234360794	1715.039745954585	4418.465765366705
9755.549359119168	3405.085788921779	5274.594121593665
10201.238113007694	2358.4966763870625	4938.937551358134
11144.993365002116	3170.1254662876477	4974.530854449935
10451.290798045364	2936.471611473435	4923.369844081903
10214.48412764137	2934.2583670677795	5282.316872781868
10364.926974462705	2503.1764082327422	5277.1304370656235
12299.0588132602	2361.7876168189964	5016.839155482579
11200.37743889953	2482.45112463288	5273.275301843896
9750.790761804878	2895.43038617261	5048.863030958958
10441.290318630208	2983.539814834184	5017.56504872277
11258.187701853734	1368.3943046566856	4468.369069646184
10766.472596417298	2878.0594307724164	5186.7018913456595
10866.395123268157	3714.1700229522917	4651.466624008731
10608.288123728722	2970.433798837743	5539.1402855258275
11387.335933785402	2850.1563099328905	5157.660062354505
11550.901789191761	2083.133574241626	5277.604693877029
10701.235110834728	1928.4460725081808	5141.872995139694
11631.555342176885	2275.995693432483	4911.737728058343
10254.57048229885	2212.4390288401787	5311.536052024904
10265.72032176743	3773.3428388565253	5040.148584299641
9955.473925179918	4123.342376954996	4941.251043515053
11656.804993924019	3400.9599112949177	4659.994762222472
11296.826349027688	-634.4327635150977	5363.687183920094
11290.835555260357	1433.1754440005197	5914.97956813363
10995.934228302809	3456.6272027715354	3973.087055939505
9378.888306352084	2403.828209547922	5082.226969545913
11698.802569632895	2867.054658528441	4892.884213010096
10207.4905297167	1261.1890659222422	5373.954881748226
10883.2328985423	2485.180038186923	4961.955325430073
13661.421355830724	2279.556683628625	4668.233074673169
10907.800674334521	1613.5009819330314	5285.243557098746
10102.940825118361	2971.4423161166146	5952.288456504097
11908.93974871858	2396.234097283846	5528.049489695822
11137.109399958441	2966.2120263364764	5558.582586787941
12299.732393118804	747.2497938834885	5104.904524656239
11485.750110221285	3178.5047199262153	5969.665954676705
11598.893214978256	2353.712988497538	4997.856470975427
11873.650043620904	1332.5965058632917	5109.268877573707
10951.814473736267	2964.344277702688	5261.551861391923
11499.208438573007	2395.1519698290685	5387.681699386235
11108.306586913637	2444.862268782932	5044.41263150732
9241.91051136281	4252.972479330749	5329.281306618745
11366.50113043582	3765.9103073175984	5366.858788340642
10992.228197116905	1359.4390240638	5030.066527002538
10789.328478164422	2891.6891778058525	5536.0049490513875
10741.442186144464	1190.9630333668417	5075.864269631692
10999.182012358344	2420.2059650319816	4944.631425287365
10954.90627045804	2846.0131700314264	4935.171547028605
10242.28523791073	4613.344546938042	5402.968293975895
8150.773310957682	3191.0595719878247	5489.198622209455
9248.724417622067	2681.247274193452	5391.174948710393
11443.289512744297	871.2356453507499	5840.218197541132
10454.04604656312	1100.2430601809594	5355.615981288534
11808.30737540364	2110.298422681225	5091.65667876985
10781.945139771871	2855.968405070609	4816.424846323879
10488.438816858536	3039.3545250268417	5151.488574232398
10548.608514661924	2704.739205076615	5117.6252141586465
11837.52027304317	2445.796819914411	5401.907670805006
10905.85288152596	2691.1056240650373	5739.194998281011
12977.117999908754	1637.286757250902	4461.5398286615855
10719.557966312288	2563.773076933377	5518.896728136883
11642.43056181028	2807.6129070812913	5466.0924711833995
12674.421752091019	-756.4334930509497	5393.482996990332
10524.55247578052	2504.331769259833	5248.31212045747
11475.335017966576	3085.138506009712	5001.287502258869
10689.643478321594	1678.8066429200178	4702.905403567015
9039.560696014527	3797.1059954856146	5139.59041011903
10770.59207575057	3301.526659443168	5343.32342669272
11527.942331789496	503.4484410108617	4773.923183086193
11151.137367797315	4105.483212888733	4950.827572145697
10979.52627455222	2230.1328601505093	5590.228954642015
10262.013508860982	1973.3516772910273	4948.5811497982495
10222.902788238203	2954.6825394375046	5433.996024676177
10775.052020351908	4050.934071018089	5883.2273018734395
10868.574161627463	-23.99480712003028	5291.344557125618
9963.99337060819	3872.5133335170376	5307.99056331635
10774.267818406055	2772.2998466533854	4686.253703177298
11255.860902630573	4143.732869052849	4627.339271748076
10854.542944179348	1817.9083938194137	4879.566243731299
11361.048804963653	3426.4423394866276	4865.518106848237
11024.39339983985	2828.85731124689	5238.3207924699245
10338.22116433315	3779.020375858977	4612.534082075224
11131.649483568926	1036.274397446264	4817.085526233872
12423.627340624418	1970.3889994338008	4969.668225761047
12376.333888781046	1505.0549647325522	5453.651579740586
10587.755449647226	604.9737062026296	5399.240149842478
10853.257844691907	1561.7054402839183	5585.907196009199
10772.407647985789	2879.5034656974813	4864.367934986097
11262.903815361118	994.5986601409305	4925.811908118498
9951.40180079474	3827.999866620953	5924.272491403219
11330.148924287914	3016.3565266713736	4949.1135269684355
13157.222729123212	3043.360195931709	4840.540162893117
10158.878532962866	2672.9103486121376	4976.278518290174
10674.113594836246	3950.9968081325233	4953.890879197859
10275.97357570826	2184.793391476067	5480.518746149706
10437.526054856053	2362.0783411990183	5263.110166636555
9562.407021948253	3208.793154593179	5308.476806291925
10536.09788020932	3516.690489782419	4804.199700862941
9883.060603597767	376.08988833282746	5896.411816695777
12036.377352941709	1128.8701430787464	5388.149994104829
11251.55161766939	1965.8038768074464	5108.738861693983
10994.551830703162	3638.581614288519	5172.432266984058
11437.10080329091	831.9280190757437	4741.697192344432
10046.987004798088	3151.2377645459665	5500.600232130655
10365.94548691585	3269.1210459083704	5548.299945121816
9623.557227362971	4436.292338534549	5103.203966665274
10886.084140840523	3735.519497045985	5121.9140315863015
11079.631131638876	1627.179230369226	5293.1850759253875
10505.480832154903	2469.9207444394533	5005.077791445238
11466.397587416908	3659.100099580052	4287.842173583561
10580.919511810884	3973.5544567909615	5667.082456130811
9829.357341713241	3291.825715072329	5405.940128695269
10878.702214098006	2500.5221367234108	5133.90269312814
10267.227450850653	1816.4047101120116	4831.121156905913
10002.15637916629	1620.6320539232063	5030.17197348073
11363.298246357303	3753.551121921244	5391.244699229398
11226.35098859898	3789.7825552582276	5454.472939521294
12833.72725911941	3071.7227417475924	5448.261495977841
11625.120839784993	1323.552760781322	5634.018049759135
10537.072426422857	3034.636568637457	4975.387793404254
10149.956829818091	4025.9556835335056	4745.0154387504235
11236.066991407344	3317.3536233256195	4981.523014343695
10545.014284011462	1054.041807147559	5291.483399560762
9687.862479424204	2184.5977021703407	5822.172862754043
10481.49456017253	4044.606196059999	4720.455021636736
11450.951109335723	371.8190038170633	5852.29143852553
11867.616464805847	1827.5263819956167	4682.927797913029
10110.233647617752	4954.5166671579955	4404.774152739067
10381.746029236838	3572.3014534725808	5411.901875635507
10562.29828986588	2436.702189290921	4580.312695275087
11677.665976589657	947.5506868153511	4698.998283438221
12674.294618303142	2367.6048138287374	4934.812547089454
10513.069047074941	2822.662289065513	5744.132681748425
11224.222131012944	1609.4735514843994	5422.465087797194
11764.681406257583	2709.187309735288	5342.943604850074
9344.828383010421	2374.2089954956773	5419.207513694782
12255.158188052525	3067.2970939918696	5774.621611462708
11369.344043622832	3025.2925186199377	5369.718842910477
9092.016835552262	3555.8410963672322	5125.9240550604
11428.937394573082	2104.540418898862	4801.726299989877
10066.682236878198	3154.984888743924	5204.9387445514285
9713.815914562589	3159.320828837678	4550.240191575592
13562.882414650769	3041.1639468961616	4948.812800405446
11015.737729429338	2672.0337411952146	5375.338441399038
10714.63813588601	3258.0463025075906	5311.875215651154
12149.541436884427	2747.7499023288506	5103.416894640038
10709.341312378063	4343.457568914367	5244.506921836474
10860.427146556447	2356.257608547152	5170.534374810353
11867.79426699527	1638.2460084557836	4999.455973695649
10712.956092445933	2238.293268867326	4796.925513375745
9926.945479372647	1582.1143470747845	4971.785413186332
10801.306575977595	1946.2482483779388	5240.824092290778
11674.575532928806	1580.6742313348052	4776.522420984703
11259.04571788489	4778.235403834038	4604.5553609475055
11278.523407766908	1936.824588158756	4735.426133868491
10086.364742202179	1666.4901061080398	5290.051218857242
10786.292708517602	2699.210009901003	4954.563231831696
10952.851340480313	1798.758854167309	5511.28391480302
11943.44675022562	2142.464361692301	5596.907521754388
10188.117603078666	4034.269997771994	5238.7458591921795
10897.464150525157	4160.819602662681	5620.493257144927
11101.279820468533	2671.7889591510366	4904.896725524059
10255.8339670788	2012.9054055518063	4846.420392502361
9663.616758925265	3772.5035728743765	4975.897757323909
12632.55392606129	992.3748981462115	4885.66402136635
10395.760616569578	3253.2893842581457	5352.998901392141
11836.174429099236	2284.676749331118	5098.82369343179
10733.243744878235	790.071938948323	4939.5385004966365
12176.181482311726	1693.0115128015702	5312.142970595705
9956.487964148124	2065.867806555352	5106.3758281338505
10595.103869130719	4757.2893539794395	4971.412151988686
11798.750452834938	2858.5606752312738	4761.667820112111
9793.6777888833	2585.9949956991395	5539.530892582264
11427.646450538594	2328.413884894787	4963.614985225767
10384.197420404516	2160.5401268032742	6045.056858621137
11933.302906805444	1621.1842241794993	5035.255793506186
11028.20359179016	1786.5619575675396	4803.085244291508
11407.431311842853	-34.95637436263692	5163.3040970418815
10456.473133286787	1244.1308842098433	5251.265204786505
11320.791210436952	2617.7560809641896	5125.729506501459
10212.042541276156	1767.9933006769536	5643.564272645965
10028.499841326515	2027.6928224357891	5272.94204060823
11666.781174040423	2023.2580115212752	4253.413999212777
13332.356492879871	542.6706157763817	5144.468008266235
9787.956523470619	3250.442146343663	5182.449724560924
10742.05614078085	1546.6470941845196	5332.176282567503
9718.85422097979	3169.3050190246518	5161.927811739747
11625.66510363932	1176.9859140222034	5117.559692618788
11179.60087385342	4622.1790435878365	4819.864730223395
12659.034499302668	1903.3933159629253	4627.837607657128
11065.194153066623	702.69567962437	5720.310740917181
12620.218057819347	2686.2062332618116	4988.241530126774
11034.48678730173	2983.2408825948187	5684.352621292131
11015.011165836526	2901.1449321886266	4364.554454349635
11281.074783235128	2564.2088387935064	5296.081768434664
10840.894168472805	4029.663662426619	5447.075955359448
10071.946674035567	2332.094651775918	5403.1114183510535
11286.747768783822	1359.7984684687092	5234.556158102571
10752.235363955804	3507.8748669178667	5821.7523726062955
11136.955985083236	1564.5570532964812	4631.427307994898
11789.271070917172	1277.5503984999496	5011.581086590879
10560.406583176697	2075.360083557265	4781.497968336505
10202.547683848792	3231.8220179438	5660.428660728505
13395.613260760292	1329.8441749346161	4353.710414521508
11081.672552818047	1472.9908037932853	5386.1436099120765
11886.237021392652	1047.394493915234	5328.06995244605
10875.77999515271	2717.6860291682724	4669.726491991914
12486.030398574276	2978.8135135124467	4502.946809509409
11689.547530933214	2631.144246510678	5181.576107357066
10592.793730920243	2653.3550426991433	5473.19956843335
11825.994970205671	1066.0149895257596	4739.470643739925
10388.939143618123	3755.43150153526	6021.709784094879
11933.276135203554	360.6018480771791	5089.488418934552
12577.379976600858	2353.156943116986	4886.023385761433
10480.897629093086	2384.067884482534	6024.657087655757
10007.70625675529	4025.961614728217	5278.324520185952
12126.912699171828	2729.8801529839784	5256.014680265623
10891.807841679627	3638.947277904237	5025.454416557263
12947.793717168086	2860.764623290125	5474.588939366591
10574.843461279435	3049.089290564072	5118.586034175347
12017.419338142738	2526.3618397637983	4635.571808367765
12901.062363335563	2574.7045132782087	5040.450393153449
11562.055798130623	1995.7878177751325	5322.8861036133785
12079.775939090685	2454.350195112489	5199.472213292938
11272.16996387332	4591.7591041005635	4202.293437511795
12054.122941742791	2684.978166592353	5634.735972875718
12030.384441452632	1723.7919658075207	4618.717338543242
10233.916345384932	2379.090022559175	5365.532746313908
9827.781108829802	3909.0246314657047	5181.499789345138
11568.207371642317	2162.994021957337	4671.636091847888
10398.706878822559	3944.717890938484	5018.058662228442
12054.773069487992	1551.604546987505	5015.366721161231
12253.987192558912	2743.7147518687225	4312.658611132071
11127.657883290009	3209.723030619087	5500.945795928734
9771.080843642425	3622.236949412351	4970.154879581292
10711.789814068476	2139.09150282797	5125.803598859776
11028.917513171386	1285.414839515465	5423.599161159846
11963.406263316754	947.0788779405655	5552.735827632653
11385.724584996788	2929.085633774922	5283.224981046143
11806.854419334077	769.4959910184446	5109.222301272302
9513.584288907938	3692.942724753904	5667.6782807077125
11416.788338928853	1540.1319280674677	5275.105644709669
10925.844250579976	2398.7428150892615	5415.248501531361
10956.285065071352	2546.6010022479013	5860.970462756668
11924.319350799165	3381.3562281876157	4562.080192171724
10812.930195787736	3253.4933171458156	4944.943488590835
9760.406037094263	2640.3771467601878	4726.846399197584
10049.992331640224	4419.779519017123	4886.420748747166
10949.439459252333	1507.500827072646	5132.966403385475
10439.108859222195	3738.1297163794075	5115.568520264826
10596.615898545078	2761.3919341042174	5019.216209875889
11823.970448547057	3248.1364268020147	4853.34206337551
11387.226737373443	2283.842489647234	4978.916319613436
11528.468311085837	3004.3694680410326	5393.644798043383
11737.406089042963	1360.157065421654	5412.568000413482
12059.826348091367	3581.059644863037	4862.249449494625
10174.067947458634	4175.195117271706	4574.795347006579
11993.43114657887	3490.623300698097	5018.071425085633
9991.942937206975	3590.351352578893	4983.992210803113
11674.505896230077	2035.8922844837207	5307.615138089385
10503.306393703904	1389.9046863172648	4831.112924538283
10721.527277536226	4383.641416108669	5053.855448375686
9911.249315262163	3695.4761751977517	4712.597917305865
12990.424318967049	2111.2177513246984	5017.069155577774
10883.548554443727	2170.127361974223	4539.108793484595
11641.102326040855	2424.9656811006416	5266.724906009399
9135.641500102158	3256.590156495597	4877.285531178708
11629.127744644797	3731.561432430263	5025.166718417641
13095.660579066474	1254.2002144893852	5024.624949241545
9731.358678224013	962.1141534387954	5293.578362457787
10128.441123580384	3286.1386636938373	5257.172653441293
11799.991076842316	177.57002958660775	5643.890734423118
10496.186243199098	3901.1252858315725	5224.0945370750715
11231.980636719587	3142.161511656913	5129.597891099549
10265.17132483086	1743.1069213808494	5132.298599840167
10438.41394954374	2279.5317823570617	5082.313994196788
11595.770112889146	3030.612981741419	5197.290893716552
11546.21701735588	1814.8759092796952	5147.0714545440205
10538.058956496554	2872.7684933083638	4898.448259644761
10285.26413570539	2731.250281911286	5057.820072746618
12298.540968976451	1878.9832229764063	5372.849282702786
11167.423772874765	3061.497005943513	5263.304909761245
10899.980580955493	3904.3960086991087	5046.61489860841
11008.800137016595	1885.6255228218872	5085.810097791267
10630.138353281292	985.7828511960104	5832.997686295693
11274.570205985767	2354.5126231635622	4754.572345664052
12221.375814714758	658.108725494351	5107.639990636227
11022.2965618449	1788.0927628412137	4952.562118737128
8984.65049744903	3431.9343240815233	5328.6119002143
12154.958172448296	2238.788181125431	5220.844496187033
11925.230527949489	1013.6699275340167	5565.240915744016
11181.966305880727	3092.361304714973	4794.896553410561
9661.860432982934	1837.8402508511042	5534.044319918289
10666.30563169841	3269.010676060358	5498.748698171618
9318.008744384328	5024.326788181746	5433.903063574617
11080.07291823648	1348.615149383088	5368.12123000782
9879.494685799913	3622.1448685812047	4887.9128701333
11722.615124039154	2981.955795228978	5434.425389347273
10363.87042358077	4085.2943493705034	4582.6286591622365
11629.09731610835	1662.213282993394	5005.0999037234305
11152.950463049867	3851.6548121140927	5141.153086157352
11194.600722382387	1207.0914181590497	5388.944597158032
13075.28831354299	1902.2582315982854	4903.837618177344
13848.473257209953	914.0665293919761	5601.382213809583
10947.388611553833	2906.0434693825646	4969.8367787787665
12227.209908412844	611.4310748573585	4472.832888137344
10655.384629332268	1749.4210728299543	5187.518890170511
11563.867104712244	210.31349664588657	5601.3785633032285
11010.537345585726	1822.4051222672272	5360.4808303114705
11027.72213096447	1958.236341217451	5197.208344158433
10510.516558268424	2574.2071978063477	4918.547733355919
11879.59830349638	2648.5591891284457	5435.997992079303
11897.150598301443	2428.487859368197	4783.993865854775
12348.858981480937	3630.3462577946857	5242.2449789275515
11541.89357657383	2845.4316337422965	5330.726931258651
10281.976131432075	3357.33876479812	5070.035843172237
11230.217695579122	3570.590701622808	5515.364496100939
10577.064733864618	537.9782954444909	5155.853268474263
9934.119643431182	3028.8706846006203	5175.047265631838
10910.718895524615	1457.1475162113875	5711.0385742887
10387.540486525571	2321.092766492667	5094.315723537823
9612.250699577462	3428.9254466081534	4917.870846317679
10373.975358819556	4398.206680637757	4669.8376631795
10926.923462237153	4130.347215423263	4914.223660038728
8419.763790878374	2802.3322711893984	5267.446689525241
10810.130144647224	2161.838599932701	5187.473928785691
10598.389498209857	2371.7253313116935	4623.663880989169
9103.004271651	4656.314383021477	5156.837757143947
10415.083419494194	4066.7925614784517	4509.019772711859
11346.922069923377	2829.87282746246	4762.429080601976
12360.104972215804	782.7592375621341	5499.831086121382
11005.023899421092	1534.4920936193325	6122.82965245606
11330.668598132946	1962.6359468706241	5031.052234374372
10664.207159813002	2905.4968550984254	5260.7795722336905
9885.898426397476	4734.37100768944	5381.321992270033
10194.029024479494	3020.268621207847	5418.675098460538
11010.36898458178	3537.67020358439	4985.607011966963
10275.534200940683	3251.8300239808636	5150.266728854053
12265.049187948178	1904.267936527625	5263.966239961012
12167.878752961837	2927.2479784793986	4146.599951194706
11170.037822516724	554.6698980272845	5770.477041457469
10485.892949680814	2794.485078039491	5801.499165809783
12308.380018411179	2349.0345739185077	4690.814511637383
10831.167773199446	3350.716032270169	4576.300417832027
10095.352854712772	4017.4780145097343	4424.574435722907
11480.900399650232	2673.7191000137213	5455.001294174301
10248.078916326363	3217.7141788109075	5629.249859887778
8915.080272453892	3742.315006592852	5192.553883103365
10566.750281770273	3476.031972148151	5272.238843664786
10956.135161046495	3543.5445226427237	5547.469988315907
12378.003933134769	1003.5597408368512	4665.261854407348
9928.667446212188	2510.1904867194366	5346.873029000722
11014.346679747943	2425.5974351872555	5695.326626280139
11512.435845944958	1619.9095017594493	5245.376059727789
11133.100364796142	2654.9726530647613	4897.032085015961
11536.80316304011	3293.005435110526	4908.121708423999
11106.279059185576	2476.9400872360006	5013.310121700729
11452.214405528937	1998.9822987733733	4366.09296049457
12101.329244871931	3255.0481361743887	5297.877178758602
10963.851459678315	2691.3893907620636	5204.962676394753
10924.724657068418	875.7083739959015	5446.715795002291
11656.786397612894	2759.692034835965	4489.676503057457
11163.338495483778	3404.8724611158973	4336.063982639259
11061.181297226718	2699.9855926550763	5108.450170987579
11562.528993694867	1662.3536161382156	5154.160897509753
11259.20980589064	926.4952391893576	5705.752064447009
11286.502511106557	1323.5389917734492	5285.198437794581
11739.948715043192	1578.3488718924568	4628.685728290836
11369.464536463138	3198.580809345956	5582.418512866503
10278.128279838234	822.4606685785532	5508.350722408299
10029.640965270659	2278.4535894193828	5834.209818901001
10606.53661302629	3170.442165103747	5520.01920041329
11504.008524271767	695.6919701915228	4616.16895325126
11574.388648999779	1594.304542565761	4882.392042585611
9393.444398458587	4345.2599254174565	4406.994293911022
12370.977318885982	1916.6043852528312	4923.649860337277
10854.802197886693	3321.1030804849015	5200.62764339439
9883.861857223785	3067.515245483762	5162.9697889001745
12082.743452146076	3232.703573498881	4874.799992002767
10540.646859720446	4676.617449244973	5134.440934960244
10624.162294302416	3078.4419190859207	4899.274778641925
11108.05375293448	2528.075302255127	5214.713945499804
11148.051693732896	925.168132570906	5183.511105400316
11281.839774586439	1103.3097971981279	4960.009422715269
11160.79716350238	1157.7042560948846	5310.541344016943
10442.415513167904	913.1343619552771	5265.357482814621
10074.143260783503	2405.6903857727766	5395.312752369513
10550.113721283482	1209.6705930895437	5587.582467827837
12347.462116262139	1460.4290887222494	4915.397416693336
9801.102642447218	2120.854065606895	5319.701763130379
10062.78413502893	2165.8493909176805	5267.841838724063
10895.821344945916	4589.372745890023	5050.449372621931
10146.67284179103	2338.691888274435	4930.127492740526
10529.017725724845	2662.7540462963016	5263.822643540058
10674.82496238665	2730.4091922811967	4714.425109009003
10981.9431718883	2135.357122994814	5077.945348881692
11302.8370716526	2476.9937958747614	5052.636712634886
10982.51470982824	3238.8815734551263	4784.344894440583
10867.836858651397	305.0063455446597	5386.36232598063
9913.750085152262	2553.4818622929624	4860.662942480282
11414.386019619278	1659.8652397869446	4891.810316292404
11518.90165738381	2625.8819878440263	4865.591400852068
9888.590898657976	2614.7945602025525	5306.921550649314
12176.244805147244	2284.1076627366256	4679.34068916305
11027.52625196461	3300.335657552144	4988.5771549288565
10820.522598545578	2034.567778297885	5351.588740300515
9513.141458622134	2736.684312724116	5525.4172993112215
11053.531973808696	2625.4694219975936	5279.998146392762
10802.34014104879	2848.8799272978795	5311.672034586846
11274.590586758235	1405.1115601150166	4748.866294853414
12418.022480066407	2263.444866483893	4757.018237848248
10836.566513128035	2287.6140081555814	5185.4854926975695
11596.776058723353	2521.422416915624	5295.007128524685
11349.43444200087	2146.693498904298	5351.430608748396
10937.734523374527	2506.5232819115345	5297.9608042559785
9673.491783844865	1724.5685755115437	5594.4206265103685
11005.002176742837	1837.632993415848	4808.469376707241
9261.663231978437	2946.183811758578	5061.069435990105
10814.31087996147	3541.179960023886	4646.593574673036
10617.97262616947	3786.43080322247	5097.961991252775
11369.917793073037	2402.3578863896214	5630.861704611319
10913.212427546436	2762.9849650520123	4592.595542395529
10764.67321441363	3294.3134163849177	5004.864863615405
8153.170309619453	1821.263545134197	5100.819371167507
10441.100534313051	2323.609837421527	4553.08508968292
10295.167962929489	4506.185392167923	5427.336382362873
12461.049482559114	1638.2180581363555	4343.836654356191
10987.167873960925	3843.2139947438345	4987.135096940084
11593.376764612507	3066.5719634539682	4861.338208132675
10910.000794555115	3226.458436172347	5209.735080632053
10285.084730526218	3600.310555933885	5532.828660980271
10179.042765196245	3307.4472400972722	5423.576977191083
11594.034318297183	3604.9674494917144	5618.766122330014
10785.81156041624	1362.0739903336282	4790.269260557621
11654.9372148855	1197.9844347134422	5090.026611711905
10596.775782670722	1122.8303778072595	5489.777953277645
10794.087609189619	1930.55543341548	4973.809199791254
11291.322217029754	2128.533700080008	5363.388737192312
10702.235737316598	1505.9500004261647	5412.4739453554785
11430.832465043984	1884.57645536363	5102.1356368004745
11380.840960837904	1833.2633041595823	5003.860327750671
10167.654900742295	1382.1528458932999	5247.965749865284
10347.954586386293	4539.067246757733	4487.415966784649
10975.629096539013	3141.195982647263	5401.591197484036
10719.630027418192	1353.8475623318589	5195.056554630645
10955.051286530277	2155.930430176286	5048.417037664301
8910.147023850703	4080.59673200301	5165.658725079971
12361.58777461229	2029.0427382197583	4916.56915406459
11581.675703717901	1998.7600916887259	4718.20755186006
11607.321627024092	553.9138227449304	5502.227972177596
11547.243742365212	1119.4159176994842	5373.810190464189
9726.722051476607	3439.33044472078	4937.61446150696
9595.477070034058	4412.518479641798	5705.275756567028
11653.102885925626	2896.0675536850235	5456.162389622209
11890.961047207145	2370.5202000215786	4362.302949321766
11571.242164089665	1525.9438441216178	4780.331461658637
11282.172781963878	3645.3579315229813	5456.340126066507
12017.807445589047	2310.2322237537796	5286.8867046002715
11184.713272117842	2714.777826160984	4852.668298530325
11715.04541256803	2620.800959357306	4443.110639742571
11581.657214208308	619.8917613361627	5560.768487006308
10634.86556185395	1253.627055047185	5561.80628663762
11228.583539043926	2431.275639352942	4937.488548955448
10060.064770385796	2452.187809521304	5857.118392836414
11293.212161257738	3531.8650555719178	5295.587329455595
10515.181521640336	4601.025920262631	5338.722073010473
11069.677393764467	1859.1816781616524	5052.594197577609
10803.345548386995	2942.3294028975047	5387.746680106247
10962.116163536195	2843.4268334812564	5357.590925054401
12309.738499652107	3220.2194284544903	4640.330366649485
11954.893658424458	1971.0773123146862	5115.678544285065
11311.519169055042	1128.376021869355	5172.995049439549
11163.338249572764	2278.626572311978	4906.573558410512
10764.099635860128	1084.2166111708218	4955.047021006297
11822.873564654226	1264.0058803269017	5006.814749037994
11382.709541340422	1421.029634236639	5059.435988521049
9946.96604635428	3085.0005983717006	5796.440873501633
10954.763836914051	3434.60093076026	5251.780230413867
11385.922783527907	1437.9846201017635	4851.281730384761
11197.905348745346	2520.0453736772206	5110.240158107321
9480.08591906826	4191.732839116439	5553.232055660749
10743.051001822976	1612.0733329753402	5167.522344058751
11752.4252988634	-22.647132397104208	5031.865467369962
10811.993573473972	2425.567741415016	5493.378754508795
11265.946555093165	1879.9242080475674	5094.121225737446
10434.794739612227	1855.5195737397257	5227.019105910628
10710.758308436083	2676.440652660206	5262.732118660401
12206.316982103177	-276.4265897365809	5353.4470195572085
10259.624290332527	2136.345396480383	5242.713236559201
10357.301871456883	1511.320655805088	4941.964715718363
10386.742380217167	2087.111869948044	4847.443307533049
11592.905642034624	2054.5689480616447	5546.124206097512
11733.119868315247	2470.5689717540195	5249.080521117804
11253.27441986547	2992.5086733071153	4836.090373666758
11673.476184127649	1954.377286625048	5179.564305876244
10369.427659868119	4175.013327416526	5901.787878773629
11724.151130441594	2869.2273891337945	4685.5902870707305
10326.220362552238	1967.0474616369331	5085.2744547068
12075.05306307088	3202.7146350304793	4802.966863755359
12217.347264051874	2099.018877659013	5682.9291510326875
11921.900022654629	2531.433494694735	4770.92465972067
10125.00119555938	3642.2357759677593	4844.653645752759
10921.835155723913	1817.2933878878116	5431.68331883174
10452.806649474485	1740.7063709581028	5215.046083450104
11024.5865754296	2227.9613877117827	5424.483788879157
11369.070339288555	2280.6251306373115	4759.166282339122
10610.561553926707	2037.8961263610324	5235.297685440565
12108.572013120973	1742.7850138270553	5616.343445409579
11413.601890407743	1347.5977158922115	4821.8630431608635
11182.271757049297	2674.9626159349777	5090.969290303662
10312.517213429874	2327.190688961925	4616.512948836347
10537.677342002607	1765.1499960938836	4727.002709769426
11169.648749256216	2034.5454198385196	5520.497197978486
10685.35550837163	1722.508896270642	5081.203693404519
12938.022118896077	2671.6657606227495	4666.944563974693
11239.933956717374	3259.6967382279627	4519.047330407654
11236.71925519546	2897.0177229447218	4779.02379844426
12389.208440986193	1200.7624983088615	5152.236669131959
11998.527815113172	2225.501026210315	4879.085322356318
11534.475487055415	2979.886625805257	5677.226851474562
11177.231045745102	3054.590680903571	4505.310365869386
10890.56714479966	1718.2375478988945	5475.5233388721335
10913.602985903422	2380.260452774106	5169.26366527171
11022.646057749671	3020.8437900523672	5215.84745893165
11452.627533212202	2041.9218519165292	5149.411976740866
10803.560090170096	2394.9337558770035	5333.238993629658
11891.028517811068	2008.2756198646523	5719.507385717834
11262.105112101515	1483.9844083187836	5550.273414196063
10954.854010796336	2066.4192288170225	5424.171074008728
11192.500420606526	2317.880751895067	4723.896509429482
11046.2810277884	3913.6639499377784	5072.050210735343
10111.227348237782	2337.2230671360962	5488.496118958327
11621.286336466368	3441.362509347354	5017.604861971465
11468.351574929935	1695.9022291527342	5196.238224084216
11148.238817278636	1090.9330062961105	5867.512844673594
11373.938238226972	4373.275214373906	4403.570614265303
11991.952836447546	1803.560911013161	5113.9726870872955
10826.463060639593	2687.301869760613	5071.741389462253
10974.128649609811	3132.621541285416	4489.469237037912
11684.781110099759	347.6008529238255	5023.534201208698
11603.765458602478	3168.832492994835	4934.097805931389
10641.86647439337	3597.0806043217667	3861.428891139691
10155.941721650397	4909.092277347835	6064.375946882665
10256.63765818949	2683.9012264533762	5636.14538372053
11239.229765641232	1828.151328284695	4857.783148887074
9475.935408317284	1258.8121553674412	5127.500388674827
10490.725156043762	2280.4037746390113	5299.503806287721
10728.701833263995	1449.6573101085582	4983.463435337469
12122.98762721469	2240.823208920869	5042.68713481657
10313.699037308714	1215.8408012109355	5739.567206927965
10972.585478977373	986.6917616497881	5659.1712713585885
11055.296960326124	2387.8473003517047	5140.41024249898
10401.786144169035	2022.9547306987645	4719.229630212991
10039.407567395265	2448.7651340355587	5286.679062534313
12294.604771284165	1758.3728745123287	5549.828612270077
11779.957437428398	893.5030467895366	5229.4813975362795
12731.790480574777	2371.8332920766175	5577.082806522297
12080.795638091393	1956.3660570974512	5737.505972030143
11250.004228632924	2195.783418140504	5172.81649038311
9218.743023004981	2996.888099905749	5339.996942242258
11779.041518900794	2642.1066760333256	4434.685751960738
10272.084619893323	2241.4625941240733	5633.649514092628
10333.905294738963	3664.7149097627594	4754.23385276001
12019.770041330534	3676.1949917272377	5057.753228874032
11038.28578588747	1386.9605437238915	4620.0482747484075
9811.984433717784	4510.98255493843	5143.145846056317
11120.033792813574	2268.268423499318	5263.613503497816
11898.455541274985	2258.375947443239	5159.015366621548
11816.732654637002	2128.243890167254	5423.906588120037
10619.90177771777	2395.9270997848603	5875.884622046926
12549.385239002642	2862.3207077068073	5447.918663355282
11279.824757583512	3166.1148873216484	4798.297698376965
10996.3613003159	3129.09783706885	5451.533810426688
11190.01375813196	3587.3876992254372	4987.228061672118
10612.94418661183	3150.726451266158	5509.473904066378
11092.068065416774	1987.0249525263148	5254.349649755648
11901.188075366574	2993.2366722173556	4863.032944808362
10045.410623116086	4132.838944477357	5010.099622547748
9803.19514131778	2694.2476738288588	5512.162332959756
11358.371980990827	3635.256246215827	5269.583446665502
12637.824982567401	1903.89558845992	5127.323989960315
12612.121221430332	2507.9941505831976	5126.275136113864
10588.683596752453	3368.683853587755	4815.288147041156
8869.013488856013	3693.1658400530014	5077.29894140668
12067.452050618442	3687.344558485324	4994.8714789600135
11164.257531569816	2923.04123178661	5136.293971257274
12250.808540028134	1390.9450453503428	5057.965895275989
10937.542663788676	2230.451439899698	5405.560939359506
11966.387424798448	882.9665395476511	4892.159785587961
9786.030822014198	3582.052530929076	4738.46609470955
11353.314628128766	705.122203718654	4754.228899220592
10614.374142104965	1841.2960771630758	4768.653944092629
12168.897809077687	1519.8438408844795	5694.528133715667
10998.873434053548	2426.0206283474968	5216.337258527826
9928.978016716092	2330.229941132798	5692.729669715337
11922.685922983646	1765.4053732291097	5270.417696218209
12233.34856182986	2891.228990412338	5139.13233046846
10346.356101237934	2613.2068050182097	5618.240117468918
11822.241909836272	2173.1692234483503	5086.854563801422
10223.141660247999	1641.0922775465103	4549.804040190205
11494.017543147635	2998.6760981423845	4969.0517268099165
11992.565154856891	2606.070010583898	5021.2982447392305
10115.615129152897	2313.666320248745	5134.229243731045
11983.857921569353	2084.7589999829024	4797.950820743114
11781.540609904623	1629.8417842931356	5177.89018744514
11272.253586005838	3880.032811016193	4791.58575114692
11196.060442324713	3524.5885513748244	4500.073695913112
11601.534925221069	3152.612401357367	4936.342930590989
10026.551524965073	2166.660719861639	5097.769653982678
11737.379204224684	2857.9578179971127	5031.970512974269
10934.189940612008	1067.0649751220735	4717.272120280631
11745.922973541567	749.893765183596	5820.286243578794
10200.137168708501	3721.9075841443605	4928.308617232662
9875.751309174093	2962.897386521635	4603.497842232869
10141.527308822946	2798.353446002221	4781.216721420218
11071.773384272106	819.3589716136845	5591.392735936949
10715.131855530226	2682.344785172114	4784.835452020521
11258.57096711008	483.56008084098653	4854.283861631838
10311.269532893428	3655.0876147365107	4895.945235821334
11877.384159028576	3202.700997719173	5337.765383324257
12013.596622264646	2768.2597292898004	5119.239389014181
11006.55810147132	2621.561157782428	4660.370785833268
11099.265302080577	2780.1291184089237	5449.778905047546
8802.489643109473	5547.869781911952	5095.065392938678
9334.6564378612	3090.2053269275702	4646.616390353151
10667.534772133127	2976.6453306166923	5330.653104421085
9599.670884993591	2412.6092562217154	5023.655448508546
9732.212737418975	2435.4454021993442	5166.085334808246
9246.042071725786	2645.4516449850357	5305.60569640947
11713.19099263198	3611.8537696975263	4981.875083118081
10489.762661122482	836.2443510249343	5486.847011137448
11877.70664531967	2862.7602772054565	4605.038570162259
12338.895642458863	1301.1388654336695	5148.505885843033
11596.921203739117	451.6600521608665	5111.226963550858
11158.277787418114	2142.083229455277	5317.651964223108
10947.293107562366	2777.3613323626296	5401.929267266632
10673.280849012885	2740.5064748251407	5558.297938328578
11970.672255475685	528.370098598976	5070.332082845297
11107.58441127656	359.3100029951421	5375.03435282499
11144.857981703533	3204.8485855477147	4762.797004941485
9653.162426597322	2964.436161541215	5253.497654684433
12746.768358306366	1551.23043269952	4817.087839773396
11123.866326862435	918.040640430362	5306.139195953341
9972.749459339628	1577.8201633567064	5202.0181286401175
12175.042875609626	2783.9861962891778	5484.191042551928
11687.302131344619	2913.6891856030625	5478.479863099979
11455.242913419128	1215.870440722483	5751.433553564587
10823.715560349914	2735.327008001994	4765.004525129892
11442.22603617261	3105.6406723530854	5824.095531923158
10653.246195929032	3374.3262381911313	5335.907967297058
11992.738748604865	2400.1004206627986	5368.59818356932
11496.012440064655	1272.7564552584806	5266.7386542013965
11118.02413096704	1690.6972774534904	5750.504843169751
10636.513812844796	3531.3511995945046	4729.784028269867
9868.072918790554	1483.7302903968591	5014.235113226476
10815.407226525711	2120.125796049556	5603.60433622377
10552.333261169644	3161.9683338608183	5363.000188505893
10700.575969641945	3054.7549456998727	4867.626285308326
12021.779928520271	968.6896971723224	4635.598057580667
10270.685443635237	3545.719313339345	5164.317222116414
11769.396998277187	4017.640484083579	4651.047319867775
10127.529787786498	2696.411507785454	4907.281377418566
11645.246714375955	2304.1778416249203	4415.830803296739
11500.723924617483	1385.5286336495592	5056.736857697654
10520.377234989073	1811.8061591590085	5492.18398322649
11082.325128058716	3356.3258135678016	5589.839082987831
11487.891899721804	2966.069488265126	5771.061827782074
11375.996120139318	1590.191455789182	6015.778863980219
9664.778063503265	3917.7247985644044	5824.790941925586
10621.422109336489	2696.2599603728722	4839.00261328815
11958.064351844723	2895.20169522238	5352.878241934362
10101.79512322848	3718.7962232521186	5081.472151985683
12363.310726326801	1811.941198043434	4911.679861652329
9223.349978576993	2766.5028805914894	4584.009568847284
10483.502394253977	2834.91040532503	4795.037036255332
11692.007775088761	2411.7621500453624	5120.387093721145
12523.911581126831	2918.397912380152	5436.776374068565
10801.269796481234	2829.6505527434024	5122.349942259928
11328.628691560338	2574.2993606861723	4666.390965453586
9917.415673685366	3671.213708351159	5058.324952653226
10009.283803055223	2266.7550707058053	5133.580656392094
10591.867153340074	2670.3942334138637	5609.741068817535
11399.423605884904	2775.497182796105	4940.302440151114
9909.440888281819	2228.480896371529	5356.889802297678
10522.854394342457	1719.3341058631167	5309.800699386744
10594.1054687406	2627.9732841566383	4898.736727153402
11022.301339929516	2994.4419248266145	5380.778074799903
9819.395898626884	3208.217969909763	5152.597212361852
10997.874735593507	1601.4365269067252	4723.333269369954
11120.464673043074	2758.3682222405114	5632.978192154695
10830.577317393974	1494.9041544527936	5126.867811808909
12792.827672774387	2504.15745357039	4729.289770437133
10737.61270121972	1785.3810169727697	5110.609911936651
10994.872010572628	3325.0434072065955	5549.47773879507
10468.825604628462	3249.542914706527	5373.955064082916
11912.985972250137	2660.7838685368447	4543.855851441368
10197.187042177628	3947.4766637564658	5275.224622722928
11122.216145337474	2861.4610048754853	4667.64367699839
11013.61258091627	2692.759741191936	5018.504463219982
11292.606068657722	2366.975525709565	5101.440271665521
11927.250773053524	1142.1016652015105	4826.516383920602
10181.837868198121	3035.525663507429	5312.98423646109
10678.863476590834	3724.1403066778994	4448.440245869217
10955.56702579744	2790.3010275444067	5087.908456329998
10415.341191921245	326.10752084554616	4960.664275646824
10630.807106705928	2638.2716882496447	5668.761633043973
11397.712124600652	2686.846051556233	5303.783483096322
10613.75451058691	3236.918604261008	4884.138504732356
9935.094811069592	3377.9533998421907	5078.758266072477
12605.478654252345	2482.047596113576	4786.850770432465
11696.474182639462	4464.402459426215	4854.118857389936
11251.578587247437	2921.2751459161504	4849.559778283805
10988.58121288013	1015.6027872182996	5189.332883944584
11070.77575676319	2653.6506851771005	5224.950231951791
11572.894658751635	4057.702612934518	5114.179382201853
10714.094667389918	3611.6116804478365	4765.175519470608
10810.665051938116	3481.9239299979795	4339.033108308378
11694.660152392598	-393.88048818250115	4843.4899054342495
10868.222006812439	1416.8974809406936	5159.199649294875
10710.708863533622	2922.3020431839764	4979.657858577303
12103.472329003513	1008.6777540157958	5736.743123825667
11605.795411833587	1008.2289771826713	5625.812957676066
11344.3268416733	1535.0442368889187	5205.853300796878
10972.04133106183	1200.2484869007599	5194.333245580383
10262.12614825387	1437.5126555700965	5168.185677155341
11031.490454234248	1914.5912817134842	4753.415359257124
11577.807681326987	2251.7222098004972	4713.122379383129
12098.836559758473	2482.6020097883047	5292.819499070895
10531.832595675594	4422.245662459931	5190.575042050475
11108.645346407495	1564.9759391453597	5485.663375374836
10747.605404664562	629.5554335567192	5797.4263569130135
11598.970265219677	1767.934624020138	4811.719484612364
12229.289685049112	554.3415505873859	4430.505419538293
10526.606513078259	1415.9501385417955	5260.969471088492
11466.02039756448	1596.7521691885622	5090.822984457389
10346.253394940402	1352.1026216068888	5001.7237306694315
10412.829030797968	-32.491327758936954	4734.294038697045
11400.197167882245	1767.4562927212485	5221.534190165535
12412.846082134329	2434.7901379879736	4670.332713101222
10521.897005186673	5250.81928491823	5200.9100874552205
11876.506454790839	1547.7800744715921	4760.822434811725
11732.959577536483	1602.888328722241	5088.251796988158
10389.52542483865	3238.2728765143884	5094.1864042963125
11602.783326614432	1682.738358254704	4714.017946980763
12613.400901606446	2601.135674445437	4811.288597697039
12242.055033199429	926.8125223493129	5529.402986579975
11167.331207920766	2545.426107243536	5147.940759720696
11759.789044361427	1465.823870890518	5639.511319150795
10282.113298311864	2199.0357258511426	5814.496799068232
11568.312172917224	2645.738197961513	5696.535324652779
11284.50784025992	2283.150922057206	5050.822350392558
11050.581273285778	3223.4198427656765	5231.253825760107
11488.513816010949	2201.604832518531	5871.9016530924955
11815.899606191522	1634.087079713597	5161.011984441587
12213.800046031378	2280.8353635421713	5338.734038950493
10334.806961080529	2508.0078022395164	5643.386213412336
11094.2517963734	2419.9713567565714	5361.571450647906
10068.540186147475	138.666245099538	4918.892293958062
12508.148111156164	451.5508486777072	5165.539199021903
11037.273212421082	2435.7397186273274	4890.9339842914005
12157.37725831632	3722.200612273741	5230.17450900527
11424.536797077333	3525.964813290101	4701.7752229210855
10860.297414884108	2331.635187279177	5297.128509865786
11544.329929174408	717.6224855533233	4969.776218381349
11735.20277014815	2379.2697568346225	5421.676615002444
12935.328883784736	2877.396367576589	5204.31417047712
10797.398658641458	3175.279947611402	5580.282786983199
11277.412286218856	1644.142671993944	5186.071020169087
9431.843050552288	1812.9308328873778	5215.473247987152
9544.532512754238	2990.549788642858	5238.625724380014
10491.69569346041	2568.0946433749255	5496.019602517019
11817.579567287634	2635.5888147441406	4836.961661995269
11137.75359149078	4872.625433821672	4722.598591756504
10399.15855056563	1897.1972616643482	5532.586429609734
11376.720063211525	2222.261837324383	4600.65482344859
10867.310820954874	2413.8586838624183	5294.319574440516
12106.381120189999	1355.3174520016944	5881.641275741669
11760.572358705793	1802.8578114568008	5316.421394464686
10241.89124418556	2893.282953313533	5176.99757276899
8951.261486837391	3263.6988119489756	5243.197598908054
11974.680120693878	3119.324114056337	5105.80184161128
12436.017726476986	1020.6430263542262	4378.036615296324
9520.892689658242	2167.947723254985	4693.6593721511135
11163.255944931392	1342.2412344950214	5012.047195441817
11225.404220740204	2728.2659286208486	5246.42569007707
10407.350980569212	2962.7099429318537	5199.593405937409
9510.428243794036	4063.176398983009	5265.498105924507
12293.02553490949	3706.476639773095	4720.743444529632
11593.112389509193	1138.2713654829356	5256.261098298539
11108.121364678065	2565.6865131959867	5132.104510904345
11162.7216727359	834.4854581495704	4908.899090777289
11021.159889396247	2140.2109361169482	5045.576499135294
10861.477322033134	2761.449696602259	5480.749213199189
10012.009492937566	1955.762649183385	4819.387557571548
10694.080633360403	1669.7984354886494	5189.003600383052
12850.481336235203	758.293935873534	4948.028897562226
11279.608414158638	2052.318435047898	5930.629590235441
11229.310127546909	2647.111301076536	4984.527670280978
11361.092132144184	2068.0991651676018	5431.2087213305595
9568.002003376669	2858.640182789386	5483.797688186059
9104.226894794614	2466.0142988586595	4955.9622255624345
10298.417861465936	3308.2821903311374	5081.616003348815
10575.969502462322	1934.1080901687874	5660.474054132981
11293.810777888937	3653.1039794126086	5421.667731313735
12503.518107238702	2578.489297700932	5427.746119299436
8120.689302933309	4073.0469487015475	5141.434466525071
9528.268153777595	5084.648753578036	4816.9298316508875
10026.023420345364	3130.436123966152	5098.974356349441
11938.69709828843	2965.372177847777	5048.743750971869
10453.368561581257	986.6170523383414	5323.598006155004
10112.9789782123	1619.7703590965043	5730.575677134917
12646.283998428395	2954.9468369271253	4872.861933607376
10265.026503232422	3258.4725216480947	5121.057606820487
12155.02627977531	1669.4475737939554	5367.448633417312
10521.323011770994	2561.463736695826	5205.893754761445
10552.032504834959	3265.7894367012377	4275.836874163214
11664.98953887155	1883.8056745470412	5300.763719535641
10698.02401570734	2994.0562816348497	5764.875328377751
11963.951034640786	4408.3339526198615	5317.695580822473
10479.737047583874	2101.6302523283234	4513.208200744355
10636.156987980876	3729.0185581235055	5681.799488430741
11515.66851637221	2671.3276567335356	5081.443804170257
10746.212219036845	1834.3225613611835	5567.402007901829
10097.122386564684	3387.8439100811106	5153.267109070465
11865.391443078863	1000.8958866713714	5078.00110438278
11513.931323849896	2615.4315480605574	5121.32336380142
11100.92552512563	4233.7082893834895	5227.212429564439
10792.626914368037	2945.134260795477	4930.885807887737
11321.137175059557	1456.6884397463393	5349.349284958448
10259.331782644487	2267.9105466344577	5291.538290248166
11658.953880252222	420.3265788031903	5379.1850479545255
9650.747179437265	1818.9596800047102	5218.884410325325
11702.322379111843	1553.0288497210147	4716.323244922778
10955.02375223732	2028.6262893014336	5903.237895108809
10220.590093852958	2259.474223914078	5226.782640108075
10100.839373707453	2830.9107514128364	4394.974022998895
11069.169820358959	3041.2348885304827	4716.212432667901
10826.454027418626	1628.4328190301173	4878.093587177425
10978.808582548301	1984.3714361994937	4740.803250715199
10735.224666336577	2687.9803012267967	5265.5211237652065
10691.500859040636	2579.3589542722552	4886.089220431336
10137.61285172393	2133.9440448266905	5065.585199316916
9871.504020202136	5529.639448369511	5495.625144721257
10456.260292029838	1154.2709529946535	5405.424186464246
12122.31735056365	1792.7633255332473	5173.355357412098
10346.67466523543	2554.633106293578	4634.598559704078
13134.192865985695	2161.018983649968	4765.125223996473
10717.044479541493	1568.2755309235658	5311.431023241394
11885.542617782232	1940.7720293364844	4875.315374615738
11023.177193065	2902.194512072987	5140.284610104006
11783.122282089795	2676.991033912262	4901.78054593399
9642.196223425972	4221.248857886541	5006.019916596789
10855.120450633438	3094.025925519649	5471.92606248956
9909.845383236516	-555.1862302800004	5708.845005374619
11307.625513903204	1869.7304063309098	4779.101944673265
10839.990979762955	1042.8835537940076	4887.972719795018
9360.26411096858	3250.1471078350496	5679.352633510771
12122.379254522955	1564.8646235471622	5204.642327372472
11163.09460768792	1154.8580649439807	5636.95157386737
10820.867427518793	2137.0553478848606	5472.562270746737
11288.573709750257	1541.7564671026512	4976.03751785135
11018.325005080607	2726.3126607151416	5065.90438532384
11657.732287484389	3846.7418905102095	5079.097305742835
10734.723940160977	2002.9745244411731	5387.371843727165
10867.138195225443	3581.0937855022466	5675.127071040834
13564.351537271428	1951.5713538958971	4824.762599761659
10673.838698857187	2292.274979409412	5127.432516070378
10465.84268308345	1199.0957307783708	5713.187132376041
10798.318454369833	2575.1311865002112	5116.809016352399
11069.717607315351	2524.070329138208	4839.387768174799
11584.293713180514	1838.4041717396435	5702.521741546002
10304.431029538564	2689.4236873836644	5093.018394136866
10276.523655146006	1834.069580021288	5044.216826890441
10083.219639014844	2357.80921361466	5157.61555171269
10678.00569606723	905.6797567786329	5078.5543692921365
10734.342860616067	849.5811976402922	5082.03661260459
12146.000406737834	1564.5086995274114	5136.150460510966
10762.495843620969	4895.932491502674	5198.393441539589
11420.705900215391	1496.6603820357461	5586.387874299481
9736.576282005148	3698.129762313833	5906.911189489927
10711.638161229883	1937.0385109992	5237.346253706192
11211.938018349107	635.3383579274171	5103.504850053375
10597.859988419006	3986.4159966095667	4806.235558994888
10541.239452418693	3165.304572518642	5121.151401749513
10704.46599756386	1746.3424453429857	4606.418153725346
11313.629793558996	1561.712605940819	4968.31139846155
10595.709837686545	2996.47026014646	5097.138001715425
9904.108949933941	4077.6796009359527	4723.683812301994
10103.118708683936	2076.855225755992	5033.3109454979
10956.261583954798	2606.682413091079	4439.879142043961
10976.983279125225	823.5555572811603	5256.828530563788
11294.90192048886	2109.686996350151	4840.908312939915
11264.091526419284	1443.1098696943893	4911.359723758462
11720.05210032008	2410.8841592708736	4769.778848326933
10200.307137962589	1864.5880129850727	5233.742683886434
9619.328074810257	3396.233472580709	4805.770330300718
10989.523391998126	2573.7932211079437	5191.197722298741
11539.311714755591	4062.578283400397	5304.97478011783
9964.393775582563	2390.1844533095127	5058.2931465154725
9882.714187909396	2504.97863772382	5405.71214990519
11492.980789976049	1918.8131361377023	5476.596029244343
12159.42222434163	752.7270093884492	5677.357513948532
11221.810300206862	2135.24153884419	5491.222123420924
11113.506330201377	1911.2480620347853	5313.117858848244
10683.456828590195	3379.839017535636	5151.81937095656
10051.820384485465	2609.88442302484	5173.779430466171
11723.316599734311	2023.4563101961107	5358.529534697925
11630.535207134548	2448.5684460034936	4965.479698984037
10764.308280666508	2188.480016050133	5553.656308328236
12360.184512907006	2481.2980918188746	5112.966280568657
10398.664987910954	1806.3141266889982	4982.807191656837
9388.48458363453	3237.606715816039	5368.75323242678
10452.158738515585	3273.1083624425346	5193.1586470977045
12264.701398440362	1111.2527253135042	5227.756973543952
11372.200714796214	2229.96990662384	4275.109967543911
10137.89203930099	1956.0378059464467	5063.890045874922
10309.046546671847	2375.0543730205163	5086.563199067234
10525.76560799829	4215.176475679861	4954.089823303146
10602.65846278075	2358.196747267812	4986.666406098581
10969.106767690348	4327.7942861161655	4675.4620615034955
10073.852392835704	3121.0963640323685	5583.027942979742
10763.096412305793	3030.4887722479257	4718.738534045007
12461.100317631675	1297.2618500313054	5084.111902239341
11428.345566760976	1879.1250102327951	5151.624298202376
11477.826785187619	1506.3526669402077	5084.65062376682
9725.6366629574	3227.49417214362	5022.853460588544
9569.346708742745	3581.812936739813	5231.110292048762
10327.23443250552	1555.054959751584	4867.978025677705
12003.437045879675	1650.015893736686	5267.656210046923
12765.192593782744	941.2420495189481	5669.45063171928
10807.327223257536	2904.167249008861	5014.465446302162
12656.224219844316	2086.61683045719	4551.99128371577
10544.192784615732	2934.299882221904	5161.577553295553
13273.493647910098	1814.1813792285334	4533.22119785179
10561.085503255335	2882.2784245850194	4968.222017048187
10909.641865449355	3332.116113431371	4801.386005642832
11746.312565752494	2186.7900798870583	5162.0107671026935
11099.07090103966	3051.228674618298	4928.4221242398935
9906.909522474487	2372.497400067595	5069.413985011183
11532.567186776469	91.3366190819302	5377.622208921171
10931.498619261547	2685.117160911044	5597.361130393409
11618.391812683276	3242.904222947478	4695.484624550713
11504.886970294177	619.6163880031008	5086.183392937899
12922.443833622594	2082.5035454688773	5245.021199451937
9351.315361244146	4736.728529900873	5178.917585107645
10383.201843105702	3748.661943315966	5114.314134758186
11844.791326181099	1511.8712703136857	5420.857533780878
12072.557279990673	2507.12465648035	5906.317071435111
11551.178934656931	2546.6335239579494	5350.121142580369
9862.416808264505	3489.431054887703	5928.836928513989
11121.21546767163	1606.6960164059985	4772.650253276767
10498.244936451878	1400.974661201883	5902.881067630226
10364.21064745652	2924.787583146827	4607.390735689098
12480.77472588513	2154.616315637141	5261.627691592161
10492.152904458844	3514.2638429759195	5110.450798023217
11709.392602546768	820.4712766292726	4856.155521857486
11298.466095687063	1384.0875277844532	5150.385310512427
9626.540036508975	3784.960769965628	5199.582264073957
9691.137117185966	3690.365437589896	5665.941733440478
12210.959156011053	2313.44163337157	4517.326876258029
10138.020891290033	3886.3724265138776	5226.2239941302605
11457.765935711643	1844.5652227628182	5534.502358767341
12276.054872514773	2156.119293871589	4908.0120617723205
9082.573962517352	3518.2377988287394	4890.314093974355
12938.129372323414	1602.817836152154	4852.662365495463
11809.694521892494	1778.523844126761	5267.169003269404
10696.509519112158	555.2030715815033	5521.0053935065225
11020.207294964914	2025.7669471659317	4728.304673119614
10990.286162094337	2578.606160623433	5291.403817634488
11814.289605376058	2195.265593151742	4455.320561605291
10694.294907027344	2394.52749032403	4560.342111991815
10174.321534149176	2202.745196647318	5902.500878996906
11017.921543711669	1168.7789523653037	4963.175799695547
10949.859317759927	2680.918191492702	4780.018711037458
11115.075620830796	1375.8263977060838	4394.7746621617525
11497.046282269583	1746.7569209217743	4854.220989552659
10077.8663164357	3836.521560470868	5287.386188605334
9948.09630286676	3572.0602354700036	4893.244074925658
11608.281930493375	2431.4579629403015	4705.440643395422
11573.728464198502	1594.1054423358403	5140.259895489086
11842.34586913331	1583.7440591078669	5199.054963006661
10793.978637068267	2374.0335816674497	5408.563740363533
10522.100539927193	2586.597704461429	5186.185426652602
11557.068344609057	1693.7395694355832	5232.881159636982
11396.436586691576	2773.2843083895987	5359.440455878505
11127.369343309365	1269.791351628809	4604.562968922217
11319.949158759671	3451.808548057852	5001.9719478940815
11576.075089154327	2727.3125808201216	4834.049116817733
11092.729279602463	2781.945411800456	4703.249650470293
12264.725515036196	5131.776429054517	5698.284715959681
11628.233977740356	2237.632413531836	4664.818066004902
9896.629725209921	3034.8851222885637	5204.195597519333
11455.29460797029	2198.7096158732893	5718.142971486319
11182.298718599457	2702.271434113344	4867.268325940263
11293.577076639936	2357.551103663047	4982.638850237478
10522.889314854116	4713.3922995301755	4900.023676311631
11039.575737500236	1209.631031391132	4906.134435937001
11611.691228662678	2326.384708231863	4651.8353438618315
11515.930754793184	1356.129190763116	5006.996775908938
10704.627475993482	2525.884200528434	4971.8248980467115
