11168.351988209255	2429.619096919852	4664.805547530964
11534.772257785195	2955.283428557254	5077.681741075041
10731.312621293904	2434.4650517768537	6163.471862277285
11143.832720296192	3289.4079573989884	4787.409215046596
10173.209261141925	1173.7500016401511	5163.969652035009
10423.558087249861	1152.4184398407208	5718.329012450797
10361.279741331537	3361.4328060001326	4878.596473381304
11215.987447287633	1792.0734784707222	5318.90895590422
9837.131421143964	2751.252123190183	4967.456466994364
10852.47924546248	2527.1488223609667	4688.120568333032
10625.497074953908	3770.0501217997153	4856.4487893162795
12434.939027442253	2278.1233468207897	5631.4648191091965
10625.628521966451	2028.531845633871	5718.74764379182
11094.780412005257	2456.4874575376634	4484.418125022221
10750.000616842459	2599.3006149248877	4815.19053631313
10834.210410616763	3075.06286449893	5241.027668957059
11800.977278734024	2685.0467323407024	5650.059851073395
10931.847726962684	4770.5340160549285	4814.344487663485
10488.622761093493	2349.1311691503433	4711.345677360422
10504.41472231079	3111.8847258536343	5092.357903242777
13038.223611840327	2211.961649497223	4724.300922115707
12155.884578319923	2455.03904185725	5993.949246925405
11237.00801276424	3625.5071716890384	4924.917998617198
10204.18094587351	2143.3187883739756	4658.899486324039
11278.417940233518	1818.748010605485	5144.0866207364
11446.827978543979	2792.7450205583814	4576.583084790278
11453.36453144234	3183.207372235528	4953.591791273511
10432.207737531327	3848.4031650931656	5313.866632252132
11839.74733955195	1461.7084345392789	5106.2647471798155
7832.09526691078	3938.398275291482	5883.993320150789
11581.118165598116	2886.299711034217	5370.096818614089
11237.01591424582	2171.4473324568985	4954.597246036068
11489.207582147033	2182.1572827951527	4165.43862685325
9734.05771799257	2241.5269288105574	4812.556010312894
10243.755088546803	2514.8689301612444	5783.9728530251205
9495.256673470923	4098.236629728852	5274.232067947039
11276.215064553098	3355.430229038995	4795.662460304971
11748.555087396311	-37.99762160327942	5089.318058461104
10807.246338168075	3445.0029604081296	5135.651504995915
10062.438786064698	2749.6897327009024	5540.788745888562
9692.334993647873	2564.0532838422005	4929.710617493016
11384.671874220447	3136.2481236351414	4864.860059944651
11561.145930531673	1486.8714224795526	5035.3006391717045
11524.449165072601	2387.205489560903	5592.944040538957
11606.045472419826	1952.0427483820524	4670.246017998089
11796.099018214485	2460.7824293652725	5359.901668204236
10818.237217986942	877.8028769357763	5031.722274940196
12603.99993291857	1571.126296172477	5495.849605504774
10114.69478728889	3758.213155924065	4839.2629778977
9329.565030164562	2301.7675148043977	5458.636437340673
10791.6039500529	2564.185973496807	5163.452399706998
10473.785594872134	2609.6766168735444	5160.828755442242
11939.261757282868	2999.2420435929052	4913.199513271644
10355.884276709197	4173.150197116171	4862.327791963795
10217.059031219153	2692.50778602461	4940.580472490762
12036.56400359639	1584.3492552886453	4724.083110737453
10569.490608674276	2448.1297892528096	4782.702131632231
12049.133299177844	2009.6128222507523	5504.799070337587
10616.23840171553	2564.42309267835	5518.05899491746
11140.915923538541	3182.4905684206988	5643.687761141972
8300.853716297455	5359.525281666763	5032.3300682967
11640.599245299287	2780.96149573669	5007.769502888792
10556.262466223221	3329.924889616245	5108.306231383315
11637.764025736551	3175.0484519848565	5119.079590053155
10983.522638431103	27.914753151275328	5655.571710483736
10999.076921407192	3530.7607725164335	5006.163495836929
12281.598326735293	2030.1429706652273	5282.338195612881
11441.823456889526	2265.332411562823	5134.745022860394
11327.052002815222	1329.5549197095113	5806.7872755012795
10250.158561531418	3955.2551265051166	5169.75243782874
9877.669443795625	5237.0985294458005	5203.90023223866
10697.378562080468	3230.1472608298977	5919.436930639883
9955.347985443452	4876.786533533072	4551.026228037944
10460.486513444328	4293.680163862921	5406.5032807007565
10291.27586042332	4051.208543776463	5495.184324539773
12644.373591377916	1179.7933726846657	5307.3568465066255
11501.230061498443	2152.7102592145848	5139.45770336
9578.551120496055	1769.8904574415396	5192.071885453935
10842.282051361915	3389.573116198809	5482.091651591279
10726.961488242367	3279.667739883305	4729.311679544257
10467.378674299003	3104.8995244766807	4986.592313663408
11486.254264290897	2681.042789610248	4668.460047184775
10822.68724189765	3171.6414112216326	5949.693757485869
10233.480787055421	1622.675345407432	5024.639157770959
11007.114544852117	3657.9472071755886	4660.111618849158
11678.585818562266	3112.820000059617	5323.52033456048
10669.689480238068	4086.9992296959504	5029.543850892472
10671.769516460325	3702.147857496596	5569.211326504918
9806.720420517831	3768.316769678643	6150.369349786578
10370.975085215845	1380.5140864235752	5264.846690213655
10487.152914745631	2825.978443226418	5223.056744851543
10594.134670349671	1690.6746727876862	4942.583070542369
10539.124220263635	3305.8874212749815	4809.858916956075
11225.390509234849	3202.3434715288313	5462.549216869244
12123.840226981241	2726.513718921416	4310.866124135145
10966.918338737116	3308.74116237858	5487.196786162611
9947.474287904308	3699.006671531453	5475.130270030829
9877.40088965952	3229.006282197962	5109.0021560029845
10612.010756655112	1976.035686810974	5001.816372217429
10003.438427995892	2052.722406799715	5200.441356621343
10897.77327400285	3207.856075983439	4855.858956747688
10628.635977343014	2963.4212474226597	4401.288515779212
11392.188314676849	2341.828405967456	5123.957757621179
11929.167989496918	1200.7053242830004	5241.157048116724
11736.44465400597	2446.3663712357725	5436.7684878024165
10931.123823340722	886.9055164983495	5248.024170161542
10544.391788790033	2753.2767185056236	6330.496168093437
11741.477473111305	2393.828410421826	5596.286566421927
10190.7577311715	2100.124051964912	5278.889428510552
10732.643196118655	2248.3425499463756	5208.122054476228
10049.12607894393	3368.2933403837737	5549.490371044411
11285.255350088024	3552.1806650300055	5066.996197282019
10218.013753696949	2989.8374731629324	4390.3468393956955
10464.788490694049	3408.3236321112668	5016.776507440767
11155.03340728505	3625.9009178228553	4373.676587724814
13039.17429600392	2440.8150125879015	4258.144183130707
11258.047953640018	44.042785150455686	5812.494879907624
10513.54928033228	4033.8019737959503	5042.363958891976
10002.296322556218	2668.4004694343635	5861.53203715766
11985.437342036777	1151.1522899547933	5347.643365893495
10830.14389823197	1384.7033322360242	5113.672897571203
11609.465651624378	3101.800885015779	5135.933447865908
11341.699385318185	3438.6295657805945	4760.044696521418
12176.582089470663	1659.5274452236818	4871.839040520073
11456.277266775833	1247.2761790538746	5051.474645489394
11589.098228871491	2174.3052719716875	5866.9394827289425
11752.775475925277	3539.9168533072116	5594.551528198796
9873.979811546917	3114.140328634249	5143.531994077166
11442.15497898364	2824.8342503156664	5235.382823752668
11924.93396005463	1874.1855934434204	4759.645387440685
10481.147022770036	2742.2755720934924	4761.194235963398
9988.368949493042	2797.2127700002093	5222.621809563413
11054.698419375176	1444.6757439662688	5190.623131581979
8980.512255418396	5574.078300164294	5130.02542616009
9678.545053096437	3513.937105738433	5206.688855367011
10425.318708657465	1753.4505344797553	5117.463675332537
10333.704310217834	1304.3971560960981	4938.54000317832
9228.536804398896	2876.0719987794296	5286.123527558107
11481.64492052977	956.3654878630362	4567.342963870396
11051.58744123605	2520.1079303173756	5391.869186779839
13169.929872368335	2119.5177498276526	4226.594594985107
10934.236185012975	4126.620567204478	4685.014423844965
12073.975974830846	2019.197093093103	5059.591430488178
11635.394036038178	3981.6533035214393	5475.663340509956
10417.336777841932	238.67817505621136	5574.987708631133
10266.937090677424	4465.013020683572	5147.136460987593
10454.85847633072	3007.1468174298775	5271.446542716786
9339.424561903876	3464.727999341746	5083.931829785922
10567.469495123589	3062.114700488166	5175.393170373282
11499.933155105484	1970.9352857556414	5940.401835502013
12460.867353957814	1378.759634413456	5326.677884823506
10522.375612014748	3722.684604693619	5119.305124527804
11975.462459050595	2374.3506159213443	5123.546873252622
11498.218435642932	2171.9065752623546	5722.91296232214
9524.391290674996	3364.52160356936	5113.605411905197
11559.57715593074	2086.492472226636	5171.458955732636
10222.848166385404	2136.912474050609	4527.589581697315
11303.020461148613	3917.717755968	4441.428663741756
11546.37335534202	3378.6207775594976	5040.18912615516
11484.25664813288	2446.9298297592886	5637.429069795722
10820.872622200475	3163.7297665370206	5303.688291446842
11461.766529570199	2495.496631649163	5624.380738495682
10941.260571368692	1420.6868078792122	5581.457248612161
10930.54779844577	2717.0983401984677	4424.0128010081635
11866.653841759517	3258.530351425688	5063.800433572913
10403.05371790333	3311.7853391891426	5225.064715424212
11376.29843109594	2772.634716870479	4431.987141832105
10671.485150789122	3841.768546097	4933.744970008594
11137.608298232259	3492.6526549049013	5618.390072899235
10126.53461114346	3639.19499366612	5353.830662420021
9984.273388331314	4140.974115638781	4971.277110096101
10816.903676801401	2231.2803097829033	5248.718600976115
10888.052727323111	2690.17922067047	5079.173174787414
11191.656361361544	2715.781852328462	5177.328004375554
10922.343810223958	2074.8160020723762	5720.054221368501
11742.569997108605	2142.4244099019847	4677.960982054265
11577.70314670662	2537.2666428637767	5483.912777589986
10374.247993865427	3356.7348405628313	5491.264722275456
11478.234473495435	3037.919599600722	5012.316654673856
10579.460568653289	4671.886186108991	4968.532672474874
11668.690677402014	1843.5652074286527	5223.8654714591385
10799.967546754266	2904.716201783954	5589.010405018543
11638.071752950582	2310.0394508606973	4949.640822228781
11265.839378762765	1865.2974681405644	5892.192777177144
9963.689670267364	3598.7497138479143	5597.5297771123005
11413.771501794354	3031.5268996086756	5884.673284400297
11899.500065642673	678.613106654212	4544.869376979737
10788.760753180593	2266.497449082215	5697.58031439147
11825.23385779661	2044.58746443613	5837.493012020388
12145.96409984415	2056.566429612961	4621.691829496212
11314.99691759791	3107.4720499916257	4480.060789021215
12394.827512490458	3033.751617702221	4840.362264547328
11164.078581818274	2392.7613900367965	4517.9734737631525
11393.454681568319	5144.904608931251	4980.138378431118
11477.856990030363	2360.585585402674	4762.859676473144
10529.066600863785	2464.3811016559252	6067.690605928732
10696.537494604938	4401.468135540548	5500.202483716139
11014.883490527167	2256.5905218117937	4704.972971240719
10422.808901586392	3856.982102555491	5270.916032751227
11666.707111784273	2624.0752287088644	5482.632815106826
11403.503950506745	2037.5849208629375	6328.5330169250265
11130.54131874963	4457.989864867058	5085.86296722221
10696.634131332723	3096.034940501167	5214.852586485467
11138.94519306532	3316.8463941469995	6023.553149026763
10665.172266503356	401.58253521304874	5050.290712148495
10780.399989523583	2656.4200382259755	5313.903449839969
11271.70308212464	1397.447407408136	4710.181157071247
11708.085331213986	3070.062268294596	4458.751738323039
11005.538521981169	3952.200661577905	4942.683467927553
10788.512036989981	3479.823564064141	5937.394912870373
9298.40170844676	4711.871411945879	5453.920042391298
11473.405457226521	2222.2764114761667	5283.077751144788
12019.402679026387	1011.3943243152081	5555.165759411834
12200.789083502568	1575.022859906265	5521.192696594072
12969.22556231753	1582.8209313182726	5407.779422532484
9556.682863526625	2665.553921614737	4551.12837296243
9213.887002175676	3595.639715240331	5537.819420131817
10749.763914415124	1070.5347368190828	5643.721532255587
10968.5012298624	2087.8331529154793	4991.221473289026
11040.823414489929	1173.4826293350166	5251.557833224244
13080.151125172684	2123.7110024642107	4410.021623226618
11664.834435341581	3575.794007942204	4922.952917633676
10140.846967685638	3900.656409457415	4597.371764715558
12071.311674556866	3072.9059312594763	4933.660936451719
10731.552154065615	3226.2325459287176	4828.125409096943
11098.749719457763	2181.978613847248	5362.733225593103
9798.816343506604	2417.131633233823	4788.948171827003
10940.734710284096	5122.459688313813	5109.693179390382
10740.34308899289	1712.3363783768089	5612.722941348544
10402.134168515493	3167.9907955585713	4740.776440761704
9888.228442421236	4633.365521279533	4812.141120163518
10714.556655173243	3617.7950950455047	4824.044386087055
12112.372307086334	1566.1834352685255	5276.2548855038785
10640.208001890838	3321.628197675924	4919.861608734523
11630.731227110944	2985.3635598212763	5227.267609938539
10779.941676423716	2914.6756686997737	5205.389751422265
11509.331852258694	2783.921308679899	4915.0768051153245
12167.441396039847	1574.7378411730194	4754.522846867975
10347.144494050046	3840.6165005607772	5165.090931758711
10042.310090264864	1823.3035804368974	5849.587327330349
11147.105595605011	3103.891702244801	4785.095401122487
10889.52465268975	2803.798129666624	5083.615985406623
9859.664467057864	4875.558387827899	5176.827409415448
10923.28072398551	2325.446058460503	5234.19752438875
9643.792225062603	4142.979832238718	5343.484040245497
10135.769581301298	3272.5910859046326	5198.795109631882
11221.675206173304	2461.420536016053	5067.749432384486
10331.25922812247	3989.4220582687376	5291.441426179652
10488.626733207224	3030.3659860332973	5219.879574779473
10649.79740642559	943.1212306220341	5269.759948645217
11476.45898549644	3636.2859772044994	5084.795732578768
11706.860972307457	2593.9320761916147	4573.704489577979
10373.930533290208	2195.9729704790716	5122.6939850645285
10753.304988177468	2917.9130985737083	4744.029326385389
10099.561843014593	4477.15450625638	4084.2806111874347
11955.680111032278	2887.384663079591	5050.689680428296
10951.140633271776	2667.4304174505273	6211.568658776344
9880.804397435686	3043.250726751246	4752.9323433341015
11451.415591473284	3553.289376069301	4807.57244764982
10522.94053755849	1261.3011627423678	5123.731133841912
11006.75631730844	2809.5007416028793	5313.067380583679
9601.36461548756	1953.472317633727	5098.913509011591
9232.000988529044	4332.428894495386	5639.343403092069
10513.52152409591	2443.3406178294863	5314.8415273266355
11507.378753589888	3574.95665927555	5355.6586176920855
12303.723481472016	488.08804003606446	4990.640776849208
10713.296745200932	3942.9489196909285	5378.440571324699
11960.35115445441	2786.5445168095494	5483.494115517945
11853.057877228	3129.191742794274	4990.332419688679
12618.047080390206	1623.5853092338361	4979.353536808356
12064.450460606999	1956.343665759495	4557.471155055382
12936.198767507318	1785.1118090497887	5492.472715840177
10858.29439879193	948.4713199250891	5333.693199235663
11643.994633902477	406.22899249418094	5204.48999172891
11819.254829697802	1350.227279405242	5178.418367754293
9520.556286529149	4367.55636461652	6069.112169591877
10574.019883804336	1516.1270264879074	5252.040743381327
11466.626950334625	2855.0798130640155	5358.303075272687
12187.472962069278	2560.9029308911013	5201.866084717394
11164.139034114009	1473.3670004058533	5615.360238104876
11319.899864586167	978.5090878649012	5557.2913172600365
11413.632023252589	1566.4636541332197	5025.774769331423
10528.876108557355	3290.0433091749364	4791.617622986313
11495.281762513232	2642.8443356910766	4899.221383906873
9985.590701789142	2751.622097692786	5288.139865728629
10554.721913612584	1764.2189614357465	5037.49535388707
11373.632074766598	769.243737846528	5315.068896073557
11235.569003095605	2213.342075932535	5182.692789069417
10901.042976727567	2844.3685870499266	5143.896241852992
11339.117639094035	2043.17788580249	5192.738709526977
10903.577899993646	624.0041730990102	5941.997485960774
11258.689641042296	2525.3089321800494	5190.024115994717
11923.513184888781	1991.672664380547	5493.038767589743
12445.87223488159	2055.3563342102098	5418.622272837741
10794.212908565241	2419.0132187948943	5042.5055480791125
11776.344199827272	3653.188972469875	5038.120648426279
10228.845874985971	2154.272935722924	5330.9295307075945
10602.51308265619	2583.7973194164733	5512.658441871313
11093.737425567484	2308.9678402154204	4435.911003437763
12195.087494184443	2098.1219639018836	5127.388610896242
10576.275869143145	2699.2613124214363	4869.713257148459
11496.382431985052	2832.24017384951	4895.564455854011
11335.392292426424	2501.3268670057696	5581.74748467107
10583.751873735226	4316.92063015421	5375.125597120318
10857.74434283553	1968.5666147060067	5226.402768759117
11732.784460569601	2791.3954019032067	5064.484981614945
11100.203642956418	3162.107403678423	5752.188207498152
11132.969558734832	3489.70254410798	4864.3476342972
11130.21514982682	2723.3284857096364	5052.978192199224
9760.996238596907	2600.2142325275945	5601.311507009673
12249.958651766898	3529.740157617547	4954.67068312555
10329.32087082286	3161.927291179189	4974.850088997199
10127.54012292181	3595.2666089324803	4675.714684767008
10571.07285536685	3724.0021548170835	4864.550684925792
11739.202417054748	1387.7078335996453	4157.286881634157
9906.655999652587	2668.242949498935	4718.823787560543
11109.077287718212	1011.7021316340092	5067.625107272511
11913.69926567293	2284.922185899573	5530.881088131857
12510.98613146849	1511.7953382263256	4847.402522219678
10536.750803433239	2578.5713978396843	5271.788503796562
12223.012934340577	2095.0976879216814	5170.060470465222
10847.12007285237	4361.5561190978615	4786.946355169795
12282.697923816404	1234.0668115907326	5182.430111303875
11686.222113774855	1849.3001269269498	5468.109442348733
9567.389695400352	1874.8248368316902	4731.875301088018
10972.123598937655	2552.886816657359	5293.563270526468
10367.864907750265	2102.2083202257686	4985.320285398089
10551.824363699636	1885.0947851246578	4760.145342441461
11913.425534756107	1401.7077302564276	5657.844536616075
10874.723872947468	1412.4142515401727	5062.546131801866
12659.533071107633	3415.0980430845098	5406.552092029005
9650.911341895759	4086.179179682873	5324.284887029384
12358.747595816745	1781.4523307131712	5127.585061338079
11507.511761729918	3166.176173847914	4627.0897140047955
12085.988349089865	1435.15032020262	4832.980638169308
10412.465697971464	4074.6238543565755	4984.266416779488
10950.336772518243	2159.873983848743	5403.566686190725
10915.632744433029	1975.2268816078483	5182.591882212205
11591.355037466226	3987.9841388508717	4784.343309614273
11470.877378244997	4878.1108640323455	4357.63712518225
10990.059451145175	2482.536985092708	5686.2293866023865
11661.617477057616	2400.3921889919015	5410.232834886084
11808.971761213674	2584.6029887415966	5233.677418046109
10888.436442892455	2080.2929801938844	4780.834331346931
9996.583376793233	3521.26531562619	5020.749502326076
10810.632744643803	1240.7502852942782	5729.66773474194
10539.808713957722	3003.1306193115947	4794.232880524875
11735.657730268143	3500.403520929276	5160.878489120652
11504.22359893279	2297.4021308571155	5770.5334829841895
10859.613858029494	2397.218169510076	5401.196862906906
12017.801414645708	1199.555077692502	5636.06147444373
10573.88313605865	2539.62441173983	4957.176667723181
11345.704438614739	2202.3811554496983	4849.52832961373
10968.961194722087	1940.8159227208369	5001.231977469163
11299.649669855455	922.4748237130696	4999.3352096024555
10259.736370136734	3283.659272247911	5097.826298024677
10883.546883895155	3507.818979414382	5104.030881270655
8692.080370445858	3424.7994082314785	5268.705777351202
10673.48522928692	3986.0684403212263	5363.300579999551
11191.877158669246	3618.088394431553	4625.871209811213
11750.911218300811	2821.5722110119436	4996.770147600986
12216.01363157337	2114.7116365712923	4772.585124956486
8864.182658659758	3134.93295572991	5181.695987580698
8831.378031385817	3785.1889960966328	4761.848667774477
11133.029064312239	2897.63988154534	4880.393015266183
10928.00746060802	2861.7321394835117	4822.355502540534
11608.757964110324	4014.137610637888	5401.312935792113
10358.878006582045	2354.0609090979347	5159.296958317071
11045.896632614824	2044.2856542016375	5314.81854569756
11424.985624142844	2409.4336309201262	5348.7376692576345
10710.264085198694	2989.522586693875	5054.490239103659
10124.373991623435	2774.534373328921	5863.018031376225
9301.962604071285	2895.991482762946	4433.413141139079
10063.026845228078	2938.41693934831	5137.725389991456
11282.531643411592	2363.7545745795555	5150.856761395129
11317.322706435847	3145.0819902677795	5111.202296256844
10350.537944768592	3154.2264512204783	5511.778644755975
10185.211596265257	2612.9411473555565	5534.362318287571
11789.421229068661	3754.1668370191032	5466.147445218957
12590.6107560737	3829.8387614045264	5101.060686735265
11039.889841061215	3185.5421437231475	5760.921392595207
10793.764764232794	724.0294036673289	5230.3007406055185
12307.432065989822	2573.3656463422008	5643.724033394392
12168.851418128792	2912.7509293972157	5342.12275928753
11700.377679923107	2682.6935411882	4311.000962205627
8997.139484148027	3637.991886154446	4799.47821965884
10004.634993280113	6154.263378696019	4629.873418029065
11949.789430398372	2589.8139116662323	5059.994959302535
10023.88185414122	4072.5344106354833	5047.937794231676
10747.118284316668	2857.2527929503312	4586.535599893082
10955.88585759651	3390.87198859111	5120.641848994876
8965.02226077053	4932.036946808643	5054.132799448207
9195.452957802743	3505.7311601823035	4698.842245110391
10653.743359723623	2463.133784576709	5274.8144401314785
11414.14370184762	3282.2639585672528	5999.255355866307
10979.180458929593	1851.3080609635354	5183.826546552029
10913.241569519323	2863.371111663581	5400.806054312912
10816.843011979556	2477.467853328056	5029.728626934706
11250.329744515915	1348.1390796237183	5447.394650712494
11197.60513909682	4198.647356378545	5336.825967597183
11415.886575438006	3765.5583586342323	5169.2880558579955
10671.355658310607	1001.942564815055	4966.879872785036
11191.777812889686	2879.1661229829633	5024.266540840461
10688.67254774165	2156.1805806813604	5079.392144138727
12112.75957053609	1965.2643390197697	4744.313193249159
10443.972173075728	865.3523753720117	5796.8067860370475
11566.693371577237	3017.3661925864913	4684.770393724058
10666.768354568214	1952.7476865658884	5325.434326552954
11536.99379057285	252.68432955434648	5209.264638047301
11281.162031331816	1365.3461530621428	5013.100637699992
11672.823680632486	437.7791529380596	5897.296325529496
9515.54361029937	3736.1763514327677	4550.5627169588415
11150.248228755876	3715.976585553673	4762.206546132635
9903.012257646831	2914.540338117897	5399.779579034416
8678.029611302207	5283.155330723498	5194.5212425532745
12414.15875892543	1998.8270444613163	4907.899683059449
10579.41736182793	5510.869448913061	4878.628305191853
9372.77599719983	6017.3992676291855	4706.459838300819
11768.375611060283	1366.4966211291453	5260.079279798833
10865.401104445982	2426.8776281956443	4878.867020077502
11389.731013371536	2914.748642687665	5718.2715763759115
12348.35609700412	3457.6102418219125	5714.377817038162
12176.249116331497	1010.3671810030132	4893.761990624293
10777.601753175411	2210.272935158746	5355.136077325976
9625.106445213516	4841.105765196446	4552.484442459876
11747.677251837182	708.2546103483502	5896.185691912194
10609.678658175399	3305.884307160522	5214.29503822236
11717.814638746067	2950.6517109436386	4591.805582432265
11266.091086718528	1640.5045656966358	5083.595153011651
10190.089443298264	4260.605365917115	4945.807462821273
10889.972007353801	2398.8403056974034	4754.690101151031
12106.134847090581	2362.8352554752387	5346.93179877262
11359.180675551263	4185.998271318595	4686.052761518908
10868.01744762914	2140.774306955455	5086.720306885039
10404.080967518712	1945.7298067236688	5223.6748712783165
11164.640157084774	1664.5098690849904	5117.930367594072
12006.798435544408	1716.5233014350115	5070.7782324646205
10568.087332862013	4043.73222154085	5128.639106060685
11437.495279471734	2717.7750151733235	5516.228315997077
10672.024336030036	4289.227854217038	4791.954182228254
10326.790220295377	3640.0401671467607	5380.520176967271
9707.044844017033	2424.2282489202694	5165.1910452813045
9730.048302817111	4945.881672691506	4906.815834015942
12712.353033921709	4261.62704027896	4839.1921860457405
10233.678789494961	260.70884041922204	5530.420267550292
9922.811887790498	3223.557717242204	4906.393259158431
12058.907497908716	3457.8126506269564	4966.79567897475
10619.859556366488	2243.2325124914028	5291.982085736341
10913.342870489816	3947.200996804893	5503.311081580037
10928.725635236226	2554.094300048462	4896.476346157259
11325.721744465436	1618.9463262995066	4767.7767348920015
10371.113153898794	2510.5014083973024	4659.171724379529
11177.854988684785	1798.1948468756696	5705.801564465713
10235.765819023618	3250.153085097874	4871.8058264708925
11651.284627934065	2417.5509614613193	5450.820948790609
12167.973937575114	3685.6236042978767	5023.4585257016715
10408.483213051697	4799.314602785828	4823.310241781514
9978.671394580555	2773.3408623940513	5562.255782870363
12903.730903596024	2346.50439451636	5297.495310911929
9446.526017828524	4917.623973219877	5477.448639988313
9966.476869055781	4145.798523876463	5523.376881467353
11362.546894746301	3775.7351579675965	5257.344645056041
11307.289503730055	839.2235948568709	5243.7418867296665
10261.61898376219	3920.8313327389087	4984.243473328353
10587.596979567083	2374.004053856509	4732.68155630494
9650.098206438386	1119.0620372726275	5062.213848303751
11066.729112433532	2946.552510206001	5302.008214502487
9843.209129080893	2368.130336294366	5681.721951337637
10730.352392618519	3393.812688712029	5360.376842028012
10935.394120504237	2833.038290785048	5198.870091733953
10121.270933920805	2015.52849230328	5535.757005461343
10659.319458083379	3186.6051499304813	5250.225481058155
10653.209762335251	3933.7190696550824	5293.0047376373295
10322.715378687777	4965.277560234326	5010.220329190391
10935.833210042043	2190.1429809139854	4944.854890846974
11523.70903598133	3845.618462547566	5082.69693734725
9958.123899611164	5289.250671360859	5041.810063778035
12370.634588684365	4005.326537158714	4773.3100693826045
12299.547989333889	2925.0815632932704	4661.3797534814785
11597.98316015078	2446.6381640311292	5705.355795591603
11944.431840353123	1475.2119135925584	4786.971665642601
9377.27083786301	3200.4003375510724	5572.537278916147
12672.155712955095	1855.143541784538	5313.886901065685
11014.889125873653	2702.0060573630776	6001.425284857792
10874.271960395285	1984.3035066091463	4962.420014676784
11117.868231838445	2971.859606107861	4397.544195890421
11662.967877257677	903.2836022171906	5268.296170963505
10502.02379893524	2077.1229078379606	5186.264041368441
11632.438949295945	2721.8344978783957	4895.061907631908
12120.88737969773	3892.203188373194	5713.47729150095
10451.651365755017	3637.242665097653	5597.526922697338
10720.921847482974	2836.9462316261365	4980.286582043265
10725.034842796167	1285.0363657912526	5535.585196477254
11090.90402662805	2819.1198112672823	5686.414546931081
10682.248696511657	3176.7588745496946	4991.314068279462
9309.254910726539	3739.4853574883905	5192.790757420545
10464.920426660423	2645.467077208977	5574.650049230115
9847.344655497329	1519.2266955906887	5324.132569640465
10059.130776726983	1118.989536974967	5586.538576018578
10979.147221277231	1077.7572468550031	5839.584124945534
10475.485426185014	2749.444537001349	4947.649315161172
9447.647052323913	3014.589131016766	4759.593056515884
10187.957701210224	2146.800521845111	4867.13090097386
9414.75623416058	2952.0306460347642	5302.650409135117
10424.342855035899	4775.295467900609	5937.177823048342
10878.060075187854	2403.3905000391837	5576.89344569851
11120.101952377356	728.3420196477728	4751.024294972021
9433.522731338142	5147.232921426562	5004.064523192067
10930.839523674224	1510.7980903630425	5193.170650554977
9488.419164910974	3992.0271198555533	5193.672540655929
10562.865238221413	1780.8405741142647	4812.533270931931
11747.363769780817	3781.612636190582	4593.698817753751
11575.125735349435	3999.0562213972644	4410.358755872326
12020.155156455157	1866.887490426693	4665.964016718615
10639.146367566653	3025.757770376054	4108.751466734447
12340.523500272213	2433.887706647941	4848.4374824515235
9945.484067593452	3334.8574248306463	5342.220584918204
10935.377425893728	5035.016632104253	5299.846865790046
11858.002777407324	4487.217952357826	5099.156774617461
9897.040878141373	3483.227680043976	5434.901288816562
10784.66447233872	2047.1660992322422	5255.60528870101
12499.55602840498	3220.488095586297	5324.806879826409
12144.981168951434	2398.8917461447218	5327.305759291088
7423.812073687474	3377.9621833000633	5021.242706142627
11347.480656541355	3768.5484495360824	4820.618664604857
12577.474403625092	2087.392574006505	4911.471751577857
11181.875865163884	3436.9670246356636	4945.441065563858
11503.26708765709	2541.6042140591962	4800.710909058905
10244.995036537995	3183.9574150246826	5284.532296877105
11594.38422542862	2571.5769206263194	5065.113653844125
11920.431298837113	4166.800351623619	5028.1078765958755
11405.858559945513	2209.7754974998306	5153.190707117784
9870.711297078982	5002.227763755985	4462.305642925848
11625.758352384064	2849.284232475602	5433.022585070306
11044.838521186932	1242.3535259205069	5096.062557431337
12257.929858002888	3254.4611209313475	5224.488101786871
10563.630758356581	2051.2680255250275	5224.537304138201
10294.889771623804	5022.779939967725	4980.575826823844
10084.654624223342	4224.377438228227	5212.5539808386175
9807.888509015918	854.2219729374099	5499.749253273093
11532.712815195331	2158.922944295255	5523.540323771526
11121.446445316002	2287.0298426867	5194.285449637032
10786.251037826496	1229.4976693609428	5264.570020458062
10627.24755403995	3511.452277028002	5489.07828787033
10786.099088183037	832.40238208631	4992.653787557284
11049.714551553323	1353.0559891801768	4907.092111822633
10872.182792335383	2765.1589813885776	5370.382833272874
11668.720627169278	3129.2372302591966	5296.4744503353995
10635.056362261821	2211.8390640335924	5629.655901468065
10546.794573877865	3329.6789006216327	5034.940667006423
11148.252248225479	3861.335033253152	4718.469416039496
10449.434989022466	1882.958694529057	5142.442183081941
12163.918477768131	3661.9948150006094	4763.637742535075
11369.181387390774	3331.02067867633	5200.239086098716
11258.692443725708	1108.822503753751	5161.63512719116
11493.335306209192	2423.1338177131424	4717.861668227155
12191.918193777836	2237.1303550179173	4656.762431264812
11991.285324112747	2696.559487406062	5542.039025096035
10223.190578600952	2879.414896600186	5352.1779366526125
10465.335057591547	3175.9766417739684	4699.660489173676
11683.964508604036	482.0919287850083	5462.374588173649
10181.765894584492	3138.5826650486324	4244.4614893984135
9966.319036337138	3365.66709066104	4965.501133939217
12461.449005889715	1097.5151725683475	5531.077574874931
12099.05621748944	2877.5982283716494	4745.194130111149
11571.494493896718	2866.1214353993223	4663.285133737557
11474.000817729424	2434.318731242732	4526.646272272037
10213.55614765261	2794.03116650526	5640.783242572882
10928.502194548166	1659.3344522856999	5434.907232484366
10943.985065724024	1336.8202841950383	5226.977901683893
11742.772664287211	2837.829312022504	5267.946249947905
11126.175695483802	1685.4074640364456	5759.982696612874
10152.2658448396	3191.2571671291585	5073.782884661583
10334.3340071056	3458.4654145878844	4898.076202563132
10717.832778027496	4968.630573085828	5503.666633708165
10284.7847536443	1552.6876182748667	5233.808782223103
12050.834385045251	2837.9442179943903	4668.807921374602
11306.39507582464	2617.391697838814	5419.045233088088
11302.888352682243	1955.649330643547	4927.081051891192
10759.115561928022	1542.7439345941118	5646.657155864566
12181.331219838836	4065.5136841922135	4859.799289309977
11086.063209449956	1709.4266262505287	5795.333973167992
10506.855567416917	1333.4965562795076	4972.747056614008
11095.415270407297	3448.6208723019936	5200.905564482843
10167.006635608019	4404.607053191282	5889.90058032525
11506.462547122346	3986.4036084000827	5405.662708261744
12767.807114711883	2290.383673962899	5239.0616900091245
12087.576873229395	3671.5095113387288	4890.0788073534
12288.911458459806	2516.8358826088006	5654.925042211599
11220.252660499766	2440.100948224541	4804.065888209619
10839.370454154732	2885.1055277501287	5415.736811947431
12297.79015556594	2010.3704399510225	5613.36677043426
11739.638104859074	2411.0295255640385	5289.405001821702
11412.690619923653	3671.9254954160597	5083.139993477238
12679.454016893957	2522.274024005899	4338.732590919734
10898.415863103826	2115.4130033696456	4751.161682276485
10470.300107273546	3901.3997507182303	4860.338587486258
11808.900027004074	1191.6734687316302	4633.979830583267
11080.644296484246	1608.9002455059567	5032.104479039232
9681.715168598465	3392.000657379524	4841.34564803544
11716.903717763947	1871.593136998916	5048.722393674839
11393.002058159	3013.650744430028	5052.443997014037
11115.159712271165	4221.948123048693	5377.744881073625
10433.15292254367	2285.1013468107635	5072.278329641213
11666.208006214714	2650.629769754583	5253.195388827462
9127.954169899715	1534.4179384880392	5355.584321589364
11807.483483683303	4516.959608555522	4967.1291349728535
11033.113368230523	2448.9920127691016	4452.276432960453
11619.840007360592	2000.6579474851555	5272.656099527723
10324.210580176241	2407.1466957281464	5535.079903333805
10232.513157588292	3286.5914037160373	4868.749301926351
10055.020262988397	3462.2026769176514	5723.972287760391
11819.225127101241	4683.217094912794	5321.129273867677
11581.399817694099	3142.549937728441	4537.794058334127
11892.86132709138	1644.8294344482115	5028.497542577374
10329.696879807461	1188.4084337738827	5185.390605584068
10741.213993459547	3898.9030678119234	5332.2707839049945
10792.381577074371	2280.642941112236	4937.515443317468
10858.198942177827	1765.117244364625	5579.869888300153
9746.97770249558	3116.5417238818764	5014.547331167345
12397.18185633688	1168.1433075564846	4513.645410748929
11762.95366127259	1810.6321412033674	5016.352881240625
11594.03339733638	5367.917844501895	5324.830528236945
10533.274288727032	3205.6493839727746	4558.801355888458
11002.444180390852	2575.5716469802114	5012.009333283784
11502.308276931955	43.456081167213505	4823.767773127429
9715.21616475746	3219.1867831630816	6191.319032726926
11744.40134759299	1620.2074146901318	5589.637089743723
12491.091170806767	918.3292151997065	5413.461410132359
12213.921763977674	-692.4304520845942	5151.468308486566
9044.884507637747	4188.13291899759	4796.044432059415
10897.545398210113	3620.5967364168396	4478.417183065322
9630.737919548304	5237.376809724896	5194.359064242502
10624.841664509337	2630.5893733025346	4986.663262178134
10923.718758662555	3675.2581546251868	5860.87845428417
11930.677512149818	1990.7820493846696	4748.1718770255075
10308.197584395717	3809.790555471026	5318.218643828011
10301.060357982284	2952.5793577794443	5827.246663439868
11749.25200631269	4183.540003689735	4837.844146791038
10442.50500849237	2850.669070637092	4910.026024457539
10117.763913820663	3654.201724139704	4941.04036856838
10436.611075694978	2482.4303043919426	4867.8457968116
12324.863887290687	2644.7145317273626	4260.883226212645
11068.961206986074	2919.6268554496064	4811.96711765491
10418.213928121462	1407.0681119111769	4799.388926434895
10129.723143438248	1841.9513650714473	4770.749713825909
10693.192274628758	2355.0652048345373	5208.441469559483
11659.422665700658	2350.063901736505	5074.447217217876
11090.357516020853	1543.8791965676128	5056.461490946109
11130.582685707026	3794.4537206865125	4356.114677125154
10936.436482559013	3585.250090310069	4811.134269066769
10435.41703375538	3501.101672773174	5429.847093145369
11345.425607263382	3128.6894117194606	5580.614538085685
10141.741521197928	2778.3344575091282	5553.497632825434
9682.168366968164	3319.6161648779776	5752.294178114715
10712.361489709749	2879.131941028428	4884.418915039208
10171.634012102852	3128.9289256331626	5243.868840575673
11779.288781177376	3528.578541451987	5519.571281464335
9798.42890849587	5390.065022216815	5974.054088019251
10571.013059042234	2302.9083074983114	5856.8642942382885
11940.720702336599	2484.284425830245	5051.478469820441
10789.169784519478	1788.9588043417014	4857.522442945242
9912.403062237685	4246.764175189875	4451.908111818607
10176.464816030613	2310.1850922297726	5069.6502470081205
12002.54666023915	3176.7986308645627	4413.102037181762
9667.427943690898	4102.159747299362	5498.200704326313
10635.521864505905	2845.5773159499463	5633.832741303719
10748.662862706225	3172.9646974185107	4834.544748104484
12068.960199600493	2837.8009656379095	5517.1876895113965
10176.120967827634	2541.0560151172554	5581.110476773607
11717.080422467596	1279.2640908554285	4873.722179717073
11797.991962235026	3246.2328048860863	5032.4091603632705
11231.911410633034	2790.4897170594577	5183.396175699823
10620.188304116173	3308.0510883678476	4934.893529327048
10187.185801421223	3561.5277772565523	5073.166147849581
11710.344208349105	2508.134828404453	6037.332771973906
9853.617223386424	3942.244590811353	5025.687821931453
10592.794716518034	1406.554008123961	5176.18650567202
12613.73059474618	4084.3908496898534	4818.620190708814
9456.718475330623	3418.590379561223	5515.098823019011
9396.282407239882	4240.872772773131	5087.38631840492
10405.09681008917	3083.216086267026	5672.600305378934
10868.011674886737	2480.2911811775143	4285.664101468394
11600.211813598517	3773.32096343421	5527.95427396856
10734.382101617297	3266.7690450481973	5326.37471442001
10861.188481024634	4108.132805893527	5186.896429852622
10927.90231811955	4640.553618493198	4834.705432538117
10280.457786424726	443.4277543631141	5549.362459682556
10231.790498405719	4173.171996219503	4860.743698530257
11224.049059262179	1050.1913165393985	5353.660032513475
10609.03707953158	2874.7016153945933	5291.281986262294
11244.344119319407	4057.9834518591365	5201.5062610353725
10752.58833749366	1751.3408010482099	4955.6257969787775
12484.800545456897	3129.920980082116	4869.643744250435
10915.525573389075	1858.1260667457168	5050.758161512405
10728.656688014795	2111.5518970840344	5111.316588609566
11026.729910233504	2393.5859007529066	5458.946940387187
12000.947700117898	1544.396115809409	5341.412602648624
11605.507151536496	1620.6510174569962	5019.640114416213
9600.436360432026	4815.246837458631	5243.662906647108
9110.457212061696	3681.938870786314	5133.905101832952
11446.220758987074	3184.8121003838355	5455.301461242781
11046.080552648236	2689.0866512920593	5093.9481226534435
10537.495792345879	3532.497039973205	4863.729846981686
10575.813712958094	2925.4391435054245	4829.531488753249
10968.611642702339	3635.4408405153413	4944.522621786197
9343.536391832742	2471.20257053725	5461.113011299227
11067.719467600158	4879.775770028628	4586.0470365477795
10358.531963760963	2576.46067432585	4587.542762837793
11657.023363470404	2406.9422626206137	5070.378962535868
11577.161406264397	1650.5322321049937	5146.919233754014
9681.932834428255	3233.489268754854	5662.530585512626
12065.515859878866	1852.3591416492293	5574.1554833519995
10083.716491864378	3078.964060654879	4994.035803182665
11772.760132414442	812.7872117695813	4990.90395945971
9957.7696768941	3140.897422281008	5847.409529548182
11463.85969446039	2972.0098348420825	4970.824966902058
11830.642532246973	1719.0640253223849	5013.217565149964
11736.8530010782	2822.467951749407	5275.15922953273
11651.047472317743	2077.1441215613886	5298.55614891236
12373.180155332378	2194.1684474708204	5000.91893403375
10812.59091815481	1471.46184877388	6067.941575575494
10756.15743051373	2713.556451447943	5032.156053998102
10636.563929099508	2006.2865442509067	4773.784667809068
10656.385289911414	4925.386437417325	4350.732789380287
11821.82951136999	4032.3645271770233	4752.376179972313
12155.542564873029	2485.603277618233	5211.763112480594
9976.583053741308	5403.794687461089	4938.040118541136
10587.96691565967	2340.9513311673813	4912.677357787583
12052.235273414564	3852.685440358916	5108.692463203677
11858.448426180283	2835.6918697753827	5739.756300701983
12474.691833107356	3016.411044798115	5550.5615990448005
8954.286367674682	5911.903502290297	5528.61295115506
11283.206857439836	3635.0444337465033	5129.224136545184
10973.414225103394	1603.316369591557	4789.781607480208
10795.958648554002	2259.0024271195634	4527.067458372914
10409.502448505986	3193.571781442384	4871.153943229146
11153.028994090408	4080.9588327772144	4987.808128715378
10691.280631299654	2518.064152802676	5391.5572629140315
10790.126778690708	1911.0159110755867	5233.858280065681
11633.181707612901	2511.561644370218	5329.154050599648
10999.300054502455	3994.4200577096763	5113.062344151192
10535.18258665452	1712.3832546507351	4719.899519345267
8914.032495565703	4777.254463426578	4698.500102709443
11299.524046789878	2609.877973222574	4670.891473599735
11588.509222912557	1806.7413734479944	5016.018742395383
12608.779909756844	2145.0167000826405	4630.781465904174
10457.505883238002	1324.8985496801151	5152.3466166559265
10213.701183663146	3788.2667918169727	4366.901495927596
11550.208538037752	2306.2146105382567	5245.812985208582
12333.399180247192	1932.9515827594882	5105.130628215026
11498.963443161443	2288.2851403394043	5152.253852257664
10888.951506426807	3479.953018931185	5764.0779336910855
9382.572208836611	3818.5662462405357	4908.132197817683
10809.319620196158	915.6188647692322	5708.166346211902
11796.292651473743	1440.0437285771122	4771.435996918235
9606.794715831564	3661.0718260867684	5227.641927117758
9986.484875243983	1992.7662245575286	5691.794643906573
11572.167207343033	1401.5334653058944	4792.9052147671655
10695.987453347523	3772.6296429038316	5351.7391149115565
12699.157877777501	1579.2890113669803	4768.93676955366
11234.992993982245	1159.9732139510693	5500.907298237624
10099.899542638015	4661.409362773781	5180.156306975054
12191.999673072205	4006.480494459412	4913.254178580646
10858.226954063453	2602.9046458244393	5056.368146338442
10122.383046476214	2445.5413037860762	6009.1271497125035
11538.416366622663	3297.4606496747497	5573.5333950853255
8502.070928772831	3535.9215468768743	4553.469115646918
10653.324275665294	4386.9995393122235	4690.755088770419
9177.494567116246	4104.701025423637	4880.199383446072
10467.875096805188	2211.6807663097334	5380.428023792911
11664.378975626732	1473.7697674086728	5501.5988371000085
11532.828224074583	1359.7049135557877	4752.271045243111
11106.974920852486	1830.5720959532996	5269.573076814329
10763.611482493605	1157.6718096098575	4948.294512294797
10785.767240940031	3397.7476818420255	5276.530813321387
10266.296996019211	3524.009920066917	5108.136969665132
10899.229251902154	3727.1944572381726	4860.839054419766
12432.224431439694	2878.6071496516993	5395.954683054512
10517.261975252251	3112.819639741566	4465.320553380445
11624.039792318945	2076.547689884854	5052.2227527348605
11238.551423399915	2980.347472928956	5244.009290879262
11550.559128852587	2260.2332525805127	4726.578733865705
11096.958266268191	3111.7356033787737	5272.9463350598535
10504.32454675661	2446.3264475755063	5085.504339747294
10835.96954133508	515.3010954336058	5329.560861808189
10424.832317556526	2718.1662295975984	4746.2953990487185
11045.295592457187	1320.6429853085178	5101.93620164152
11400.672169216068	1960.957070986408	5337.128112686663
11396.996514237457	3618.25411902108	5430.824876179879
11486.845626483737	2953.5267926434667	5173.799205604736
9677.900859266843	1688.3133061978288	5699.065434777029
10453.515809820432	3391.612320159838	6461.068554701368
11533.58172057602	2485.5915571206842	5620.034495701613
11713.912046160429	1738.6091964986008	5046.199315500844
11653.845045024014	1559.593860875449	5217.500553437557
11458.76008202706	2528.544068712985	4738.985034340225
12132.229991224123	1260.0553157292309	5238.451347957146
11705.47727618341	3420.6498134320423	4610.261117678715
12208.820747220945	1587.4422583749108	5806.83921384981
10765.973085819003	2859.21699014321	5217.735425627508
10417.561522101354	3541.5653706772814	5383.081468085222
11340.216701664996	2101.8558900718785	4092.731844949013
9440.719089688002	2327.221220341082	4617.773782421192
10527.664519827578	2968.113023478877	5283.8740126956745
11692.02031684821	4169.075433838833	4674.52949156094
11289.608487763056	2557.0743556369594	5289.217054406562
10955.37021250079	2910.4666383622884	5121.9663675690645
11392.748218750472	2676.1716873873434	5584.941166984119
11120.774718974144	2991.5382300790384	5585.791092823549
12791.336813558488	3213.903995745934	5029.151662721237
10614.485863451106	2423.3172758814385	4456.875450786278
10116.660532796292	4524.859089088911	4972.642862006896
11570.773119619365	3527.5762035992166	5817.291376359867
10568.280586376077	4199.299695998194	5622.930958242875
10778.465597944332	3648.224036509702	4978.370609325653
11257.272037805877	1999.1941683642228	4999.038049344392
10587.315394862455	3516.21491543294	4584.340550304294
10596.215113531407	2306.4549594221	4721.241385928482
10365.230886924497	1313.2734954899277	5523.887514787374
12579.864790090702	3051.200966172812	5470.46774415457
11524.090793293868	4538.596463132798	4271.094317107283
10546.510509632053	2332.7451741570967	5189.145787008393
10448.065592839575	1719.3967685729824	5027.873171092609
10218.044204274167	2808.147981459893	5196.4079141584825
10990.464183143378	2085.4509154439456	4526.405144650893
11312.385456262378	4278.634760783546	4712.933116948571
10604.452821158373	3319.710725478631	5741.929884519942
11472.466444218453	2119.4439853037716	5197.474194170877
10637.359618372016	3693.930295890419	4994.872086971952
11105.63710449224	2928.2050732490984	5417.89247307479
10612.407813920687	3039.524451518708	4394.950907376881
13080.155770349616	2010.2225924614913	5415.800210073773
10828.017182268728	2687.597848796018	5151.411483491778
11480.09315628523	3390.694535519647	4780.514230879779
11128.202536779545	3393.9913646650443	4784.540065046617
12253.765438243023	1619.7622507447036	4896.468585966962
11899.329399777636	3884.091605564963	5060.951344510134
12267.121878032818	1832.9698272898324	4771.968107982012
10856.50872972588	2797.589276275817	4677.059818668071
10218.670940795213	2138.7462757846347	5319.953873724226
10146.664912418397	2825.2736319447736	5585.110566526421
11008.23341633299	2928.1246893512734	5081.45618768499
11804.704131469573	-121.77634614288728	5555.522431547103
9873.278845845965	4515.361540400589	5201.598458930344
11739.650190849057	1577.015119874874	4570.9205430749635
11560.484539016317	3552.42219424552	4717.548458699951
11114.058654662385	3834.3136956492963	5194.95766574054
9768.610503186226	2759.301244860383	5314.079546876701
11553.772266688487	2054.6888771307167	5390.522185426497
9475.54363981785	3849.2331997830483	5603.0081375455375
11337.199778467017	3339.4566427708046	5304.876552054074
9953.09942830177	3305.2465240429347	4565.352692969176
11148.66761779013	2844.6832055632117	5186.699765283621
10418.285808787126	3529.8990087939983	4376.389165235782
11099.752607266984	3211.9650599318356	4902.419338496533
11999.134223463236	1514.1487999981953	5096.32081720128
10730.597397040165	3121.853621033626	4924.314786253831
9948.82048779919	2508.0017860066996	5262.503556877576
10496.640446053252	2135.2292111394936	5670.02094294008
10170.112712689226	2860.904120311436	4765.5345188433375
11760.649719989571	1383.824580360479	5291.09536253517
11133.101355439909	3873.054191098295	5830.960696486182
11187.213384117653	2477.0925962248057	4833.295390316532
11505.668363323	1781.2555074198667	5077.488689867563
10652.656131415504	3688.8863864955133	5303.643411836614
11126.677753484233	1669.4793699852137	5143.006871631491
10748.99506831134	2920.606599994669	5169.27071707161
12080.955210723565	1603.1347233556241	5113.838059443048
10724.13213206334	3051.627705576331	5693.245219402019
9962.352287142416	837.2078899091414	5643.597126966577
10653.255249275024	1627.944534868069	4840.687267773147
11726.662667074354	2180.66118515454	5476.676616693717
10887.667657538323	1995.7136435483546	5471.438303863728
9608.12451623625	3508.8714027069323	5469.377529631927
11707.508312437749	2245.523045310196	4715.244332318484
9856.366212929259	1981.4759216472744	5371.959813514488
10167.833616735772	3116.6164616050796	5536.123162302867
11667.776328133164	2206.276550806276	5227.97100168589
11464.57188318398	3534.005680364262	4995.853545649324
10804.199217083415	3993.227628822802	4827.283214600831
11292.305592962008	1646.1658853395245	5890.431471117796
11284.296288906588	2632.4981667710504	5527.962566284972
12688.897833951309	2368.846445109283	4971.195506079321
10466.444817061347	2834.93284564122	5719.782517611947
11600.632593599625	3335.195909036865	4777.779776845898
9757.563432670402	978.4440492470186	5520.837488628136
12299.173987008493	2518.7854553995535	5206.747834685862
10114.48023363668	4263.255425093743	4749.980561696531
11935.993902502538	1648.4109631085075	4373.477442627288
10849.66926631118	216.5658316612672	5435.278460913061
10632.491288789697	2179.8836308997475	6183.955527644457
10795.719809503818	3537.829216629256	4592.432323433363
10271.378331984797	3245.6659541652507	5237.731678411998
10073.282971034714	4513.326934590451	5118.133144691037
10726.494902413542	4687.18228413108	5518.580398346498
10811.178166763335	2573.7961444974535	4825.892557814289
11374.115008173567	2583.2193524549816	5560.205575439574
11729.053463644223	3625.650658107179	4903.777606842373
9527.433225734781	3272.544627363802	5053.317081784441
8291.041584524573	5152.144608451128	4696.546962592382
10680.022384087117	2803.620227292996	5067.678106753061
9992.922438654805	3192.296873683896	5197.710584655546
9989.709928352177	3206.096768535869	5166.961359687769
10805.05305787622	2492.6646493408844	4639.235827289635
11498.611687663519	1102.7620655362537	5212.696933605386
12251.507252135743	1580.928615405744	5078.831897388787
10067.338704964075	2851.4340370942314	5289.847019339917
11154.932669519327	2178.9578974469214	5000.370577355411
11040.097808528342	1922.6175038025813	5067.683801564799
12576.232371433394	2088.3989466230837	4725.862837210431
10514.221437103091	2788.327383844203	5395.891168185183
11584.266603227497	971.9738906528456	5560.710858218057
10323.70921932115	2894.023385785693	4573.094157034993
9631.426599480352	1608.1467652739896	5573.138782069253
11712.990535802917	1997.5214329987352	5331.46818523118
11243.711323071064	3157.06719180541	5072.122344944348
10814.892449611423	4115.601240848821	4831.795149079386
11545.269477361375	2241.2753399801145	5349.6164954146825
10425.796019571984	1462.3272333427165	5210.445501355651
10920.759949239637	1403.9887030741063	5073.0200876297695
9233.211906693537	4158.769155139186	5092.09469125083
11328.53516251742	3702.097098307035	5028.210937417082
11688.492572579813	1124.325883730201	4522.864121197127
10896.42487625941	2111.173828860251	4755.129154522058
12412.011836164815	2449.313607874326	4977.544241584533
10358.400789028958	3136.8486768487933	6081.718561919714
10522.233614726163	2078.722364922294	5056.88931488979
11668.882143870607	3449.4446352489563	5265.529201336247
10967.761142863532	3839.736782158624	4955.684548926876
11178.449744235386	2566.8149517223783	5145.110217543136
12062.281101623897	2649.6478504589763	5621.58053390204
10972.426687574713	3368.6502819562065	5059.627582780181
10386.89812764965	1712.6283269093822	5568.353747826993
10257.249271208664	1690.7600054776576	5278.540233652951
9984.984513094389	1145.3355694177094	5413.15702293052
10975.591736902694	1895.2774410594416	5287.186026359206
11888.029756032784	2270.2234293435513	4702.37205322882
10481.758055921802	300.0211332423811	5620.5785916601635
10809.859628902592	1502.6497998877653	5245.4409782399525
9999.28569101404	2710.0504556064316	5508.2631922667815
11945.738516557454	2950.1850609327626	4634.690560553619
10856.508744010142	2296.904338422053	5075.0560046645705
10629.89115788427	2294.6947871781495	5192.378699658268
10611.93289553735	2632.0872060035726	5426.549262459775
9646.42920888017	3518.2140279630034	5236.642204291166
12238.914711129135	3940.6486770018246	4661.805320050897
11347.444712963836	3224.2304342758116	4764.326717405079
11164.726434223508	2342.6097894449686	5503.447716823062
11098.082455507982	2704.779835725101	5036.246068663383
10709.697291792927	3039.091428982967	4943.968345169442
11175.77070491588	1336.4143027673827	4947.861203213842
11421.359631118594	3205.3653947388643	4544.868280937717
11768.894691824557	1239.7901890955436	5628.8758914767595
10276.130894724933	4718.560249421943	5328.629777761868
10681.911776716799	1729.7330655026149	4940.86022484868
10067.70514506936	2313.4348229365373	5370.867542694008
9699.24194814305	5000.965289186715	4777.87001732814
10323.875918014133	3372.767610011141	4355.173328745559
12105.37310637652	2017.523502921328	5018.655406488669
9910.319680635608	2141.9018103504004	4807.645998972041
9443.932449597529	3129.7168697873494	5052.89836027536
11517.739187614132	4184.442826567043	5354.6537261356
9881.316541824846	4416.158839112566	4932.9953216055965
10928.747135679592	3336.767017625845	5181.9187242162425
12122.039200624355	3148.065567017263	4623.8955179002205
9724.210495480913	1809.4662314007817	5793.542910136696
11042.519662237082	2002.5030608010827	5060.280643263251
11174.347581086835	4524.655808191011	4907.335770258433
10316.330510738846	2628.056757841379	4935.855815172508
10112.267897732701	6339.130574816981	4926.837283834687
10816.581681084186	3364.416723313493	4768.397953329806
11107.337709408703	1242.6624298757492	4784.255182555276
10185.034360608586	2733.174817517961	5352.719134495525
11809.18389616512	2437.632796091395	4986.016715498209
9986.321492031098	3626.498170922737	5006.443593313336
11943.067390747332	1914.8958586673848	5608.151089425444
9443.02339276191	2791.29558092308	4785.074749375257
10229.373009904219	4316.171211205664	5171.301567498365
11981.837082367516	1109.4804919687144	5485.213044061941
10644.97501110509	2213.199721851726	4635.162216791066
10693.920532636117	3990.5965045075886	4572.367096049213
12431.58847404243	3133.6821636619	5522.627411806659
11143.629821691302	3383.3839085811887	4996.659299740344
10979.270529187117	3340.7731022809016	4970.5440203565995
11388.241873339452	2848.6273468017393	5490.9546699978855
10970.599319343755	2644.2540070152177	5124.167597357953
8200.712790299523	4854.585027494596	5290.069722053462
10063.556497122168	2553.9544204044596	4640.337756786589
12016.251108941202	2464.038106124244	5504.654908649684
11612.696513852077	3474.7472076149133	5152.015714387858
11710.743612920916	4099.195503083362	5680.464849304734
12056.060538081756	2002.6498090520647	5376.569278651791
9226.832275775168	1913.4868780989875	5456.991516298769
12015.649821817495	2723.2089490902163	5713.2708420258805
11170.832618330696	958.194699115771	4811.177433677102
10074.47702253232	903.9982113629059	5046.22107901514
9552.535425894854	2640.10139016139	5021.700424507281
8736.31283137957	4514.377140091253	4756.482445691702
10520.937243990542	3134.8736312754872	5500.1893759410905
12121.123332548095	1609.9590247424367	4509.326850715828
12887.254339254094	-682.9350118806956	4739.752700794208
11098.764088199876	2850.458992993167	5278.628190676739
11646.220699482936	2583.6207084593752	4948.331936246301
11670.474373819468	2652.32406707559	4854.897992303423
11981.230856139095	2171.450046750931	4667.82483408006
11910.311188419108	850.825574153678	4545.692546048852
10321.342810207272	1798.849618629513	5372.725552996681
11438.401802984274	2124.2130197831157	5235.1682028390915
9537.642785739366	3458.0313623119846	5456.152057108338
10307.497486553697	1153.6039379318772	5750.706839926493
11292.747906981114	1767.8243511723513	5587.323107921539
11404.092440293061	3812.784522752789	5191.017741471966
11518.643489468624	3349.1208828370127	4745.913542815251
9875.382023486629	1414.2760175997948	5688.174596453555
10539.237924281091	2615.179726257288	5171.9608733796795
11325.743340194858	1684.1932805119459	5516.358529082911
10952.01459118509	1303.484019994133	5232.943798215106
11292.973544676273	2761.0792461787646	5698.785462468757
10241.223819539378	2700.1927894359083	5888.158978253703
11640.978888543941	1694.2057819928168	5561.205701406538
10087.984141252546	2631.8277342289603	5368.468428270192
8882.3996269135	5555.964911793173	4771.657115142239
11221.015831199784	3396.809336040901	5062.065730706074
10760.325993068831	2485.615099139437	5044.221138188695
11217.283788097353	1626.7372538677187	4636.54517525203
9300.62064454514	3148.4620161812763	5623.419807478668
10223.776074599597	3193.9204292289683	4976.06740502007
11655.453197521865	3254.920557238994	5611.859498401815
9874.414805007626	767.4158538618428	5432.437011028282
10180.52629219931	3091.3298279502797	4793.780568965793
10854.436998524936	3733.6742460510504	4886.224347977854
11394.967097125973	2128.5571584160125	5339.316103308646
11476.150634518172	3203.4532399153163	4505.857200910789
10116.383296224518	3488.283074977182	4618.462013976986
10097.534375816207	5079.04928916132	4550.623524753409
11189.075912515202	4925.976833574738	5045.131283519994
10430.765074240366	1622.9740005860024	5133.7157143908
11411.910868811834	1588.4322210559046	5023.119638119874
10824.177792097042	3905.398609641728	5164.335265993513
10917.563085087071	1808.2080120469438	5025.671049554233
10095.23561399174	2935.765742663819	5856.683639598552
10477.306483867345	3380.4795489834196	5200.071134994972
12023.704692989837	1876.247233429968	4541.038761067435
10157.444282364613	3487.65779735627	5116.791457251516
11876.307665605893	2086.1651796842866	5192.183705840403
11223.011613917017	1516.5484278434117	5236.597738900448
8708.15313213176	3365.156639790269	4830.735028781006
11259.214411989698	3027.439767363193	4603.750167451685
11178.046145316746	3251.4060046359427	5071.978345595411
11803.434572521604	2463.370735697816	5109.731745010421
10304.146372804995	3176.6130385669517	4883.226639314111
11097.834366048855	2345.3459219990887	5447.699978950471
11237.785981429739	1859.9323064604182	5108.113474659587
11001.809350824988	1751.1468870969297	4895.104391847988
9620.573470239784	2751.2550571872416	5425.811992153303
11827.938929594822	2022.0089943310063	5046.220870903106
11605.624266050263	1691.2137273641647	4924.355498778617
11862.695517360267	1558.9085630657107	4917.052824709562
10678.117133706	2834.1209407201372	5459.1649274658575
11366.269792021052	3237.7733628876213	5607.059702168023
9337.385000651926	3356.067701823876	5365.297254803173
10262.597558569276	2954.7933016059114	5562.388590790921
11178.748475314434	4343.336123567776	5098.228397866425
10581.507170718129	1628.6289912766615	5521.7137250696105
10348.219812949867	4762.56364576643	5152.856702104001
12055.344849524505	2213.1976054687702	5553.634913444437
10963.775087476406	3607.3703884552524	4808.134671062505
10612.646100287233	2586.7252021519803	5424.370995920376
10576.33694573305	2889.1832807415635	4703.84755585228
10609.450215309771	4039.2237603612925	4700.002914178642
10714.094867270773	3438.5104621555697	5434.007983204702
11101.407502048844	2221.9217560307193	5277.02333664156
11101.776885448382	4240.128119548016	5367.9012590612665
13025.872535362396	1231.788994796762	5579.816653512522
11756.327001444984	1956.140233739508	5412.355531042064
11174.266099768172	3527.172648729903	4868.2292032995265
10471.802314240505	3673.9627224688275	5252.380963617183
11234.060077365633	2984.2459808613726	5047.125647327568
11283.292146990647	1531.839780498922	5698.591831727279
10561.112621354185	3485.9254579691897	5355.984037220652
10459.979476018434	1575.2627537696264	5342.7833495288805
9858.111144334116	1572.003678470274	5864.2414021456325
10247.53520018377	4043.8229935095537	4890.073014689947
11708.8056355912	2542.2808093485733	5499.928333840649
11616.809627908984	3761.129931161543	5445.753680537367
10473.716493099573	2908.554082187824	4988.269406680075
10138.40717970747	2462.136613343459	4945.906121055449
10839.066011638035	3213.5035190006793	5222.8020127531045
11595.954215154576	2104.486504021684	4961.012834278998
10694.402924841357	2022.0005022170894	5570.280713128758
10482.170168781797	1972.410178431594	5272.5299975438165
10019.600881755754	3081.819710404307	4691.849083979119
12110.429069871398	2390.6875014298516	5072.743473261603
11934.709598223262	1340.7642264929866	4904.414664003392
11235.363440821682	2375.8221183852756	4884.13629594434
12204.16025658123	2854.7797502906146	5002.521995039291
11186.830046611458	2456.654683977378	4289.640219796393
13056.771533232777	2361.367668166797	4404.37836128907
11167.258589727111	1876.6447429368766	5205.162746818388
10742.799843386596	2978.0396039136995	5045.140254354435
10845.888373087639	2394.761876877434	4697.777472036358
10068.603489972822	2613.3278279275914	5055.609817394968
11072.609303583527	3609.2735442896433	5412.886465201867
11598.90575202077	2833.03288941316	5221.607810802671
11019.373022150077	1821.746796085785	4552.088516698079
12361.4944063722	1771.2790888197699	4587.46064756489
11806.416070279756	1553.5545253687978	5234.997722654598
11745.989702036906	2326.175869650813	4484.973400167025
10378.36884390092	1535.6132435738991	5152.501370412806
9597.3412941691	3272.632557145854	5571.112188497259
10236.758497327188	4051.6911657554497	5564.102357610171
10281.145517803712	3032.243840738698	5464.85846870781
10117.40155301892	3199.333943230704	5552.950124367345
11035.281584482147	2421.7121118503587	5567.088757893264
10895.754998118482	4522.210622743436	5378.892079720046
10082.183613371675	3617.5748161717947	5224.4339016042
11399.014722631755	4095.48973705685	5320.7240292168435
10698.36021177044	2862.233594908602	5035.616489643851
11166.034886185429	1861.507452170844	5354.183113430804
11924.270952320556	2634.468458176027	5544.8713462283695
11269.211067646365	1565.699111851708	5495.024268114184
11640.311704051312	4865.971513863699	5502.818671808813
10733.737533020534	1300.0418868783918	5158.3580920879385
10490.18710632921	2908.9549002345843	5515.983231784934
11786.0753206016	2428.3090626412136	5448.550221005819
9399.912694076078	2650.326820920834	4971.102527453272
9956.94453884598	3936.523951609676	5772.023365353655
10869.469513025695	1757.3854008324124	5138.229794541487
11955.629990416392	3936.872058250698	5550.340840228378
11904.32667066927	3187.8404075802896	4799.013073945527
10652.253273107013	2523.812682004795	5797.48797318879
11630.385191338146	3062.788320786305	4673.735500006202
10959.541057016622	1788.3688284711354	5365.857791830903
12679.734103530322	2810.3113905580676	4785.647060493228
10825.54818736886	4602.647418612683	5012.101477422641
11757.895065650539	2940.4986539894658	4755.463208994448
10887.17220946821	4476.458201070673	5165.632930062566
12032.193572102515	3554.0732678698323	4662.417919461235
10511.937583794157	2635.6663595128857	4924.895352978932
11926.85995139204	1694.6633765396477	4797.476560416096
10874.658853324281	2513.4143254345445	5129.278448928756
10432.93716016713	3555.2747198359357	4998.24096993922
11196.995459824324	3369.4556566777264	4733.665799595476
11342.179421576793	-861.1878601229793	5129.96317531998
12082.44362168971	2990.9019028261764	4991.222212264171
11694.105269488591	2233.8009998260754	5228.023041033269
11204.379267093987	4317.926638200322	4679.853939610473
9829.681257832503	3507.8175029450076	5445.774791374415
11288.698146592606	1546.2645639805776	5254.95880721243
10950.996534116428	4338.437506926086	5054.32514279757
10782.293650411855	3735.7190155671037	5639.730143990604
11384.105034721784	2176.408393502401	4501.89170503932
11099.547914933255	2329.5708395654037	5052.404019096749
10446.310620205348	3819.413289423965	4765.244433615933
9571.648074849656	3584.792953355316	5170.261857750685
12392.36401851404	2488.3591660096836	5340.860237793052
11431.525427636785	697.6727917361357	4926.861374493315
7845.800835131905	6429.764874998043	4390.959805118552
10623.489444294748	5133.47252567641	4980.042623086029
11487.490600044208	1633.792827740993	5038.896512767016
12403.899195054926	2216.848827700143	4906.020897462936
8119.11754438634	4387.270682072948	5022.328792675364
10896.40692492085	3796.06969298622	5639.461743648025
11111.758148057845	1823.292943305941	5406.900414623514
9816.506757320223	4310.355751929042	4786.851926032815
11507.89113724056	3189.8884900399275	5182.112313569356
10968.40513381803	2328.665100398132	4724.787909091735
10112.920285898863	3815.1520648538685	5255.159751559667
11544.667995770691	2518.0679654757496	4789.459603215936
10154.43982563199	1716.571210363062	5213.693833225836
11551.495961827242	4158.347049224816	5551.681731774744
11324.88452237729	533.6479433100583	5405.709397622984
10608.078448297852	4317.643152481515	5327.2047462787405
10756.061778392586	3459.4654300050906	4646.283304583707
12228.925537076748	1520.5225801476759	4494.033898687107
11834.29523151556	2900.202459264285	4611.138787295473
10114.307743118665	3579.6264378464525	5000.139722261036
10139.784048770505	3070.2649127939303	4944.4487127545035
11733.702062861636	1803.6255344838573	5326.385049327095
10561.89463334468	2457.2358031387425	5048.994058290095
11188.624402854895	3986.1234372689864	4804.833860470403
11839.23683120098	3617.516435850249	5333.6787787695885
11422.434185895563	1978.1677102123538	4413.3923029339285
10523.698578513055	3986.014124579703	5422.3054023687255
10750.042767878273	2741.3262307621817	5554.808180771002
12274.662454669693	3330.91498124554	4428.842819577123
12137.387271116084	1705.3876342726455	4985.860519120744
9776.628048989818	2688.6821814011355	5024.849931446155
11911.256035512544	1359.7862675977694	5231.015055293651
11420.936135354208	2256.2759005971193	5202.7144571664585
11080.309440129302	3838.527427141002	4412.7735711078885
12613.036116800102	1711.6541164045439	5604.070082522714
11626.729490962687	2496.210138597138	5056.379617111978
9836.760220326405	1901.4992700682917	5372.531280159813
11120.535168508239	1820.8256232069898	5368.552585932784
9884.092776171312	2743.512376522634	5531.947517859366
12050.341816118273	1999.985706837616	4735.331636929755
10518.61616059078	2919.0964214824317	5153.570782116953
10379.781247057112	1540.1592743237863	5183.501102540512
