10537.883174527	4868.498409933858	5175.5571360562435
628.7949854836152	13707.07675267353	7743.485025959246
1974.553275286944	16894.883325757073	6259.5405930466395
12189.301931423466	3622.5219989834054	4877.353139206768
10832.450886181328	4963.826101042857	5175.307675120951
9841.352644010092	2680.249531827183	5469.559746762845
8625.926209135643	4882.22856408918	5609.75744225913
844.0523357233753	17817.942593000967	6889.9986833841685
870.0539489058827	13448.744990975392	7210.024081525827
1736.5492267334635	16342.921593557032	6385.490920647162
942.3734849210847	15534.896630692438	7043.711418106012
708.8814675611872	16261.122547478657	6983.254346783535
930.9341967154375	16865.365642592	7413.485412146765
2274.937110475812	13389.101154805874	7898.405909741312
1949.041596678593	12767.045875868318	7812.668171395735
2072.8869565320847	15301.108245860574	7288.51911150549
1219.1487373975963	16446.698970536847	6649.150813674341
10102.484058515263	3466.737755780956	4214.602681939533
3631.7699547311527	11967.947294718799	7359.899803957121
10403.444880845269	4933.32573350337	4941.023073652225
9140.871666685232	5168.730998579074	4957.212058242907
3051.4727612011693	12433.232755905074	7759.148856830033
2389.880414794921	14149.392252012605	7388.458524373725
8456.5980714595	5438.17930576262	5276.483034087135
980.1107606974388	17624.708737688845	6268.875084256099
1295.9136141981894	15385.232665716012	7663.423376936624
1556.212328247756	14441.932774816018	7439.391483460045
1033.1861421329127	15297.848172854036	7332.390873083865
3080.69074654862	13811.819051451293	7867.504093777578
1051.975446965117	13211.596899633618	6830.464772211795
905.0936184933619	17208.780347849206	5848.239724669705
1832.620832008958	16666.120180959904	6905.288188832607
8864.626555678366	3885.941583827777	5398.464783495969
1481.750487681783	14982.217855875951	7117.073370169065
1647.209543771859	15601.438807281702	7523.572149065867
1467.9000866685794	12784.59524866947	7109.502903694371
3054.401232829325	12390.868131855594	5724.898598680009
961.9695341559802	15873.002555968762	7254.588282786284
10449.587689028562	5494.10496036346	5402.506337288709
10169.534576276168	5873.190410821272	4658.599882624998
394.7934743771788	14483.517219965912	6876.611512871164
1940.472236932257	14031.556166103379	7695.014040798941
1484.7744333269138	14850.903998772075	4832.18745190509
10689.478062024022	5058.428864302332	4813.416853942729
12111.746925638414	2083.298208462372	5042.577828290153
10235.415880918079	3832.377296143394	4933.615782812814
1630.961487155228	13241.976991325497	7201.608851804921
2056.9734722687704	16164.283099476012	6816.466845530056
2881.4616279100533	13827.369095801901	7657.100529080224
2330.968883580952	15322.313247905224	7537.470457123629
2261.032337583641	14569.588005827965	7687.350257632726
10310.365443284518	3687.019297187619	5255.430015762056
2173.383941758376	13646.650224856026	7466.242309522652
11524.962008354412	4227.416461098651	5329.671061464793
780.7707082167818	15713.99903318635	7955.004690363061
2318.6791522919425	14887.16452192899	7839.581484000122
219.80009360693091	14473.392055509208	7039.471259650021
11426.315771553736	3507.1220065352622	5699.228689446159
578.7504016875022	17646.926378372147	5926.09477854834
9992.743396062006	4673.623529547411	4947.181943877602
1628.928410708486	13521.09019022668	7490.296046576144
-213.5865970676487	14715.196473260883	6611.849877259011
1483.9273080536982	13833.515693308927	7779.759136927888
10284.10895574964	3756.9435531752956	5018.9225944682885
9580.746935266026	2787.971261872523	5293.394359690637
2697.5971259184594	15132.5856335307	7116.981099862507
12875.102797972899	2104.6650696022225	5232.532319571031
9857.750436095828	4897.060930591905	5121.47213558366
1781.8370023624805	14221.393698279775	6936.197195504977
1645.8271595361039	15036.323586270108	7690.828218430319
-213.69762490090523	13482.926491631739	7697.176432197152
1058.799547845021	16353.362354042303	7717.652809524186
1089.863204079948	15344.070805423098	6968.2975970051375
10053.736417579983	3061.0074763354855	5279.091509150585
3562.162663826541	12654.692679627897	7357.58088571096
2314.331597563262	15960.932602981846	7557.497914981929
1697.0881092294885	16556.106745313744	7436.49238969352
10302.550857907081	3644.3925364128654	5612.904094503712
9764.493028387005	3437.11061454434	5213.412643513182
9724.274008124157	3994.525970362169	4942.7261292684225
2965.065068903367	14083.73861404946	7209.285554362555
9559.33429968795	4062.264174386844	4947.024203541404
755.4966854732724	16106.000576994651	7244.171235059643
9571.857958029412	4620.851518342093	5531.825400425312
10254.734825229383	3685.300132700569	4969.399454344403
601.4255717444163	17352.85282520944	7083.920943641054
726.3758461190702	15050.479160882207	7386.3261221163775
2602.5628353035027	15447.404036894972	7029.574002458613
3436.04261810105	12649.196190426117	5023.726353379453
1723.049946012187	15171.974065824332	7532.631625163506
1740.1586697614223	14863.04143408128	6575.073587564526
986.6556967908642	17794.397572262555	5925.17711668149
2537.752107945771	13213.018966590875	7677.538141418663
1805.3843212233633	15956.251327723114	7373.21574474974
10205.816533120518	5176.526107285534	5388.363705324026
6590.941555362062	5906.102651528571	5717.99559560074
2075.8982208227385	15836.444190150121	7319.865846777802
1345.3595904461272	14967.759773177422	7104.672169242612
2239.8205973586014	16292.328380072287	7558.652225102944
7893.015324330713	6568.899235942991	5617.429762694565
1004.1246861978407	18749.63399308448	5292.916299369694
1806.0844166737434	13619.962189749163	7824.343035837331
2173.889035983332	12810.927342146404	7119.246514659306
9234.829926173154	5582.129993718733	5984.95756673565
2203.9569461396554	14891.71040069337	7521.887504161425
1739.4845153534238	13542.02875715868	7258.286803964561
1820.780843307066	15378.43748677985	7389.989963473445
2094.3246158589736	14642.819253467	7847.949352810827
12576.788086809916	3527.192813182744	5045.511418855974
1700.33853924705	17986.217561323163	6594.899970207966
10470.880412751245	2562.7024181322654	5320.470101304066
789.0000759557067	14812.781606791696	7636.259692838959
1812.4830377150809	14412.288672826631	7825.515797378964
1284.2593086543736	15799.455933480807	7050.754474837803
1270.3177735043816	13853.609207147338	7657.37144647025
1263.6034182944604	13560.510825113248	7258.156570708819
765.9383736710628	16014.59551800942	6422.626205685111
994.867895170173	14235.831100143574	7403.035013476128
9979.38924006345	6403.810203684698	4994.521202979319
627.3201790501756	16059.376072386285	6736.943809678917
24.88916270432759	14712.29765268985	6733.770925928561
1339.977199407264	16848.149779526317	5068.2799332130435
10923.887565550202	5038.173190028124	5153.8828220596
1073.9390852546403	16894.409686051957	6778.654014892605
1734.6472367352198	16932.04638986715	7431.935503419332
10634.132331027125	4614.78127440144	5169.494541115796
1348.2794466992243	15324.318609761516	7533.581432541183
2362.5675268325813	14999.520998062071	7713.916646440563
2231.029502235679	14360.888885082883	7486.87284394211
1238.3798662994077	16113.420692464106	7227.4981565551525
622.6799764649581	15013.160092748858	7298.5470253342555
278.8263263107044	16272.448888778597	7694.773244217349
2020.7990206874501	18324.721631068245	5703.620359770654
2082.2896451212505	15532.45244012992	6979.512177115736
2352.4528396319315	15946.148020607574	7595.1756729608305
9463.326515266952	4747.0896748261175	5344.551520116715
170.9636538110863	16527.911457740072	7384.430009997011
1639.9176149957552	17799.87868917743	5635.244324150953
1951.4112334652211	13012.019401356925	7270.5359033755585
2582.96320951028	14760.059305484472	7151.800467203245
1426.3508172601753	14324.106519834797	7689.158488515085
480.61784205434583	16381.80851422616	6704.739675846673
9692.165103129315	3427.255453565913	5525.654266267597
475.64222546804024	16650.413209106344	6610.8408997958195
1442.7166095751659	15509.088511691987	7363.702294835793
3161.503505739351	12894.187627049188	4993.606116780045
1503.6272516262404	14887.888564982362	7501.719406035351
1447.8665603946079	12980.96788931417	6508.988695291103
4946.562522791279	10259.002461742139	5216.356768267477
5554.046091637848	7861.382638280391	5230.683993989571
1780.0565829771672	16388.403641978413	6818.051494656109
1388.9446371954193	16012.645318528306	6291.11524713517
2423.580042152242	13917.408869178586	7607.5554886530235
2155.980972929394	16314.266185939547	7068.811303612761
10178.421318254004	4717.514573050937	5297.692099369643
867.5816452817836	14381.379551392836	7156.16740200503
1303.3048867186326	18773.185960523817	5777.843237047073
4882.837181118559	8283.484500846698	5171.549569406156
-77.24745370638443	20818.33135175536	5286.805493265263
1655.8814608981756	16770.221501668977	7269.417599736595
1159.6497253836965	14960.118681891136	7271.034374698558
3776.227405525085	12841.925440432113	7371.78814799087
934.2745829130018	16904.391718447292	6748.612264293758
1869.941549597079	13553.542285887663	7353.047355886544
1093.9765285016801	16961.041979098187	6185.298098908491
3295.3632235097148	13924.562364732308	7708.078374930583
10888.946659645375	3503.8093028552544	5100.157581064695
816.9736628627538	15137.248385366353	6949.872452748837
10236.900861018687	4784.571653596035	4432.628608109614
11476.112300036477	3361.7201912600326	5544.366350937505
2015.2643138386504	16220.422857770793	6548.450027007968
1622.1897042794023	14656.819012029258	7329.344808065488
1228.6059800682285	15264.625132302306	7502.070674904313
2885.7861891137877	12408.065311516802	7294.316168081008
1929.96624806083	13377.100478094977	7751.549796233186
1834.0573374865844	15555.001887829201	7237.77972997153
2092.1920097110406	16682.109776714955	7751.416512997641
1473.2140552544752	14970.33356642983	7181.192087445728
-28.851312393924264	14486.298368646047	6742.0804377197865
8188.4653139985185	4906.062021729946	5317.839681925792
1406.2214930134296	14509.376000321552	7760.332968151012
1390.7412263478589	16779.121651956088	6810.948819343206
1992.1756464144098	14601.592462251687	7116.261481410877
2179.554259499812	15585.805349706025	5509.155246044085
2565.892236784325	20244.98492650299	5173.343396831389
1106.5577872215692	19241.837632997576	6742.846297221472
1646.8303811567996	12821.991654583311	7152.447678842164
12123.31028576755	3052.2454900886555	5644.7386528651405
1327.4553049458846	15194.07214630949	7425.054724925781
5185.737178225413	10733.844303039952	5178.223056958887
2124.511333321268	15486.88758107488	6734.796996583021
9363.715764294724	2429.604038385697	5548.316156962063
2286.9989019268933	12222.911709094924	7466.305448539886
1573.3670870473509	14815.939139801842	6887.032352139587
9726.436533861774	4898.235371628948	4494.027593238445
1213.5280731235102	15486.038390500351	7635.870769524924
2181.6800046441367	14145.44728632495	7750.719502669598
8805.079984712147	5630.942876590537	4953.575678804906
1208.0864916417966	15129.052729115347	7173.012239864619
2078.6255312999147	16377.761366302087	6932.956230868684
1076.677761823627	16578.95867481658	6871.100039032147
3981.882642745945	11397.358052334937	5554.26074885405
887.2927805693048	16580.101301231967	6678.078446877109
2769.4554538224984	15479.590481521964	7104.624209331692
893.8542841964652	14958.562427562838	7585.496792685857
2486.4229002062866	12652.182416490125	7308.043851454983
1299.0468524269309	15090.72347807892	7249.7904126328685
10172.841742814497	3870.690744698695	5030.507151460051
2216.955467466079	15504.454894426526	6979.485610549544
9208.416776965934	3095.371057602634	5289.278342634412
1939.202204458248	17491.37168644762	5683.272210340511
1693.102805293409	15220.58315862849	7580.606604352071
1995.9789355951668	12680.87372917072	7470.817806101812
7192.514513756516	7956.110578676121	4412.866816198572
444.68309752476125	15793.953648266848	7449.235290439141
2727.215188389238	13965.130100353059	7754.307208474767
2005.8041687201726	15010.059416545655	7215.222362298434
10948.496426179176	2550.4022592398037	5209.604631341376
999.3964055382388	15124.427251711068	7141.498113182153
10452.948814469248	5015.210871139869	5116.006744907977
1392.9645271410504	15962.225957334933	6781.508918856777
928.5813866530639	16969.845692142793	6627.977642645505
10320.272734465305	5921.792337514649	4634.3686804790805
1337.4405735101361	14415.455546145487	7660.893376635967
1891.592977634043	14256.651962593098	6742.911118796069
109.87560535879709	16464.05519325722	6099.04220663559
8523.612514882483	5621.749269904023	5466.160454180945
1524.9937519576883	14691.147278546425	7357.316311154959
1205.794323063006	15743.706823504966	7167.424392528087
331.49123758751955	17707.048144113847	6444.191135414868
1760.0513130812462	16410.487214392197	6573.953825855534
7999.615569794522	8145.423896849352	3941.0504366262426
495.8627327937047	14303.07850368152	7394.501198392397
1745.306811992065	13921.418058199712	7011.647425205522
906.4256664504089	12974.30101300593	7351.570251210566
10957.3250417241	4054.4069382752764	5407.335157573573
2837.087694697263	14561.736836733528	7307.018780949044
1543.7028222600134	15794.375875603044	6594.254495228285
1660.1828648696585	16020.758817233604	7214.590271663339
934.720412235525	15150.860232564017	7136.511554229277
2455.367000448733	13162.539317978903	7590.914802044697
1034.4310325601978	15033.400388543225	6923.80773040993
9354.940232337993	4404.703588414902	5486.976828383722
2554.076921355183	12781.102024471547	7832.156355359712
729.5931769634667	15107.223414943914	6441.684017814987
2013.682788352809	15300.713557836983	6996.665283054677
6029.685624685456	8640.374703602467	5340.210528434537
1845.7048276625942	15038.562628229094	8047.307358366987
690.4606439137453	17226.49216272987	6401.098358650864
2702.938357790807	16286.14753167489	6195.396922565554
1482.9872928722634	14008.025708385601	7289.887107232622
9955.823585479404	4783.587309893778	5492.772552419558
-203.28260570488433	14245.513432300413	7623.250857029037
2845.2279570304822	16408.967856851425	7265.633389828326
700.8002465561365	18687.587959037555	5717.6759146850645
2229.3798720182117	15116.331340269158	7293.479483640902
1002.5761162394817	13063.77239113243	7125.021713480749
1311.3512539576222	16350.506252452893	7118.738753627851
1956.7598766275376	15655.230671460695	7564.586793895468
1951.626276352826	17227.959645776624	6687.934122805916
1187.194512545864	15759.25499523503	7124.0607510827995
1760.6591739460266	11569.5825545309	7609.745872198838
2870.7199802208993	14389.97926812213	7628.326986999814
1337.284179178733	14469.914566152083	6977.390967658321
2151.29633910102	13970.437430906519	6996.197837417801
3228.1788818136047	15145.855302056694	6098.1408609525215
1245.545991172141	13837.11053310865	7769.016367395053
2043.854875732506	14947.446167249165	6941.875261259196
1294.8376787180368	14557.891167449205	7052.702583088983
11181.998265471191	2835.742234223909	4874.861488465763
8586.960084222042	4795.579263057251	4951.2796379154
306.8532779836147	14630.245064269999	7176.439699659815
2392.014494806276	15575.134598518625	7045.6763874082335
2907.984590546119	14469.733749621759	7471.414225540802
1624.57786646131	14946.779168936388	7438.784142367289
440.0493491487489	21309.32048809251	5323.548273029223
815.384975397343	16412.179082963146	6628.5702399678385
1843.7370726281586	14087.292622479037	7060.063405443096
11311.022746525852	3853.157764444468	5594.91906037192
2529.664968256181	13934.02444723961	7635.613109901383
583.8364134726055	14951.99056003085	6849.321083026209
1942.2266715975895	13648.48840361533	7818.538702091368
10247.873335927246	3804.5257632598473	5672.781600491303
1190.0564346429674	14083.110075702034	6834.979010806331
1686.7244324085443	15864.475674985733	7398.172291844823
2236.3397902153174	13803.415860156707	7613.675880369854
2398.4225898401555	13284.244458040472	7788.601655391669
9189.588985488674	4082.310892951377	5260.294857263895
2367.4968964784944	16333.569098670436	6794.649541957923
1370.421698697685	13062.114522987365	7878.652133213577
1310.091852506422	15659.374376148253	7099.652666446871
1289.8394975915028	18404.602444623062	6026.996277495996
1100.6348117998662	15372.082228491912	7209.314729269226
8325.05512854768	5287.351678413093	4862.314804817098
1838.9973190340963	18050.835070032233	6107.529637708601
10171.974339004419	4465.081801245333	5144.980036561477
718.1220323162461	14208.931636759113	6463.965707118393
1312.1733439764396	14064.172724496988	7535.655772699554
1664.8564621803453	16276.817554794197	7131.7780747723045
2103.3446960262986	18454.77545825819	5924.886310303846
1884.7763371072874	14701.302685281657	7022.767950839058
103.07995953681313	15564.949054411292	7293.317122555294
9080.82849909377	5104.795535660721	5143.36875715415
1424.5031786427664	16894.64495262983	6884.874632075867
10451.390914928437	4568.514000386242	5039.066582296296
2587.016639889169	19603.246771094786	5307.881059766065
980.1455581984936	14456.383554448748	7645.742658050408
1380.1119146491765	16167.91037203138	7224.263654137644
2239.2595189657573	13552.708360204102	7985.072404743273
1221.4710734461482	16416.72937973162	5756.0738091492985
11508.6770340043	3870.11160023922	5215.086522595988
2220.6242649282535	14133.943768293584	7017.285684630614
9462.9378459904	5515.116463360083	5572.674537544159
476.6966472224334	20794.929875389505	5141.607827223091
896.2749732920682	15019.277434233298	7611.632225959598
1828.7031216051005	14273.339870814869	7459.16793551074
1554.2405100690637	14776.594408473862	7226.705320695789
1945.7796134238652	14186.10132166234	7780.237877371356
2689.69244877276	15285.868905894913	7530.162078547557
1406.6010814780896	15151.021829914618	7581.251143528933
1806.4753849736296	13518.147109344914	6682.106361330423
10457.878115391602	6030.959924408742	5336.795379524546
765.1263767644344	15105.728233162667	6871.1248191238765
1917.2362230786175	14353.324869824373	7372.09530077474
1259.2735406460024	14652.958840318297	7856.060569006755
809.5284879866161	16363.220884612014	7878.994946952128
1031.0149794208835	14188.360227415833	7078.140597389994
2468.79249736657	13424.680993338574	7806.418172448403
8878.982712212905	5966.192328967519	5401.653706020673
587.1471286945191	16078.752916273856	7304.486860624054
11483.983681355865	3710.951661870136	5742.572223644549
9521.304073917545	3391.4690419021217	5110.951324272259
1635.8217791349016	15424.543121721263	7751.371348995293
1284.4549456777806	15078.30140223625	6819.69290768003
3519.7943197673576	15480.790702268794	7023.81017551844
969.7876086471871	14608.187676237887	6853.070770042702
8633.443955550378	5515.865760659569	5567.775294772445
769.6749053708221	16952.379746611572	7804.066624592477
937.061250349935	16745.130884964223	7571.665577391592
10569.057364218212	4002.0745885556335	5202.551225601262
700.8959506572892	14196.759137615536	7499.890033730071
2720.3601202197688	14633.657035646938	7334.2242445533
11218.754410695878	4770.3457751494	4953.638256980864
1453.5659717468945	14863.862982516683	7557.378606031008
9386.068524686236	4905.91431757274	5104.55062749809
9267.971954958688	5239.126304513235	5515.7173951596205
7542.547036637729	7206.420069958515	4727.418447816949
2684.2360680066204	13374.08872562841	7625.693533235185
10862.661339710543	3610.193481823531	5304.526394560802
881.6757730283551	16136.325589689115	7174.433129818873
1263.2176778786295	16878.410201791452	7788.032107870829
466.43363894724604	14708.7852221186	7322.552997724978
1111.8731726300125	17519.900623236877	6803.951844533126
10800.398235359895	3410.7170970246866	5296.666021307031
1493.3905159660037	16287.416851024975	7241.495630506917
1352.0572289307756	14279.703601589406	7527.222799600815
898.5857160799494	13511.338634991864	7319.833925964883
255.295391745907	14768.074229443773	7320.201875038631
447.9649070108606	15037.493506945837	7130.614260305949
1864.3911861179502	15539.097933262443	7206.6071659515865
735.5779551217353	16006.738579364228	7890.902442509877
9690.687774035723	4526.925005686337	5345.623793830987
11643.34413057625	3415.3641452203997	5424.580670162405
1871.9783428294074	16514.651003583327	6516.84659280721
2935.5095376522636	11521.286959768562	7346.78955525208
1432.6905507330525	13126.284197362023	7515.594875323187
2069.205289490712	18134.79260832714	5594.250245702297
2518.1911267681367	14478.489283091938	7338.154128088519
2524.2594902301244	14797.03565910814	7549.194351241932
2090.3652247987975	16082.258995417256	7292.213149132212
11137.851505757972	4121.327347310012	5272.277474994514
10770.239674570466	3620.06921404774	5915.077171448559
1767.6204822555314	14365.266985365854	7197.599944253917
2029.201969466221	14792.817960344228	7028.880219978918
2132.4250873239957	15203.87704731498	7078.499140607234
1333.376333075973	15782.352556860533	6973.597393686419
1404.4052379463299	16551.217205309615	6988.905794180271
1494.8275903497756	16562.967239358877	7009.843761871919
1261.3682530490255	14356.744456154942	7352.237625602992
3120.4672489755917	13759.399168725213	7519.063175887228
5759.0026437731785	9534.75960452696	5408.8296553891505
1076.2210465165972	13675.876173116043	7681.191646568455
2727.962270161527	15635.387442240966	7911.208140337062
8704.355451968666	4479.721276655697	5495.998487988116
11388.80042529642	4601.177894035272	5624.633802346828
2522.695224133094	14724.259304503432	6857.204005649559
1281.2454630979914	15959.717912838414	6832.636689865577
10147.63366801724	3911.173250339072	4697.886095632072
2257.6372017285166	13101.762312910063	7546.481193281071
1258.7288982384266	15505.906442360965	6785.444178115481
10857.423544245268	4683.142818653116	5180.178989395953
527.5110383639002	15442.54259072839	7067.851129911049
9253.105857517054	3492.6379315819763	4807.201316217249
10747.138915012809	3730.1795900319116	5251.993447552186
2170.6295846756775	13119.138051390228	6879.190081080244
1544.567827659869	15563.223907791238	5528.279753729438
1277.6688225156051	16717.235854667837	6722.886080446767
10233.413140195104	5069.437538824595	5596.476032342528
1962.517752581351	13211.79593544675	7169.955443942536
1859.8850974069394	16977.322625759774	6603.076483902476
1626.9668893228843	15001.133108800463	4907.034472725443
6854.0141835571585	7993.121539024189	5167.303346027296
701.0523923425237	16959.348863485244	7381.876404980565
671.7338107675961	15584.771045583464	6174.236639235535
1787.3711484190458	12786.806518271474	7387.972103721891
2403.5083720293787	14300.991754191264	6929.98426798522
1471.2161934911	13690.921674981257	6396.861162382371
10105.004182596971	4652.5470556128885	5405.696745108639
2757.434310473902	15071.494432963502	7738.4793278972165
2818.5079997285266	15678.669904454491	4582.934409599852
937.2302606024167	14233.22143675196	7007.060999539881
1543.7598731933151	14395.600090733336	7167.085264707814
4150.727315740616	14858.526797610755	4512.590675197073
1502.2437784525268	14615.740862369394	7370.99753464494
10348.825022981324	2930.46890268016	5696.8346025332
7768.4754383007175	5880.084967573149	5420.572909150113
1924.2377797647664	14497.592421635902	7152.097929015275
9992.148717878754	4482.870198687717	4682.815828174985
1678.9267267087907	14968.449989414974	7749.030560595777
10945.380137194701	4604.768160369451	5440.6627452637995
8391.81673003612	4711.982318007702	5335.98169101148
1879.555050450879	14811.749143602447	6910.670801280063
9170.591043743518	4454.924668470117	5546.961718002192
3021.192970573865	13280.702772063314	7586.387926089259
1625.4416762509127	15286.88707401707	7050.431416320585
44.37372961156453	14507.843027821204	7587.940986645466
2203.8837891800604	19219.453998374218	5920.769691928624
2629.8921964125193	16437.033479418467	7186.146836355322
10273.834834519324	4105.346515092371	4813.947674102073
9938.763380631348	2739.508007567837	4955.263613136676
1830.291215565843	14342.7331310881	6829.122538195043
1715.8505869105136	13615.03344674527	7412.87948959935
1626.861917213187	15245.854926962562	7391.264284382888
-365.36309868430874	19274.468874501315	5582.0695952954
489.63222034496096	14624.339914013424	7503.567378511133
1802.3425273732184	15706.91837981274	7009.455472810314
3127.1246631345207	14923.03452200098	7513.615298931697
1398.9797292081566	15442.078557948465	5184.656891265602
2499.2451685518586	15550.226063773309	7190.128053654155
448.0892570460903	15755.174562616288	7224.536013279304
830.5158907006253	14799.551876691443	7468.122312891981
9380.913488398355	5022.169635685014	4694.031324021274
7936.750330145369	6981.869210830981	5319.533127790897
1320.251444302501	14235.396213696675	7042.836244842096
2130.192804845098	14332.679761059466	7823.022515866853
10980.963671801817	1484.5733353388368	5596.226592981157
1420.8263877221898	13751.267952017097	7333.8898648236245
10220.793502680473	4513.629577220601	5017.916300296833
1944.1905359676648	16708.80613528978	6672.86235352224
10439.410931665645	3773.8401131708524	5178.070956037804
2862.3321409437485	14037.645752641385	7237.005286022528
9685.95541335684	5454.673882345034	6058.039830537864
1229.60691941295	15655.027349113449	7618.436605192898
9973.80912893379	2731.4749555422586	5137.309360082679
10919.415590745497	1511.5425225611812	5226.73573299591
2759.0876562766443	14883.61669128636	7892.306697162207
904.1563728511557	14884.65658943539	6987.067978960142
11770.507223636416	4607.230389091163	4510.202570553343
1186.8287867134532	14794.657413583316	7269.869865787023
968.93299213949	14978.543652733486	7158.741212324585
1281.2056840719351	13740.24236878698	7376.348184373674
1815.468695123146	16217.53021656558	6404.9372220820305
2014.487568049165	14898.545275760536	7317.52889793879
11685.872272751065	3705.0260723853403	4988.430511379545
2293.155739620973	14731.015383072063	6703.69837532222
9728.340664480467	3670.8311390948593	5468.595816250214
1085.7217819591006	14758.136959377327	7456.2653201821995
709.1613964690595	14344.92780799227	7732.756308897917
1377.6229177728294	16728.85854009634	7289.042517792011
11025.246650616504	2607.079642204259	5286.315890288762
1551.1395345334606	14729.061748556926	7386.263932215177
-104.23061493995063	17321.716191612068	6148.78351822513
1742.8463368993273	14680.374889938079	6643.602514028927
2040.6601505847925	16334.814899792878	5533.583117648241
-10.059052366021904	15795.96450489125	7397.96687323623
1697.978946370785	12240.714073090103	7575.213355577696
411.61260872743196	15555.58438277888	7274.365413538789
11005.055671576278	5128.439930456189	5091.333278398712
744.5797036435567	14286.881092521133	6922.412864882706
6543.687898061612	7997.164162571812	5458.644359714078
1822.5892709547238	13372.842566662455	7303.626517271568
11652.540779602066	1411.4854558978523	5843.004702456286
1881.0643979753056	12592.081974622952	7699.148813331471
1510.7670986807088	15565.321483522752	7492.960030158448
1993.8073635074409	12347.28440768256	7632.8259163861885
2166.985504346381	12265.646098960839	7011.134256398405
9311.934150841626	5209.66357371772	5977.400824739809
11679.812634268084	4192.66000240281	6136.945009057357
1317.631214183072	14189.914142097883	7304.486303355497
2214.911003468971	16643.48806145032	6846.958631148838
2246.285285605646	14774.253036380727	7388.963238151778
490.2175632723535	15908.263474663332	7232.7410434924595
1081.5454864725243	15604.477593412163	7202.098471157868
2850.79107488854	14311.890819167278	7081.467442260118
1620.2821964093628	17208.297693367706	6686.242486886469
1390.3936576116796	15409.853671182434	7161.035930127217
785.2673703996122	15359.613434943007	7809.8241811285425
1528.1763957929486	15102.011123001654	7893.56045180208
1568.994493012908	14392.383501937034	7613.771334902883
1562.053476819121	15447.3976520707	6834.809404642993
1564.1501366863224	15834.271989122744	7228.742777254753
8879.639271937658	4958.250974564863	5246.89447775399
2348.4074109397657	15252.584194276318	7023.7611996413725
2661.4777357114995	16702.792358883173	4850.776181780702
10592.852507197678	5258.220069999614	5141.641677003489
1053.3007951803984	16908.89130291847	6901.180201991546
2545.3715627465067	13785.336965782313	7700.334206387124
2615.6443290211237	16783.772448149703	6055.790916236882
10480.167924585858	4010.3053687854344	4285.042944850673
1578.505726149743	14980.295550008443	6831.574065750251
489.0068687496584	16115.103262658713	6969.8421672340955
685.4714724005356	17953.060703229567	5816.105485311117
1370.7632906322235	15684.564625829982	7711.202746708498
10706.45050166381	4109.61101456912	5544.580303681959
217.4418611225834	14438.40921692831	7203.8576679976895
9822.709200498271	5257.523256691778	4864.145211386537
1561.7322732377172	15526.857342059488	7528.3336315736
1966.3031005268401	15985.251575294988	7351.2052207596
1154.312679263136	15922.546123030532	6449.546813027615
1969.6856775806446	13364.401675396079	7402.696728921578
11800.450331881455	3591.130960719411	5302.705305078103
1726.9573977918994	13347.967956400884	7550.1478466065555
9542.266075960742	3661.064164606945	5334.005309372118
824.257073577202	14633.829190856908	7302.391522179361
1991.1794153048154	16249.361721261272	7204.930149645396
1109.3240759394673	15874.938553530486	7409.473301058006
2672.8128234769415	16952.36795641044	7605.626894196865
870.1662329220474	17343.156805002418	6201.81521890088
10205.66947439319	3466.2085240288	5334.361123852604
9884.685023340466	5043.960448194211	5561.567190833811
1538.2305405431791	16800.901823151922	7711.878169645739
11732.531156091853	3526.0660854159105	5034.988078737078
6669.54139509166	8160.116662496759	5530.930456370408
8196.713226280925	6149.149572725359	4661.88046811703
2062.195215035356	16660.88353231104	7405.649185050284
2808.777541616138	13793.899396436182	7087.411563771138
1937.182858981488	15191.89634324388	6742.898322729975
2814.439450328097	15998.914237299294	7339.47837592099
1936.833690640161	17691.077656954236	6830.9820588316725
449.26431427399706	15400.571695645865	7407.167487583838
2057.159703638488	16106.252735925787	7542.775046491678
2566.4666410989753	15014.39233251065	6598.6475799506825
932.3240497449137	13584.191381083881	7114.085991578125
783.548015180675	16831.64936404941	6941.630451022309
1648.7075132697355	16529.071628300502	6155.913259755802
9597.713516956317	3303.370802507579	5323.206643209046
258.2191805959346	17572.684177985677	6732.50944415006
10776.78956054686	4762.097026707395	5256.321486349778
2019.2695983585022	16015.139087164094	7699.908319680253
2464.6890087323195	15382.751537072721	7055.2230379511475
2768.88933106795	13975.111640933032	7280.422969755243
1454.8627228840908	14100.344805378196	7403.597669363373
894.1669140462346	14728.157803019954	7347.2438647958725
1893.0006161885256	12681.765264371346	7838.02083185702
2512.6899345345355	14287.056922219519	6752.8765476157105
803.6960845227303	14662.194320792894	7627.797032339094
10622.699405003897	2850.4702176845676	6024.494252795549
8916.683822043942	5284.704954679461	4514.00004017519
3210.7740183650335	13493.29479229046	7736.883983932068
634.3735932284576	16319.422854530041	7248.81864772107
678.3461181464314	13740.273406580309	7931.635889154309
1943.8156684640423	13833.429021966154	7599.775608196098
1527.1904819319088	16486.11814716208	7316.7397249561445
2229.6870707249986	14908.599920622244	7291.836586742242
12231.054249192714	2559.9703451821792	5040.625098304324
1816.6540890743574	14425.196178650775	5435.663944966205
1119.6692208418003	15198.248306402622	7299.367743173373
1740.751586617111	14373.1373993315	7756.825818819387
9150.346567485014	5022.08886356239	4936.355615108259
1264.5000173625237	15473.247964355693	7152.997668868755
1349.8325428818423	14374.453357234088	7532.79738491386
951.3546762732506	18683.58099645571	5173.462171638065
2456.43400765497	14597.74964143878	7550.245070870998
10401.338897851627	4494.0456473466975	4919.489418288811
2222.3447762957494	16239.282459523036	7289.686996088277
1324.7817355627847	14433.239054984473	7196.645591210649
344.98334501369936	15901.35644136199	7161.385093775346
1142.4161469960795	14445.763514569675	7170.630297537897
3304.960632344027	15235.206375976974	7043.349412879535
10625.32848102205	2176.3521029244994	5485.023331620846
1028.9000386533403	15003.605194185555	6770.085955580197
10517.48814606897	4064.3603691037097	5645.602574660912
10172.783424710582	4517.862872630887	4944.404563662671
434.11481729509876	15767.386859264601	5966.088508329343
1579.677904968647	15445.717924668108	6867.814200731296
1406.086689587515	15050.230056382474	7434.489535993999
1796.2307898156473	16507.38281249492	8002.78851976567
1470.0092667153235	13381.664953239851	7906.470757457954
1763.562411686259	14492.835259351281	7425.992313250763
1838.2726867160259	16345.993651936464	7177.278934130108
2806.1798946645713	15193.567872233925	6966.440539525161
10488.806261977614	3303.3099809017203	5164.47609953083
1987.7254622952976	15227.768049882758	7047.520841359457
8154.490507093464	4492.300117510078	4978.729295435293
10477.571774207709	3507.255078397613	5132.747816492586
11027.580096141535	3373.12075202778	5182.312002098471
2370.0605547132527	15646.033721934786	7283.834141811563
-33.76425541569169	14370.146356226765	7450.349219836903
1818.8336933082192	14836.536520273301	7390.555594571876
11022.157419071842	3289.0740443350387	5291.6375555164295
1318.376982201692	15624.190502415946	7134.080075176829
2608.977529215985	15191.89146872188	7228.166039933111
2037.831906969475	15892.198430724911	6634.984468119198
1103.3142932598491	18688.20980690584	5772.428982661071
1657.4528784570036	15650.366826229767	7341.551799802229
1286.6923263722028	15133.511192470209	6321.925452812746
1822.7856506601024	15075.745966254193	7215.270307420866
664.0529791187739	14868.578935798387	6638.33335925746
9478.251637810412	4350.246192124042	5858.024061146347
1144.3782596846895	16095.492149099453	6875.8765417399345
10473.637861439727	3685.058030463693	5238.0440735914
2037.5591078043444	20208.21314359763	5671.069133754827
2113.40177503062	14430.918538386335	7192.797615007217
1491.1755675233976	15339.396449013568	6980.083859547703
1999.52288332743	13707.893569565387	7086.413325216635
1741.009659865594	14101.978341996186	7080.145056790652
574.7663755962544	16625.535432937508	6391.912379968271
918.6367353309078	13242.400139845402	7055.071385314187
1362.856253281758	17148.95609212113	7084.063027151442
9734.97750432764	4722.921616551954	5808.960731376556
2611.993735186504	13404.135442049004	7366.53396326568
1528.3852066879053	15833.51134513113	7693.292277046268
8886.188739474848	5397.0003930062285	5695.646005025834
1214.5321488369716	14483.570272742756	6916.355340214065
8007.415123616025	6660.095858275886	5109.584956334386
12011.863737551963	3746.3443110756525	6030.6916097608655
3091.5789944075814	13420.339153851164	7400.459181916655
11536.239791954255	3347.9093399179174	5067.365609771589
1482.3506587182287	14997.511854024337	7149.576326187656
10900.180789379581	5414.453014065589	5394.74476620307
655.601009401728	14734.532278062754	6807.261236077232
11698.584295670555	1942.242324932554	5377.569260498502
3030.5797897536518	16379.484147997067	7036.422916147359
1087.0818055521902	15022.099785156386	6885.640100190833
1535.8382393791114	15335.56451307408	6870.79699893424
126.45210332050182	14343.702658663928	7894.065759187464
1969.1828784863148	16047.798994216666	7332.7641097198275
2164.0300979712165	15955.409752021766	6871.36424750919
1474.1648932645292	15206.032328512034	7123.926955031339
7338.691070668302	6596.11644224382	5119.892151701124
10018.333089218959	4355.050176233543	5128.936133643921
1250.6740428602175	14674.94651946621	7323.845807910116
6098.689278193779	9039.588260167788	5220.757001467288
10155.28359098215	2747.556312447378	5299.720684790686
1119.0940337647316	15238.054733790985	7378.446200591261
1652.0173231387487	13948.471030778312	7385.582817386285
2111.318562203656	14738.358174845962	7744.016784158806
2375.7776223715096	16612.5495151658	6218.704382404396
2223.333247239712	11968.013299970455	6999.030758871134
1951.7884564497645	15111.183341590693	7346.218343089086
8618.215783730708	6677.767674775108	5380.976836699927
1944.7912755452815	14941.06749163238	4643.160503866864
1839.2046721058578	14218.04363979794	7117.442826427437
275.66604528598907	14380.365338910537	7463.88199661431
2140.8766312838948	14298.194030405173	7807.083028439918
667.48921707234	15124.793868908677	7684.214982732155
8148.473745749505	5343.2907453039825	5449.086179136743
770.8434124001136	15326.155422700793	7875.323140311887
1825.1530617383644	14181.456161632232	7518.950342965707
581.2775943249336	16051.97932867495	6974.968501128111
11038.388029416205	2224.9066606506112	5631.225414261563
9607.117410201103	3631.5383497507023	4823.080900016777
10177.550018055083	4051.870772328844	5497.530428773475
11384.316080530694	4369.766243465243	4621.1517882955
1699.6876479707032	13513.175746392973	7301.07111698541
1645.7726370708913	16934.8479463931	7070.422401163802
9609.132456799209	5097.061619585737	5093.201382599018
9549.17123709626	4756.477665835497	5780.6679363517205
1586.2124884959617	15908.758547111269	7720.128816431441
9883.711667001247	4701.45758823378	5106.683620821384
1499.0218393110756	12939.832600241378	6910.793891816339
2269.1584253466644	13576.349909677478	7301.770360586626
10309.65930539295	3280.719331581512	5164.311653259761
513.6432216141818	14354.146073869137	7178.6896448722455
10571.13736799383	4487.913183186256	5441.535717206462
1514.12077815058	14001.866189238675	7126.115349643911
9627.785441440015	4812.934223799472	5206.259323784586
794.0215475691825	13290.014461678158	7254.607239301693
684.4498443533005	14993.866919327464	7628.518220966679
981.4212190643968	16724.908387537027	6832.136750503109
2437.2626097656453	12445.366022157123	6732.792096762117
10263.626989341985	5272.868476380391	5046.154194826809
795.6773451106593	15996.771788095835	7386.38917171365
1407.680695976945	15275.033054420614	7504.124490340139
1500.2269260864855	18094.336619154623	7298.245800696747
1624.2495398552746	13551.524046373395	6783.2750853266225
939.4219159820638	13804.990035796516	7362.24553256479
530.6214083974978	14032.438040171626	7549.841601405435
9126.841097685015	4492.903436486404	5681.1845248712125
2266.5897572332015	12722.464106796044	7287.783354720531
10204.539728951353	5804.0702847040075	4758.1811215261905
855.8816890029262	18302.592158196992	6446.275284081051
1883.2124570082622	16257.611240993609	7031.094498042422
10772.428186561265	3648.618608600581	5649.012255781763
1696.7112631892687	15425.45451682614	7008.523103400538
9471.471485969132	4965.774572358873	4737.0901610992305
1597.2071152025205	15171.728145971278	7410.352509650799
9609.62924285975	4590.705239551736	4825.998298480548
1737.1180224217503	14413.666173313626	7451.283844463327
1065.054157905514	14392.685935289444	7634.383948851396
7718.17125453137	5420.02070039652	4798.948670034605
11380.056354964941	2891.4198362708917	5158.737794365053
1029.2891429902095	14781.758194173848	7183.375624563273
9922.38830547837	4929.191217716436	5154.270279525862
794.5180366459996	15264.643957016495	7358.42170072305
312.65840282998414	18268.53681124023	7041.469595333316
755.8961414431361	14053.150488450574	6991.235890747929
816.8959342543906	15238.732694285722	7088.763231148651
1512.4638916288045	18640.51267339629	5671.592607591823
762.4038834070441	14623.30013035497	7297.9468263495755
9563.596030591045	4432.746268035338	4613.006472129955
528.3048713780852	14002.273308913229	7526.563377167
1674.4608786701258	12768.299636877995	7068.57200467917
1191.4095072875812	14298.001969198363	7871.264046168504
1399.4066139626243	13735.696148651883	6941.814044124624
1690.6204306661432	15550.385869662327	7297.950757741357
775.9306945994674	15079.285080164917	6959.8648062947495
1010.4084414618219	14110.188904616149	7535.208110228822
2782.070589935771	13342.246261572353	7483.182570547914
8119.63119460873	4708.073056535432	5181.6244165576845
595.9294867146812	19291.47576907058	5677.173307916741
1811.4398721685118	15476.53367392324	7038.728831567945
2163.1619833207524	14500.984165003365	7296.301091407306
896.9610974575644	15995.36281695144	7213.795721964887
9674.043465074024	4561.38173977038	5992.442142217138
1115.3955416124845	14593.496257346682	7452.9014692845385
9241.445170553025	3883.6880541333603	6409.529945096193
10458.82992043778	4020.850519618516	6016.491090277868
1990.2887443349814	12971.254892804765	7178.860989776462
1461.2354171190534	14500.769365399725	7388.264415931233
2655.265361683555	14623.34881288409	7081.646755797286
2554.0092305330927	15494.662926424291	8052.520296498648
10281.603059079574	4184.501072612655	5952.51215050675
2077.364846649602	15576.836641118412	7502.318466721105
11122.445020820387	2262.6258048813	5079.749614007943
969.2753000391908	14908.0029389733	7052.307915401455
1255.744426118211	15086.199149360311	7165.127956553773
10098.392119046657	3309.9809702093157	5305.584216131449
11716.388180154345	1849.4918575026384	4829.391214354596
9211.92995130277	4884.890835037966	5454.158185189676
8007.1980532437565	6841.237756920237	5326.362813558998
1750.6697658989233	15540.992167599921	7506.50244836672
2185.4068906074945	14554.901376618069	6868.849572458597
1419.9264113167835	13482.776209519821	6953.218229042489
7672.858516225041	6778.137375806342	5377.759012506932
1867.7127969349156	16412.54710963049	7237.949570289564
3121.6942083937092	14317.549415524214	7987.577509801644
2128.106750603339	15919.793644192638	7205.010364710967
1467.4319710953657	14525.99302567821	7569.513000013619
3067.7423028756575	16383.540093739603	6781.061883891253
-246.4518792324293	13815.989481124745	7569.923133600693
1632.9022744686597	14419.786456411954	7350.295279969908
2635.172180792758	13446.74507088879	7183.217736875031
2457.717139629925	15936.339554294007	6633.657826417453
2706.248829220607	16176.719481265447	6583.2558981041375
1256.5610683212499	15733.058339796671	7449.526033456056
2287.833130853571	16021.559988480876	7037.805482797979
10133.55193010452	4815.459225139526	5841.190452866224
10362.072445762404	3947.721000490409	5383.056129077288
2612.041223846024	13979.886602168079	7696.349174072771
9942.54598793373	4252.357253596649	5503.77092840942
9482.991278706804	4333.637197317747	4954.698025682023
1363.4844412747657	13213.923616758353	7654.080067245858
346.6188559265463	16711.155423994966	7562.359246856734
700.3257911537545	12814.31955095072	7581.168875425695
533.0355083829232	18581.1315262628	6158.604775481322
705.7921397592245	17037.381420796723	6012.397900961302
10192.183446823095	6119.106388849154	5044.905061635915
1880.3273144581535	14714.558408024166	5196.081454691798
991.8298388262783	13978.916690506441	7665.586939230782
1954.4050234286656	14441.350638409947	7234.228493322112
11579.56633057533	4818.538124375102	5156.165139607282
2945.127203822994	14619.837733066903	7580.7626840134435
1466.4147643235303	13173.252738979034	7832.176336467089
2104.4895810659023	14827.792329826856	7433.739857493919
162.34555218848269	15965.915965664904	7387.970541203114
1364.9417467025926	13588.511416370595	7461.097093849474
9516.039379701066	3878.505843377723	5585.286968282879
1490.6179782846418	17598.16251751281	6345.143357946435
792.8169694797581	16121.223606207004	7357.288259857939
1797.246910927695	14853.319119311804	7207.5213514137995
9301.243489750763	4591.274829716144	5272.094386442806
1146.0515526161669	15823.724241438147	7415.2258886445425
1090.4624626580253	16344.451560018895	6446.181884167488
10492.417915582302	2954.0847128670575	5285.5209411076485
1043.4632019884334	14389.216093344014	7569.576154563607
9400.702065516227	4596.686465048377	4659.680837166723
1194.7328747677427	16284.215623104868	7253.599212697562
2198.044456448129	15110.069174487053	7966.273318711041
1674.4198321111198	15180.570671103564	7125.597154324675
1938.2771450977932	15163.033515399862	7304.72811256741
9123.332592969586	3479.6787395243973	5319.678715014525
2006.833720117239	16957.439083870588	7091.155943502857
1847.7979987272736	13862.979402141038	6754.321509734921
1356.7258801207922	17230.726639753055	5940.095572668411
80.04811165950174	14886.997762536364	7202.183764041122
10618.238229037055	5451.737815025754	4753.795735674396
2454.592918190348	14518.58471642318	7359.7920214109545
1998.592550866327	13324.492373533521	8233.325837712364
1556.7761705451123	14365.477952773552	7725.970959054049
1443.4899131164152	13151.196557598565	8067.3635501023855
1504.9368814687834	13499.609842358092	7151.432354226159
2551.8095513871185	14197.865536902038	7506.3030087299285
1218.9442843760598	11833.327780211199	7631.22394641011
1947.9533749765696	16690.95942273332	7184.796781689576
1875.1488820153138	14693.374770276248	7656.404374940767
1084.6680519692502	16413.72241316126	7169.359263388697
2294.617399365615	16538.56143138692	7301.838564866747
2318.911163019204	12396.001404757139	7739.096516007037
1206.7594781426787	14335.020935057646	7380.812702535767
9766.027862908468	5154.694195794007	5508.154960613752
980.5110655958557	14600.354084435125	7044.541270976891
2368.108582522053	15311.308782659207	6406.3186020481135
335.71106984957976	15480.362382859192	7156.160914098986
2494.605343342582	13897.134980868585	7828.01273532385
1051.753202971277	16190.321094216803	6604.156883547255
9475.125957584236	3542.4432511791197	5142.535731482559
1352.8455248914029	16632.302168517144	6455.50537515017
9279.794912833517	3906.247423405523	4820.517705800818
2406.395179781806	15556.682817468796	7504.7646228999365
9621.307883261768	5087.558345010608	5429.016666826795
2562.3742007249534	13009.64462189346	7395.647969130108
1032.8929573393525	15031.608889094177	7114.814048320434
2308.3564671566946	15661.124957277816	6700.6425356298805
10949.615055716067	4382.281518535294	5650.069279196112
1194.722365382213	14600.68858468288	7325.114698257803
1588.313877818029	19422.59297704012	5449.992547858489
2466.4631381149234	15582.919391106807	7728.424480326983
662.4828249457073	15191.412636195113	7526.317771905853
1577.1732453668717	16024.32336454727	7137.573268286119
860.6161505829429	13756.137124807552	7255.910438491637
1313.144952984946	16576.539195893074	7260.318010673165
2733.6946052352046	14150.218673316978	7377.3691003077965
756.3575438514742	15129.614200153765	7025.194088358659
2337.7170087970308	16444.99610662613	7407.902677885964
1112.933894262576	16315.20229345625	6677.626058686353
652.271516394691	15153.842470282687	7046.938987950342
2722.2149649893836	15661.422864393053	7677.884320358473
8264.542204797996	4879.026803825396	4901.2600658580595
2118.8456209627248	16190.228062683831	7501.364663547299
9100.585789040537	6315.320521246312	4548.440759212258
9560.992308050741	4387.616826914922	5571.100984400565
501.39660441828954	15303.334366743673	7002.335277812226
3597.3350729460317	15670.746074041483	6852.1902778503945
2332.5115888880136	17636.500229779358	6441.873191913299
1816.3689704587969	15752.56487615512	7739.01066401729
2378.445323028352	15672.653814426734	6588.932430227397
1277.3783720279478	15102.766823192438	7403.35193357693
9494.888006157298	3773.5381276914645	5124.075508658148
2030.7717435081759	14208.277415828961	7501.592008103991
2482.272746542689	12299.49080948357	7152.169262449665
1042.3487253391543	14632.442201965832	6288.46765409968
1212.7952399865687	14798.452867851509	7271.051437606508
1990.2033140032242	15193.806796198167	7445.3190886635975
2322.154309926538	14075.810365339552	7459.630275904935
1816.3367006657368	13762.752743436826	7518.792035034041
4120.047255696886	11771.071655254085	5475.302487508715
1946.7724725964852	14139.294865526419	7434.6112406657685
10847.675443254491	4141.058107610918	5834.015283385358
1866.9871544745406	14188.521262956221	7993.027218009791
9447.616383677198	3471.4728407316825	5061.560642922866
3688.048051981142	11899.777138146563	6829.937875368428
773.5034061394731	13495.078706806842	7135.882331746165
3778.8158021142776	13316.977951349641	7852.151685131135
1745.061806138297	13539.84721019468	7189.682340093719
1939.504660550248	14890.329336709663	7619.226559657813
9746.458649650574	5366.800939936697	5620.495424779162
11865.272373584823	3680.155878510108	5185.886878930432
9862.857879403125	4516.069167396734	5612.069305220009
1803.3731228689655	15057.98661807526	7127.948483848388
10179.937876856155	4348.002453103022	5605.393536082294
11792.159999297372	1973.1095103510395	5270.15048781791
2966.610646915498	15799.129080132025	7065.325661369154
2124.0834695746316	16098.41859314025	7350.056827621157
1821.3488683597354	14589.17672722452	7333.293099459007
1135.0660169242367	16229.093354647237	7559.351492380097
267.3402078129207	13830.994518775657	7581.402616517023
1550.2843657715434	17957.555539365647	6332.064997087441
1676.6069836227362	15830.621522190277	6959.258102599728
8516.519110952451	5495.28877583779	4638.398947387789
8063.657870465935	4964.55778968024	4439.6613837900195
1501.5554453879363	14322.395483619754	7485.69962264213
1303.4198963454578	15315.887197332617	7231.069150947346
1661.0469064306164	17330.237125696	5434.191266998341
2135.43781555855	16447.604609012953	7258.929351819832
819.8595029795897	16500.690143006963	6484.976220947285
10187.612449096006	2907.3635734986133	5275.453780117725
10871.106479647544	3943.0506520032172	4855.719224769701
10676.777910690991	4264.2736301468885	5279.307843213988
1191.6538488251163	15209.685539595006	6973.106633581694
275.63665966243406	15992.48826948225	7617.839081743081
963.1267401044091	15243.497814262148	7574.883690916783
1919.831136105568	14121.821853237258	7447.771710675234
1538.6940430642505	14273.670420876964	7293.461886023159
9593.267644932459	4094.096545304585	5247.126421803945
1020.9798074519452	14326.961982574201	7290.163705512495
960.9714851246049	14772.943111243332	7643.309555855488
8120.337774056156	6373.114218416134	5500.297863897495
11167.811090950892	3678.294279614145	5286.406903323632
1463.1913745929974	14900.87648242649	7616.386744597674
3982.7980305682736	13605.71277175939	7102.589852149809
10294.146900958529	3726.47200495179	4962.017855150748
1747.5265903389407	15778.929833094342	7139.6561293180075
9988.238949437118	5279.111360959978	5904.299125361198
1309.5748013643154	14649.756522492964	7335.280424446173
825.7964292000263	16053.00914189032	7258.764835017123
999.4826650448978	15095.592425441742	7153.630960390563
2309.5744395707034	15600.424859036955	7514.608558900881
2723.8753151324777	14366.997432936889	7640.523717484495
2411.4487091123333	14176.16890695935	7197.285814197882
12335.75694875773	3409.065086770292	4860.628824522853
1116.0440392702853	17625.20729330419	7116.36586812053
10048.388124969648	3789.9132880990605	4984.137944068859
1740.6842359418101	16626.51052545943	6078.605256765091
1823.6586026573207	14680.358010099946	7239.849663855306
1659.7194622818133	16772.912407213582	7193.825927203535
1306.2757961235704	17376.413362824223	5490.577714807288
11128.524056939103	4042.6517512925434	5051.778663297395
1149.5327799490233	15916.21097449446	7260.778949495272
1270.6084010233892	17792.176523626124	6791.651547436042
1901.8004944070426	15155.18585514082	7930.06601712233
398.30348743896315	14454.266096715513	7484.866170117154
8057.4502113797425	7060.202447897367	5678.543939950288
9937.929125144721	2936.9542574520447	4911.570015642097
2233.2859335050225	14687.329024249197	7224.314813621832
10508.921011309452	2857.4724894511064	5503.869581839073
616.2380395626122	16521.840500616603	6845.023354450368
2005.723539949075	15509.947194280812	7233.670990464356
1195.3813904669316	17343.718353333425	5941.394745247575
2719.615424196977	13967.827010133804	7709.739914100275
6153.017668651047	7517.234067011711	5712.041757000816
1713.7858237686726	14470.790885891138	7379.110354620264
1123.6377645812254	15726.16056446286	6486.086707630705
1779.0738198749507	15721.341469258874	6863.236783530062
10905.206156300294	3645.9266771488246	5198.71881500734
9906.452425213827	4464.573479161136	5084.037707676589
1510.3862502140287	15240.00990827247	7734.5878075018545
10594.642276459666	4407.918975357654	5268.9683935177245
3089.75431181963	14673.668126942963	7681.686165096885
2033.9434426858475	15221.80948947055	7060.756524350096
1005.3561925318324	17094.35135139549	7106.624709867294
1334.0205811161995	16243.420076667298	7000.575095135254
1869.0914581988777	15813.510845961151	6996.309005217974
875.1964881156994	16400.714495971686	6118.47209172745
1534.8556748187366	17198.783997446364	5750.590242785787
1019.7356265235417	12954.141559360443	6945.609841283077
10947.678914569124	2939.174021078902	5371.041444161005
1167.1809072601768	16054.298260843865	5019.156305247268
3079.407190093495	16006.268166554604	7210.00298379336
1505.1188031247436	18476.73480595392	5696.684626404098
932.9089429694942	14181.65194111497	7215.828987136259
532.490439805138	16007.765727781047	7272.525678664381
376.68727323131674	14567.221037222896	7684.486726899993
9586.329813233926	3644.844669050833	5070.285041056262
937.2708503679721	15495.395190269852	5945.015749565206
1472.4342865136994	17958.716651672512	5787.360852871176
880.4779686166062	17245.80641896769	6060.960796980309
2682.129086244358	13352.080808189705	6871.562734505271
8773.511753511928	7220.975356505689	5012.644672812896
1248.8938932491349	16093.5145111776	7034.759783614584
1934.4815169926283	14365.17876323074	7331.034397955801
1790.154417773277	14328.624338494517	7114.127813871999
9463.740182976097	4838.739327716534	5508.305018031131
1253.7892283008584	16170.169751287458	7012.270914963454
2007.52972256843	18336.283375277173	5757.3036347992975
1743.578235266701	14652.790235217057	7123.699878674005
1897.0958472717027	13032.13433833647	7457.686910233461
1763.028290737314	16049.40503814365	7026.733172886522
10564.606399596505	3685.7903645356932	5104.810255163059
2158.2326019751713	15044.47810202402	6824.527852979175
1972.9315460475332	16288.623503123144	6917.3055952703135
5751.030202854091	7425.89943951619	5648.305932218231
471.58783890925275	14931.403490018354	6830.806670633982
1157.373798143265	16358.711083460035	6376.425890405261
1600.6668877647178	14280.484752236498	7478.162280888055
1574.6987677978213	14459.360511649797	6812.43661968023
1605.6517544460821	14895.303038532647	7212.811736067179
260.5144487742322	16082.7703886905	6502.179473814139
2612.121813552312	14973.743831447538	7304.895797489275
1386.1398722759234	16319.73654158252	5978.344848941908
9493.697086823884	5584.108048354114	4957.765132945361
1088.3362455246352	17356.708854439607	7227.5557364678225
962.118498720607	15627.566952755084	7305.130282523171
620.422973776697	13486.044936693337	7085.349956972028
624.3627440468294	16088.89503968126	7020.4478926408365
8829.601635365285	5572.366044723972	4717.032937825114
1265.6549782686368	15396.613506867008	7337.52458532311
11037.917416720902	2837.806432169004	4738.519004881308
304.0124075108161	14843.764987205568	7239.2963379842295
983.6299188482934	15339.757543388936	6891.697964046999
1658.7831777413596	15090.37122580771	7322.718574305494
8465.099328547472	7165.290222159869	5601.884560291401
808.4331387976863	19633.11886390078	5911.624466294494
1135.33865923383	13873.50113397167	7116.427536603516
434.6190502422122	16621.66508827658	7652.545030367017
1338.1615188571473	14709.384523535717	7166.616559064372
2300.1242907575893	15230.16809485984	7555.907599176881
1975.9581823472179	14455.302436682974	7666.38765876567
2121.7006518769	15355.625695899504	7428.004172349273
2041.4553883981823	12958.669513202314	7693.196802276383
11599.926670521445	4287.854121513814	4759.358611230263
2299.635025037551	13335.644487951045	7101.244382148467
10736.100334492414	3745.6207007052367	5860.291056139698
1222.9579233886284	15806.210594955737	7363.124664663352
476.1140969968786	16361.428103276372	5932.432993002808
9503.011875041486	6012.098018066397	5272.79879282371
3131.622038583679	13116.187446005697	5713.5786122576
2946.002073159712	16212.014173615113	7134.715155803184
1629.6765192046469	14334.072777268088	7615.459811162062
1504.230950543991	19369.68085935393	5507.472927393268
10225.290051919801	5493.974149878505	5036.070648086089
3078.774498927147	15436.693645537343	7269.501849258479
1535.8329504062513	14875.79328165235	7264.410361766263
1176.2489010379363	14245.640945757705	7126.349728007015
11294.636737620596	2870.586504400597	4858.5283392032115
1797.962777786256	14109.741494991067	7691.375928945727
1144.8848951256102	15904.318242856994	6982.874372177865
493.77012697769106	15875.222653246474	7605.73858263597
10303.020949341253	3818.147855907149	5067.716301124726
1795.0799700181415	16729.492232379274	7883.4315443388805
9264.722881494661	3024.1976624746912	5190.623980106291
1415.0143028017922	14948.927593649958	7605.828509144264
11602.712611677398	3799.1598212234667	4804.356246813221
1836.7894644494063	13055.112020887826	7288.872155522611
764.0325140372481	14792.058897590641	7385.812947244154
231.78564974128136	14446.462139794576	7722.149085958298
1996.787538774144	17744.154084824982	5681.12522423922
1020.9778644695715	15715.65618396943	7546.931346603309
369.0523384023358	16360.652022825056	7774.975197057536
9967.22145462926	4954.221551061231	4635.414850954627
2006.6945178939045	17888.140122648463	6593.124565176033
1889.6333627638342	15121.584347491222	7173.5435303489285
1245.496841106724	13706.207666289087	7594.1539583312115
1718.1418832785923	15361.979431853559	7628.703590132717
11424.333674657084	2266.3971903051984	5254.477706394406
1258.562190081609	19584.21647683952	5012.8852885384385
748.2452490185476	15067.59221783723	7565.470969784375
1522.0176636496244	14928.224565762395	6922.069963015101
4963.251673725713	8746.964869659618	5244.598590094136
1117.8100499888048	15348.49995395051	6988.367814631854
8869.813210605618	4574.096886707161	5716.800710406866
8704.712978354983	3397.9578305595887	5143.28534700593
9234.443692329787	4926.423123367073	4546.422619674397
2214.0477251062007	14692.570685181208	6981.098769297335
865.5242306895924	20494.294307669166	5626.174515413069
967.9452785169109	16323.787278132704	7059.041455390146
649.3879475675501	17313.36980420994	5208.524868690725
1498.6620295882437	16203.51853367092	6835.141609825224
9434.338402533856	3898.5825336198122	5393.906177425358
593.2129128907242	14720.75488471153	7562.537154428833
8861.485504938579	5572.159343227284	5510.289862540082
938.2078771400456	13547.853303277414	7489.018301984599
9131.661000002503	5484.006716942924	4849.821172158493
2359.343601752917	14154.88889325631	7565.176659372982
2432.7317288374566	15489.5745830072	7625.533600572505
1001.3333625809275	15554.241922802905	7233.714595496564
1969.5985912192002	14477.922214867585	7783.056006313814
2093.4308508533322	14457.86530713004	7418.727562245446
8642.439605519243	5695.39086286573	4918.400683818354
2018.826202103055	12468.71158894651	7788.909237741617
1402.4722103820038	15647.654604608602	7261.639323250991
1914.6713107928608	17155.296707255737	7366.557222697789
1668.65768784143	15238.762451738576	7646.28652692179
1765.243368354448	17065.047481937272	7274.2700197312815
2081.6234180017245	12170.25293575822	7514.3899122727
1877.3657988758912	15505.835037225863	7492.711334445688
1316.6115957854095	17528.491433719035	6285.870939096392
1271.9978303219368	14255.474056237923	7492.895867127777
713.6883796029693	14255.273612058656	7391.840466105001
1554.9635275965136	14644.488282125252	7315.533360658076
1452.8031504069943	14506.144738599132	7509.210889049753
1224.5088159064912	13182.421128300373	7130.9264612424
1373.7960781205647	12452.717068696687	7424.298435445627
9691.966911973983	5340.836403464409	5521.663899101774
1445.2809689003823	14561.136494009192	7616.662796638633
2375.3867749510123	13817.564502568332	7501.8111075546385
1797.7252108615496	14097.396295668199	6733.792761242613
3903.4700395803898	13128.373859621122	7528.448431226281
1857.6346495489452	15489.105431512991	7514.6054451903165
1305.7823824678692	15079.118870421737	6963.6659788138695
334.6885548951942	18033.508011768594	6173.08379010756
1776.8943342074572	14902.30371104254	7359.723738840089
9537.027918573927	4624.264809791395	5865.8243667717425
1607.630926867637	14307.818586625419	7570.502664107056
585.0726538163957	14650.782138223822	7843.989007643149
1078.946316103208	16440.882161037247	7035.664738114646
1376.076717946069	13794.62514645148	7619.372437199835
9309.011672923327	4414.892872564201	6171.173155160233
1956.0790339070047	14088.332177192158	6830.295755719865
934.270704958704	15459.802228475352	7357.651393508741
10176.455790016034	3621.4826222225242	5447.401063960949
10448.171790476646	5105.730517700037	4486.090476793693
1015.2264941870026	14858.778588518837	7156.075125981576
970.4381549429311	13877.15415906912	7763.79857120135
1867.769579257921	15397.050679436928	7529.26457195226
1563.8803560815797	14405.133950594207	7238.264569735037
2148.299504455619	14487.990058250314	7786.725742744922
1949.3520079252241	15379.84752901268	7741.731792423491
2690.6511749376846	15992.702899171687	6647.956057047677
2454.0436920508155	14999.278466449323	7166.89045956259
818.5960268534374	16053.601612016913	6756.187498256403
10292.948343171332	4368.983478725969	4875.100317273621
1080.0830992984272	15196.523802650332	7174.462980039784
10400.5539613953	3983.765868175878	5362.724103591444
521.0738787736685	15266.924686702716	7543.439729933505
9430.448602465234	5330.075945217522	5201.80581240004
965.569081160826	13922.007494379795	7357.222960047623
415.16504018737606	14221.125387008027	7063.452812353032
8998.250477932963	5109.422776431891	5410.477472179692
8298.244929098415	7628.536983280714	4681.03610259033
1852.681613850045	16905.496603407635	6239.236978605884
10077.14915190424	4082.1484893630454	5233.627096983397
718.1653644515332	15303.297024319538	7432.321941655413
9848.458650529059	4199.051347035957	5960.0061249952
1733.8706057387135	15385.364375312312	6009.818520196446
-21.445852541251774	15671.114389930817	6913.168966225652
2488.5674595336163	15575.200911570682	7093.206082033224
1648.5115260815876	13958.13214865676	7593.3272117204015
1138.0208314111183	14129.762542638413	7406.651668773476
2624.1618221328044	13398.893197909061	7546.335945423339
799.9460928228376	12733.758412284227	7590.776729300587
11580.825257102924	2965.1712953306233	5069.680051729217
2170.6476587355824	15198.548965858006	7319.304921047203
1123.3739212315272	14105.538096888598	7296.549818934099
2434.1699024052687	15052.669599445682	7581.820477273078
1525.1552888210663	14152.944334324206	7629.581285560345
941.428753456937	13169.796472323615	7081.9524246037045
10668.461102816033	2070.8252223798363	4920.135338869735
1331.524820519485	16773.53009197045	7108.948254323827
482.79085094951665	14375.687409190181	7779.425385872523
1722.8234103093625	16156.634165994936	6224.389758691782
2252.552980060783	14088.960913182917	7831.643731616221
6881.6476255512325	6067.514826289938	5535.319990863052
10023.7413676641	3851.7290346505465	5362.5378840091225
933.0020747527259	14737.857447064202	6973.338864241932
2274.6005042827574	16202.230771315024	7601.486192989037
1085.0960744568854	12878.77118481037	8143.521653531559
551.3063919262125	15087.872923204102	7034.432271191788
9947.098003291532	4133.512473695834	5242.951636540819
1493.3643599722504	15607.111047943143	6727.722170715865
74.26165166429858	15914.190166704508	6989.651967214548
479.32677911971695	14095.20030561803	7660.033997135094
8023.33588056532	6125.3732319640485	5060.919854341046
9998.18677957461	2391.1947067940464	5886.772931123372
1598.114104915567	15854.113660682717	6783.659293831824
9908.590770764322	4234.523239526933	5446.511414522177
846.2855889064572	15899.501476621776	7356.877004422055
1580.3674862805815	15557.753320850166	7226.165941418922
2648.6725148003184	14451.125500583836	7348.542360374086
1861.5106614776453	14655.1273264781	7665.067512501612
2141.8012256547568	14098.528219817374	7503.522382589521
1919.1425420612632	16060.769482238517	7070.026118909151
2479.694523802495	14392.960407235305	7732.864658224227
1100.7247490626987	15497.786644020232	6617.835297803446
2085.3677333092337	15391.647069072413	6987.297001808503
799.9039957991961	16465.18105664496	6238.72921142457
1539.5341852287354	15885.295102628397	7291.415417938852
10.567680087581195	17148.10043688749	6519.100716753206
2939.1156290879535	11601.545003417694	7656.146091230154
1975.9069857820352	13996.439902236822	6892.823053930387
1082.8735675659098	16253.520068631846	7100.664059887765
2113.836793453025	14927.595370705822	7152.3574648256135
604.7535892318808	14429.922944710137	7324.162079646663
1811.6825759941023	14392.75191667723	7639.66450903784
1769.9777007231994	14928.61788080016	7224.496455666379
5032.642011715728	10147.88050853057	5022.672088437582
1593.8268689604454	16016.730793303574	7536.340441175453
2210.2425090432457	15503.781061187909	7340.869644270993
2862.8093690864066	12901.22603334437	7639.840986499292
-482.5410435610435	13921.07098043433	7138.565176378528
807.6727805380536	14748.142547697958	7511.372059414131
1258.3790250500522	16807.38218061435	7595.601136148387
1890.0138470075015	15076.840197798072	7483.815971648892
1293.593326741993	14168.278771664729	7254.995696497299
2244.166044042902	14361.424764171281	7513.354902909754
9181.090294246278	5177.137422313224	5177.811273794849
5181.658189261827	8836.666578991399	5404.207930491432
10133.314442177536	4975.758575304698	5584.357522652533
2515.6586352186496	12866.477750677486	7381.62333239588
1320.384005600518	14993.126473834796	7442.91130342713
11607.384619659293	1982.5633879566506	5680.438790494539
8978.652258930595	3797.3112280907217	5782.91193761388
7925.592736034858	5161.311913193955	5744.333191590296
6136.104899334197	7685.595418632047	5797.453710083743
2084.6814698597277	16608.607672711518	6665.1022314584725
2299.8808075899638	14345.803222155932	7606.6823468127795
10557.218402926741	3298.6842465480377	5247.800425882722
2618.8846896242408	15684.646343121489	6982.665880920522
1305.4509365166653	13537.39919107181	7466.311632840126
11159.989629344365	3752.604762421502	5306.126600411996
8109.64226534038	6486.922254799509	5367.048512008023
1917.8604276508345	15905.27862518362	7125.8296747485865
9004.155702944285	5597.691021046125	5647.226886812452
912.2652281417548	15857.49427028539	7035.746367139307
1851.3839328381914	16477.729616382116	6809.074332912403
245.47985216429544	16374.693606084491	6455.126704528257
1531.9715610544795	12924.43780363589	7188.260683749635
2281.453209851416	13359.48811923788	7591.5340537830125
1539.5378138408062	16476.712760699058	6652.333873202877
2290.0386021892227	13818.99340011044	7351.2407332208995
