798.2094558539559	19668.451218159564	6552.559834437696
2057.0171852580884	17105.200977831686	7146.5790846396085
1989.9728770440213	14997.824954640282	7536.702806072554
953.0433330351659	15813.218995581421	7741.166834046809
25.50541949727694	14791.649325367056	8086.521612221672
1900.684818947001	17484.94102292724	8092.814919326312
1057.6897680953027	16061.955989389442	7653.852694276978
1348.25877420005	18579.393043833963	7625.844412590701
1616.2373615412318	15323.060572819446	7673.426570999664
1189.1160797270295	18745.395341808435	8024.16408196011
2521.7789201954433	16617.346213980712	7125.3460099855665
864.8313457369883	17603.543351788434	8216.818350359632
1669.834737201061	16504.62076931313	7466.733470269671
1595.1098961756256	16607.930569462827	7758.257586376796
1715.5446548923833	17082.28158204004	7781.682975969643
1341.8500418864976	16487.052719217747	7811.786088714182
2149.6392485943725	15512.605840967219	8217.13002397254
1020.5811643174252	15764.352695421752	8418.148442889446
1145.4112977295893	17591.588921019647	7655.319308236547
993.2512219971173	17511.263510928038	8079.574079344468
131.4167826863708	18070.25291441926	7866.274616738657
1532.7713550660808	19331.560522313197	7211.606313242956
362.18481749582014	15888.832049365934	7979.599151019115
1712.3887697374548	15429.59449398809	7682.306129145798
337.40601598745104	16765.476070701	7402.190390803556
2366.5002198675998	17615.51559466396	8048.649259205802
106.371747591647	16902.01439919653	7782.563629534078
2050.7373520005417	15412.092358016516	7322.7139026105815
1159.0306604076839	15465.713111051666	7731.346886849549
163.77716231439973	17238.52086090296	7913.668187518015
341.73520429336367	16982.601698430648	7561.90198164218
2287.4272323663067	16746.53792067832	7686.6813064022945
1479.588945958193	18118.954959130624	7391.180765672636
1563.8155966209129	16481.138516494208	7895.96573610029
1953.5764101570921	13966.1297382372	7684.570673241992
-532.5921958500455	15766.323785592693	7364.582168551118
2125.6423506438255	17744.561819992326	7752.147562197969
1401.1402510487335	16341.884286651757	7704.111017299968
92.49044961627692	16439.73530072856	7706.786151061212
2004.2542147581933	17244.51455481571	7806.9172774891995
716.752405789105	17444.037296927905	7805.365674958802
1988.0220066306847	15011.710667001635	8216.124120503307
1354.8285901508502	17331.50904323323	7624.740282113083
1742.826565294703	14434.90724455295	7636.643513953663
1980.7215450143015	16234.803535047637	7892.2606969969875
2004.9190087882712	15587.261616884633	8241.855248099455
1476.0085697037116	16319.912990813966	7685.228502136395
1772.967022232928	16407.647132631937	7484.680736395533
1267.908218538446	14443.818027356681	7801.5117440479435
2119.906256400084	17108.996289139464	7983.495576035705
1107.598157678892	17507.17590690578	8178.088198705356
906.9196807795964	16610.087852518736	8107.1847537957665
1774.5402101105844	14858.37426338283	7967.133705689572
752.4995955047427	15632.932695908074	7613.07131610943
1473.7547709037806	16728.92621394469	8174.707527006777
557.5148047834429	16588.88015434471	8252.130149025625
2186.421323983441	15934.444920675141	7868.280260947803
54.070298054053126	17592.314411750616	7594.269420279644
1342.6055824135383	14445.11847774224	8138.505887529138
1762.3905263346217	16829.663130192068	7803.631464527257
719.0024485072165	17092.443760538037	7824.416641258234
635.8172363530435	17613.361218548907	7927.999466600554
2465.576228898088	16571.14488231473	7576.7105058517
438.4467834856388	16836.57742932807	8499.547545058767
1690.4281823363883	14012.016818870545	7800.850888281945
3022.36977469442	14978.428601092432	7793.712607841208
2467.4502246928064	15735.272449274154	7270.938893044987
2197.295368462382	15520.365305881964	8057.23976384416
1288.7212729966236	18749.156893310468	8062.434131841518
-9.492986936451196	17422.99735097156	7959.397292117176
-253.85597044619212	16697.74073581115	7911.267344701487
1922.5197313662952	16730.055227570883	8100.037243685301
459.7126476717606	16592.357387197655	7736.780888196235
332.02555061440034	15678.882576532922	7958.9221931837665
1007.1277280830005	16778.880964001175	8000.318864361194
-21.834581119753548	16319.669522098504	7978.62989998044
450.3171944241634	17930.330239919687	7699.4011909122955
2671.8121085027965	15280.78860282549	8311.618611788577
2183.020269829257	15617.75925959125	7859.409283867148
1174.4221255598377	17226.681289524837	7923.774116676887
1446.4703238119416	16383.529813718067	7367.0276290146285
1801.3599131631163	15816.376965405614	7774.577416580196
1517.5801146357244	15254.63379386916	8475.10321490393
1135.8633085990075	17276.007804598634	8021.594410256332
-172.3702824028382	16297.287371936238	8250.354158191642
2888.0251477180495	14703.53074352205	7776.208328153424
1498.1871580775423	15972.653978971282	7811.436977887481
1289.4610495184465	18538.215069687318	8008.535966218385
644.6541810780374	18146.210355520685	8063.029132241478
1478.4906379565912	15727.471440232475	7692.971652523519
1283.4307482646361	15996.042192481587	8295.079833832975
2294.3117404037553	14917.21802907354	8173.13372621726
-69.02071021120406	14633.65380550086	7470.642565820829
1345.208269139691	16909.63109948557	7985.766115713459
1439.9451938751938	15992.612886246354	8107.397881399331
2504.679278229564	15070.696988431773	7966.200804531554
1009.1049976494065	14873.049683084493	7748.604188721928
1558.0401698361436	15505.058062481905	7909.76973858499
2516.7207149893056	15774.712068054823	7821.291351047828
2120.471093522041	16808.168674563607	8186.881803347557
940.2676199680471	17321.227094647355	7688.8443074286415
2421.646378177566	16033.957687222746	7559.52895301533
2019.4824540552995	17676.998938066023	7648.829529758571
894.7310722018393	17376.87221911198	7638.239941517635
1439.305829906	15496.510270749204	7830.441181446513
1480.5711697820695	16199.517053514628	7212.236988948486
1774.346316476052	16936.87590084135	7491.162818178681
1532.3623998848861	15786.666939387616	7944.140578849698
815.6419108041067	15820.468991458278	7866.31920424272
662.6854941587363	16617.527399235638	7845.261874291264
-85.46837749010199	17070.216713069076	8036.063842512006
1196.1552356846457	15615.395339095361	7935.536490583996
1532.0115073733077	16415.433382290812	8309.84615786799
2416.0915603567933	18704.841161642304	7301.483049665887
1853.8283515783598	15638.777923185322	8125.2183200152
1968.320701410254	15047.339162298103	7990.526469922591
3105.915406078747	13019.41978548054	7552.43228966485
362.20012796728776	16254.578446521322	8019.0171707784375
1245.1689737417692	16810.115780063992	6782.630864084596
1231.6362719034025	16633.239483807487	8114.486428732447
1388.1320463464228	16001.213823302855	8249.767030195071
1490.5265655596256	15498.518882511613	7719.046451559495
2612.5477530896737	16080.645526142685	8196.046485843815
1372.8383973342138	14895.31592031762	8181.657754003809
794.5010520111284	17745.80701939399	7412.378961786096
740.7270915629429	17422.800391662837	8213.002288442109
1339.595778617578	15522.331507662484	7809.311125922605
1045.8924252945046	15646.84263632186	8120.383728980302
1236.8958528619419	15379.658016406129	7925.897280709812
2472.4949258774427	15422.706504997233	8052.315894333165
2073.6116632249546	14579.200706202819	7998.372977143971
1689.1981225276604	14486.237158674185	7582.851833725772
547.7357242092895	17436.6944429747	8114.013512520162
225.18731127310488	17616.956771757334	7524.74735608585
829.6110929351049	16360.795431654999	7850.028386858432
588.3424727868136	17614.078975587854	7773.471064948048
1186.6381230829652	17787.721282551793	7701.180704160791
994.0789528862714	14956.304609967505	7996.771175386138
782.4335813874194	17830.811154851643	6733.970826805591
867.8362557445305	15331.183746028904	8297.139148847818
2854.3783751150327	15037.81768381194	8131.38947396791
1158.723061163728	15914.762916333466	8391.691313271143
1622.6661328721589	19800.061693359938	7688.458752160859
1658.9726573310768	17239.69241885808	7502.606273013368
772.3397198949649	16443.312564484197	7523.638004767494
1598.025237583544	15524.41230717256	7510.762125661984
1554.9158167853864	15707.707674397338	7507.736659426245
1436.1370032793054	14706.575279040915	8062.920693549702
1237.046174374436	15732.147133525064	8090.96773926137
1218.801040157381	16874.881966012763	8169.900531903244
1886.2572286465029	15562.470663204815	8267.323635337023
1831.5190930886872	16632.112239368187	7420.764199589657
1294.8687670996142	16895.104034282416	7532.090172844406
1605.613735448719	17007.032139062292	8012.704793007478
1454.2257397989756	15903.388753075847	7972.050074774123
2534.711286146265	17682.560455549956	7729.0703090644
804.4608285611064	16266.996791670255	8113.3010449536305
1953.6245815497036	16775.889266963357	7834.474063901408
1665.5859324026428	14689.95437869626	8175.205245509184
1762.3799825972187	15632.39201068799	7835.895065721929
707.2452748955661	14179.40849111439	7830.834360017618
1426.6413459227902	18015.455556135796	6795.418371461153
2147.1611473129733	15071.069101891613	7768.780832993207
1622.2189453442757	17288.77852592825	7904.451046376907
884.5545195518866	16828.940357003354	8104.145195117071
912.8670809230891	17775.11838174435	7518.466708527011
1370.193130912587	15619.680720715027	7457.299605674949
2460.6939983017787	14745.17288068386	8131.327804352667
1307.920866096613	14994.942257189396	7816.208679659709
1330.344764814937	15472.938720267222	8206.239626999004
-462.39802720736367	14553.399750316428	7510.854321112633
2037.4362191856528	15674.542601320181	7598.507805498281
2475.2596092085355	14742.443774360694	8191.386738461443
1745.2669075805823	16220.259589063018	7766.940508172583
1621.9489473024985	18410.39221774174	7731.9189738299065
2894.1083047405355	16210.889752512934	7629.02665752518
530.1187646370381	15776.348122612326	8043.316436254966
2558.2830358843075	15312.463694833119	8654.677659349152
1464.5878273393387	14638.482601428319	7236.079508467497
42.22959226088968	18826.510801611043	7903.572577715588
583.1191366478168	17521.03186697703	6983.764180456489
1343.1271332697822	17108.82932090269	8015.681818034514
1293.3262505121752	16206.327045935415	7846.62953663858
1488.3316545237874	15223.88244076119	8152.920010719461
1752.1854950162212	18652.412875436872	7487.429005556542
2502.43839387746	17156.757816231468	7917.9056988881175
1097.3133959367187	14172.834942731432	7927.852618808991
1596.2425461866605	16413.189813132863	7259.419356208263
702.6528716686075	16990.407272333592	7461.669124766652
10402.06677197018	3761.793279611506	5355.823818411951
2505.614866162714	16474.38809026089	7516.520944677787
1504.5289498848488	16715.699845410963	8080.124395061933
1145.3601828105143	16412.39535028486	7069.259250685932
828.3941862234567	17781.869252173332	8310.951683379613
2544.2578857688873	14634.089675947549	7917.454218044154
1822.0742040995094	16068.808739537866	8207.902365345655
300.037024280828	17495.169421237282	7710.920158772219
1041.5366600201369	17017.083676429138	8246.014887266967
930.0336141658873	17191.462142336888	7716.7401659342495
1217.6894088862914	14497.24451244861	7578.455485361768
590.6637291037903	17192.044599015193	7524.631132925571
1538.8780680076673	16464.067399635172	7555.874562168833
1033.7969224170758	15479.9880917447	7951.374780500864
1644.6975596248108	16723.7691551676	7815.308370093921
1093.5826323315357	17384.154838750666	7379.1124329310705
930.8546710265049	16372.675960245051	7821.522373853194
1136.8185622215722	15703.079158386909	8088.709930669074
1445.4731580844025	16279.58777007156	8030.617244058879
1064.9292541437312	14393.591939453054	7642.999045987438
2004.8923892385835	15941.659492587365	7993.501884378612
1853.6629571832027	15667.78860288963	7806.550769460417
1320.529360812856	16461.134886427473	7742.874697277555
2015.036866624055	14894.791005856761	7935.763503772274
261.92865284135183	18237.187507048395	8159.161267143981
1469.1888153156895	16629.211183819323	7639.38479769596
1094.0669055268825	17710.4179571498	7846.688349531556
1786.001679439759	16750.971783118093	7383.411976936607
687.5230122273503	16489.47114155142	7936.47930304717
2781.8716082145243	16684.400949673174	8067.832519369699
703.6571277573937	16427.58545298162	7981.599702682022
2018.6139483473546	17811.769325006568	8135.032715925992
877.0516832916871	15361.191900456499	7868.596383730424
1710.8456264002598	16906.416002645306	8206.46413375886
661.9616071204132	20333.147571998692	6572.959180843827
1814.7861008430868	16764.039593009486	7706.177711071727
1323.8402081475747	17167.561034782688	7198.3247284968975
1965.9742003976658	16001.455262347146	7860.572057988948
328.0403232139948	16180.55716930619	7933.8442391839435
1336.4099442541979	16890.08533846197	7721.495370429
290.5122475070796	17314.259457274118	7224.6501255023595
783.7501719149612	16932.032895872966	8227.369026514629
1134.6243788015456	14782.336757512376	8167.541809074926
811.3371892988674	17630.916872745944	7900.904610623343
1308.5437305365906	17854.597116487166	7763.1961867418395
1085.887023570629	17787.262700778327	8066.759207224678
2170.492299017038	18527.096447890905	8016.081385419784
1289.9582918798505	17420.71327085976	7472.422655695047
1928.5104646724826	16569.96657276356	6852.83154970577
1179.4179217547462	15467.207528951243	8052.457076585122
1394.5810765838096	16405.77293128857	8111.927040779732
1302.1223784206597	17054.070255423605	7954.002345472853
1288.488781766653	15073.005817243213	7874.423328479488
1585.5615329409063	16085.496034144184	7654.655876647991
1279.0374436240638	16759.078489957068	7486.6273265585205
62.455459244879144	19174.721294852323	7779.114774746772
1363.8768632906538	14361.507173466727	7435.558044011332
1930.065658810777	15101.223320661982	8235.754466077542
655.0379908978713	15490.23301422135	7555.47083264759
1160.0153217389725	17762.133629705848	7875.056493285139
1815.8642818356711	16678.30324591432	8188.960515618103
1107.6946510635307	16550.55411793169	7533.492990070741
1814.4076573188481	14344.824698858178	7964.834426797244
1298.5123700954277	17185.39334960545	7811.31627170296
520.4969125155877	15873.960133953235	8034.785320059739
1933.4863027940296	16959.235893572415	7820.766038485465
1041.2853693374534	16739.76758209101	8042.271780003782
2034.6020312825635	15458.14101555007	7762.855038470087
855.0071276904614	21027.291435860672	5659.391287517747
1748.7198809308486	16295.137914025387	8180.140488220752
2350.494650813464	14912.591268718725	8244.696849106407
1472.573602933887	17382.134732232887	8103.255607908083
1563.027468347385	16292.602933883096	7647.251844902301
556.3169861984877	16867.78485008939	7565.288535382449
238.5551287193671	14698.708986813039	7936.620721623006
1994.9699651449152	16562.293297627213	7671.2039662689795
1069.258168290733	16188.226078534984	7575.689474955544
1523.7571948926707	14934.20303563968	7459.478169919953
2478.894923053577	16143.072214290143	7437.738719855473
1172.8016001292963	14084.373086607451	8048.21749802983
2076.6354763533545	18373.638573529017	7511.070620380319
1570.334576711063	15635.347062231462	7873.161385136728
2458.970286353195	15128.372514389126	7386.484151659886
230.71351867852314	15849.755589805824	8140.7025533635015
593.105693707232	17883.792433962433	7598.38366927246
531.5019828030481	17270.23431616589	7068.730176907909
219.249044114176	18985.80567653348	8348.4754336519
890.8741259870206	17814.03997698356	7190.059502742135
1672.1068695644879	17353.08280445414	7958.557353589844
1605.9341648371908	17757.781422219403	7623.1195056811675
468.14267163149657	15396.937835494402	8204.438956334143
836.4199311429973	16930.88222827218	8209.419715794324
1612.5257500935131	17048.250534369716	8087.941053115944
1756.7434233136116	18388.658152526015	7732.149821681597
1884.1891565947367	14423.485757388773	8292.90108611328
-775.2549873835858	15417.675902271056	7638.364286904434
1090.3960699368158	14613.388948019714	8218.31280685375
1710.3594160277391	18542.934780623887	6699.540869853586
956.383973269207	17397.346642002078	7866.319049353306
2121.152755127348	16741.82347940961	7926.256578354413
1850.6612946036932	18075.272306631607	7672.592539276552
1928.2770919378802	15382.902379661202	7525.4198573446465
2191.859793714481	17659.70158626167	6935.613442024726
1331.0929525575061	15587.332382652785	7803.229986833571
1633.2206043153103	14839.65898751699	7631.352922797541
1744.667034409623	17673.3078828837	7760.74083998652
1013.8682683502102	15902.387818247602	7734.46517028199
1364.838970363887	16548.30548101806	7740.315378719158
1730.7876068585697	15979.556789059652	7553.667142440864
677.5212906334526	15152.24067558725	8080.176872478658
607.4210992412709	16821.467825010055	7939.360816444181
1948.3547966256328	18050.853877204092	7433.767960689182
1381.9861034933142	16961.66524403316	7769.667797934059
2216.180754749415	17449.533714735197	7791.623793598452
2196.547891628132	16427.031876493515	7929.61285234687
2058.5579318781784	16037.731927418316	7615.5989444223305
-86.48085271011647	18129.01029649108	7549.080456182425
2314.8937965541577	15367.019055185674	8228.55695213654
-141.93497135837194	16446.832488645905	7769.634068755023
1606.7166794953766	13990.124108545371	7743.151003328107
1293.107131066715	16194.03287978608	8241.1489237504
1519.548856366557	15985.115117779444	7769.759716391153
1972.056022440044	15562.400936608323	8188.044726504493
749.6975149842755	15773.178145569094	7959.035028568285
1274.9504815677801	15513.100273822765	7190.524146027626
1639.3597017697264	15480.331548500397	8127.3105560707845
414.32900173586916	18097.837618381553	7611.218836527023
2007.4856632462074	15632.14180612767	7662.004188113585
1330.2019956881857	15646.691227055439	7921.270252166346
1523.1219592584007	16132.387266999478	7179.379088723118
1357.8230020529015	15378.246745627413	8151.842375828211
2776.8390529762482	14741.467562417756	7781.798861533811
720.8760381852476	15043.989850589862	7695.408203186693
1904.290251307093	14999.980924359306	7172.42757749767
2517.3799777034556	15893.011175902873	8257.036030559046
2090.0625944661733	17797.519863696947	8098.366512822567
768.5454633659489	15747.42799761068	8012.086963891693
125.14240297003376	16693.09149391164	7841.444257467099
1605.1724286470328	17212.84472315701	8025.8868741422575
1795.6900661352254	16853.669850296188	7854.562272721097
2216.207979478602	17202.324100744645	7885.566587523002
2041.9131148645386	15017.603122455996	7835.254061517031
1795.6153608707348	16400.076598355718	7604.973551519368
844.2417880345255	17822.04264936044	7725.097798263836
1715.7684991203696	17198.314220009706	7877.154098834966
1244.8267604007358	16267.924572895043	7813.900044414428
787.9507059823219	17488.84584312412	7690.323843516182
1204.3199479327282	19588.570443499757	7919.862312092122
1623.4542116503058	17237.021359528437	7866.515947538895
981.7991898407067	16884.469495001715	7704.216111382909
2282.8591119510356	14286.165853119292	7555.922789850322
1507.7120035838104	16387.598704605247	8084.300224320464
1692.427848424625	16392.601795695384	8157.207362530887
1299.2452264581596	17670.629041705663	8055.158075449673
2925.9193812794024	18574.49457722237	7937.339828647466
1818.7322485561945	14546.08514291144	8461.279692442624
769.2839188924376	15755.278032442515	7630.187419802748
640.9653771523822	17069.416195172147	7731.068462552906
71.1284222058378	15373.316745799779	7754.925892171158
1533.3698969908519	15156.117204125736	7400.003500757987
1231.0479649122522	16076.340702889427	7380.746382411554
1219.0248394860644	15294.23072299878	7986.20676787821
839.293273724557	17146.224472348495	7476.496766531285
138.1730156082177	16059.729507403848	7873.809609242907
43.81846909327603	15525.405018109961	7217.93943822606
1250.2948491328125	17597.74332610511	8002.110235896594
1312.2371177066436	17102.91559134976	7702.99681023848
1504.4852620572601	15929.952526044433	7875.771770117117
759.7711960636202	16029.362540284545	7681.978236178626
2437.1624298483125	14867.862229177665	8149.244720089611
8089.582703406559	6285.331627529657	5273.3612788769715
1224.936229993959	16344.388289920364	8091.216968587586
3179.6929958217574	17201.857892372343	7803.296391608434
415.6628632837864	16975.296170820442	7998.837382835354
426.7512816955238	16322.741409633882	8155.39740954627
1596.83790885364	16291.328410177528	7791.601360328576
2016.1561310619632	17210.178993325804	7936.765823785662
1126.1760120559527	16025.451990390227	7610.5806321465025
689.3624857183244	17229.884285845335	8181.122088379171
1475.6369584175177	16274.6988514587	7962.822209422539
1334.9058648096827	16319.970458810303	7985.216897387927
370.0192537668324	15314.10829296766	7489.2838087474975
1290.8024424879377	17269.597031845748	7570.870770651151
2126.9870643505706	16354.603763994233	7866.678614559911
232.87315446706478	17304.94665370755	7815.933846573214
1318.8754897927643	17494.30432572949	7481.523921860647
382.2238769289579	16364.34997842385	8126.540978726355
1283.1372348956425	16459.029367314113	7593.39250409961
997.7494891712431	14959.80517698847	7707.375109443107
1787.525723670863	17339.423343207713	7848.947220645288
915.6344540923375	15753.376162698294	7983.2972114930935
691.0692788932349	17320.812070536093	8135.301068764273
1776.5326449027812	15870.186284421225	7602.29633754268
835.1497900497759	15058.836625353399	8001.4680934319595
1270.664579632657	15761.477110087648	7483.332925724013
2985.326371390166	17656.34295197353	7244.62101993855
989.0109849166209	15285.622048110035	8199.87453428884
1730.786343402034	14330.367701226123	7874.695854776503
1705.428667999749	15927.774135912769	8539.683543778787
672.0232318692011	16162.608586628856	8042.06709076806
695.4339401156286	15811.229376570196	7618.929171925511
1344.8778414355124	15890.612806729629	7507.421110438334
1507.0789935075134	14850.846761201256	7841.987780577637
868.2306700379555	17290.46696397622	7759.651259336538
2240.1643492662397	15940.025158573899	8092.261170616542
937.3911587530014	17046.292576653315	8067.0182183314055
1338.0653938722362	15192.626408765731	7836.372795475528
1184.436826815524	17338.928696708917	7900.986290086069
1319.4033362261835	17541.680821174094	7909.375589680083
750.2759001752911	16106.04471101456	8091.5230238243885
590.7209463789127	16906.11840073944	7882.121075691226
1552.286397757879	16781.710364088645	7157.236887888227
758.186172865966	18953.034937082026	8257.123366328558
1180.256398864469	14923.061047771262	8070.683579788708
2194.5724883799257	17124.193290677544	7569.1250224636
1097.3903777368992	16411.06739256419	7744.958329234764
889.4310906706639	17395.130013872746	7636.459444613338
740.784939254675	16463.362221595795	7655.194308157322
1314.1661960881015	15422.29983620182	7850.92928063423
842.8885770006752	16175.404197378686	7693.533228268921
758.0041121104249	15101.56125523492	7796.972281788474
1012.6921540901031	15922.223928042438	7918.07309548188
826.7288396810492	17435.91005634322	8194.845195932056
755.3219921343349	15959.21622144136	7853.285375193034
1838.6846316143358	21821.196617427297	5127.955265528405
911.9454934208197	17848.26221912154	7645.135741359021
840.0886802998015	17153.2390016443	7573.617608435902
1975.5497294373245	13920.654594723195	7962.049097228882
1246.8568341475686	18138.42836976149	8179.886676107055
776.0707671852529	15548.56603339624	8045.959322900131
2237.1416402515024	15872.454717913331	7969.244356342687
1986.4149617143607	18898.207521913264	7540.3443379156515
3273.28015992559	17743.278934204445	7931.536469340332
1559.6475319277597	16648.661972602506	7536.685345758397
2554.9332134037168	15410.251995823592	8271.035133090887
1258.6860222319444	16890.276213696226	7730.910680127003
1795.258555323422	17757.431058155227	8051.143656671607
829.297251013752	16571.564785593124	7828.192991005443
1185.6842541105664	16445.923748326644	7864.109594638852
2351.5946064302275	15545.890532671618	5128.798066837672
388.5749896819178	14690.790104593249	8102.825927637537
192.79873681519086	17511.668678183134	8070.868115626436
501.23636294065204	16823.062587332326	7903.399751147833
1480.5866658114203	15614.58298200301	7761.828308523643
801.2697967804926	16781.07964510193	8004.9185092730295
1580.9531924597497	14653.349899351178	7991.798505278288
1968.8573502622287	14037.570523383063	8050.141139072012
548.1140920840759	15646.377083185656	7632.384513338406
1381.1189766509528	14431.543960077997	7450.382904484915
2259.814693963374	17012.21230136414	8020.225464276792
1632.1884254966153	17556.65155082286	7236.389153625397
11128.51752794858	4453.806970160077	5378.129898655524
815.5151891065367	16546.13536327701	8201.546617563463
2009.3185778817524	15397.948610422269	7738.528993993372
1811.3745439634984	15855.147503438522	7732.498407683161
1683.3978784804588	15735.327243383092	8019.757294026071
1136.9316982281423	14646.940237105164	7833.4437059143675
1371.410005490615	15369.58591271669	8295.70790526702
1395.508381241411	16664.829429318208	7407.106094078812
2297.5094743074023	16794.770486876605	7762.253402458715
2070.7779559617297	16235.825004196015	7660.8310896953435
696.1746650392206	17781.719240052953	7133.105876061196
1043.9170007827836	15053.724862364086	7634.461855912388
376.6575007999663	15630.401523963397	7915.907756568132
956.2680415241881	17297.021921801163	8426.455002778252
551.1745610781871	15661.03045762973	7776.050514602931
995.3962176427999	16725.201668142585	7380.7935777454895
1976.557979724843	16232.716073180132	7996.429157369038
735.4644932398987	16794.976998499988	8089.8843342518685
169.05609834126108	17387.053404891165	7587.502276833168
1554.5663140324002	15411.710374564193	7668.682020793175
1712.8001144742834	15126.407986037397	8313.921121255069
1593.9970546048494	16205.952447039335	7504.970961227591
134.20397630073697	16615.138463650208	7709.800264079062
1704.774911888615	16252.976005275923	7537.049950114365
905.2422636645833	16400.425130476055	7511.961854735402
1243.0713837161322	16650.226222325484	7680.99756653441
1757.4940970913551	15700.302666030675	7399.329541752293
1985.826592990578	14015.811291288368	8143.8520482524
1679.2306302532868	16464.180850237783	7586.891602691282
1244.1061153052997	17511.299454313084	7990.229346227366
1293.0464181411294	16149.489819024791	8155.290919613281
1413.8962368495684	16751.83948954238	7760.641009365847
2375.325679450955	16576.281244780006	7630.48408538763
890.5555372693591	16321.686514914858	7691.5925762465495
1461.4437453592036	18217.141048916346	8029.4924785933035
1837.0232714111157	15804.348690297793	7537.038960646403
1580.821154972775	14555.050939386456	8355.43424771265
2218.0392118804	14985.904734452595	8252.685443635666
1584.1547565392457	15988.21943720167	7783.8414774129815
1232.6438716064283	16182.496319578187	7704.429125957524
1622.4012123406592	15550.10800308942	7693.496417510644
1211.0843095532107	16599.7649281763	7854.335089832895
780.3488709526604	16851.891552320347	7365.039687128725
2289.7751667520492	15974.260150189617	8033.696866021617
2269.646600693649	17158.6206698156	7942.8533550522525
1194.5420919151202	15760.56965873891	8073.969112899996
2764.0879479819937	16542.559252380433	7918.918172946638
893.0899421679588	16452.954075313435	7545.709472566566
1466.342988573622	15931.770239194517	7707.777608706239
819.2084678437575	15737.00616508067	8034.219598303129
546.2914961467611	13966.762184716417	7430.413322964549
1322.1670775728116	17476.93560912141	7541.237820239903
1715.4922342020802	16655.92177390639	7856.001132733139
2128.239877301211	16537.167284642197	7914.954211824088
1151.4496647162152	15106.709583139223	8151.610669645789
2700.5564102617295	13781.688618561484	8732.953213457478
1292.3607546616793	17959.218034585476	8250.145835649984
1277.9707011638081	15758.631239305092	8005.058854627047
1335.9316036061975	17547.678106063082	7288.325842585049
1073.1006452330932	18200.993835067755	7820.706192274458
2133.064857036134	16246.68862055562	8186.440629401767
2030.4434353449415	19321.907333545823	7921.350899056166
698.7110861434666	14558.761100466512	7455.099380541208
1766.930718129327	16694.68135000113	7691.701589115516
3140.6566811425646	16736.976053726663	8024.231503117649
681.9163595650195	17327.347616059746	7903.734206764704
571.858522284171	16863.066220352932	6570.621414753903
2034.0653141427765	15008.244870348848	7560.494910409238
1198.1332446410156	16402.857242402963	7760.8908559233705
444.38919473258613	14867.433270537365	8113.106440379684
169.2806897233488	20923.99575267684	6142.616691613501
1782.1434184418838	16012.166127747052	7139.870515577773
1341.3857279571862	17813.923530872147	7623.928205646479
235.17330923748196	17767.642661744183	7233.01801590717
938.4140479960216	16172.095247140473	8133.264198675139
1409.672909728899	17488.21253034371	7884.741564168894
872.4495150417417	15560.674623705909	7886.866358561905
1411.4792700766427	15856.590068923162	7559.592658539494
1608.0135147695512	17391.137968343737	7887.6121561146565
1856.4878758182838	16026.556573751634	8227.840338611859
1665.556220890734	14197.751109914121	7876.4014178605385
328.74768840247856	17550.59099001799	7765.658918548112
2102.3863540402517	14744.042961938829	7684.872243261117
2500.7737733979566	14452.424567788368	8017.387390823355
2034.7034915017819	16229.63269554135	7809.150252680192
1157.508481387578	17964.34601385241	7736.194303430588
491.9667971219576	15625.625209814378	7810.664985645004
524.6377426230415	17145.60903674136	7447.00203960677
375.0687158932829	17408.191358112523	7995.232702917605
1157.2366317113228	15627.328220484838	8492.502233556688
1897.7966539691956	18164.816619447178	8037.708527039826
585.8509858326781	16895.49566943348	7038.724791966843
1875.5500736813124	14859.53990731557	8044.374460973698
1677.4471407182693	16415.73268984364	7759.9334261271215
2993.9779903702783	17099.24169777195	7697.022648036596
1425.8206299628357	16980.83595771413	8166.473189893897
1778.2024534821505	16431.43665290522	8024.380091695737
1980.1905717945676	16024.379568631532	8202.042955418814
1862.5046302805538	14615.971938573084	7538.844829527855
2811.592158741437	17901.806035663205	7579.459066618425
1171.4012576156556	15860.873814494598	8392.636842290929
1157.694545726828	15623.09346533026	8159.8728657223
-196.20716760563292	14605.843988039102	8176.058133045811
1433.7745722168936	15291.360864132223	7766.475687668241
1279.035322481826	15267.431556231295	7603.581539472429
1881.9271849984618	15590.840698925627	7812.9512134034885
2021.199753075539	15213.358443091929	8125.068649017041
1435.0671440972528	14550.6931250106	8068.8788639731265
1074.9642302128564	17010.827071099047	7960.635574231488
2086.736037352755	16882.538751948443	8163.167729603378
1640.7828495901554	15662.632783008403	7827.997929667108
1602.5967178127885	18715.645301789544	7754.400124077945
869.7979048162975	17857.45288323282	7700.436076938752
955.1130855946712	16939.753171702527	7771.7255980789305
1374.0145222979208	15446.754749016898	7647.622869063382
1725.2229860520088	16269.419481609473	7359.994378018962
1854.825103204262	16573.905299443555	7745.213353518661
1696.3491358521824	16993.76752503761	7752.640485671065
2931.757658286086	16620.08471717037	7820.339323931142
330.5992937910191	15449.143921358198	7259.096449321543
1820.5951294813601	16509.298537132385	7719.825983139833
939.34959541953	15310.592882157238	7600.011421592611
847.3115069800177	18148.944287618	7579.736027670435
710.9234358375118	16902.369788233544	7861.449012576831
2555.3472929993522	16076.081672176932	8050.046608728031
1042.3215546491315	14486.76441212833	7111.021164966816
-190.49267493732256	16307.048528650486	8138.220292849811
1200.104871668022	15964.38579880302	7535.219344308945
34.271096614862124	17661.14704873716	8382.562348145546
731.2531579996479	16717.756250481696	7691.993889781693
1303.873528107576	15870.214692369664	7810.051306152717
1820.9502556824505	17945.967434280654	8158.434964093942
2108.6750640014616	15182.307909522564	8428.071433617904
2556.481007360031	14792.20250177253	8304.448186264026
1830.6722622957964	14572.570712451374	7820.091656964651
1066.666000850115	17319.060304029812	7574.870567342113
1000.7811993221483	15947.45639967754	7720.451945212481
1476.9466380617298	14956.283964934897	7948.5070254632965
1093.467210238184	18953.157071029284	6144.62622727763
1703.2208426648388	14478.64144322307	8163.52603869967
1641.2852820264982	15967.478590362876	8170.371569484382
2379.3483468636337	16241.565294484995	8110.585063539318
1069.8870157695508	15933.095337634066	7546.825462717542
2585.238969216564	15432.994072448684	7565.30907338541
1257.2956138211932	17256.23618077053	7725.882594659226
1440.3394755931095	17346.62021152128	8208.22301997958
500.58598927578964	16732.451510163086	8034.709951860489
1964.293997813365	16612.994495655315	7713.333934686431
3495.9412968070797	15232.266187187251	8140.392561861724
2143.908987370996	16585.682894292233	7462.940845714083
682.9235294496164	16637.17240817618	7551.974103438543
713.3207771645564	16059.975674175337	7983.434752513429
1630.1921457136089	13713.951340759646	8467.188435875647
1422.7960382687606	15823.921922680622	8277.89051696949
1114.4011424403582	16862.30934995002	7648.815893137581
-388.30807063434656	16857.91632178035	7546.8315079177355
1321.2068194822257	13149.46465949213	8378.223428845547
1178.8689503332473	17081.157638609195	7895.4246402193285
623.3669394550731	17517.570944547493	7893.9185246744255
1097.3600031800756	15962.362864192655	8111.126891535142
1229.887704666743	16038.481919937645	7844.394660477565
1157.1892932209264	15325.374272519073	7753.608981596337
1124.3100753419944	15626.371595385834	7932.317648400574
2011.899191886079	15976.667049940526	7921.887314900599
1712.5220723475002	16032.691664271564	7560.944582724992
2187.1009963057872	17758.227797346906	8234.540455350416
1423.4554377066413	15991.354593205257	7763.389220567803
1317.038828532536	17149.145793439362	7276.112333690256
1308.0507707634422	17353.562409580307	7904.420224927343
287.07879125272194	16086.747004334706	8230.056014550537
2118.7042157933765	18477.68121986874	7471.12587893623
1007.3572859995418	16941.797073695776	8490.775819628861
1708.0937159706507	19469.312738379376	7938.757925840825
883.6762960927788	16532.72825583331	8039.865554290698
1541.6117704776368	15092.100030918047	7526.856071463056
630.517231135407	15193.057899766001	8068.599989795406
1552.478640740856	17080.7179387703	8019.378170113681
1580.5567808625085	18224.77590674043	7749.371322110177
1097.1873595359616	16561.43969793432	8058.686420082097
1856.7392297485103	16833.723318722834	7982.024320595475
1248.7073673947773	15900.825698132521	7756.741582308472
941.6294132754002	16939.164671664967	7989.690350056428
349.353588098096	15772.7742139243	8364.097259428194
1224.3292952648287	16109.098926689761	7936.435419215724
1366.6184708670253	15110.90948620825	8040.693559272395
2069.1642242113344	15968.083547849174	7827.296823206856
1564.322600578964	17611.329235683323	7982.752152070964
259.9215760893253	17584.120346591695	7430.592079622054
1351.4585507544402	17941.152273130992	7972.6882816657135
2595.2708265268147	14474.672755206999	8125.611910192232
2136.271413607032	16214.445910778573	7916.848499391114
1471.127415208153	15875.554796143762	7562.432131209956
1238.5065292225809	18428.68024125675	7774.557245309155
1065.7982854691732	17174.941336735235	8095.44753231624
948.722709660533	18465.094762998186	7743.855040887249
2652.730563402483	15686.604758496782	7922.212497317526
1322.5765873760613	16139.792211399203	8075.119590768688
1441.7877999641403	15648.042468040774	8153.955790118519
1970.2878954574899	15328.759156474967	7734.848503802824
1651.5328178751424	16986.61655059694	7614.448380667476
169.43993466343574	16721.730405797993	7791.163088937251
1189.8051491957028	16959.777910483062	7887.17925584116
1739.0231139807183	17262.56558491786	8198.857803493704
1227.4337933840811	19636.854268033556	6069.952645832904
1670.0155057581244	14412.766328858112	8079.361374796387
2747.2277423999417	15165.66228784063	8100.622236597418
1545.1854375358191	16822.890174047916	7829.213801263665
813.3600901516783	17855.74010249572	7591.1665005681625
2093.4607586953657	15247.166833269934	8232.271242101804
823.0322556486117	15956.469131922726	8343.30106745901
1584.440011316835	15981.447673382614	7879.774364730588
1180.4940684004036	18436.58865282588	7072.302965046619
1772.1707773411372	16176.27346115284	7716.598215642529
1825.952420065205	15111.814249738529	7772.424863146852
43.059149556181055	14709.221475221937	7974.475919511203
1296.7442036309671	16741.76217753512	7839.9478569656685
1609.123556274091	16259.410881078247	7419.460884584733
753.0340301999337	15345.981947499004	7939.673671011845
1853.973812430326	14618.14813265055	7864.8676484009
2181.438392517979	15369.128466812213	7785.069383897875
1801.7665765424201	16000.424234100828	7855.06041691681
889.8720672214621	17850.78160758635	8605.403602306293
2257.065804562946	18463.830948946663	7827.186444781025
1287.696446455744	16368.593048262162	7920.185166700549
1761.1436578806963	13463.537892809129	7852.545274603471
1217.0114411431605	16270.657325577522	8214.849078607402
1206.2221966605541	17700.844209670446	7851.091582571879
1841.9822866108318	16041.506504817102	7676.295478219697
1565.2139050578305	16531.07655349272	7641.851902809205
503.2053465210704	17216.40161512467	8005.437699387781
973.6350949394225	15474.308844280198	7830.831183210891
1765.7066332506365	19139.018494672535	6801.865188979254
693.6052830288133	17644.766521980095	7720.573104179941
767.5165069767382	16994.87764144975	8291.90928355219
25.358085797244296	18461.768530991	7898.791909919216
2050.1054370812444	13508.16258069639	8040.7668792565
1001.0938592526732	15199.47839908129	8254.143169928879
1322.3256200607775	16488.462604281955	7626.863437351313
2428.625601688425	16649.85163802442	7812.556888611858
1982.3040439859737	16147.720539456346	8203.288178948162
1320.1453560780403	16064.22160704854	7686.906505002352
1136.2335868259036	14333.836373661545	7508.571682244541
1368.0581269551633	18108.054276636543	7832.417585098361
478.03572061550483	17284.545954497138	7326.810229174892
2338.942233359133	18163.707102326152	6700.376159202162
2143.1567468423405	14997.717622759897	7751.754489524753
502.0683700485077	17090.221611761757	7668.546896002484
1529.7131348799733	18318.91008739661	7478.1333110922105
2082.9017835013024	13004.787791249788	7902.348462763173
2555.427989858251	17185.239271228522	7937.71961434526
1079.177533929885	14859.798458486606	7635.1292144509825
2657.2087878548377	14705.571259368475	7615.0468921481
2848.8100499083916	17136.56727353221	7945.983187990638
1535.7855715989995	16411.834862479263	8155.752818424794
842.2610639129771	17115.336127005005	7771.343795144485
2209.686663166216	16471.69278220904	8458.073282437812
815.9098825946334	16766.823698163924	7531.208505883588
-140.61661006226623	18510.10774316994	8369.520812476949
1662.0924479963057	18203.556776033973	7956.648639349912
1373.598514429399	18301.590894308312	7867.874500246866
1401.406401641742	16413.318907451165	7931.095168407905
1458.3350178004482	15412.169021461961	7979.218162026687
1364.6664761349	15081.17668774337	8526.821468193246
915.2766985892423	16950.67533301606	7778.393228035135
1515.2372479957935	16762.44215107548	7963.155888350868
1409.3670415783567	18068.66423056671	7880.0913194090845
1152.571582474653	16863.004714831575	7647.768291561864
1064.8749496373582	16889.571851345394	7937.661864437935
-596.9694438157782	15511.800954842054	7995.93335664452
1466.291484743951	17060.782533227604	7646.767989271394
2153.0989471156195	16562.44422576869	8043.64693678804
2671.275418959606	15184.180812845223	8304.928710066235
743.5278648449279	14657.4659960573	8230.836341841654
1883.419009394312	15891.876986089137	7894.145302830527
2339.163604703555	17054.297245044567	7630.629999487484
537.1549335944812	16420.521363603533	7507.337122384083
984.8539874567194	15067.87977101302	7630.741538097663
1099.9455753199873	17421.278807202954	6688.09111859476
2638.2132730285875	16574.995459096357	8129.638602924022
850.468478910355	17279.675081261907	7789.847805964075
1522.2380397298605	15656.794843960479	8050.267021113015
2581.763601108199	15114.877889395899	8202.28654476922
1420.038865000802	15975.13170388505	7751.053461810038
1116.8305278628545	13183.369254943585	7404.9556136547635
1190.5794115987444	16713.02775037798	7789.995239450933
990.9608187961385	16496.67675304249	7806.354833661033
189.09165498823765	17790.848775507122	7889.5360108148725
416.3764942685199	16693.58828519671	8033.597695698413
1802.2012298796492	17367.931407163793	7695.519100938522
3557.195878824921	16981.2225610568	7589.781456332965
880.9984617132468	19454.3560109152	6303.001097868641
749.2025011444135	15701.536645839275	7840.221698093712
898.5734890106188	16960.79006345324	8292.968305035596
1080.6467766348005	16182.358450294625	7885.1904872507
1446.2963634312114	14320.298084804273	7768.884934579641
607.6300450368864	14546.34045977047	8366.118314980995
-170.12135009436662	16177.143911957373	6903.34029369519
1543.8301960563526	16404.483599332332	7665.061701574762
1464.9594088535878	14319.49432792801	7945.124027358855
1119.9687859978058	17551.959623038478	8029.716022079828
2073.38948369588	15912.15776399162	7833.60874929495
790.2752241643093	17526.998266718274	8053.286137094539
1549.106310625913	16146.10497017639	7790.413345689376
1941.0940576801027	15877.583554539096	7595.015056977432
1279.5514573771047	17618.813921079178	7749.296831962482
506.3623862480641	17539.79443683075	7692.1156820045935
281.04439229792655	15965.297576914194	7616.268360911187
1337.0373733791894	17003.548310547023	8109.547568794269
1101.9473601255622	16245.488157825455	7827.6806224096135
-175.88311441498738	16415.934142339065	7507.3149672439395
928.3627982791108	15831.928709215064	8249.502242563933
1474.4113153094727	15155.146727180407	7498.590988243502
1741.7725783994977	16344.862302371059	7720.076199593249
2394.0788713852053	17372.203672194562	7996.221199240286
2914.166061866941	15436.404838418292	8016.163402984244
1644.432556105189	17114.94427607778	7999.005905350342
745.9697639716004	16279.68385261453	8565.111038527686
1490.8670268332003	15912.949237660318	8241.171691441748
2783.476177203894	16875.331896651634	8271.373903299274
863.1161208045764	16306.847503025645	7580.399740648439
1440.8906950676728	17339.09425724591	7781.315383645945
1197.5412609673278	17546.476218710326	7460.001879591832
472.7498874941137	17707.866392737524	8020.063736146261
1387.388478951517	17678.72896088285	7757.014931729622
1370.9050939007682	16206.805679948655	7694.805394605805
431.8385506505603	15568.828060622562	8192.120647081894
1600.9051674659436	15365.230226053334	8274.09723888046
790.1979903115863	15627.36411666735	8283.943565544143
1825.5369897189687	16990.738475883376	8146.557258158817
2035.3651149959646	18140.344623582012	7965.831178535764
1441.6062061824312	16312.97531913541	7612.455872347247
2572.04418089503	17106.267222412265	8060.285156089697
1457.7121109378236	16506.794304040617	7892.793598529634
990.8464294311426	15739.637821197048	7946.043991513155
1199.2999903881243	15448.74098172018	7624.342153367282
2030.8685837350945	17000.10676679382	7970.903797609374
583.3414179488125	15829.41147231842	7927.665457174764
1399.0563340280382	16060.21640348034	7984.310463265034
116.81685736161431	18926.82282909423	7345.900937087122
2914.2162874694327	16163.047456791388	7519.782951166267
1208.0766878665204	15189.937862761593	7985.798806948965
1592.0334594223207	17028.26734346033	7745.168517134711
932.1685745109055	15865.553130711045	7561.070692329268
288.721733321295	14631.122780709815	8556.016488084624
702.2085333067039	17587.216901998047	7920.288510883035
535.2574371610445	17477.086033092426	7788.575166243795
2360.45908267024	16597.78243649792	8182.543810560502
3115.399799619329	14651.810951637606	7454.481942868665
1894.0677843540777	18228.960247251493	7288.852516184389
2233.445489190203	16612.084817613737	8199.441333048526
1718.2496573239123	15766.561268584323	7924.95623512964
1889.4037056424131	15015.659952049346	7832.973390462492
903.3265592463297	16461.001826574196	7793.19852967458
748.5335934897234	16445.638006428046	7632.0355425094185
882.9822812672757	17408.70060798172	7678.7942495092075
1962.4120086341584	14085.833252548837	8056.483144373768
1835.1936000237977	16774.46360039844	8117.737726610452
1265.0080164490555	14224.745060601645	8009.516155133834
1161.6969680219256	14409.963247599757	8397.135616445445
1342.3638416529047	17130.36277311227	7588.677318071366
1376.3027214322171	16189.298695811398	8010.922799293311
1852.1208389385417	17923.594471701494	7729.095831804595
2666.6730598273393	15804.137210587056	7823.908524366767
987.3251444397727	15798.814088128995	7969.040181946714
1747.3835293853472	16078.61365495218	8190.359347954883
1137.5100300696681	16665.121926442083	8003.377327841168
2730.7627669681	16820.888426357335	7689.20906216165
1850.5675259099987	14946.194724316301	8158.058939759385
1304.506289972793	15396.783660680838	8323.341474156327
1557.7650878816567	15678.905516320227	7080.758900823598
9328.04467290531	4766.324012774998	5334.630701413969
1102.4871713009186	16441.07182758839	7679.944467607498
1690.110424365199	15750.68957486557	8074.128207483759
1196.3341936375239	16725.106230360823	7470.739214663795
2243.6418708490405	16493.823141724828	8108.17598857168
2001.9923193576005	18406.21360625102	7217.279168418105
1341.0264457468425	16287.151853317306	8050.717359320324
389.00877497274274	16680.44226909734	8074.672250762584
1942.7592185750993	15780.059292407337	7626.687184382493
1966.9722166545541	15757.592607392944	8111.718375161687
2921.335476655225	17804.896866254177	8258.407747885174
-444.35404141393224	16861.045394871042	7793.991808621477
765.0710980983337	16045.732635184915	8215.720815630502
1075.6824859433004	16914.616157989563	7337.159825645794
486.40566512714634	16196.9219145455	7772.865155457095
2758.604605817789	15890.966718214559	8090.583346663582
1295.9467058836178	15881.529550410623	8044.1760022976605
338.5157300657688	13927.557373528327	7521.437553389818
1265.6913149965612	16482.363680712726	8131.239709143632
1583.384976269101	14457.21018017186	8218.85945034869
1491.682792963096	17156.67035856153	7711.325391996029
2256.0896788901246	15888.691902610552	7742.8214077412085
1493.8895943643715	17178.531081224803	7888.999848663388
889.0864029938075	16062.760634241435	7954.043903991846
-117.74927770340031	19867.263816819715	6531.289374596524
-58.400218396714415	17949.669881047994	8151.923217702684
896.9824231626865	17333.335033841162	7842.296483536508
1533.379056965818	16741.06813750474	7959.2765613207575
343.72466901300993	17718.638942091595	8026.298604291589
937.2524259880689	17591.66071816597	7575.372320410089
1295.8922262921722	16661.173533527326	8069.9276976125775
1961.5627670828903	15078.514650636705	7872.251568357556
597.9135602132725	16507.325876588104	7655.931167164694
2261.493687326006	15019.121924825971	7620.4246652430265
-73.91442156215015	17525.23344633177	8090.130857084237
2172.2102568576615	17522.620420634197	7385.090445666529
1624.3683496516453	17704.378725198272	8108.001642463834
1184.2754586172885	17391.2443657952	7504.045739454172
598.1151321502732	17180.790264682924	7869.989599700744
972.8511616612769	15926.861464635193	7626.619861323914
1033.0269530516714	17001.824116971195	7893.561160818119
2047.08958183326	17163.24790361418	7937.033316070084
2302.116758214907	15449.569295085665	7832.929384819881
1906.2737250992775	16771.720396228156	7702.871438597894
3204.763307182957	16551.86899007438	7872.864014601917
1527.8103098121796	18359.6495427508	7364.038936252956
734.8045342523601	15556.321279152911	8088.321701422443
1615.8982118009867	15838.593015570636	7501.004485598034
1283.010649557931	17242.951192450088	8232.252724283904
1152.0016226111825	15424.62912505936	7723.906917910698
150.92221169874614	16181.086865929028	8019.583002915235
1273.999837217629	13868.979440523126	7925.06388460968
1968.436429808696	16069.002429383025	7709.840905741077
1120.5500574155672	17424.331100392053	7882.055845117912
2506.9433337745386	15057.722055844451	8121.135315113468
1020.2809683791189	18466.893527808257	8466.540530536182
122.37298845856624	18181.672590237737	7614.446453988386
2936.9986896903506	15392.150167727175	8378.433512548792
867.4059085303975	17604.34980938415	8187.50258896801
745.7961384491077	16646.495036783203	8264.595494317136
1309.0244042189315	16067.96577026033	7955.492628675505
1868.397177726815	17303.96121876123	7766.126478665537
-7.459333336807654	16920.46825334856	7772.283781149922
1974.8008173641356	17584.1103530524	7245.744100533546
1355.1376679238952	14468.135079394804	8150.3380183421605
1908.5989388247237	16820.528566974142	7881.176740037453
1535.6881000671535	18647.228202916885	8003.638417649368
1627.544719393773	18694.179828024302	7228.800885478193
1570.789222503131	17518.835653106828	7548.826850624142
1092.0427781163382	17453.91010782107	7630.516783009718
684.6035158336675	16254.526095578962	7671.072638598179
1938.1567411653764	15622.923628966144	7788.378987518007
172.00944316139572	17012.496114501922	7988.028929681373
1410.6120461501946	16866.853584060867	8124.082304981704
2715.4330008011	15828.611626107697	7755.089568627231
729.8584284282175	15768.781611385248	8016.998644350985
2300.942593823068	17487.077863430666	8279.65089215685
458.1235058112585	16890.99213646871	8111.242361235151
731.48095632813	14684.210766432794	8300.698095898739
672.521873005249	18204.966727656298	7707.38345101079
1222.7913419841375	18503.258676309873	7999.606348566313
438.389549012935	16415.219751348774	7767.089804548885
1357.4891430579098	15449.033420134929	7894.623943781361
1018.1448606650724	17968.18683974093	7756.616234824832
1831.0275298002487	16686.572253394213	8156.51336448681
1593.4928334470223	18316.93304194293	7577.811519382994
3075.5553177066836	16451.8939488217	7660.8395689308145
1751.189629706462	15845.28907217622	7610.016099042524
1293.85890131224	16359.660813215649	8060.92892239447
1450.8554059771375	16204.486178303325	7584.569976242116
1423.0390686987887	14996.262703419347	8117.632892700771
222.74774944812063	19350.467851530826	7861.646207974069
1298.1592168507584	16256.434567528559	7906.408071744624
1667.7884745240635	15387.753158542482	7275.48178796943
1190.8408941435248	17301.755440047873	8229.975977297807
1899.4435848204234	14673.520958409843	8167.732876166881
1814.0630531390466	14913.753451820905	7760.723791831567
2286.838679571826	16262.734753989338	7540.024933748022
599.8257842025129	17275.44913691927	7713.4834302324425
-940.1595768929611	14949.483996296078	8243.247073871937
1414.874219425501	16283.724171445809	7786.149243587657
1212.6124920293782	15683.873905022687	8114.077004267067
2464.783432706862	17182.6299561411	8028.0025472198895
3801.887107483972	14908.4395706935	8021.161302768954
1675.0180799442119	17330.671867853685	7345.017379837217
1188.3850874554576	18281.01107133226	8007.500727834192
163.06730993780474	16495.809773300807	7690.190095021278
1534.302448886475	16038.199505967925	8520.419216144775
1485.9881007856284	16914.25302784427	8055.831203218008
575.3133723637133	16343.918840898765	7849.837299188935
1357.7974330027614	15283.658430908814	7917.495610769558
2524.622776961645	16992.278313789426	7610.25586974973
587.0846247035702	17256.974258903432	7153.889146010366
392.4613321738364	16086.22564533694	7709.437203553612
812.3442288805221	16087.909792108965	7992.491715351267
1768.2090727720247	15421.769356363313	7640.227382510776
1261.8483896754465	16335.435612411307	8106.17694455655
1508.6529949137885	15694.088965478868	7675.526829439206
832.3431639143134	16826.094169239717	7823.5359667202065
1353.1498258663767	17919.554663735802	7910.682803218837
1161.121668012492	17130.902930331347	8237.530565198718
1145.7751013559816	18456.468998059427	7422.825939503642
1289.3066171222272	14960.832053454946	8008.188260010353
1955.243997133352	17068.325858931574	8051.106877126618
854.1394330180303	17402.776433859144	8227.13020932355
814.621942262241	16269.222379936233	8108.489671727866
1732.7074255048428	15746.015346897333	7629.777868384893
2302.9211613901844	17017.690624869934	7574.303387515614
1345.9678581861813	16534.767174671928	8105.941645355732
1851.023651858748	15576.342054030294	8187.551925759691
2250.5492058101777	15276.124786050259	8105.969176212324
439.02360173589733	13136.308301375455	7697.04409577556
9178.51198403469	5352.15911763109	5248.075350690362
1550.8604037268087	16195.336271331778	8843.480552899056
2315.3901822658963	16010.574037942539	7285.736692997085
1704.9280759988553	17045.685471529177	8103.148044466528
1489.2227881445149	16655.157275121688	7737.349109566828
2188.293902893253	15932.350412288148	7372.023067072827
888.0484851362813	16298.826198802995	7730.834530924363
330.4891201099019	16231.237920874786	7655.019690524116
3166.3553473703914	16710.64978623485	7138.230236137828
1238.2289631955207	14652.571451519938	8115.5173769544335
1616.5419158606228	15042.343058262155	7408.9185082676695
1331.6367979238762	16902.98557245273	7728.714846565565
1400.0923320697361	15186.307925649306	8188.836699218946
1884.1479416570119	17141.20563706681	7945.360517177407
1734.5787062241848	16065.708599227077	7822.397559541438
108.62146247833108	16531.510276096575	8317.41873348272
1025.68998743439	16429.431814645293	7954.042546914126
1395.2685172401737	15181.678419087311	7504.46379796818
731.3514918081506	16595.472028935113	8072.179813898882
1447.756233933408	17758.424899265166	7364.972176635121
824.9573038560891	17812.871663868198	7475.511155970508
2471.4306352869075	16692.144108867647	7614.292876391382
2709.32322598059	17644.664417059565	7742.466659749863
2650.3478094393486	16855.45646929929	7720.106383963341
1713.734689173287	15651.487068486005	8179.713332255266
1429.9655704506322	17566.387013466992	7610.194367550485
1285.608626139061	16467.831132734394	7844.522083713169
1982.7622319795719	16501.635099736035	7646.745702743183
2010.6129547629862	18057.123636876895	7284.873871467267
1272.0605367440469	17469.514071798083	7583.797942404894
1957.5428978404595	18351.057245655495	7460.385744734671
1585.1301705032383	17592.206002526713	6681.687955694842
1784.938969865654	17007.033659468107	7706.752751306101
619.8408774911976	16928.911084796888	7678.172997765578
1263.9211882988322	17453.83831811867	7761.522317469373
1382.516786284139	16373.34047941801	8093.238386679942
854.3993793035244	15373.741499324737	8142.417676612038
2140.4615764778437	15462.608925364202	8116.376619090493
405.68831194747105	15351.206443423815	8089.855598346977
463.5975219926648	17994.283418210136	8266.014243668882
1144.4777871885603	17093.82295795576	7566.379393807448
1869.1663506598081	17051.70710149813	8372.313717129451
3183.9359233024	15810.510959683175	7819.925979610069
635.1548037227833	16011.911299471021	8495.415419099674
1115.950173938052	15291.780844115423	8410.17188593189
1623.9512254536128	14556.58213571737	8104.9251475375295
1095.49885917508	16651.531770043533	7821.6194738824715
299.6236562768853	18448.735124906772	7156.986804855702
2630.3755003016836	16118.756997769678	7816.805251101039
1487.7737587309427	14370.641647406901	7722.762466683192
1646.7709893159006	14310.41676519835	7481.742060699929
1442.8852882110853	15521.898117571129	7296.966761357275
2447.1677248081696	17729.27434944991	8000.62173004833
2089.4059762723246	14636.952765163676	8717.74021863924
2267.1307313015473	16778.63005242346	8055.490735932114
3306.467623713477	15140.318085845998	8064.3286431449
924.8292811800184	14939.990601186231	7616.377558416424
1332.1566126509272	14997.932037820989	8319.82787558623
138.43605507268	16540.80471786461	8031.777529775431
974.6328926616741	17737.033515661966	7637.0450074251185
541.8691625756225	16730.54965199362	7901.02256901235
2271.6762635264367	17977.631620245553	7953.430854960873
2168.145493382699	18184.85706393467	7468.347590505798
1749.1599721088817	16666.655528756582	7987.394234603851
2406.2077181847403	15895.583570578563	7615.823802010013
2258.4219827027173	16229.028351870218	7869.938052822415
1507.6506903176535	17793.673604340205	7562.494191807916
2178.4523526655116	16985.66215226822	7940.59647598507
1140.4522298279558	16464.63866617236	7739.8782733591615
2317.52392561278	15494.59542726328	8251.639902541634
1161.6706891064991	15817.264934696517	7866.431294305344
2530.9176662859018	14800.905756020467	7935.427695395936
15.184295358434095	14110.33511625009	8436.093142874981
1870.5534590852517	16414.285212051265	8116.236928727713
960.582740385636	16397.461485791315	7660.1924642442
917.6500050366808	16869.37437885442	7826.356176285056
2424.6576079308184	17298.469138675373	7652.210908983904
360.6936192988232	17166.317475375774	8072.905532262188
1478.0582428468215	16584.815842268516	6998.49357808727
1449.9992129061977	16846.903122656568	7824.993658549009
1016.7145696851682	15043.42794757786	7633.140659829392
2879.0559555892346	16300.295201137573	7959.2532097100875
543.1013443102775	15955.937359385436	8194.473145677373
1573.4774936454392	17355.697512255185	7481.791194327147
748.1198410137611	17508.143644126318	7992.399516105726
664.0542152197855	15308.9416071518	8253.402436237204
1499.4812541798385	13887.823370656459	8180.921508902519
681.6791616458867	17555.126614399058	8074.4676708055085
-356.0252229876261	18337.289709458273	7871.163562802507
2102.423965926679	15697.666894616783	7920.970488775384
2140.8648292830967	16628.606371529197	7918.901794523857
1015.6386617758812	16412.883343333793	7753.25832260171
1337.7091405225656	17394.65576240267	8175.3257314416005
825.4211908577131	17394.00322438861	7945.855584044602
-126.84295316837259	18132.117554551296	7789.385200922499
2496.9430648559664	18247.947685473257	8328.49339789098
1057.4813424555682	16516.579495763883	7445.179814918163
1203.496898345835	16244.540094418233	7924.315258460011
1575.6990022852237	17076.41628295799	7886.959897884197
1003.8919265853699	14031.285168483619	8589.405978428602
1967.8621836882778	18388.987165713927	7523.01234791731
1292.489358710105	18943.29423495272	7732.905399986834
1288.102807449665	16625.09793352357	7855.036730275166
1846.6729270596122	17534.836631666614	7500.162683144971
-619.354840104522	17519.865054673675	7550.98256734063
906.6281851630341	16660.691292338895	8155.070191870766
1591.3962283643637	15474.302830937026	7518.549870612119
2039.6229287749318	18778.903216141396	7742.789826480501
1153.1772071664248	16285.146608606787	7992.0398362837195
2732.192621276228	16217.886065397544	7782.412843171636
1320.0821701107864	17402.316038165347	7882.213541949388
383.61855819871374	15633.772226201476	7596.667695147419
1077.835851650721	18128.835367288695	7155.882443306764
-526.2863509176032	16568.665550050275	7488.556729407302
10125.323820561336	4141.897883671197	5020.85832066173
2414.607029333775	16703.38707908743	7379.671761834454
1558.6481320161793	16596.66748852277	7594.247609260825
1676.004763275808	17148.09708119724	7777.595853091126
1196.365439560106	15238.273221661411	8291.790566623398
962.5005252739908	17573.579715673575	7458.364177108565
2278.81460276496	16414.581512386078	7769.887441091481
1637.2463715382653	17335.615296046206	7800.794709335897
1125.360543879103	16333.623009940799	7732.704463586197
1984.2021047153976	16030.491440456228	7997.216477532607
3095.6818008721957	16719.26936031278	7502.004066688525
-139.99006274515668	17700.097614827333	8186.980673020966
1269.290772011354	16027.475589957683	8102.1476218161515
1425.620744313191	15197.606756635876	7887.975163648197
1526.6964991565906	17718.51062631296	6763.321487789015
813.6785620067463	15702.359835863346	7988.890832557476
1793.6771900564502	17436.269057397232	7891.675535949766
1735.1527229220242	15856.919696464973	7405.815277481868
1452.6309238468914	16283.257156141175	7874.584756208547
1692.126359836692	18506.73467240019	7678.066572397491
2753.6711086131636	14757.111191861004	7959.731785981749
215.94303197721308	18365.498879914154	7353.571842822507
385.31857131578744	17826.635372973455	7756.4194574942785
476.967944636091	15647.98704364882	7821.137739257644
1756.6740688480058	16285.34750524515	7777.109944214946
1326.805181171933	17197.431257376073	7471.839022412623
1656.8276532918785	16138.20383756095	7295.711122723925
2785.941360185064	15637.634463142518	8049.4871591898
2112.493579291793	15776.360033288005	7745.293524563965
2523.724074519515	16650.21643479516	7873.897984572783
1085.4280948383164	16989.296838427308	8542.827503777984
745.2269945682366	17477.837821130834	8366.435542568915
1620.1443109804552	18282.52702503852	7819.921495483232
10481.187714411657	3569.718444179897	5820.515137881637
448.6011320887144	18925.034429982672	7394.020721732433
1625.3320244699237	17101.779679871746	7969.453128940741
252.21546003988936	18405.349342049205	7809.769775654163
2054.5995576857504	18305.1251221609	7978.8810074590465
332.2688881766749	16697.63812529281	7273.52678491892
1216.1843300820033	16731.138552465378	8131.2135390247495
753.8582173802018	17674.74144338028	8101.991418286834
1555.7013980764013	15244.489622450223	7758.7478603501895
1828.0012554619916	16337.72132305902	7972.889490637699
1347.5661467998777	16830.43133855242	8005.483994955152
1683.118573636369	16537.423877954287	7965.004368363977
843.0983516497336	15618.91038641945	7264.949830089635
1758.127835200427	15606.334605824555	8084.873537789947
1293.1062134535828	17489.858703728027	7629.9452945888515
784.0326054312915	16147.924997916642	7690.346397451756
2132.3093851625727	16196.247769524243	7910.549949500252
806.8830629119345	18264.403445185126	7886.913609880028
-962.2148516110451	16028.289266183658	8582.899474416772
2015.0026105622599	15692.24829329598	7311.887748938599
512.9165829314769	15634.889723421347	8126.0050257041075
3048.7715330539777	16559.227392839828	7993.224173648682
891.7950382662904	16113.126766006082	7487.854520184562
1319.566041925628	14696.110301753628	7728.885680380907
2292.736335138251	18535.50061092211	7689.2396487895185
2357.5914930254944	16914.454536636953	8581.883011894433
1267.3464553628132	15763.669003020314	8045.104474153608
1786.5874086686242	16006.25164638183	7816.638614388237
485.6628061859973	15927.158491369666	7879.157887647032
585.870267076482	14914.996115540856	7968.520280129525
979.9467579949727	16192.509598025703	7510.0124196478255
165.09649093280245	18005.463480281684	7651.321652963897
1944.0420535581113	14401.125917609806	7740.276319658023
1260.585425016679	14274.653665817572	7824.249300652791
279.12442261250686	17004.738862149567	7893.208747471757
1472.6399169191116	15922.405385756072	7764.291463568836
2092.1692178910857	16883.007097219575	7801.080026958549
1301.1078599099553	15390.03721005686	7625.620492526384
2010.6659591466894	16014.175736731466	7939.183307675276
2008.6986775547775	14912.878529550944	7964.629382752689
1414.5046315866905	18071.686307213942	7573.681123805474
639.205154053782	17809.967341310203	7694.092269317134
1444.0664234812175	15906.003732293435	7474.192392040497
1274.167105259631	17227.316781828995	8186.466592989342
2149.794909123498	16422.588256693158	7829.26733666538
689.5025069557964	16746.931541207425	7783.9353369121845
182.94844501008942	18039.558065502453	7467.6241382502185
1214.62893391212	16177.624975272938	8031.890006565835
1292.476828743148	16491.04284830696	7885.484963570527
1715.5825946803154	18068.11432539924	8050.206562757805
907.0115885931671	17767.645709192893	7826.386154474909
2085.029420903601	17926.78338427999	8029.321433000678
218.9962901643165	17661.548065776384	8277.014011236328
2254.332756732136	16618.393877303053	7299.894582049474
1218.612607938714	14592.50558802427	8350.57086108221
2463.3512248418206	15948.169702317811	8219.092161911587
2508.706864025376	15514.438405110644	7714.215944891739
235.4076407913542	16476.849596359574	6843.910951645341
1192.3258034711134	16390.465027215203	7164.440822923791
959.2881858269769	15458.003105162046	7683.657134934476
1519.452910709057	15509.24499550878	7944.681848959792
2113.978543828723	16408.58864968638	7868.24808846542
1025.9476697331215	15531.901208807758	8327.608037506609
1619.9119786576284	16171.187117777974	8234.837322789692
1759.342740089359	15406.697815873842	7694.482671768046
1105.8778944375142	14634.413487996593	8149.794543931193
2016.945885519024	16510.7043930758	7367.808146214911
654.6851363430862	15950.986121190796	7684.151676489133
1368.5722750459065	15622.148457129982	8299.831567349673
2475.5214215212445	15285.756723095383	7973.314053206099
1403.0141895346987	17095.821528060893	7737.044870864724
1998.8714642476095	17359.837439305255	7972.933933055946
1993.1050470549003	14976.359734367918	8130.569665107773
1419.7122566452754	16742.957623137776	7923.78501188518
1407.3283698466132	15119.068781466665	8336.194103011056
927.8646201185661	17935.23416459539	7580.345161843478
422.84481538448046	17694.743231021635	7153.36618548227
1108.3404902034267	16316.941890019074	7874.897388196697
585.4422558675952	17797.15164034892	7656.004418413622
1866.3991091005898	16540.91793935615	8146.953086503028
1312.4471729098261	18755.748417303905	7709.312651433263
2208.250593974684	14735.173277408658	7952.408524486541
2509.098943518633	17056.806801280454	8073.8708794399345
1417.93072252349	17138.62355790743	8041.635415002903
1523.9932672312098	16649.863097700956	7815.337271431098
-98.97585583645883	16776.856662488004	7656.915548988275
1215.0415255104685	16334.826924122794	8038.197662157735
760.9219208478962	16239.37917171079	8022.288434562294
-103.83998373659809	15918.602328298737	8093.957886546673
1694.410105138495	16397.76643652188	8447.35326930379
1536.3159310058427	17541.713440795353	7854.851245457596
1148.5809226518195	15344.471944190203	7904.757283050913
1753.82078830786	15169.69068203541	7823.26921520294
1856.1275452439504	16570.451908262246	7817.635629652637
932.6952476298402	15228.459325570724	8390.675817142997
1645.4291346360972	15971.43847431477	7916.075636513726
2879.0944059478597	15707.390707234237	8220.828561990771
-438.91504580615896	18099.99620524318	7191.998444966763
2628.8758140999166	17080.889273301324	8365.470034982187
1226.384075786361	16818.909365619398	7550.167164432616
875.1421554930401	17043.6396431078	8179.451762072046
1463.001613845307	17894.18681098743	7516.370725992685
895.5181085886801	17728.412755172576	7691.142286443782
2371.907198172967	15813.775112038587	7966.819427912068
348.8932547370956	16598.538799450293	7941.178599125935
1247.1712358105276	16597.739445391013	8026.335189491257
694.4250145473882	16718.385087185772	7929.553124352231
968.5852434783776	16015.749202383247	7960.967777153987
692.249503592064	15669.635546941652	7845.5330285294285
8994.011224315947	5448.890013438629	5260.492039257176
1820.5596119072675	16816.306593642857	7996.852960001218
