1042.1818110656877	20529.533072587175	9170.423295743167
743.4890735137553	18446.6790419741	8656.54385422497
1081.5612669941843	19587.046936689818	8655.825492916645
830.4341498759736	20420.31516589346	8637.859158776715
1278.5658188696032	19587.2656633507	8365.065406804353
1552.0569006404055	19652.635885228046	9054.23922174064
-1147.8721200070215	20687.58855223412	8845.980833390726
58.293573163269514	19620.19459226077	8380.804785702923
947.6149030031953	20782.319156731806	8723.54283610979
1008.0755794727149	19706.91251269759	8628.934022146968
317.2611230371776	20976.24123908096	8829.608258010945
484.560496938092	19114.16145933958	8458.773312110254
1202.730395644278	20424.744427636448	8887.948947398498
728.0217863044951	19387.83428233034	8630.45550393065
1541.922838940086	18094.575049404924	8824.69084396514
967.4430429656836	20362.758249092432	8721.70431194982
406.0907558020201	20022.556145329032	8680.514281969625
1037.549003322333	20038.470216798596	8164.342334287196
2313.3610270032573	21768.46919103511	8244.309976159086
-242.2535584523215	19470.08508761112	8954.169468224278
2093.7684828066476	17454.877069036072	8315.614285520105
1815.2814951892315	19806.34354141165	8630.855744654857
1618.330288190875	19658.583233939862	8531.514739879503
163.61245808732193	20083.541771980617	8449.31558711163
1547.3937842272344	19357.913188499802	8565.319936055756
1506.5146512218566	18628.550281538624	8521.778580776736
1177.3979212915763	20230.994346626623	8559.769401158755
487.80306369255226	20182.139585690893	8485.032464324055
2670.4196280761876	20632.36313649658	8419.368532159839
990.4833203636597	21698.698153355705	8796.084017490375
1195.8668101710691	21030.766939786376	8254.347600053854
964.612698416158	18260.705252484982	8556.517593962672
1300.24614632152	20486.048506989628	9147.071112637102
1216.5002639742188	19321.291699260306	8848.326934706274
1406.2688154271473	18382.070401501263	9142.722324376075
199.04278595578447	19943.450473786408	8738.000741404774
1651.2355093880126	20471.32618221774	8445.73289694515
917.3281389365366	20938.7841597564	9101.389272630868
2056.1214747541867	19229.372683310758	8814.93989662537
1366.8435723033606	17767.955314405175	8395.442499350771
1927.0888965073852	20643.895801542327	8584.449251038612
844.5529420097571	18061.179462111857	8211.484710109207
1065.8721291305367	18645.446128223935	8390.39076329042
1350.6455937930946	16931.601308810867	8776.329621204002
2088.1045203933418	21266.45493891045	7891.838884694734
1803.3965526241457	19682.783150241445	8380.821987580264
138.58758983482326	20832.0010192397	8924.748535217897
649.6155825078217	19311.19517061602	8306.05189290269
838.1841770080696	20220.67567565802	8210.375016715612
1780.055216984676	20808.738786615802	8518.890857692197
1295.2887872404667	18725.092268213684	8492.388194403808
1025.964413129843	20148.092865460007	8516.293808610346
417.33597120025325	21165.167392630006	9005.624206527664
761.3894775937229	20763.528782549303	8143.729375090481
1384.8053413007058	20473.84439863527	8751.84276391214
2416.346258229974	19821.40385538075	8481.440765556328
276.71991049294945	21201.965049641556	8479.429964206085
2282.0349492132145	18132.033395081922	8765.662845516354
1832.8997335003462	21708.50028892128	8582.426380282242
655.549604780336	20353.514910860915	8464.948597046394
1775.0872815429636	19722.084788162814	8405.226459931177
1288.4335544371047	19599.219441770398	8337.640710774709
414.48518211753037	20311.27970348173	8804.066762827833
882.8180675482982	19021.505810834864	8269.401418482932
854.1415050174538	20379.67101285648	8690.271225127954
802.9883425670557	19179.903441127048	8070.321498084203
-370.40582422641046	21562.367789520624	8468.709300336377
94.38464211776727	19679.76045334316	8283.692333482533
938.7914035136585	21200.30678257096	8490.585355908786
832.5851952549547	20231.273107061254	8774.505127934728
2012.008888523655	19786.502930539995	8558.063845729233
970.8188566788925	17876.42709251872	9480.31228908033
2323.9904746846	17696.06100171418	8111.128269966411
1868.4527771383391	20148.09292126091	8277.980841744296
1153.8878912058774	19980.683070180305	8933.97490302868
1139.370199661643	21301.103089462773	8219.062122028516
1183.281584516011	20802.565576439818	8256.93300697868
1118.5416341099065	21762.68960938691	8588.711632418885
1138.1942268712519	18793.672697497204	8570.655705956644
1447.3304416677067	20604.476358600456	8399.315752340706
931.9675718478697	18909.976950088232	8699.752802784502
1060.4060909596064	19856.302393508286	8755.032360746793
1426.840106705745	19652.93028782715	8610.835760238166
1047.4817009550275	19301.622987157953	9043.278368522342
954.8680525956288	20209.560535110526	8398.531759648227
1768.9537991807981	20347.441748918187	8554.66607401123
1721.2588203667917	19776.22684213114	8246.878001803057
462.8656296645553	19746.36876848921	8711.368913375049
-140.06097669208754	20559.452090917217	8771.303847100864
2018.8397662308457	19234.763067336113	8195.043476802965
962.0730948645951	17583.32341349349	9028.076128771345
878.5247300996734	21227.28836180022	8492.362099879738
-353.4986020123907	21191.331027596276	8669.954341559287
1258.851053677674	19891.715097001368	8778.967046300275
785.4540936276381	19750.2198664458	8572.422671932796
2293.5107154007014	19314.119643655453	8986.215535697338
1295.302075710519	19320.73797810694	8710.826066892445
1321.7124808482845	20260.87239334354	8865.530319287585
1140.4476203556708	20939.049943954255	8357.108890522823
1352.2501111958125	18913.379211994823	8464.20453332528
791.6829072010698	20131.029077070303	8734.56887730098
805.7673009666375	20847.384638370433	8563.12382533446
-847.9070133309207	20511.984593568817	8553.220280780828
1428.0307884932809	19923.93036827403	8648.55520125296
2148.0436565388604	20431.155121541608	9286.721385513096
1850.4557920560696	19865.345668292957	8339.452908926214
1079.6135930900389	19099.12123472083	8527.439093445808
2077.0978371697984	20589.931451834345	7977.4318660566605
780.3426263806288	19174.566335317584	8925.50397705296
1256.4130280866407	19187.245615455475	8518.55013615719
2399.1892085380277	19070.772608314965	8221.02475923479
717.6163915399593	20317.578559425085	8684.120719068173
1852.4215548864515	21281.24949269107	8264.226159533242
201.352794167899	20187.836003132816	8877.624402505824
1663.4718164049202	19634.378481377873	8707.161921252997
1088.928017871179	19895.515164221833	8470.00679340535
1666.7135285308543	20539.437420890874	8813.051416407303
554.7156658322418	20751.473127705493	8937.794247865771
1063.8513279247575	18691.193021668594	9033.750460489076
715.490056550815	22039.153210292447	7739.155066863718
692.690098770494	20334.02838726031	8842.175698689005
-575.6678243759303	19104.98149309666	8930.241622239202
697.0286306540482	19522.972535022913	8550.613412549184
1535.7611492347626	20087.668918878568	8971.78485925853
2168.4338391165415	20930.265237076117	8693.542837527217
447.68863245538716	18803.80141153792	8949.474316846858
1465.4497682785332	18400.18991007813	8905.916201979511
-50.89210710990313	20504.00412017157	8581.745837845954
1320.5088731592537	20988.267955570213	8537.754109826348
306.3345226001913	19739.13401533533	8387.688791350216
1259.4240127696999	21701.24114022076	8851.441066285366
77.18439506036185	19843.925824399943	8293.569679028229
1146.4156664576437	19715.984648315498	8429.666846584003
1177.0109393919925	19491.200833816307	8731.595072124126
1454.6140026728929	21596.214361941336	9091.608133813641
967.1399412075967	18079.99758682993	8451.614069965177
842.438273008848	19843.03022992311	8680.874807080325
888.8685501703952	19900.64363908479	8538.226844491617
643.9071691886036	19848.711959782708	8532.941153146981
462.48100264561185	20575.91923702653	8877.093957107405
1033.5213097413725	19010.66370831594	8559.2974794225
310.7236505567504	21426.24791078507	8617.28382470514
-1192.7518569251197	20612.263989215626	8685.043208118957
1626.33376474571	20380.39477364474	8269.505304570246
277.85631827395787	20595.758767316198	8509.16968355606
603.3380606978096	18284.485101466245	8889.369267003865
483.19109283679603	20551.660527301596	8206.81947398364
-29.452358925643484	18584.668993592404	8764.904055629813
2016.4683072008147	18489.431971388833	8778.890185472976
691.3869525352687	19650.269098231955	8710.981569657177
452.9704895380703	21740.08647655057	8163.016098523736
1035.1256612918469	19782.619340204095	8429.691553335586
928.5117981849908	20133.23672580242	8203.79143963089
788.0695586262027	19308.20684668824	9067.821643890646
1109.7973014037366	17359.963977719988	8785.540891164612
1394.1829503498793	18829.47178817624	8598.286395353021
1862.269921404335	20094.448791677984	8203.447398360064
2356.200889095806	19252.245207970183	8904.732608098457
864.0415627372774	20211.391855752066	8766.933591579695
1539.523586909538	21923.543248629216	8558.047726195933
763.2019318299494	17380.742729267593	8810.08749442022
1061.950690942034	18619.402911868197	8778.39875645898
416.45564818174614	20483.687696137513	8998.126324594965
1169.629740045432	20472.156220073764	9120.861744056276
1317.6823397897106	19517.638669439624	8772.376242111008
859.306951480384	19259.90242217736	8393.092118421706
2529.76365049253	19231.52000571033	8848.35152614111
1057.0538721712737	19472.459749655034	8809.649113684829
670.6431867868055	21314.055100456637	9114.438380656575
382.4270317614132	18904.7563366379	8663.103968937985
1016.1790527046477	19267.035740841366	8631.41858172295
939.7424875473089	20568.960125266545	8628.838321424708
1081.2514099795308	20004.98440954284	9024.233405393723
1160.9142327196578	21916.086682323992	8618.451611993405
849.9521530211732	18522.63232063246	8779.365594219207
2387.0274138663676	18449.5556871403	8391.596134853318
453.14613605831016	19731.725090733395	8643.807983420898
574.7061177228406	21499.127395062776	8736.05500280191
817.4195291391408	20481.90961054461	8828.231247597325
1499.355209397904	19579.719442399564	8192.905556082766
774.7051573558122	20247.196276710627	8809.233081041364
1738.986247871905	20788.989114838863	8348.93944903067
632.7391753424024	19976.095954535584	8409.590758266551
1093.9073990857728	21307.546120178	8443.525989485492
1532.524284274135	20883.29530064213	8548.321178994132
1094.5258106134806	17977.78321884237	8762.915837165918
1586.0876405283066	18406.425871445	8421.028935790333
1396.967035760503	19815.80092221463	8865.177603750995
1458.9173318994763	19382.900343061796	8393.667568564346
1187.52560197424	19570.402575500717	9016.215802787285
1411.0816368999483	19436.270213751504	8816.833375549437
202.41100956536704	19304.366553836753	8457.068829090096
257.76012147649146	19926.748552123263	8537.067720457122
1318.2635437648566	19339.120599409795	8728.765993708736
1155.4938808798895	19727.27218790881	8773.445653078325
615.3670416759248	16919.79368172335	8894.39771823798
372.06443840643266	21063.772954637145	8852.82875869002
652.1833720836814	19399.877760030893	8895.453336821502
1545.3719415350763	19971.36337853888	8825.268408177228
565.3127480208935	18524.8343488234	9102.480944253068
1432.2462079926022	19236.31613888045	8490.677560204142
656.8767137503918	18637.43604021059	8699.395771736423
284.71359484741316	20109.919850835457	8765.56546781601
1594.814593655645	21504.177944485793	8761.968260365553
541.2391268638266	20886.748921671657	8813.398336404347
378.8020352380612	19978.75034646299	8177.05095902376
711.5117308992607	18666.257505168644	7880.721544847768
1823.6693951432794	19876.109261849826	8545.627221490558
649.525587068398	19785.262530545726	8540.27661370404
1285.2847409740616	19031.16524472802	8842.912129914846
2092.869552599291	19473.197396758922	8779.639226522697
1252.1683732906251	22352.68643582241	8326.303460114623
1269.6717197968417	20536.35120645735	8865.802826384359
2299.1774465913777	20649.20618406874	9061.761230815258
1873.0256959831295	19637.942659639448	8673.202571764565
376.21315224032423	21105.7751307829	8541.550426222348
1554.8119196097482	18917.729593659715	8736.379594813288
1321.1960729566536	18135.58670079879	8866.537287613519
1631.2669606620998	17147.248625852826	8821.86294235852
-20.260372164263572	19253.868429819486	8583.520703474902
833.9352211713904	20089.121079593442	8576.310856659406
1340.7998621169288	19892.08159466891	8268.098619625202
1958.924186662747	20156.865488898282	8726.852325765652
620.77843867995	21086.294581665905	8460.531417589948
1336.331022833191	19896.196240272813	8621.038671944387
1232.381987783906	19909.282624466457	8921.801905138322
682.3524468741897	19498.301302056436	8648.14098566101
848.7920039551152	20658.134773919304	8320.37871739778
1192.5986220906225	19427.670796999028	8777.665081651598
741.1418060671123	19794.95090873008	8790.893386999855
141.3156692975009	19624.656181305996	8353.305358709826
1359.7246005677437	20409.850926067516	8753.928715180236
1648.1536965338835	18349.83687097466	8744.165984414301
649.2189253156428	19329.742704126824	8982.250346533108
1295.8365130236532	20043.54242299094	8131.1355848779085
1958.8920695519294	21424.11613222596	8179.870928858476
-209.9450215901172	19931.971864362535	9033.88284264839
894.7403409448309	19838.06016940697	9231.81042759141
938.3360695651148	18159.662191435	8585.332405567251
927.4279785620387	19861.884478207663	8574.326893545624
795.7666224280604	19358.959555313126	8543.448099148294
1903.0002684633891	20149.282523696595	8732.078940764333
1389.656203663878	21684.15324944106	8095.54542386602
480.0184004006998	22131.202565079624	8165.99868935176
-30.208666518152782	19994.552126184888	9281.728203093244
2638.093764072567	18706.04774689085	9177.134375750302
692.8876773277842	17659.390963538	8406.201116999127
1562.8386317927582	20863.69698163535	8980.78953517946
715.0431354753038	21331.618324928462	8737.802189896891
193.3579846261186	19558.505667666323	8954.059027069414
1043.008606140385	20596.894480606534	8363.242042467666
1087.8769191057825	20928.734660264767	8826.478222885757
246.39402595097826	19600.311797379574	9114.88482704242
251.87933979167204	19081.228395974304	8551.450945637947
1112.1773563514969	18037.232679071778	8188.866595570224
2742.125961205339	19251.631373767676	8842.608786121133
-143.39410982112813	19083.250215994158	8661.859128292253
903.8225988843365	20801.776926851064	8480.12274656475
1969.077849181875	19722.973887973603	8799.004380740165
903.695025165634	20475.076838199697	9561.548265320442
1826.9586119785515	18990.14779694206	8633.001428528423
1410.399389632035	19006.415197052404	9054.68615792875
805.2080849280336	20181.10520735429	8550.237815176695
1117.6008004600237	18906.743498541142	8330.743369361657
-227.22421620009652	19750.088960224883	8665.8810798668
671.7590643667913	19618.784800642163	8727.10107659133
1476.1517793184928	18908.853415273843	8814.088657296197
1480.7585966421068	20097.79798559743	8561.060137545637
928.5720319000066	20311.780358985274	8672.276317104473
867.2386539653681	19285.939518224208	8223.080286551667
1757.9072614132128	20575.681333284647	8404.685147436863
1261.001155131449	18757.171494184757	8401.84343934883
484.03503565787287	21027.21651334707	9011.399096080908
2341.4613815691896	17263.27981913939	8392.997096753195
1800.3452710135286	20359.851875920438	8567.617482733634
830.8983161397819	18704.99534959154	8353.81728099933
2065.120870461967	18780.12190061731	8594.689475406176
1107.751150398958	20013.809628122253	8734.783525445388
-10.714442997709392	19192.19098503679	8446.125550919827
384.59572422303216	20451.097229214705	9086.667769052076
763.105245939808	20669.454653967958	8469.817200704743
1713.3422911734997	20168.392497017772	8643.735874133736
1234.549997949443	18023.857205821496	8121.703511479607
1960.016038540485	20975.111408674395	8355.005490675005
1341.9750853412013	21428.20189005904	8338.844608877374
-673.0241722281336	20798.801010728308	8507.302074357014
2021.8846304236224	19980.64969006905	8743.849553391585
1036.0605583054291	19986.891783559135	8720.331346291843
1011.5216447198213	20404.300403139627	8077.7589021176855
1014.3756937859296	17910.534204882326	8808.259158830537
2012.3215550266168	20072.645881197437	9013.7302588074
719.8841490974389	20600.60738193923	8124.451469626451
947.8112635691888	19964.918442037742	8501.958394277535
1070.20822407374	21922.8305836742	8324.290053444938
2139.0425155110165	21157.16855560064	8686.219558633855
378.2726131359516	20425.056192100816	8420.06658193988
1180.1268513603225	21421.272195312697	8084.988571112755
1731.2539134088815	17706.98264311992	9215.154109578049
-201.83713309240974	19556.702197234692	8599.103780274725
108.9709018432744	17559.55713951265	9266.371153521519
761.9091341044749	19414.169633816447	8666.026004854655
1635.4065381790006	19885.29635656196	8897.453278624209
2026.8350678600912	18992.109797015	8743.041430601555
1539.760350511305	18974.170782734676	8664.715215427354
-824.0708056115493	21301.17270843901	8908.899471190314
1274.5841755142208	19621.179908769245	8522.960076408934
1187.926361322666	20723.908517489028	8102.229455404926
8.26533792737834	19557.943489725465	8295.114710731552
1910.8482574381226	21654.145472285447	8752.320851467683
1783.4564988172467	23301.069389612512	8425.157903671552
457.6153149404863	20291.517147915954	8567.837386683012
1597.488384645226	20275.66286656132	8261.610626906582
-155.37747552986391	19062.11189545244	8796.103377981826
1223.9933593452838	18430.801678124328	8606.051687746403
60.89014834706591	20056.874894033383	8632.466898359466
1443.7314516765116	18727.499536559324	8402.691190467098
-2.7017797480273864	21507.556457853094	7885.597139121983
1547.6578102493538	20797.38408724917	8548.479616233792
745.4342014164067	17508.085066198164	8581.446303942095
1110.6304569514439	19865.090869261105	8753.732031168525
968.9410354916721	19963.20692671586	8821.383188403946
520.2034752422911	22237.92958272115	8336.040666267867
1041.8125719174686	20818.78424971651	8724.795957207763
1083.1720831548005	19598.13499456776	8975.924197324202
682.2043632030326	18441.832680103456	8120.773312334436
1287.2519145695203	20932.04206103605	8137.623573010421
401.5736766711654	21132.278806905502	8747.857877123512
171.0935276661179	20837.469004197566	7968.900891232199
1152.0405435933283	18432.244668179374	8409.982733397143
1745.8890569057792	19662.439473644834	8873.263972189063
829.7850460885863	19788.768816256645	8848.718992464896
2443.670930427365	19247.034897554462	8673.855095139577
2213.2077304441423	17306.73489658313	8682.929258592467
2816.9636270703663	20839.197437023184	8589.266096371695
524.7677131750565	20608.596010069148	8703.7394190866
1840.7412329467734	19582.38618418671	8823.315318873372
-1091.4708795701551	20342.76586823819	8037.782715203255
545.4485545406487	18785.12132612664	8820.282912098104
1521.1478987954677	20338.436447084492	8699.107295511809
363.3382815343111	20656.166755970353	8378.111796975269
2677.486153787223	19961.898878710042	8678.965676035956
251.27570222915932	19383.000923227726	8400.308370434017
1202.1836194487807	20837.969064153705	8984.492179896019
513.0426437308969	19981.53671713555	8559.335720801724
-893.94199034053	19261.973691568768	8464.794427085655
1337.2225983681715	19201.945921059872	8777.477427663203
667.151280902922	20921.48344161601	8731.542808750308
836.4360750093855	18916.94146439106	8578.534791979971
399.1114894148078	20280.52798837057	8994.957093144712
1924.751381516395	21534.31146900863	9043.86529738797
48.74814427625053	20899.33879765178	8598.299323002551
1199.7274835092794	18224.671777042844	8989.064885614927
1667.2136242931226	20783.4663240953	8596.791829189175
845.7330573572176	21369.897808425092	8290.89728213406
2040.2153458399923	19676.392028111903	8395.078289246323
716.8630415897269	18777.75359848264	8476.084051030935
1269.6955176411952	19708.19116413164	8364.687562052668
2077.213749437558	19682.265032247527	8594.405244821048
1593.6613549249673	20482.132409627986	9006.379912762888
970.271387155202	21151.970354418423	9169.43522543378
1259.7189210303918	19292.535905861707	8702.175478080693
436.81344916946176	21358.787388285316	8454.987220674442
2326.5690117539925	18745.28716137278	8493.743672907736
1700.9175703660758	16862.514018670252	8854.556686597143
949.7455308353941	20650.21427483346	8341.520993924481
991.3424565082164	19021.29550715211	8852.00749238605
787.0580975270688	20369.044809132287	8560.978642971453
1610.6150791843945	21151.93332628876	8570.183947908963
412.7809321235948	20576.916410437538	8718.692057058397
1245.5787357586212	21330.699711626286	8137.993119753903
823.815688248449	18506.253093935346	9023.31706645113
529.8838210090433	19584.81340344886	8332.678256730167
968.34763428451	18765.995600750997	8556.219843632149
361.6468019933628	19816.427199751623	8568.42349836206
82.3864020535076	20651.342152161145	8768.676623273077
2404.783316642581	20018.689628408098	8391.008086532325
1952.2270068828248	19575.959189618105	8973.840123690752
1078.3963841797379	21407.64009845244	8661.97915777645
1907.4206886399745	18158.172131581112	8470.589219646743
-494.1804097983444	20491.707436212484	8673.430208296864
590.1695888305469	18889.053429904787	8248.049785644644
1281.9546629051538	18906.40062167538	8672.893102056503
400.7889256583144	20841.044886715124	8939.947540140496
1643.498258852696	19038.32845938294	8257.186716367221
408.5471224867496	19823.558773790028	8807.080915796207
1593.9565095391033	22034.17958859926	8554.661469406292
1272.0845733673457	19106.376348908587	8464.23897316975
2087.067681577749	18450.989325308805	8254.58235359987
1653.3411919658242	21648.89504861384	8116.18219459982
867.3093007100063	17704.908042185318	8699.316871034343
-121.68063351714791	22465.417012395435	8426.910288009789
458.58458649145837	19809.122078089353	8261.453953548385
891.8340701338739	18113.336976187536	8756.034358002953
318.1488914960207	20386.789711446087	8519.385117243093
1570.9790941765345	20858.188339476863	8639.943035705366
2397.5535417467245	20779.047851518837	8833.987830214724
797.7965557757727	21019.043125287448	9286.962123022135
1019.3147804082738	21012.12271095384	8496.122304742163
177.62673628022281	18569.79126646997	9263.685349028916
1139.0101794077905	20852.605111377048	9070.145373541163
1190.1223619553166	20426.86727012827	8419.228279914232
1800.587292339771	19642.618119567756	8137.511128694301
1147.249880383608	20885.31302719218	8940.206729695377
1485.8302999749128	19398.19917417863	9065.179697695725
467.5247302700175	20772.467474049346	9069.50118666416
-300.96388638102485	20270.823487605736	8773.298304409005
419.6499949284175	19950.726985014153	8898.938630584344
1975.949743025401	17268.024515507313	9297.421602394028
988.9989364934673	20607.38936172937	8730.193846568212
943.4148625810762	21777.742876519158	8233.127410425086
848.0467954560024	20508.29676807682	8503.109520066542
1159.8596768903706	18840.453494169815	8704.154752068103
733.371865084563	19471.92953106315	8421.566171474826
2166.252216601898	21019.24025440899	8766.404872323346
933.8449433928536	19484.067063403138	8358.83917583097
144.88185287547745	20875.159143100565	8420.877454146283
1449.0364705948184	18843.341175092046	8402.713007050948
1041.6498560902803	20118.299987126553	8688.659120974517
1226.4334069081838	19671.039196271413	8520.42498257079
567.283194019095	20428.08135981213	9116.28498723828
-55.758665618764745	20435.32411615428	8970.444425682908
1244.754460911422	19447.73063267473	8354.62116187679
1374.028476088545	19412.773096793517	8416.440028552019
121.62203302636632	19618.189566867615	9064.152523219125
1398.4735293265658	19373.775396068002	8654.397357237154
1462.556207557832	19240.945492562365	8335.192877041953
2413.6774023836233	17946.72595359669	8406.130074421295
1243.5993156598965	19722.39845523078	8606.106560026676
1858.7988804200722	19990.86570652412	9181.944994567208
1568.5852763589692	19958.19434049726	8777.64346631431
245.88806511383535	18164.744021292554	8843.065989996745
2390.3439311382645	18510.58156488146	8982.146406920649
-97.10195215570221	19365.712720231906	8136.853713457613
330.54342137112235	21099.699912379492	8631.569176063236
1444.4015846189209	19572.11227344124	8756.132358827073
1285.6302653186717	20487.030373372163	8621.502485095574
823.7635909395998	18648.80910472884	8851.99814226589
-128.166181299768	19796.52080487321	8571.83082428209
174.19902783020444	19442.76031497696	8505.532251297564
1567.809992220495	19634.967879749616	9054.762767587674
702.952266329232	19210.46783018514	8685.47287192461
1171.1908031725334	19083.566385941027	8447.88665062905
479.84829771867265	20832.64666846716	8824.055521625567
349.2018156160111	19237.517164473702	8147.668671799535
1133.4409444425783	20097.287412622947	8772.937250728906
1197.4430662476132	18320.983726671515	8900.005448865175
2155.6892571142876	18890.64022934831	9030.015839558615
744.6325435811594	19266.72287748505	8273.928877182329
543.7927646154064	19636.660386877855	8370.169601715026
106.56830169312113	19429.455610195026	8522.000601080794
672.1054985415103	18978.609623397122	8334.621698501134
1867.5025159379645	19485.973250312152	8721.749381248726
816.5390881527256	21136.72968432617	8333.522425223666
1084.7517021772476	23318.227362932852	8150.137416437062
354.59375782086164	18640.33005845517	9069.143432536597
1644.6788975007967	19412.688194292656	8887.797742959012
-272.62758284186344	18028.74316605806	8778.819107868549
-210.09111740236548	19639.21620218159	9030.993094702944
418.7575863282973	19665.66557191846	8617.704944047191
710.005340208088	21407.95783756479	8584.658713731073
922.655382838659	19245.375478630962	8719.499844391205
522.2523061597526	21154.723941297365	8398.641584986992
1010.7661035700257	20411.43529670564	8626.589580024807
887.5279458966808	20019.846047296815	8650.55406241921
811.8847230769318	18232.936392813506	9032.364290763726
2365.2360132311746	21326.96750245061	8290.949748930067
937.644695295515	19680.026880817324	8699.558901299475
694.1039130996165	19646.26666904787	8636.875193179856
-135.38609866286527	21105.519216713452	8297.326465732376
1262.5124701185455	19026.92039730742	8388.498622272713
1269.6324261383224	18676.473529117622	8329.299822891133
-83.61099348407893	18479.884687420814	8650.209349085964
378.2640961214411	21116.416379884882	8388.306829363224
674.787586505196	20923.566598946614	8225.554838820803
466.5535342045117	21676.46832869287	9048.039750084527
1590.812464925331	18814.60588217453	8773.388543968635
1283.9874638819545	21825.734560260953	8528.714528458639
1250.3813255795762	19698.651943814926	8257.212548907477
1595.518344035708	20436.467299435913	8264.850590092521
1888.2617724579252	18784.126987275435	8499.819984725296
2087.6986021115704	19544.432953420514	8874.113459236654
951.5144813914193	19337.34661332013	8345.791942788432
1199.027766802832	21100.26978831262	8219.179378849814
1450.6838403939005	19634.295770056302	8150.160715052868
1104.3918796448452	19850.991841368817	8770.551836759802
864.2876962744677	18354.434226394955	8533.830305559226
1591.1974136202557	19628.556091811795	8512.869823745163
1185.305030805599	19637.629239288664	8558.945092318481
1205.9412779917182	20097.40229682537	8617.095576099968
1927.6330350009948	21988.908912275794	8478.48574178092
1780.0375885011026	18916.459017638652	8419.678410993312
1638.044940515342	19931.918347734634	8928.767429015812
1322.4800537687831	19613.71238799186	8467.924563059316
1049.4540637167172	20654.91791978151	8687.501127070873
2180.3447274486807	20127.186605497023	8473.146116560514
947.4183359033574	19768.22342453574	8672.647056090727
1963.8382797723687	19393.073156092985	8141.901196682302
2528.047726362851	19028.118680893953	8984.895138083102
1515.772488269585	20048.409204017094	8303.098681310086
1159.8665579673966	19901.19877012239	8583.700464432888
114.95898723670881	19716.887332477643	8624.854667503521
1562.352617143259	20539.077276817257	8959.771848502678
212.25995581055196	18381.270930072536	7947.634835965374
541.5361603357204	20730.894655556505	8702.598157740316
2177.220572621264	19874.80969716888	8810.303467315563
182.12274024799322	17106.269341258692	8469.041583321687
1506.6082606241016	21009.571290914184	8642.855703577427
2373.9276539674474	18957.308096255387	8562.79642366333
526.6513772827255	20119.051341375554	8673.452629911457
858.3649066980432	20756.727815008104	8550.054286727445
268.4537483997149	20806.366351950794	8179.643075785658
1419.3311440184202	19107.60180454939	8178.404364985892
-96.98128727468502	20986.204098543865	8767.903103020863
2199.885794888035	20345.111053761655	8666.863269661915
472.8740442763236	21641.31859204972	8583.218998142751
806.7196446918131	20607.869147034427	8406.913942301224
842.1171190148225	19444.36394689527	8605.67158873166
494.4027841292716	19647.113862894024	8535.999026868903
1521.3241759105454	19970.40011034589	8662.466573635236
481.33419834979156	19553.066760673395	8901.087325268812
1645.6117954217807	20643.520613977842	8757.991811021342
1738.5115172567878	20895.72447238268	8682.171993533544
1403.0995502493608	18700.449181829295	8581.972862708613
1603.5686757214285	21203.66834800573	8096.566659960509
668.024614153305	22640.388034995038	8459.05403399644
97.75118927795411	18743.241820791663	8542.169872780965
538.5481626142607	19706.412713616264	8651.995073407017
596.8137605366611	20592.592476448415	8329.999990634551
766.7755563208572	19483.64796217001	8779.72665613141
-60.64062169179861	20624.82379778729	8901.058342959015
1172.2722089662566	20152.263926645217	8330.797127198039
2066.168302224887	18548.211765602424	8614.22579407684
1346.2086728794256	19539.032910035676	8826.96757734591
1215.2130118542013	20633.003047247115	9118.753187954699
231.2339603474231	21185.65274995093	8946.52124074639
2501.8266190171466	19971.221498284864	8719.280419476007
673.9580648087643	20499.683065234316	8408.3809415095
3010.3372292963204	18927.62888988944	8797.802541831077
1316.179111283227	21685.686820989355	8735.282269007741
1389.2367120564236	20601.300377614185	8480.370963879735
1729.0106423425718	18660.53674734514	9382.745463377687
963.243708430932	18552.95238092064	8105.2455938061985
-1043.926606608278	18699.49550594974	8604.451166734554
-330.40328906320326	20553.066487700224	8224.234006206192
978.4719630026052	19596.896614096248	9112.596343571891
611.3480382326975	17888.87576756868	8225.763749474521
1302.2589735885374	20370.903013523708	8111.208421284087
1458.3283652354712	20481.672174307234	8579.341881972276
1019.0397742965057	20002.4557807797	9051.6207371778
1286.8869397149967	19838.709285396988	8531.011641203831
1846.1956728186724	18973.055262676615	8389.956215633132
1572.9718276185858	20891.5886291493	8372.416964502834
2014.4021266726972	18958.83626161648	8726.762683025463
762.6609898598491	18486.729251169694	8918.14115808813
2295.1523119045564	20176.192905767348	8266.13384123392
1097.8147010793389	20142.943824712904	8481.18016238673
2086.4852722523083	20890.688602597405	8436.74011792131
1803.7646507484244	19115.3979949485	8546.43076162743
2543.4474655354447	17948.355962770234	8657.519044351702
1549.747737482376	19848.57680828071	8509.629605425715
1178.8569516508694	20730.857281108703	8472.587708030293
1308.465545390639	19680.778884678217	8473.04416772059
1558.0566535638982	19994.535170269828	8531.692592204923
927.477041788307	19436.693653007525	8690.282203378236
1473.8110341324873	19358.35645130226	9029.296810362128
675.4737769795273	19250.947630538576	9123.400161628171
1098.6367422489257	19409.723451238202	8597.3534551303
1568.5795816458035	21340.40554740594	8059.106253717203
1743.5838816485245	20322.51677343541	8516.70944765156
557.0815967694607	18219.193778754165	8616.807134565379
610.6109386035351	20957.71246474623	8920.347001142401
1248.3702594589834	20991.23816409315	8692.955935176496
590.6193528635797	20644.450103825904	8781.323619557174
2165.3648826703966	18347.842019035143	8563.438684442637
1432.8977052831465	20315.559766274935	9034.312588830873
1239.9192346902958	20706.0570403817	8514.278701513527
891.7693176916155	18603.192599936596	8723.443065570911
389.083649095977	19700.06045663226	8635.257063722333
779.0663927254486	20152.394585345362	8407.840715553975
1003.7877640207793	19490.960559777996	8667.75010886384
757.9530238717792	20031.240833565313	8937.974381961652
674.9044411025451	17886.260453095074	8888.292253015214
452.4390219227808	19199.65431922945	8816.470412255725
1844.3170224818143	19829.145652532363	8523.435237398027
1278.889495262389	21497.809612257162	8337.143043290973
1634.0724173713772	19019.523417172124	9114.19217676504
1968.9444984869028	20854.83501232893	8428.362456669189
730.6844343036474	20039.749037482467	8641.447502603922
215.0211076693522	18983.783432113236	8473.899716499805
1004.0337577563856	21634.893574094633	8681.358783354945
1038.265637728862	21141.66184596188	8854.819231479138
281.1460168238742	18896.194992280118	8729.850674791205
1261.5036683382502	18573.182608885738	8674.3139229802
2865.7808825396764	19311.57338223575	8587.304781774268
606.9721790833512	19329.479450063725	8360.868505531222
420.0807175829332	19446.011340166926	8479.286504065574
778.7033529533713	18643.350669257106	8955.319565540272
1190.5582024499336	20466.09691848912	8507.66314387541
1526.5360262774052	18514.074182457785	8935.638112864188
1695.4271791055562	20127.46373022331	9009.345818603939
1096.9543323754633	17221.510634845137	8926.79854396424
1701.2441326812689	18707.901921988105	8537.388746263357
1646.9304361884347	20361.601714915934	8749.722979286837
1810.1445847176767	19325.246017681086	8813.434245138886
977.6211539100927	20666.69707657688	8824.901658355468
1185.1027886798668	22220.32212135528	8338.509778350111
626.3771815758125	19150.71841042914	8533.067409485759
2018.5601465500029	19273.058778660776	8760.186956910677
1306.7861641962136	19477.87955012538	8354.090983150785
798.7214181172299	20384.231352485167	8551.90632067331
1700.6284334800332	20855.384074484762	8721.226404458279
318.5075694851845	18348.320228038534	8284.081299523623
-41.74310665244396	20509.413767518796	7845.899614204562
2024.8333959145914	18544.5459899036	8872.035910494087
891.2241079017073	18251.634987403966	8402.208647669546
1373.8754771322315	19592.099021919967	8285.296125504363
215.53449546530854	20066.868292822084	8982.08032458538
691.9146301141739	21093.72801170497	8183.285470028332
1124.0452139344877	20490.337217595716	8660.375127396259
1108.0321375227895	18750.016084137038	8588.315176582275
1768.887908387957	18965.841208666763	9074.560252751302
3380.413928462587	18305.940282497522	8604.17963978058
1009.5089073255466	19557.78784666433	8670.153634894083
1653.4578959295627	21130.541132801798	8400.989703612406
1467.0422499341978	18700.220485197697	8616.115119480852
1704.8659281254136	18074.75370180271	8325.615609562301
1070.9723896212188	20339.79050980157	8196.010055722432
478.088405963434	19144.495461743023	8973.093768019025
1464.577378391128	20292.544612597932	8956.573407543881
2688.1295347031464	20488.71752595391	8241.450662529951
1752.3239769401519	20043.76995135298	8119.076092430199
2365.6311903509277	19449.893057506906	8207.051690607115
1340.9368788849251	19395.464913535343	8018.826000271578
721.5708592244645	21406.599957061764	8544.143630114539
1104.1905333298098	19697.77449163864	8670.641801043723
1256.4904372063738	18019.54768135168	8614.512517034038
1046.345775207464	19656.992568900372	8584.174348948414
1361.9473334380468	19525.212171059517	8433.114867103346
1729.459614771734	19878.572597680028	8390.317327481327
2587.359604586727	20523.456547516613	9137.541620450898
692.3572645830436	20482.068600964674	8275.477491374933
631.8708103456917	19457.59345419237	7764.112858883684
684.6396375316723	20481.486494294884	8223.48017691539
575.0907183211847	19336.595166912724	8630.41013780028
739.3664751198062	18678.38761105229	9129.43906969595
1353.702126671472	20854.090301197368	8741.681030087859
1217.9855643561532	17463.955983407548	8753.108339387003
1730.637042341327	20166.922634342427	8457.403338092843
1626.382363998688	21401.45458008906	8264.938163884952
839.1247154834407	19802.210783356997	8751.243926169227
1264.910141816632	20297.516923667543	8649.175534297137
740.1193949803157	19105.70713176647	8667.762053504903
1462.0252059438396	19742.7845706174	8637.565688452964
1053.9530583965338	20679.56381014077	8272.096113184698
535.7071812198393	20562.564027499127	8752.8000933646
1051.6226271478185	19190.56677283906	8609.139150512026
1587.462890544195	19951.31765694508	8572.994705171179
559.6818307845797	20449.550984975755	8453.919148388175
2316.010241377934	19320.114937555893	8331.88409254445
2067.332381381595	19541.830154289964	8570.497474342892
211.64999043631127	20353.36232045792	8566.617948776344
1580.2722140729768	18003.10818960029	8911.737308256159
1447.8528871861304	19652.0912383719	8445.870430017738
38.26936991875349	18118.74368284086	8272.25822335872
1601.3194459447257	21019.556098832898	8849.332917840784
1494.8535684738965	19061.926815177554	8578.058542552042
1540.8630942290235	20239.1114029065	8901.907844347532
93.06453746452175	18978.055732788438	8279.690640551427
2660.117229781774	18714.137660664313	9115.845633125211
473.9339520217639	21591.5745673799	8822.143830624054
1883.4480130410693	20176.283676898707	8779.438837088386
-257.9219832996284	19396.228481912025	8606.106819828601
86.0083748476545	19316.782244171212	9142.827163015643
890.5824754271032	19795.592125772244	8624.410854635626
1240.3372616578981	18634.381343551177	8833.941494117698
467.6109636242363	19133.19497570461	8461.533467626386
1221.8207971760291	19892.89791098747	8824.239854211886
456.2659719413374	19741.044920125056	8562.958423724587
511.02060794425483	19864.25338252183	8635.341225494578
525.8287760553069	20065.71854021056	8763.067112971188
627.2734083004818	19120.967980246238	8300.918731653554
854.4734640909012	18761.442119170475	8168.529715750515
2260.39139040382	18778.382266841072	8132.710816370641
621.5836275448829	20239.39180681417	8530.074345500985
1342.4441040781135	21204.175942235095	8905.340869994161
1153.662698188466	20071.86920133559	8520.807853761815
1383.6521355572906	19437.140087451648	8618.215822312965
934.7918167131985	19967.823906366837	8950.913571281857
1211.0620078203726	21100.385512486373	8843.04306286689
1248.1492724371144	19076.207243584664	8286.989453748563
2481.4508260789935	22334.18129694284	8650.738148403252
1524.2311302182989	20168.559219870553	8616.713810618483
1437.5356961801817	19766.894138442305	8998.29186145348
976.5291706549858	19046.56453965324	8787.442674065953
2114.284295313976	20482.320848018884	8480.406833082248
-888.8374993224508	19492.201632535463	8029.815390326133
1034.6593118840622	19205.555602951237	9068.134114689898
2537.2005309733363	19893.296644416845	8706.667219527251
1564.8934977702818	20147.18722895494	8725.095861859349
1407.2245233568378	19069.16715403369	8558.450453850633
1212.504414664805	20499.52437462389	8651.035667708478
280.9690387658023	20136.586545608418	9213.50203352383
-16.3750623633144	19808.342736347713	8993.515628010164
318.8012888418408	18353.46244180792	8559.387615965808
1382.623285948161	19876.70073665426	9076.181996017005
1091.102657161086	20439.37262743889	8176.581293536432
475.85725499646446	21789.001353892236	8532.371083348164
2244.0839176918275	19872.888972045996	8869.989239374647
1030.1380008195854	20155.801013345783	7883.330588483907
1728.4159991369058	17994.214925389773	9126.347886482055
-530.7131882398644	21148.03190140676	8694.088428536048
-555.947689870624	19134.017307169583	7899.223428939528
1432.3091293815035	20226.436834013737	9096.257155687848
724.5971809461684	20777.23023580885	8939.506022759919
-172.93668618086602	18685.61407365981	8716.956010705282
1024.588454443177	19940.047143945347	8458.498534023185
1471.7815541767225	19981.360228787427	8606.790368151771
792.9511058473358	16550.53524028734	9165.0254493823
1322.960804245129	20827.47580143805	8721.45661550708
1525.8410150955012	20131.8280640182	9295.402654330592
1462.5083217774702	19987.54047616347	8578.863970324082
1291.5461048986	21148.8609096367	8821.850250273852
279.08210889790263	19452.122453934917	8331.942059805044
2112.450578827551	20513.942655379316	8451.744252195906
-333.60339098626525	20387.835545490332	8325.419680812163
697.1895379631194	20919.95318422822	8058.431133685104
825.9786216599725	19371.47542560218	8453.131942285563
-382.9935686098783	20911.028544426255	8841.335400220818
1893.0083619883608	21459.001620059615	9226.88687901611
165.68569394361612	19746.2494841412	8119.710434900683
1329.848735589373	19676.3504200065	9040.397921699883
1406.6294712642782	20267.385949977197	8364.771664150156
295.8955357066319	20437.099939192376	8788.06755505544
1323.4051711041366	18468.470394674707	8451.888549703788
1099.3759039374795	21069.47674328041	8796.66710805453
1325.368322821012	18138.288401872287	8212.00691339976
1245.062290135901	18960.251176438996	8442.342139601964
896.4579007577746	19786.929577576026	8031.2279303759815
-619.7239079553212	20698.266665003128	8845.101779625253
1638.4596373769045	20511.714507998066	8771.179024715857
1510.846626909726	21082.424830347303	8635.947689970435
1874.3610888736791	20204.003651666786	8503.10620496571
1349.4367453623138	20440.45433973733	8060.967548965846
724.8562814573334	18268.25029358142	8250.477145954314
320.85813816318273	19008.979872525713	8641.258499443495
446.2481615786397	20290.76241857941	8981.541141547466
911.230505603968	20007.679636784007	8514.78827758662
967.4469098684284	18761.867162708582	8654.938756192167
273.1989049509484	19083.231302263976	8430.280492906133
1332.2525635462453	19519.16093669069	8690.750481822059
2964.819938550903	17380.137528420975	8591.386553383627
1651.242162467251	18787.49491283253	8389.027797027094
483.79266463820977	20575.200316159877	7749.130511245282
1505.0845357283195	19521.438422661828	8654.642677550883
-627.7274741206685	19592.065296677956	8457.780090848677
2211.9402116003293	17929.424195355634	8716.073593626305
1150.2953432843408	19206.377276776773	8546.775377649452
569.5212021082226	20240.49733968539	8252.342525811751
448.2224909873891	19316.891177412846	8466.401073352063
1019.9885936134971	18106.45439986979	8532.639483569714
1021.7206853940735	21808.70342306514	8164.953414716646
-472.09419697729663	18943.0193930272	8500.796868059097
1352.646266908755	18541.324021563527	8599.274305849018
1578.5199038306325	20471.00655300547	8857.351096844211
871.4192334876283	21081.262530641834	8631.182443609732
2125.3201149532288	18577.18719629523	8575.850548397493
-559.8729833662591	20372.541278677283	8964.550072632266
480.45618530822804	19367.26034449843	8327.520685384665
144.6796722632356	20687.101909765333	8155.804867582946
81.611826690829	21701.193364630308	8564.45643043825
1098.5979381509603	19350.335386008977	8870.099773124604
1104.6167018700748	19454.213190274193	8502.359001381115
1779.3111324677704	21235.02087264988	8609.617772750755
335.829980899571	20246.59481279363	8796.041677835547
1298.1294762983998	19593.840982629525	8674.57422606679
1251.2550485826466	17887.81989378814	9059.94352146008
1290.18035608451	20239.855629256523	8698.702999944335
783.6257978749388	19353.93271507157	8665.333253132663
367.16050917635494	20693.20109680062	8719.783508418242
354.4728144302885	19616.528363676003	8737.405258298615
1326.1210662699089	21441.78979406884	8655.815269686085
1264.2303181939722	21343.25828789063	8502.359806266542
652.9980510718854	19478.551918837547	8442.026057396799
2042.103609086565	19032.814699129824	8419.438056901661
1496.5559243771866	20576.380501960746	8507.018731730252
-856.8513600264824	21917.472394390246	8059.555538167399
2520.690114322617	20198.73313149033	8362.586166714673
1086.7546066029624	20628.12141202936	8929.958578830254
942.7019056177476	19129.54804884146	8758.360361930378
3224.0251610524524	19439.413085722146	8257.14108156781
-148.71234697960537	19505.418723108054	8511.933227069196
719.2957752905411	21123.912463448007	8682.255730216468
865.546041604892	18958.88666483752	8446.00120608067
335.821473421693	20502.427850067088	8156.352464602878
2408.3443915366242	19784.27552152762	8594.217466161926
476.7696709156583	19883.81436896887	8824.994037479773
142.31079921082025	19337.739859540463	8466.041175263263
908.7502167226716	18982.334057602795	8358.417846921115
577.3624088072629	18756.392047043322	8801.04434459302
157.08109233327994	18739.03277744138	8303.764904514486
501.68775651724206	18943.745902441162	8542.832402007389
-179.5067469208689	19225.898986409153	8860.447592697623
1137.5963601040855	20644.266534170034	8671.901155693145
368.2283037262996	19367.763116553204	8493.441630454005
444.26006718397434	19875.58025612317	8645.624968053715
709.6174603121947	19403.14092108178	8242.417632375242
1561.8572860128188	20862.703426201384	8749.791469425838
1442.2403425802868	22022.559387887086	8615.286975094767
178.90563762235087	19025.46417226395	8620.32380919159
1331.139915480606	17552.695847171228	8829.778181356738
2573.6900620499014	16948.253834324354	8534.240366288861
1670.9221957290413	18478.38968822375	8374.831843412432
2583.7847208655753	17755.10731832337	9111.442575964771
607.5895794407562	18184.86089211973	8959.620716939502
287.1150035727308	20927.116742706112	8690.926798329332
1370.4057037952268	17408.11388433686	8992.915629077988
1119.2455460886192	20277.72028547462	8590.33311789678
1062.490706876608	19989.287251502465	9071.56293119456
2012.4638210851342	18467.366909532702	8510.015148846076
1224.8141003023798	19595.984450754888	8827.331322207354
218.32799823444205	19655.600267924045	8379.959348045091
988.5265981890859	19606.291236150097	8264.24074153437
2280.8455926719175	19361.75469557673	8847.931879335856
2422.540458447987	19854.01072129102	8638.359057169211
1270.5729603566617	19599.050853340857	8639.308956924418
1828.8726178759057	18570.05740486455	8835.587615606255
480.51621728539084	20068.32738501392	8403.673873182634
135.54159312226244	19716.978645477713	8387.761523059595
2428.1804078179903	19478.689595399504	8842.688430431052
944.4435703780701	16988.256448878295	8571.18181632577
1081.5486909314213	20214.15582941977	9094.408026024836
599.1291464912592	22121.42447938389	8806.941862981817
710.7341972210766	18739.89980988259	8607.557081827425
1511.1903665469517	20983.118276446043	8499.455766020215
1853.292427615548	19875.45400960152	8666.348124218188
1741.7889525542664	19985.640981314195	8899.580853661018
921.812319316282	18869.54052361819	8650.031696802367
1120.5338555621274	18834.120870467552	8051.619815303157
1143.013956213908	18883.2994030932	8745.361214514673
522.1589571598837	18703.854036701126	8622.404634251665
1064.2583934566383	22763.122862875236	9059.183858208917
1156.6898557221969	19899.342374909327	8667.676300204535
110.9495823808511	19528.563094315356	8402.817489540903
1210.3767449979714	19252.76048507227	8589.721776054543
257.25192855074243	20248.190567564678	9591.271886170445
53.50798505330585	19626.397246795805	8514.125378121975
911.4639853965713	20013.776730574027	8930.252492219986
521.1226303854946	21215.10782301956	8897.449269769662
-124.94798491122408	19831.66046856884	8682.37881048051
926.9652640233223	18289.107467655056	8564.359065696386
77.08402254012995	19835.116016826603	8841.604745604618
-305.26064707135	19526.528247682963	8571.523424381325
891.281812225755	20928.819757778532	8836.0355430467
1880.936380574741	19170.47320337963	8456.248489447862
34.15503200016654	19558.242275858986	8457.346265882026
-143.4213010755918	19694.0178215433	8782.953640557078
2027.431802223798	19886.35315340017	8654.135342554746
335.7152047149697	19674.065957225575	8835.50997244816
667.9194927717191	19360.929476954014	8383.90950971276
1734.8258475013324	18808.66647246651	8133.21568059567
1182.6704703928417	19549.452530494174	8236.348348747597
2072.5710744532003	19700.258441425925	8715.990846358729
2174.0329710037345	20279.35229206374	8095.721391887672
176.1379503257371	20668.391140246753	8718.743327810464
1391.1355620329598	19125.048582844865	8870.377841600564
1590.4374605228402	20624.12697896077	8891.393324820221
2091.1312679378834	20614.379042087417	8513.368682194543
2425.464589380137	19552.33990834904	8941.326535225153
1267.0426211812407	18613.363192079505	8524.11341213501
527.4627670623867	21530.46981672689	8407.637564749875
224.95295674103846	18044.057034496873	8346.856484400709
1898.4763858272463	20795.706050638226	8449.838268369227
1374.1225740079099	19650.834105261	8725.333179758403
1482.5492390504933	20191.46748916926	8535.148764315163
829.1365834286422	20409.059652666107	8375.464108119899
941.7086883458674	20713.756454164642	8308.779338352746
1534.2186185034905	18752.70513676414	8178.63591587863
71.27239060557812	21539.565755091815	8744.431428819287
2182.903098808398	20249.21650919839	9036.550931644082
2519.626336655041	19586.97993744083	8451.804094890407
2468.795774264281	19854.809396647615	8849.43297945742
2569.5015934545518	20473.769470447638	9181.215401020854
1639.4727626659242	19020.278389332274	8621.933375086932
592.4711980991596	20709.886728865004	9030.104336820634
920.9609737973284	18834.1327826416	8602.449487072157
1440.1172770166602	20322.693630387046	8870.027918478978
1689.3613877074117	18563.706857595986	8144.691615531405
-49.927305549450786	17381.540638007882	8768.712311782316
1977.919286871592	18612.649221812015	8103.016320500077
771.2869763479447	21547.187334672806	8218.804366041848
1058.0726019428143	20531.609370827744	8827.76012685171
1119.4060715394098	18733.1052041374	8248.25243670617
437.02643690116525	20081.697188876755	9025.407823466847
1868.6299665755732	19985.22840113712	8927.467139855304
1048.271815088759	19079.72939215145	8435.505749185373
2087.9135720072277	18658.89732905574	8754.088553655634
1544.8593425207102	19510.50863793324	8844.912095536321
312.90538641952463	18936.29334521938	8327.613550371967
888.1806455104457	19439.15496321906	8728.018560977758
1159.8099100914862	21156.692282911157	8333.0248634437
899.9446425292543	20628.120955812916	8913.107291820845
1757.6718215478797	19508.55183466917	7913.240026548308
1642.3580176054797	19998.75975988516	8613.418433347468
2195.1695054042902	21266.893093084967	8721.961070619504
745.7994886471236	20078.684377001475	8603.053460543675
1179.4695871365702	18092.644455555877	8795.830495745313
1596.3581068732901	18562.364329947337	8748.779083235933
2210.92918490112	19156.918632427663	8348.108447839051
909.279670846129	18906.458959603588	9164.96070941417
381.85211643547956	20091.988154766448	8696.691562632437
56.94358708616258	20993.313774783823	8435.727261191569
1818.0912084584554	19314.024581137714	8620.115322816742
1084.0884473515216	20585.69392914673	8907.726999062215
1051.399718499843	19914.802501291244	8655.614794022958
821.6968443569972	18103.701064066147	8234.702717279743
758.2101348848765	19276.3543724179	9029.496980742397
1109.655658124853	19335.12278700209	8153.775752522861
739.9162881283637	18280.771755645743	8762.696398306858
767.733270969059	21208.18868764441	8592.237980932628
415.4585760564328	18524.635807122846	8364.673883698095
801.1271636854686	19850.219430977453	8593.19817590115
873.4930421937016	18606.957710623217	8314.608082075014
1093.9416270397007	19239.515717079943	9266.925219972187
1364.799491657252	20741.307394390995	8329.369625091307
750.0195493109121	18013.274067940194	8809.084821134044
1247.9099288823604	19217.419194596427	8376.724990041235
1132.7745309243453	20726.795689867384	8831.79517304769
1648.5810882136807	18691.31179286176	8731.660570920361
1719.9474825224913	20812.544941566714	8610.822720476632
365.95369477995536	20627.661902285643	8932.343639251805
-258.7195977204637	20122.07231613801	8950.762722326615
-687.6506356930685	18144.027100658685	8657.710572290138
872.4408902870616	21041.98993809929	7911.062345468615
305.34420194694	17994.244839942567	8242.222502700673
1340.6261033883552	20323.684667283003	8798.29682216237
401.76336835582083	19055.469076838406	8572.76638913071
933.3263604856418	18901.37683758083	8534.604564223493
1847.4080300365802	19259.87078325132	8560.064946280392
852.5463949139821	18510.088054047737	8563.749553296177
962.5117857681422	19279.784118064523	8804.945984033338
820.4590505614876	18129.255257724082	8441.028329192535
1562.6326265731223	20688.84942236197	8835.794203435682
782.0179584973266	20582.16742359683	8795.273514817245
-706.1057402010003	18432.182208756905	8483.805325419165
2239.2673835581277	19593.020486017707	8611.629076117595
622.1693336822993	19351.95781396273	8735.789460674732
275.82587217782043	19335.634385085785	8815.484033156494
-965.0802795219029	19218.62952120124	8835.97726225188
2122.322894913208	19896.107976890285	8410.169258406546
1865.5558775541758	18948.973352747264	8238.222552337958
511.6524359378892	20702.971078026814	8872.512016978639
1973.2484847200099	22104.66472311704	8585.951306583125
1552.9701129458495	18992.497849400846	8269.108838124224
1474.1108689542968	20340.400467824733	8892.765022368869
948.9790862319115	17935.236065677804	8552.259907270569
1509.6668208593542	18670.42000838887	8864.189389312603
997.4950683704052	19273.783452039137	9236.921526178921
257.8341723001093	19255.09796357308	8671.831609853658
1552.6370912293226	19993.794129742317	8736.815251053948
403.5906846866868	21122.410235022475	8097.736953597032
601.9979866771984	20292.40299975633	8509.470077376009
2564.91383730355	20300.28236577959	8607.098853748434
303.60893568208166	18404.634730962	8595.314366804818
1698.6628391625263	19608.451411436672	8616.84689775106
1317.2698896091508	20185.812537869806	8378.906548509449
2257.5320801245434	18942.093726381107	9158.187609164002
985.8664562740836	20979.50477907188	8425.786949418525
1507.005984848162	20145.10845748647	8429.14613871281
377.1301475005138	18236.11986847462	8497.497999715368
62.312395104073595	20909.69728719016	8494.667551793647
1292.5370183310101	19054.759529277824	8489.661848575908
1235.398820648276	20275.86870600666	8584.943219130724
-77.04719145577307	17972.387082389847	8917.20042706363
1767.7247072831385	18451.352997814327	8816.245517979962
2200.288572115545	18864.673716966015	8532.273383452139
2059.4483943091504	16778.24457314019	8876.691390302973
1598.7786186930168	20623.17131481282	8566.03203652231
1491.1322867906874	19041.855568681534	8433.012129631874
1351.1127314244916	19592.106566922008	8827.508000143509
924.0079918945037	20651.679065727498	8451.589547575313
1426.241145005207	19683.628088872818	8544.455131975663
448.0779106053021	19499.370132242246	9096.428936916902
2565.4099706969146	18913.98208868805	8412.906832394374
586.4035111510935	18409.855217468466	8523.730488649135
1567.4634901037807	20249.516022552714	9186.277664131916
614.8017866918279	21067.185556262946	8794.416141655744
956.9407511618266	21448.23936601581	9058.830515783338
717.539480119798	20677.831346328683	8612.022706984415
2028.8475606281568	20872.497674341936	7807.704164629394
2559.633950009331	20407.474633361202	8938.942133435736
316.37191222631026	21005.786163956782	8732.785441780972
1426.5658271547509	19030.283025629586	8946.857489079886
1537.7525823217663	18909.301673629292	8426.293739089811
1767.2763258691953	18454.904633819704	8948.740610858467
755.3802882661843	18858.174753761905	8489.233831060457
1430.8242741720621	19825.055873845646	8545.569565694032
646.1249233120265	20251.17014753231	8337.596600452176
-909.342516578222	20616.424528300595	8434.21920224361
2011.293689650992	19453.63391655531	8300.5903097999
1472.5423204651058	18580.796863779542	8211.648776778477
1699.597891820689	18255.674130487943	8985.740482261754
1125.0823190627143	21062.39317620057	8495.97582879896
574.0704534796271	19287.96194237826	8860.080932908873
1810.1914658087444	19264.506055902948	9145.378301069648
1005.0894677177766	18778.04949416581	8934.254807729109
581.2644242307907	17644.73475853401	8574.529468896073
-227.50543510807083	19428.26019057802	8993.298008561418
1555.4204088223648	20124.646783240234	8608.753491354695
1250.6423854705708	20218.968905927653	8713.826201701459
1295.6286800788866	19478.761836507772	8693.910542236938
537.4091749724431	19243.963870798252	8661.373705015061
1272.023176028233	20630.43689677079	8163.660412010377
-163.5413072126359	21319.548847783306	8352.76224624009
1308.0033291499426	18418.328913286005	8613.882660463196
1819.7234617488407	19329.94992994938	8990.65100483105
779.4700823128455	19094.007675236036	8442.435598910908
1009.5645091492638	20475.043974590622	8766.49392783518
1049.2543406207851	19187.749393975864	8654.467052021066
1709.948173745361	18500.507072095705	8831.884280749138
595.7571974581512	18285.450819752274	8839.000543150896
469.7509710785624	20545.93098946956	8760.686464357912
1611.2655962697067	18631.00274247393	8484.087961462992
2028.0715942148383	17756.4365368589	8688.329453902905
1597.6544255419556	19194.39236757416	9155.878232607056
840.0510239545715	20225.94691013445	8044.082762976605
996.7656109235162	19934.87690037246	8170.033572948914
1467.7215029151553	19397.35324319548	8418.197361770057
706.91087157222	21845.92874803154	9028.82191472179
160.37255075925776	19954.937256279023	8800.256783215618
-218.04397513639202	19722.756396852117	8110.457250227672
1287.3588876046636	18839.90776442024	8653.641127379185
1298.084474289819	19409.12466281192	8882.398858095446
1725.5866429337536	19892.807378085356	8747.91829742229
1450.5225242660306	21583.42667733057	8026.139360319053
1608.8441083298062	19128.189493572154	8785.169942239212
1428.9625060079397	20099.080682248336	8492.5395740347
1388.6520553197377	19153.068506617463	9092.055470814077
-213.9878480404455	18786.363972467363	8705.264817674004
1666.2198303188454	21077.126595297417	8289.866828061306
-864.5202424876665	20378.80941504696	8597.096446268002
625.0175882384112	19351.58435420703	8871.5419192278
1252.4778032811923	16817.81696590475	8594.753100841033
1536.1236050246878	19736.63860395721	8392.342422389773
499.0257539823063	20005.824807151756	8605.309834919155
529.40960401407	18948.668743350845	8540.092545998028
1087.1043006954885	19986.72475015736	8429.75488436517
752.1506279335729	19430.58344761232	8409.953028759202
1065.5104092424049	17446.789731123972	8337.294058472298
741.0127274145867	19724.117425118402	8873.018626944006
2598.6194681297175	18333.920998817797	8660.104664961334
227.89076918635268	17970.99873254815	8685.162408085445
990.7122885145086	20063.560904357928	8860.080182066942
1267.125704294871	21140.472482096215	8553.733215590479
812.7826020608803	19203.424235349088	8968.139776218239
1183.462820489594	20040.92969827658	8438.174529703996
1784.8993739114494	20028.484733619134	8503.30613681963
-24.3964119135555	19182.109886235834	8893.40562694171
2120.2249619520317	20029.09363145445	8718.265401606122
1185.7669337451628	18078.798455581447	8962.464520378206
1001.4525731255991	18456.281256599486	9089.829251468069
1422.5014585797476	18561.193675504008	7971.077498300025
1172.352385302116	19320.3354101009	8373.880291083295
2058.2175737369976	19106.628453836125	8233.444129078527
1877.9100253508464	21241.815040590194	8032.433642497442
1276.6539782675973	22522.12452422155	9044.312712730001
1274.4105225228627	19598.396433460188	8870.872089067505
236.27775253845618	18679.065213341688	8316.534248987124
1225.6218991910862	21041.115581192433	8431.053565231728
1904.9749551438217	20977.872038074293	8716.170685497895
2623.649537095707	21208.668694327585	8589.793476491614
656.7065556073745	18986.854999184823	8244.91869186936
200.2650457665871	19322.17832752669	8613.893615708086
505.2427024141025	18905.743691499956	8639.223668842982
499.3523325400993	20924.410848540345	8702.18028365433
1524.9359826830055	19589.70510261538	9147.832728349103
1829.507795205323	20563.108706167557	8510.246344251918
921.1354329944804	19796.130929662726	8487.567197191423
1514.6049122987502	20525.368916432817	7607.023222566605
2230.674955303698	17768.369492757927	8832.306005866782
20.067184716494253	19748.865238440085	8565.962005138825
1863.6086889628507	19321.8569453618	8492.634603425053
2737.135832244543	21096.3971765467	8629.123273422021
-65.64510628439393	19415.190746813474	8375.420536587568
102.70985910584292	20979.317354002873	8194.835822524657
718.4614167762536	21565.618800473327	8551.620065455723
1374.670221460763	19098.43165032911	8651.3536439116
658.5589428424228	20426.797671560777	8529.212652659658
1012.570839674844	18846.963562420235	8316.657106525374
1305.410810082649	21482.65826690375	8389.456876565286
1919.6550903512903	22336.029841544005	8518.313715495671
1334.510123818676	20940.822869105446	8523.99465614878
1923.0452421615623	18646.827161411526	8682.510070816312
597.3618390741445	20226.796553562224	8303.796058022612
1286.4635910160905	19461.349520079268	8311.094096749805
1294.1513893542408	19542.605689127595	8252.098802304312
1046.3874831397288	20085.952677105834	8236.192272134418
53.45488171653648	20111.909594363857	8455.533474887323
1685.8838893465054	20028.60835440819	8902.40096061257
-461.4094915050593	20644.02283456425	8623.94389776782
665.5857792734889	20666.719904560385	8630.927121876923
1641.29810956514	20639.786526544875	8807.08644011622
1221.2126692751283	20708.776973523367	8658.119247747163
1275.1556103070382	20400.37458551762	8680.43780521543
223.36755167066778	18322.739105254517	8252.259641413568
944.5325071799618	21323.343017486484	8643.864104454104
-54.26451871444312	20937.017615818528	8527.646671698807
1737.1080983436166	18806.686888954373	8847.945182303005
1528.1250079978327	19214.738354554298	8774.906238933994
1031.2466548755533	21317.431438071853	8467.204755828805
984.5815509421891	19345.1407904683	8769.61866242923
738.6322653428714	20615.203512692722	8715.698370779299
396.8598346167233	19577.557529478694	8279.730761059685
2099.023953827576	20341.706054966235	8669.914507850475
546.2275234315133	20832.174263352772	8412.82117950081
226.41412432413205	18449.9900799532	8597.880458421287
1775.315736257004	19971.344199679956	8843.913187757442
808.2718163490798	19634.08731603215	7977.267533057958
581.7160011608819	18722.462826134477	8688.67808106705
1636.3062922706379	20878.532878850096	8740.373563979294
798.8387478749895	20583.43921090422	8729.441343112818
-61.567399986039874	19557.24156948758	8886.11705824065
927.5829649159991	17601.36949571276	8658.667072433745
650.7382467267304	20829.601205283503	8530.842802739466
2240.1659319171117	20043.917506750964	8595.578104608341
805.4184607915212	19340.197946693545	8969.319636869748
-379.71506619664785	21687.557517946327	8908.925417589102
1186.8660381385077	18777.24114482	8775.396860252136
993.0483165815634	19998.006590335754	8047.293042605324
1321.280713741143	17969.675809445245	9303.194392495137
352.10931113614606	20347.288808487763	8725.968136916363
1705.9788479896913	21604.49590572976	8792.982914903485
643.8976479244062	19538.406002600062	8577.967600465696
1179.5796382871536	20569.991374495345	8645.680539532681
-73.3295930759328	17487.768160456464	7991.468377897978
908.660824057015	21360.937928095227	8530.868897891813
1864.1778331250732	19484.98375390158	8493.980821795762
997.2857997590106	21577.252399043227	8793.392454660612
1234.4136084645233	18935.8541419354	8427.409602442933
1623.9649294366766	19464.301815556202	8718.861533859526
769.6861605563056	19321.25576973364	8006.9666492717715
1972.968388780055	19598.48399912524	8457.829576152384
1300.1726125968044	19169.277204335096	8976.83460448471
1402.1721849660971	19996.713011550914	8244.1257631645
2107.0376660966144	19848.825947634257	8713.196004077476
1385.1509244640238	20394.687879840338	8343.123333434409
1993.6494939858494	19986.978770392016	8751.190538224753
1145.2061367568037	18996.497158896473	8598.69311331692
2217.5522394749282	18332.45313845587	8824.592034392379
595.3873492987741	19002.6490955881	8592.243302650142
1472.6151031705315	18005.191742093295	8210.587655526519
168.2390320123001	20570.03057169554	8164.590695819106
436.8047946264793	20618.93255415994	9069.03155415276
330.1037363961502	20545.658606531102	8552.612482886285
1345.5208815272154	20186.100198813172	8709.437496094368
1808.8287881318054	21569.249130158627	8916.030712551012
1174.577395752207	19902.376388438584	8795.403216793655
1671.4375652142871	20224.27667076861	8659.02066399194
800.9509164736462	20258.164590357053	8709.477731071976
1065.337143212634	20244.308422437818	8548.383204701411
751.1210250573607	18258.861166450522	9123.01971412802
1630.779709716611	20484.66347997971	8465.652103103806
1009.949644395249	17855.80482219306	8441.620822558005
1986.8087491186332	19344.124281412496	8862.715879489071
1410.3372005827207	20938.727370976572	9015.600781267629
1506.1310573160283	19810.063624521037	9047.14919666342
1568.0865296188804	19175.28191974062	8076.8428504704125
1094.8016281158853	19834.00782497484	8332.486704199839
1941.5988090613084	19206.127623792705	8344.929143781192
1152.0389892514515	18392.73305181185	8530.392710097376
2342.2215271643054	18882.960872841755	9115.233760059147
176.3996997931067	19058.93890148729	8892.773527596823
1001.1484701896873	20332.894458982413	8747.126345070814
1791.6907731411563	18526.413814997177	8767.691988367886
1013.4903184049782	19723.058314123977	8618.911043756589
73.47063499232495	19947.09159290281	8684.454618399912
777.9495248332323	19213.00486878086	8984.141147192518
307.5604414492421	19217.177146930324	8537.035784664235
185.08661798811545	20392.83797812717	8776.040834987534
1024.304869902408	19673.986740131164	8935.128051447962
1951.5652836035647	20434.86413692703	8634.923402718128
328.87955703335217	20857.00594100085	8627.213326072288
326.23409032713244	19138.616566804576	8151.644347309598
2371.2646835759874	18072.4469459678	8685.004853153963
-41.76569461645983	20457.29447266603	8999.552247277505
1506.0284435527242	19892.13068042232	8401.016278102335
927.206798188026	16781.135648568394	8751.927872469005
1016.1684379784247	19752.70365775432	8714.156271998774
2291.062347591581	20172.956395206867	8641.861843131113
-192.08801182681867	19622.678962911807	8829.441233108304
2023.992488832777	20163.633123261978	8560.673062116863
442.8259712253524	20620.421393334647	7859.963847583197
2177.8676046363325	19157.15733032081	8511.194818219334
1114.3184640397303	19706.52794272099	8872.644605218937
1124.7726518480006	20439.752574623788	9113.44584456873
325.8091794660242	19484.444643463925	8827.913325287327
1116.4973425592555	20506.20326596574	8198.133618696857
513.9027200076242	18884.598725732823	8819.92421392205
359.6719823368495	20570.338970882127	8461.447279677011
1774.1519957634828	18388.899769810945	8865.223528272534
1751.260994319052	18254.683997511427	9067.358070565446
2133.6515704976637	19734.931678838384	8545.622539515849
760.8869201934108	20870.020758127575	8317.54817720366
2093.7433680316744	19418.105030364957	8807.11490038745
1483.277416291079	20637.609700972782	7960.624239676971
-491.1535013965659	19902.00513288113	8853.516299412058
1437.446080524872	20963.749596294398	8844.134728585053
412.56572679547855	19861.229527662366	8542.124770692762
700.3799862118635	18847.27746295056	8949.859967956647
718.3903126734796	20839.26523510152	8057.320657325583
875.0839597542476	17924.585961262565	8525.579596498386
-59.55679411645574	19332.123331573624	8721.101684979038
-584.7329679805902	21114.042225221652	8589.403733979854
2112.4638328131114	18589.251179721457	8807.504126629345
261.1115445622513	19804.679255640687	8579.145142258445
340.86369121286236	20433.097590468806	8396.215721231922
-178.3209518179167	19728.86680742093	9005.194944934958
1119.0148833756896	19027.985755219768	8575.593843159531
-269.64683009621893	18988.55227595251	8888.147717107262
1118.6430637884866	21613.670173572165	8595.743685435904
644.8531185802267	19004.029454267777	8941.269193123842
452.9952871102359	19985.23890272633	8585.812391757
1650.2078734882803	20894.13537005016	8729.793408563355
917.1466527929292	17995.295756637897	8642.012124051158
841.5132440127502	20120.020867886273	8768.969376104686
482.0776038036524	20005.630784297788	8723.77034615033
1086.0636157619304	19657.97071028339	8573.639102991254
1005.3007556354086	18369.73504183357	8787.922489377888
2520.6475192202884	18482.64991950907	9125.935267208459
2777.9015261068716	18643.284533945225	8726.282317734454
1002.2549040897403	21589.54218464621	8158.804490860436
1666.6774967524636	19814.798584962246	8898.63801471221
928.8291303882762	17534.47956274261	8476.465403453223
1264.3652731619804	19925.37775069106	8602.504345914547
588.1559724116984	20017.349112948876	8031.802845539042
311.7858944284598	20384.706364242305	8672.623287860306
612.9752145941391	20680.83165636933	8552.805988017615
512.1445492017516	19828.752300348366	7866.425336821912
-435.02183843675783	21129.031508040258	8578.75011110027
1698.1925382167424	20021.769488472488	8693.695670016888
705.8888344944105	20113.24477590233	8432.313498815989
464.78219456434766	18270.500962336668	8665.648397703872
229.39273652060308	20150.82448594486	8180.5403135181705
1355.470442001507	19829.93537208249	8939.519219923604
2230.5725201655914	20517.798594718606	8521.271606094047
1000.8362923913102	19722.038693470393	8438.85686176552
1652.6931260837368	18838.51219610961	8773.650397041869
1247.4818179958052	18456.88970623962	8987.8101439524
970.6252457084846	18929.700559373305	8317.918304688705
2786.3336651826976	20000.3471898199	8866.687899214923
1657.3700008585633	19775.455185834657	8709.411202490492
185.29601881613897	17696.30826533237	8538.054644082878
986.1269850805508	21806.629313084057	8666.460325679705
1779.2421584258293	21514.393575133796	8365.491074211457
2289.409235455631	19538.355884515902	8793.649519413588
1172.7102957998145	18457.192337510423	8715.681326961692
767.8617462295209	19443.760113115295	8742.182916320107
516.1591232263712	20548.533308030295	8652.941463806228
1443.3166827340397	21666.187678215152	8537.683966526614
899.8181475601469	21250.26134905495	8600.992630828892
973.6532149799845	19508.024417956043	8472.758428422552
1021.3910313341299	20245.357576525774	8278.621852836288
377.40051612407956	18823.063958842635	9052.127034351093
1037.16634218854	20210.52440667163	8703.830630642895
2496.3587119536946	20437.924144936085	8762.456584641623
990.8077070849828	20971.338300978892	8573.627480307347
1324.3458354272022	19621.710576677564	8536.43498842345
786.8913089481329	19313.86681530288	9032.995029448392
848.8827404544986	18437.32379125674	9338.128022198774
-792.1035362080584	20709.02549926893	8980.834597960085
598.7298495517995	20181.791454562826	8566.440530317352
495.47721483446475	19278.973249587605	8490.160252017376
2153.6400258422595	19345.564601177757	9277.313611971666
1019.6175867699563	21045.071328373306	8507.219555233638
509.1014629478292	19575.172945905644	9042.495805570903
-421.4961248614411	19881.383612181973	8752.874580204912
1082.52339071742	19010.551882703483	8561.25719285268
739.5463264173375	21717.782022537358	8242.70488949911
1748.9161767178582	21650.622372584006	9004.143363607212
2201.709923145046	20309.991396522506	8297.89456483195
1746.257848658784	18869.802057144992	8524.40292732555
829.5369294947263	19150.82550538713	8655.628193478056
1112.217466105758	19194.63887419088	8802.811010181877
2109.8861435073	21000.941453122254	8077.115876308356
527.3856761463767	21046.552831717723	8712.728363455335
1186.924244373851	19458.040023786743	9244.418755189385
821.7307624054033	19683.648682035593	8532.341293348414
1231.8596870643128	19160.163478666662	8866.81217137851
1184.9084091639313	22489.544796007973	8632.745209592793
2182.349417167783	17950.510271648564	8992.16102904879
1337.7588806840242	18999.33961013111	8583.328482091194
1214.9060406814278	20224.017755854555	8715.39036407668
901.5357249742879	20559.602183093815	8327.405690203625
1079.7679187365052	19137.858969246434	8871.424234191818
1097.638924712801	19149.475118652263	8624.871767184737
364.51649383687254	20285.1768178388	8514.048892945435
1638.957741113004	20023.67917162182	9251.88872634241
874.1281558124502	18256.97316791653	8735.232934199388
896.6055971794816	20374.884052339792	8703.698976785192
-292.8840010075612	20643.448578463787	8827.088088900022
1988.131305377988	18647.895664738295	8673.517709169726
802.2183984903221	18849.034975010247	9247.971795479103
1369.0699622462255	19169.221289037334	8306.027657932244
1214.6090001842474	19174.91681487674	8972.885985429853
1062.1895066683892	20405.031000756182	8781.665309298152
1824.0844203511654	20258.852418298833	8498.798496302677
549.0756716680801	19762.35240384209	8108.267839611287
1251.970636699076	20882.369821718905	8453.112570108757
690.3248174842898	20853.855485376447	8722.743772973325
243.76954044597738	19560.289832859562	8620.068298190106
1842.08862218418	19875.5902653551	9180.782590026063
908.0886445914158	19902.60879434587	8244.733671061234
523.7072447687921	20379.855216434327	8333.510480919676
819.2371336554739	18592.83525026894	8393.977786757536
1940.197347694669	18264.305457681185	8441.89482620613
1052.9224857302365	19935.886042361253	8535.486602003626
-7.4482020972923015	21304.410442374316	8770.69917166193
999.9202328017583	18848.690489599616	8900.205001005861
-197.79705260948145	20226.84100641124	8594.59790040008
1482.1157213672084	18509.586323664847	9105.755602031722
1740.8819695779746	19408.65632666545	8627.51836571592
1563.4943787558807	18563.015337356668	8539.265660988016
556.44400222472	20695.448812202336	8606.63954847221
2239.0031935848674	20570.57744341172	9026.042298593296
576.2029189105679	19022.99862447595	8826.944016301259
1506.0139719298793	18658.167447444954	8691.53683476632
-123.0589576859712	19746.042200813015	9214.352877752994
1742.6764421265616	20690.54813252482	8840.47708192733
1291.1942190625439	18402.717384389125	8471.788176410842
1287.7919146967388	20404.837722108918	8321.49356970179
-317.825157765825	20903.575456429717	8686.095219267068
542.5902940576485	20724.572731350185	7927.633306600118
516.242208524157	19458.350222678604	8301.232818155324
2140.977919148099	20952.906889487112	8459.624808359402
513.6476046906741	19063.478470867576	8436.766145915888
1012.05668885197	18903.508024425653	9058.493752034507
2730.926066907473	21485.872928075823	8650.241148118066
325.8591006716764	19731.08208077329	8189.879513242316
769.9235919484476	20730.850391665488	8610.627781732139
729.8033671914343	20102.303787424837	8378.397441337813
864.7189574272178	21108.057142875223	8863.817137536491
791.9236521678463	19682.851529950145	8689.776142715744
2427.7252059298303	20675.963794518662	8987.995528495738
1965.0630135540325	18011.383569133217	8682.013189788384
1504.9233058478521	20522.553501265233	8723.219264610983
159.98377739212316	21288.687237622482	9054.501774053022
415.76096051453186	20108.019982135764	8962.84613963522
526.1139746281835	19422.015850395084	8437.500236998505
2383.890505171148	20520.69723751566	8216.881439083209
1178.7066551641963	19426.360004151793	8727.548727257488
478.7364956184414	18676.975039849644	8914.799983361861
1019.8060745840769	20942.455624240323	8783.363199971458
1127.5275684641172	20823.421135372217	8744.914867246234
1801.2884374117007	20607.663910100684	8994.231558068584
1298.9909002223446	20926.692604190437	8795.051739618437
1085.3087768325795	21307.566832347067	8644.687323867076
872.2056621147615	19087.12393913395	8188.666012759291
887.8019663457438	20039.432487016657	8044.450861666525
1005.7106392395226	20237.937645305687	8457.743648763008
827.1407344420811	19461.798084439168	8382.901450249065
678.837320463402	20953.987499683677	8440.810535085235
1249.1256240598793	19616.55787975359	8672.915240230972
544.3781863240886	21047.02981853767	8591.828271287824
1623.0323753720818	18611.063585910048	8603.577281123351
1040.8765070231493	21872.38854339507	8175.143583057241
797.8175802739325	19558.884985043806	9513.08244962249
751.2232939521108	19147.270863787984	8744.249265389302
911.9011131403012	19558.990773738995	8673.367066866145
2307.3237523661114	18965.2969660576	8939.382157624237
780.9135694829797	19674.752604313006	8883.258913627855
373.60143283479675	19848.311038464613	8923.271295825964
974.6487508093907	20368.041840342652	8368.532663594598
879.465617916393	20691.341750304273	8043.651524279806
665.6279722754567	20293.42828545965	8640.975551117925
1634.687487536156	19832.252819003465	8637.903055612149
2072.482073117752	19535.756384046697	9146.22028816435
693.6776151022738	20264.646781546613	8521.69428456505
232.5800920301602	18847.146836484313	8392.847886990048
150.33377649864843	19342.00840862425	8811.031684924488
1964.2007885883525	21926.923662271805	8743.534758008755
727.1869267095641	20897.68587401689	8546.13011862661
552.011728365064	21425.54246609375	8052.499789908249
298.6340266897546	19858.898515276403	8080.19767800971
1703.6010900710874	18276.256275143274	8451.340609123892
1342.6917350982912	18165.16368299871	8249.444599417966
505.39002195737623	19564.332216679308	8374.498598717506
1330.1910839293178	18346.90602731544	8638.90575315279
317.0921969303096	18104.188131528084	8749.493764850717
840.7287862944919	18408.11593779133	8625.776920116808
408.61158469902733	19925.105894730616	8614.14627466062
345.1852039300437	20072.329585518248	9054.04589482441
-92.51221705264746	19153.146962664374	8204.66133074793
1226.4090534730053	19568.395608412167	8906.338639839774
1163.6419780702051	18131.161176170506	8741.033999229065
2311.7227588030196	19904.258761484598	8624.067097073535
769.5256652170939	18909.552475962024	8582.02888648801
-102.32361714568324	20438.0336098522	8747.456861908282
1964.8344049455877	20540.494785137	7890.886316767225
1626.9344685145472	21450.46050280515	9081.569801388727
-263.7361293113163	17883.059634889694	8977.394513572432
1299.1201201962751	19208.03083374365	8751.622946954514
214.94933035098376	19417.15645579472	8495.354525751885
1970.2663052588996	19098.862037505634	8803.01251854072
1406.8968437566386	19392.06679439235	8473.287970918278
1449.3325136472793	18415.145689102403	9269.075844125278
152.04354558354032	17600.32021362092	8657.17714365128
-84.24839656413921	19353.81729979621	8364.01121697049
261.5445948927396	20800.25303275093	8460.33309949341
2436.233845465626	19487.844815591416	8734.545942944824
1035.1357446329212	20498.618265195477	9022.552776112294
352.160282624774	21505.73977514942	8588.080434363455
236.2068543512278	19458.72040921544	8745.879492140517
1348.7397001945726	21012.983540209632	8382.44207620715
1252.440076565449	18070.575873808983	8793.486106112454
2707.4743827942407	20388.35286527421	8467.109448562487
-420.0662003923023	19907.285977231957	8357.955564206113
-24.13287788311775	21256.171157594297	8280.146399810725
756.8023974393901	20026.023057643255	8654.642328159318
-134.62515921623688	19975.074687038028	8730.581668381448
1401.6490204128881	22520.595085110566	8242.202545333514
602.4391281181086	19790.399712585604	8932.533030955961
1220.5744709367236	18921.843785116525	8883.473381562379
1077.9630951221534	21949.11636742516	8443.17639989894
1176.1985449908532	17560.145542910675	9136.368747397482
-152.05556680011563	19725.53086195285	8190.741406831605
1390.4402576399925	18194.771958243844	8807.238518103573
615.6626786801413	19340.547159821977	8827.8929849588
567.7303796676381	21305.88518161815	7882.463908271331
921.0271495892721	18925.87200551158	8651.194960640463
149.9361005639724	20956.582543354652	8032.818545707269
1383.9461736170472	19495.102543689634	8757.749078624876
471.9115187473095	20157.11601894801	8784.213543313184
906.3800545271213	18516.72187344603	8894.982759173703
650.661567597905	19267.2037126174	8417.10370313343
1885.67716286458	21150.442347772118	9045.4963353611
1100.2483033541275	19566.787419239754	8633.206052089392
874.8529880991242	20310.945769457987	8131.906522951125
1523.9260928778524	18743.48601078548	8620.800317500603
994.579084985649	21279.275161570928	8607.43560890713
1684.4057178133464	20374.304176294052	8248.29373656642
1800.7019088665663	18643.211844153466	8806.20102695434
1600.193042963241	20903.4299656142	8808.709578624232
985.5400256030474	21303.38977954371	8730.873514714758
163.97403364950353	19818.34529589476	8669.844561656135
56.316890209755115	19398.53757601558	8727.482876161344
630.8070500340132	20993.322271673554	8565.283360852136
1127.339713825226	20745.957139526232	8869.522694635887
973.737793884674	18979.805745803747	8429.971278288378
512.414413134038	19511.75583903489	8633.51630208473
840.0670674647056	19700.270640678587	8514.739714520878
2375.8630581805132	19744.767447335413	8021.409730725647
1726.1970310726554	20564.700191823653	8211.73057240287
1657.2315261641609	20818.406738160844	9132.063269856702
1525.124687356412	19162.980908594127	8558.004245028405
940.7836270870627	20068.283305643094	8283.255335868582
2278.9390526660304	19802.389398035077	8263.03392294937
2358.4232565181865	21181.693162964228	8723.129353954067
2165.619627023974	19264.164668476347	9208.72238998211
-196.2927537872913	19311.430940843205	8511.633237955613
1452.4421981489434	21227.64398515228	8491.945251879302
1206.5958290575657	17921.689292630228	8453.781965129614
380.4114035930842	18279.019705496685	8201.859900935946
588.4012094075006	20862.04882145619	8963.847250456547
1747.1688216782302	18782.18605184944	8900.09405594117
550.8547979410323	21239.45633679935	8572.578886614998
-361.18784291912965	19882.16502497183	8737.525572750243
1229.1799194663372	19393.09626776738	8499.672960958922
-624.2477338648379	19148.965461935622	8634.419862813065
-77.90772249412738	19633.826539949507	8283.922173868397
-307.55716148883056	18941.68218066405	8976.227212367792
193.65758514989443	19067.532428459723	8200.568820500988
763.1802642383718	19300.659609962768	8680.572168410885
206.97062446599767	19414.796770808985	8527.167011269403
1189.0497554583212	17271.13194468123	8377.706748071081
2445.580232577376	20929.87376463752	8596.22731675857
550.7986500688914	20689.896221668732	8576.033376124085
422.35347221826567	18629.40172603231	8719.750267447278
1897.0114126424671	17115.79411281897	8572.741226628234
688.942506206793	21103.39489300535	8755.983892988046
1551.268441802036	20951.23929571038	8359.640905938852
1255.9283348917481	19149.53890561754	8252.382288508374
1283.3340428892539	18505.438498871434	8932.260775587707
2019.8360909943196	20925.552097702563	8399.73579434951
1011.270716303533	21017.15988811814	8481.302995204864
-397.2880011553358	19480.87634082323	8502.923829303109
1870.1218814986285	19862.008179404067	8563.285665277599
2100.678009099752	19538.7267837625	8965.502807134471
1000.294488987161	20580.767760118073	8427.031842091708
2587.6375085829536	18395.25837713408	8687.711622950828
205.19784358353962	22167.00236018725	8391.226049165056
1478.161060185502	19524.77820267561	8397.502339937068
1066.3145579268498	20507.87697924727	8567.32378053098
751.1787659427762	21386.40891658186	8898.594071567866
182.3260315349861	19798.596360270647	8933.593882886484
272.595648856919	20208.59849658458	8631.657708998155
801.3090802227215	19966.29370871219	8656.063156936352
482.1261818854579	19511.95187084513	8895.689184159644
693.6503373795744	19136.19754386291	8632.882986740698
1981.566825229244	20399.18751953395	7931.191396336784
2506.401724341625	18644.968978584104	8628.1868518098
1828.302390047211	21575.153507424733	9016.385352046194
