10981.671637402831	3601.9172649882903	5066.532634194925
9452.106238087761	4389.510311483945	4531.141817650516
10464.169386501233	4113.619903678468	5382.16410558881
11357.013774228317	2842.383954262407	5707.782201959307
10526.823907546695	1723.4283339348776	5303.155712703805
11215.98884997916	3816.400950022451	5237.472045382422
11016.733840587252	2534.055080939851	4877.353554646635
11059.828848560774	3738.1516420259195	5256.338288148234
10849.018594143838	3283.0025495604286	5304.8156034029425
6968.649238874039	7932.782002669537	4694.979249757034
11139.923910502563	3106.5511134464673	5243.303804909235
11898.489575790803	2064.804955966249	4977.511339277195
12765.800101886376	2436.3466469322625	5054.526732814301
8824.094904212881	3261.4412808296565	5197.438679984689
10566.87890574663	2373.175704709705	5062.616807900919
11149.65153663483	2741.6708251839873	5568.320989719716
10237.278585323915	3019.9965045867116	5382.968162922688
10681.504997198015	3050.525536140872	4767.203042965532
10380.53162938182	4388.5537031141475	5160.49329232868
11318.668795850768	1813.38956522877	5023.184622852111
12139.883366645217	4599.088414773289	4283.758409912313
10423.584117671271	3108.4820756686663	5464.487263663419
12059.88589450954	2361.260707372792	5222.466769025332
11311.2760286761	4232.725104021009	5019.56793297439
10617.691751743101	2373.8212471229376	5318.3706083532625
10749.84462235005	3425.1983669783594	4809.538735399597
11072.520370828539	311.94587622441856	4710.13988468755
11138.387222125795	2295.3581290445895	5328.128814025073
11531.454330712713	2392.799784671564	5059.199926727977
10424.037402336813	2020.8531879973543	4699.952114439098
10194.211632052276	3959.017618741408	5815.560704831557
10433.377555418332	3821.38570329695	5250.090142916752
10880.293251376255	2770.658274452383	5383.336956706136
9411.158547424526	3541.222249881474	4417.472061243261
10342.415723732607	3612.4823346669705	4735.902255124201
11953.360900506204	3407.748149307756	5031.780155836055
11106.356797257817	2086.0213005739406	5323.464434611554
11341.831399519166	4228.937972131601	4944.589760825615
10740.84337163647	4441.996031633967	5012.297296093784
10754.326191604248	2910.789900298192	4978.586596348162
10177.845109034599	3680.0862745101217	4557.66695981712
10802.585489454776	2451.3527094013275	5618.158591391428
12515.797061706628	2525.9694485772757	4951.968263663896
11977.518488492251	3913.3620843956314	5004.339380728748
10670.268072753179	3653.2455078213166	5258.864319884537
9412.936732111613	3029.062097070201	5363.857940658316
10917.723995526057	2713.6233804583107	5262.417480246032
10314.931331145379	4156.957682869857	4793.9286127455025
11292.373595912584	2403.2871056887234	5496.894983307772
11130.252807484112	1970.9721964397452	5244.20684692548
9832.664709632534	2240.8944587595	5594.967103184215
10165.53862719989	3911.8425478083955	5154.593015731358
9820.871135791931	3368.74769197124	5011.256918758185
11030.072442844705	2656.6103904126453	5475.975361954945
10276.018718427566	4412.338345583462	5092.064952173146
11019.440850304367	3169.4835203905413	5304.655196491923
10937.86439035668	3560.975808666428	5297.443834689536
11050.015028099919	2633.9700567524455	4979.895978733722
9604.640130374397	1760.1700949619817	5044.1216846956995
9911.324631263013	3955.2370854266096	5626.299653785082
10773.10238015425	3277.6174489181535	5097.362178866781
10877.108180934387	1731.3537742668877	5547.399810022528
10817.171368901867	3903.876209772302	5155.540755276382
11420.247491886626	3017.374297647575	5028.20869266835
12901.355734637682	3430.3836364431154	4718.813209094358
10060.957620893012	2808.7506559882922	5592.5847936941655
9066.045164529023	4554.175100189453	4948.958895875375
11890.039910628673	3285.4546848014215	4995.56698999895
12076.443038316034	3462.1468992033465	4822.727676614053
10183.280769613733	2615.09800884661	4907.556932905548
10015.540949563116	2182.0607424078744	5278.691144800489
9305.654924194281	2254.0696321590194	5459.905039326208
11597.313330629831	3209.7810570776237	5144.3022819478165
12446.675927098962	3372.67042629079	5606.7210502787375
10337.9156233517	2519.823817758814	5191.358924074545
10782.352804493898	4584.612526037777	4857.792143274671
12020.5585217716	4837.755584788878	5016.765278568317
10489.313805445454	3136.8489893448295	5043.43566746095
12832.250049286105	2620.3758649105857	5459.287620497629
12407.938272654339	3767.3084843604097	5548.109161607556
11631.16001673373	2695.6683255971234	5012.011767198522
11527.680228871692	3063.089196750723	5379.829504971057
11573.371496696622	2366.053723899091	5216.3884865107375
8340.574557714104	5342.164888916868	5038.011594374297
9607.81293374642	1552.4981927540855	5587.527077848462
11721.356392098933	2263.43561569974	5158.044624459892
9837.607257478867	4314.714713285238	4415.4599855296865
11270.477143043869	1327.425489285495	5094.470367043589
10782.484516414506	3359.031735353214	5074.931498393984
10149.18059065873	3387.5543382499914	4957.864246288933
10291.238152324897	3034.7658192461236	5046.839719258167
10886.15541205525	3774.0286759879823	5071.351063471767
11917.998331693314	1679.1059014748676	5001.331996788245
10820.877588430365	2815.100218699475	5069.6378750165395
10014.523097470134	3910.310559337789	4891.138844527272
10237.38229190854	3429.2483228963333	4667.2079972704205
12871.044521638487	2434.8078873963304	5651.900784144482
9341.544490078706	5391.035345581705	5388.377494289548
11432.493800343222	1754.0482745527372	5083.346911721781
11540.591074625216	4799.79223043947	5538.4758393932425
8885.924155131743	5409.0655567219355	4744.164200818558
10217.317437187396	4549.096828944717	5059.227462927299
9688.42770257345	3532.5726113134515	5862.7347157617705
8879.100097408207	6452.819883645759	5166.769434610722
10542.809551952365	2744.072405748524	5087.227238535528
11165.173041101783	2082.2011126371563	5033.806782293744
10391.964553019445	4219.176699658483	4602.579230311225
11503.129801572537	3386.812278319111	4955.611965908778
9841.997761766701	4022.441034694657	4891.4949932149075
10804.665321350514	4605.868625953427	5062.3651446639
11360.961401578252	4178.4195226743905	4940.681663159018
10183.027441549939	4015.1164722980097	5731.445474719314
10253.226103463267	3945.2452985316263	4423.181377703159
9316.868273484108	4125.047456930207	5149.427878422046
10237.424633832126	3120.580755101463	5075.925593286185
10605.935306530011	3485.916550107818	4860.70232626716
11260.24095242468	1293.2342028302592	5073.014641601732
10168.280980027623	1611.9341718275953	5743.782715720431
10618.15724337768	4977.389592163669	4637.252449420922
10821.369031247186	3420.6877273793566	5122.881595522754
10688.63553337714	3567.0242525490316	4767.2417528280785
12136.371858862109	2893.703339083299	4881.254434856968
10885.689998543205	4393.626758967692	4905.525042706604
10534.14313839373	3259.3124440819993	5249.803358668818
10432.114443707982	2805.316697576247	5535.460326420609
10462.901845880586	1369.7971391145757	5486.130680044017
9731.732027552085	3864.4796832569664	5679.861781429507
11084.45111086152	1302.8989449358785	5011.160618446216
11276.634216894974	2364.809515859912	6052.44739835501
9651.72434833526	3994.361473801237	5245.40832210972
9439.155832012224	1781.1006966810287	5303.236411233883
10337.986988975032	2512.710128802127	5057.131082591855
10860.605994508616	2633.9076109402713	4994.549239401183
11113.414941514942	1373.4801542072323	4812.381978141606
11398.080522350723	3528.6040639542516	5259.667000913648
9044.874578709278	6101.847929592225	4684.31998558458
5310.899231762963	7975.0744858300395	5154.847394128997
10144.004858886019	4093.20049878055	5522.58212972216
10670.016248875023	2282.827313520485	5236.722980579593
10485.947030553414	2539.897237614343	5511.027680568765
11997.808833504876	1645.129372935349	5262.526465910081
11125.87135559334	3379.446650719873	4761.043512386893
10826.63434910034	2660.7361492439127	5374.777852511253
11379.945725466665	1847.8281596141076	5035.547129821359
9821.252070639926	2672.77725488393	5777.339692269619
8504.203659770554	4859.922017766294	5309.278625628424
11811.973672468268	2976.7566381766687	5156.204693931266
10735.659520174368	4626.050130766328	5388.7660994704065
9832.111901929176	4346.884080639061	5688.505866752084
11990.955892774386	3586.5210318013305	5137.06927035653
9847.013603751435	4629.7826935012845	5075.803096076408
10463.866910116602	4045.7345159101396	4741.529473502333
10394.235625704612	1406.5821767932455	5275.760878009877
11355.64563734054	1100.0632401396067	5866.622219681847
9298.778581702152	5673.200151670026	5647.371984898021
9905.830473758375	3332.1234959419003	5703.933795691128
10681.174419144027	4868.393790220912	4463.7767849567335
9549.058761813434	4989.648085239263	5284.725820004346
10551.818279390998	2620.875344813937	5073.406097884202
11932.46859557869	1447.9175450309292	5334.586872628086
10144.80289300091	3877.043268150669	4970.2678824964205
10630.530379136851	2725.764058562071	5634.029655788959
10466.485672353892	3032.4813018975037	5603.215068256854
11403.63525924588	3002.981065773735	4876.9516960768005
10515.406122353903	3498.1338287799495	5038.043059569725
10333.407119648575	3163.0728925146623	5479.431876153717
11914.51216542973	1979.0428236022867	4926.659849199526
10101.591889145739	2361.04429900946	4924.1131422503895
10062.899104664264	4554.183573471816	5155.042072125105
1376.4787104115271	12960.850856804964	5807.9180686388445
10474.07093835152	1176.7478119359216	5708.037879881728
10320.361173722387	2076.431559335143	5523.489133350852
11328.165420718991	1377.579761667241	5372.310584156345
10079.56839970027	2277.988507441284	5228.563781243321
11404.88401228775	3551.763040515066	5823.614480882326
9649.356591562351	2982.4755555845713	5044.264010063954
11613.161005800435	4209.863057557307	5321.353141953461
11404.539339202647	3689.685305918518	5026.671312566447
11115.841797522045	2129.0944134054857	5256.558323123015
10571.516533254848	1587.2789590470934	5135.889702242948
10671.983733529427	936.8091795259501	5739.932520147013
10228.688516328843	4174.120105924836	4756.80777614658
10114.507084013509	2107.9798391250365	5128.719890417246
10717.142626828962	2009.425469484019	4981.75439450377
10535.220950188022	4685.7822510908345	4806.754245366671
10414.620107322808	4197.552565730983	5265.233571646702
9319.87259509178	5162.702570193355	4671.378958917841
10410.616162221604	1988.7615541246619	5482.342359480864
8965.543240545596	4595.3064360782355	5415.957949256004
10329.339173182576	2083.246253422399	5618.592717147023
10910.509405095987	2392.7707454293345	5058.962053874622
11181.87147997463	2701.199576239629	5167.117887241313
11401.104132618042	4121.746996945922	5483.434840882005
10814.031630041938	3901.3449157970117	5096.8462898159905
10724.66176744545	3680.4501294743586	5140.966690975189
10646.335371080131	2787.174449901584	4797.482543137833
11518.430959109433	2441.296987050138	4979.698936143581
10946.69475898805	3835.9604611412965	5607.289922666851
11247.360627214763	3896.1838326043544	5150.491443157412
10956.212513516997	4296.145076213639	5387.171164151429
9452.337201668808	4962.451109326374	4702.981240150475
11448.003876934186	1416.814604678274	4773.028711018053
11667.760936123468	1207.783246168958	4968.029263700753
9147.626730994209	5023.139052705906	4707.205172864511
11067.238478614401	3690.143527176955	4865.667558492085
9483.357555233382	2939.842055563781	5053.256379640791
11862.006263916934	1891.4642148876212	5386.272108962505
10158.332008192674	2102.781523811784	5534.931059671319
9432.737795076144	3340.1867784160668	5021.893788065901
10681.86798800679	3114.143454817789	4945.1835121418935
10349.934716078938	4502.872422218469	4669.714525117285
11032.543091600379	3470.670705005654	5717.149271925897
10391.804509493682	4294.1166802581565	4906.4372181710405
11067.280146073685	395.6242769941645	5041.7011044519295
10522.862064318442	2065.8202199605203	5686.542357488148
11654.615401047053	2469.477103473178	6373.071567235655
10907.51378279343	4118.449449635124	5130.945243584781
10247.176338839583	2628.2580912184026	5386.473693896112
11331.051374031545	3100.7716642264045	5143.02014377565
10946.922599265277	2946.60808525838	5290.892464398759
9947.552050678794	3324.1130230425306	5662.326476027072
11045.46010348879	2673.0749521504513	5282.35490059258
12081.287538593118	2659.792207978149	5727.258890741534
11153.818277570435	3775.8923017395387	4306.5780077175605
10855.59432582195	2726.593687400301	5054.523256925158
8541.533006224803	3935.709007975912	4974.085967362798
11807.302636716673	3038.9743342789648	4395.921162218595
11404.311020063478	3784.2991827304854	5192.132550509058
11122.8646377991	2090.3107493478497	5358.703015154332
10528.49024719778	3194.075800477321	5003.770373640959
3062.625538388484	12368.505185888947	6694.710042466504
12104.82557872101	1796.0492945079518	4689.869127302262
10624.701009819935	4105.162516266929	5448.519263436054
11600.039803014977	3101.123522320127	5650.0718041482105
10578.678683823222	2911.6676152994146	4390.165176580701
10577.137134803192	3392.5232807653897	5394.792440562017
9457.28392704249	4185.910432093637	5075.292188651199
10903.464432851422	2029.3653064791515	5486.526227005601
11754.573985487197	2870.3091102005283	4373.690346308669
10403.315557881193	3089.655701701676	5021.559125298375
11776.739762792911	3148.248733110144	5224.374298614659
11198.375732400258	1104.7704324304875	5088.418036588686
12411.567670277544	3949.168685704042	4796.17966785801
10749.35763042918	3282.2926360889605	4848.269150205954
8792.577249311604	3920.033401686377	5165.078872501912
11145.819077177655	2694.311586743083	5110.247742066486
10828.365318445194	2717.038765403248	4989.563241172014
9363.47504956543	1929.6901871299929	5429.284395942717
8797.419989041186	4292.34915644808	5799.855262697683
11579.725562999254	3079.2000579878645	4911.3724481552135
11055.664245186408	3619.147218734912	5140.232334130112
9907.44276347427	5188.349247308391	4947.545602587705
10514.408744467473	2531.970793885054	5149.953547145503
10768.481988855232	3281.169331091785	4744.415689184245
10188.962477426338	3104.271158786064	4519.960088676933
10672.14483540569	3509.648516190571	5787.623305634434
11669.554734458272	2767.563649788314	5514.220557375638
9651.017087396203	3181.7143666020875	5526.037901092761
9762.163689102741	3189.2816160194798	4886.090606514847
9903.28414259142	3405.6415048327563	5320.542511359433
11565.284049486312	3170.5339088119053	5217.04243270039
9801.670713269585	4786.435941753746	5271.154775706237
12194.421557453663	2492.937613764841	5896.929309800088
10212.814189258821	3558.681578198067	5071.668285424203
11089.364199335903	1760.8859681575043	5204.532621847592
11898.354311299867	1878.6700345194854	4821.801317985724
9559.483328380826	599.1925542821431	5749.439718939074
10580.66277555106	2099.0952719232646	5010.584711911987
9575.752562279911	3507.546066449545	4985.57038069224
11360.464620164052	2642.416153549086	5402.081465810227
8731.53775182026	4989.012058021565	5351.470726298737
8107.645167088803	4521.707162646319	5326.822141688179
10065.007455804775	2701.0277298339706	5027.352578072877
11796.039202851192	2344.8205820338794	5397.653454838907
9731.611284719069	3918.731614304827	4966.544510146071
10828.276079421674	3637.725994684409	5372.273684657954
11485.576447979352	1746.0936539452753	5101.301825942827
11080.666296149033	2462.480937918498	5156.269935374947
9791.66082131281	3504.739727231126	4868.256007590473
10545.019650257836	2392.8852552086637	5138.850409020422
10655.856122847248	3188.6743884906073	5271.947609355403
10072.700540342534	4407.502214150243	4570.927989790726
11271.463520075047	3287.618415782167	5265.3834428787295
9239.618702456875	2990.808896324584	4623.842159947795
10812.081030859787	3164.8182272908953	5430.379064924895
9880.484239262276	4551.196133621864	5664.192198922116
10233.188164822286	2643.328921627683	4573.867827495845
11033.155367084835	3169.8067856267944	4887.901398523921
10466.639385404826	3778.28051878098	5027.80991468209
9659.99631244911	1167.737052547057	5020.839088231182
9210.126974399633	3500.115272347266	6350.157983799534
9668.748255738004	4020.079876993119	5027.569823029309
10384.106402166983	3646.5256369840235	5211.508465875502
11807.889140519097	2383.829888517713	5084.6417290165855
10900.969292971928	2475.922096346217	5988.894742086069
10545.470926324324	3770.9354867322954	5047.265976141353
10357.690955980032	1704.7163172030318	5303.265044071934
11659.542184837092	1867.4679987364655	5524.135031798421
9568.17097831297	1613.4955517175815	5423.453776572906
9441.797632141766	2226.698146325715	5308.86020481125
11136.367469718092	3223.7926715373133	4946.847761388427
10733.788525374583	4930.123341903274	4882.312227760094
11730.723722147275	2027.0733619685814	5528.727685900973
10923.534141175354	2839.794031863229	4676.823476684421
10140.218936494623	2660.9358419280343	5472.788850550675
10878.717749596835	3069.7907177063958	5823.738385942747
10429.715487786736	4144.6508073059895	4575.681244080543
10551.406470922164	3530.312178867398	4832.592237667723
11309.381319988095	2913.1827128951827	4855.442905400894
12928.892887513104	1026.7975229725096	4848.637687230537
10640.365570943093	3216.7755839511747	5311.342913017822
9693.048611667879	4130.246442914214	4932.245829825762
10610.220696484354	5157.334786759911	4671.501785779896
10873.766046281873	3992.5827472400315	4927.145803874724
10619.39992936252	3473.825917147736	4884.746087136597
11077.676188951777	2934.3995045897127	5160.469852702856
10195.971006911988	2600.824445961331	5173.702224480817
8862.321860356593	2912.192044050698	5560.940602874592
12088.709488712982	3595.5212606076093	4571.172929684989
11010.240017120632	3770.235158621243	5281.046443316353
9918.501437318242	2676.7720901492376	5758.763174505536
11141.82306724332	1825.9512032754656	5282.515806456515
8994.66664467194	4507.256905422354	4451.1251968038
9654.975364273303	3083.668775099118	5622.839366869257
11532.394017831943	2238.1901999223264	5444.435914066498
12501.117300127857	1792.7824846700714	5669.151788124017
10572.733308058017	2647.102841838054	5428.67699862793
11252.192429090579	3612.654504642815	5111.447464224688
11211.022697203758	3110.7083163515986	5284.983816464705
12243.133702367217	2016.5589659682032	4609.5174864737655
9969.576981922744	3398.3094759671662	5531.472422234032
10977.333896756043	2679.97121644483	5014.379954126551
10515.534984892049	3037.5994940880328	5449.763537385153
11682.060772541152	1780.6704556042348	5640.594472606585
9522.243984626046	4779.521135164279	5040.572558474519
9388.549271931519	4744.391126748883	4995.880518998292
10938.63816861685	4152.770912904486	5243.465611986605
11573.460323970141	2649.501661945249	5283.403090026939
11681.758952397617	2076.1777511573573	5097.79055971888
11722.603015746026	2180.6380063013644	5555.128949396135
9355.985325727233	3968.040257039513	5362.085860144894
8894.716009488484	2758.9377503397045	5595.986863449738
11460.538147812913	2709.265101016718	5698.535551649536
12003.456450331132	3981.5251027129957	5292.518693997895
11095.191831532542	2407.133350503719	5748.404574303578
2372.398608694076	12503.654134624232	6286.773283525982
10277.72677246475	3109.1641426577635	5107.378135638644
11578.369883920996	2435.666270771594	5593.141861469947
11186.298459701136	1475.4364501812706	5952.159405438236
8021.590537350682	4305.369829980315	5453.365190961149
9649.926473466943	4916.431390743416	4689.6568807979265
8325.512376883524	5682.375812532479	4836.07602331717
9971.196498333162	2290.9148669471915	5285.661878642678
10991.089564018272	791.8937809797669	5391.286656652019
9996.819206478754	3506.5810151278474	5493.004657439306
11912.06296641177	2178.1873283954346	5079.409195344257
11088.487137947728	2517.7324532485554	5311.7963982476
11756.576194636731	3181.0587829703727	5430.5006126472235
11005.14120101723	4325.802845942677	4530.1051013770575
9728.713050232624	3319.351071533492	5921.668075570012
10908.948389095687	3094.473350231286	5245.278193750326
10578.343054243755	1799.3996668795626	5647.276598911002
10884.60471894616	3325.1730114757966	4812.301977040764
11599.149919193304	2658.7040559871166	5228.44085505987
10028.228575254429	3642.7609138183634	4894.103716030822
10202.909362639917	1309.63057160195	5694.9698080387925
9707.56235524826	3552.8822487806374	4819.11888119062
10822.496315312945	3126.215424860046	5340.571233124452
9290.662942207671	3907.608973858416	4656.984429732641
9713.363523379563	4455.039550632636	5670.860424872937
9792.916575503725	4866.2513783260065	5652.8967188449515
9016.963846529876	2893.034719204284	4443.006414645131
10171.464633753736	3929.472784475049	5357.975651162263
11977.203665622821	3476.214742459631	4585.619644361328
10231.249154336721	4670.864573744931	4561.750148267108
10106.287246069207	3044.957974394509	5435.262924135032
12278.897954278647	3057.199906737746	5388.136786298722
9233.042825550387	3465.4067640280196	5158.319073522791
10951.695191441497	1578.719240525035	5676.797016821904
10532.760641876966	2934.987025202832	4740.5988425792375
10830.897268501027	2124.4248779136506	5357.4708193819215
11268.38230500527	3320.984706043739	4780.260654944819
10722.252960654396	2885.1149035625026	5532.042247342091
10789.749425418635	2211.4774038016512	5174.87498234745
11617.11422345475	3784.518124990646	5058.024635334695
11858.666700335154	1004.4695024169904	5166.504974458894
9665.11120976692	4029.0257939559096	5332.201006991023
10177.389391035602	3012.8708883964987	5080.212138508367
10547.619412505694	3585.3640493960434	4426.543756622491
12305.578744846047	2896.942927838947	4847.008885218485
11305.106174698565	2923.1161052422485	4556.209339751025
10488.03338436518	3048.798376105668	5186.364203980599
10202.64573536822	3496.395339242901	4791.761485345638
9675.415733229844	2835.0819851144092	5264.979460208702
10901.29153949335	4002.49091675442	5034.910405334107
10324.4914918111	4440.57779988722	5011.538540855666
10163.66874845553	1986.656204508956	5388.520208642384
11400.014458631242	3263.182703321544	5183.402447557393
11556.300976574203	3808.104410307017	4645.181045143991
2436.6910770199597	12424.2984641131	6031.410383862147
11039.38050758622	4438.893816295295	5238.969650034741
9860.120647147152	3022.4339117970944	5460.799012213729
10661.098727295557	1777.6126288777793	5247.727241921275
10866.478450248407	1881.6145037271233	5588.3052893141685
8792.867635668856	6087.772642697258	5055.850505913073
11745.331349377393	2110.378861511178	5355.70971441022
12080.41387572799	2477.178416293531	5363.050445033322
10981.88969417702	3353.112647839464	5164.28976099764
10641.228736065985	2978.72792200473	4980.806211601872
9133.796811305441	3791.149600676636	4683.571339207471
11142.25025883699	2751.4358779416366	4884.20414323637
11248.399472324822	2408.813374275208	4853.613947933392
10269.962111303252	3203.1814793196786	5189.452593647972
11381.805919985976	3610.3216671230075	5132.660087672413
11792.394257028824	2739.8328652951645	4840.68002774178
10982.510975952648	1917.6180522501081	5488.509646938699
9485.158374446559	2706.3196475086597	4994.505303764662
10200.642169048177	4305.408540322205	5142.3975767076645
11455.376152015864	2759.8421529819752	6302.930966553786
12216.841926616295	2903.941734484538	4718.443496469976
11429.369203943917	2611.7758041539564	5161.064101813701
10397.927117649586	3558.3604626892866	5556.373153177352
12145.774567118682	2633.526536329482	5038.084885003783
9885.489045548997	3228.3986597079734	4631.130261587925
11247.598100957484	2714.591803798438	5336.49042306881
10728.398284060488	2096.4323656707525	5463.896936315263
11734.80593574496	3389.854275977474	5351.013849460197
11433.976644134844	2309.800422090698	5224.418350055701
11893.395246204398	2263.3283966419535	5270.187305047488
11209.45117269717	2319.7937940692736	5069.756305184751
10209.820490445403	2662.4488998271677	4516.2749663598
11504.561486574077	334.5287973998449	4876.350498509783
11178.102307523406	2335.460315017722	5353.148850446053
10900.95835297537	4104.490400488195	5131.076870712623
10120.431056680463	3626.9317749177703	4398.581221260147
9822.878609287267	3734.1451854511056	4681.410675364916
10481.565879771728	3320.765358201307	5234.88290200284
11445.291701117545	2031.591499742991	4387.8143349974625
11732.005873284952	3149.5730450686438	5011.202255116035
1634.0030706087277	11905.375158390403	6525.237049114271
11803.284589385674	2999.2772395794627	5135.136743572218
11418.904841317311	1993.3965591501826	5291.980300268788
10638.283981267461	4121.581614143646	4600.944833747284
11562.563535050844	1885.5213215781764	5055.0445437717335
8725.557120614925	5910.129576167619	5648.351566477145
10624.378900916028	3394.9505120394774	4654.250888312288
11684.092202387345	4202.104446076638	4719.135198431908
8626.118206360687	4107.682271301957	5235.877878738656
9898.239791876857	4384.228654211162	4633.4728409907875
10193.69980936368	1614.6601077354346	5831.860882488831
11368.258175697774	2421.622762220882	5241.287282298918
11705.890511393478	2956.509883272056	4841.955447690147
10801.417004923916	4544.402264100775	4942.580855534952
10089.903748423698	3842.380254238066	5931.991945072255
8201.446840643343	2642.3990831885603	5734.335950628687
9364.921988003776	3968.9301334611305	4923.168568729983
10892.005013840128	2372.3235580539367	5155.649007989518
9652.407802529036	2845.351790628649	4995.148932646267
11572.978202275623	2998.5714224388666	5202.18857368173
11911.2978519567	3665.52798514385	4699.097135570353
10560.46549999523	3453.5175743715467	5209.306104960771
10881.421215099697	4145.52331905058	4953.368074914324
10422.869994123106	3574.614586727832	4651.383947354771
9933.775394399472	2240.046212034651	5248.777696511623
10924.726120639401	4362.680510495745	4863.497065979876
11908.012194928724	1774.9244473643496	4925.376173782251
10228.681593082245	2752.12220967882	4931.57182582766
11947.53967768192	2153.2463510506327	4326.680338953705
10826.695580123904	1668.0396895461095	4801.335508112022
11606.018896962652	4683.13018998	5086.106553949373
9675.247178828862	3936.880525009202	5276.358140208023
9629.986143358725	3988.7838856423623	5525.857344250806
10534.36048532639	3021.8113772768615	5102.374419933298
11672.591819893207	2211.4515711148542	4355.8444151841995
11147.79537279541	898.826918766674	5605.871222450531
11196.45009762255	2971.9006586668324	5558.198538223806
10589.770469253055	2977.395904686907	5086.5996118908915
10683.504665591045	3433.9599959844827	5252.797242878584
9936.895204624805	4354.411125698278	4941.552450380642
9565.004720121085	4405.844281028177	5569.438094367455
11546.178210129863	2852.956272362971	4989.659996872776
11064.485626698417	3864.7811060888475	4912.495029272179
11336.912985430014	2719.957443354298	5316.879521895583
11149.66925948986	3825.625045043457	4593.084934692275
11941.48136112936	3689.1653676623837	5026.374222722793
12219.879241320325	4301.073967890925	5131.637790886167
8880.441127987522	5143.159406968959	5352.454298066531
11201.803284915934	2660.366001411819	5044.211623464612
9062.78614966459	4165.054935401684	5325.440292758555
10841.90997908418	3853.2388071912605	4896.055652508848
11395.410074862251	822.1270029986266	5271.760698021336
10804.108867027178	2695.234204814116	5334.661765878637
11182.577320755096	3643.4165344431385	4848.084440814363
11597.866151174092	1891.4585111275064	4669.005096017171
9670.926954918463	4117.885215183945	5428.841530300577
10073.988613541807	4193.944319858031	5404.849887717336
10874.429110568948	3639.792233194264	5017.082440743377
10934.989430649484	1592.8407788146562	4968.33745851188
11447.484519372672	2194.581190438881	5517.351751492882
12681.397473409714	2982.1817227495617	5450.470787246954
11026.78684116469	1603.661382977952	5114.6461056094395
2499.468225712015	13627.567814598067	6158.26138903245
11081.954453507156	1394.0551178405517	5384.668793881831
11375.622801513717	4261.191568805019	5010.680551957146
10408.589878150826	2502.676964454588	5397.601256283698
12075.518429681835	3066.4806769227844	5472.755897776754
11386.891809251954	2836.1816675627424	4981.774574349753
10488.944545092925	2646.7322341848567	5311.908050954306
10395.164286667296	3356.685612818826	4837.930525150738
11083.424523851865	3341.405166745389	5174.32630245085
11225.391717320472	3799.2724038095635	4761.546799801968
10692.243160548178	2642.103076626501	4816.071920064554
10259.366305525138	2621.8568517891963	4959.690827863385
11056.622519333214	3964.813088916207	5351.528405022796
11131.818144568824	2774.152305022021	5951.317773310648
12051.74165635815	3065.0058047992825	5383.880993981629
10611.70580719938	4192.498098129379	5067.561143544265
9918.014590438212	3597.7259599903045	5046.72419869216
10719.53620890055	2157.7015501909627	4641.030185627325
10071.764028025935	4649.931283796253	4788.295306926228
12093.21517645729	1712.2413482193958	5471.47115350621
11936.505955807252	1493.2600864173678	5407.244871997299
12447.544649171172	2825.6171366510252	5367.968392284125
11778.954386906747	3096.244029165025	4874.0397976550485
10597.863275871643	2854.917045845159	5350.442266567391
10637.322376036216	3895.1313783684423	5402.038672386835
10061.056495171275	2208.482266949423	5395.12816367211
8175.853733307923	4666.466768664137	5411.99472810103
11214.367886091975	2444.2218335927028	5541.643718140817
10072.412920274446	3063.9895311739383	5305.354285312179
10197.639052043101	2932.3079765775633	4490.135439889887
10627.83633435409	2548.961169248002	4880.943746140394
12406.805503041282	2126.2059344682725	4881.430041432395
11059.866745812908	4999.714196833047	4750.385639545063
8762.340244302211	4144.728825458418	5507.778001833442
10348.308508704225	3392.154412408405	5344.556335837977
12732.79867290113	2216.4173110305155	5413.852012006772
9060.379508210553	3329.702737608437	5642.034605213467
10890.975044876308	3537.3951428506816	5238.249091608109
9937.157670347842	4936.30215369832	4867.331516588696
11168.776713650414	2454.277057951732	5067.369453912823
10558.003331635842	5044.523027795454	4741.672098042528
10508.012596686127	2772.2660152941107	5079.127621529593
10388.587530155539	4546.125501320115	5708.024325791394
11716.375407517546	3644.5201205891185	4674.099883286217
11891.22198494031	4135.576654107192	4933.62092645554
10258.325397596509	4225.207321841263	5111.265481285131
11716.788185904963	987.000879463077	5473.707869240377
13088.13634889578	2804.9105143755537	4932.2600112055925
11566.446514083209	1022.4953684091171	5371.951904909372
11086.147521104502	2379.6942954240644	5657.40328232472
11549.41293078623	1746.57965346492	5175.680450743028
10624.497514002165	3405.2413436896777	5413.581535619607
10865.958091788303	2111.278733138031	4733.153068882542
10400.160803845694	1919.128068694929	5811.511423277267
11056.000904737637	3003.9399604716605	5964.390461732214
9509.33453121919	4162.398969507164	4899.250931129306
11233.652881154094	2246.635420135322	5310.395746862398
12885.929175059118	128.8535440687148	4763.633622215859
11047.545081745651	2136.8272279274183	5274.730848513329
10001.731033482232	3006.3324445639496	5559.386847251296
11681.795040358224	2946.7441611543168	5206.096767037575
10296.11871662869	3530.560242586452	4843.256653928159
10651.88690931316	2639.97916559535	4727.341229992962
9712.93339998655	1380.4821371474688	5137.898858222825
11260.368741795734	2102.9505020808015	4900.28508210696
12779.596499646921	2965.7665405389826	4585.170892113976
1203.9410129177325	11844.762384826414	6998.049667739468
13427.28645171018	1731.3579309122415	4906.411119909723
9715.229102873207	3617.670251954972	5643.916039702036
10736.874196276258	3491.3917951451413	5758.251097535959
11084.389453276282	3233.836464503624	5459.850165457831
11867.975327041962	3755.52525369935	4822.848965582096
11785.850281750561	1535.3592025768064	4953.107951514043
9892.916248104617	3919.958601983479	5390.769852618169
8645.170529613431	5732.300235628721	4842.897903443009
11137.142946873997	3806.8164186172894	5160.027473002064
11974.402659471507	2445.132645114068	4967.675731557657
10768.434351801605	3518.2514372598935	4735.498310903672
10682.76679398175	3008.7880760627295	5071.721582087468
11320.568004671059	2974.703247772709	5449.350050779077
10375.385256752279	3816.3131181118706	5545.597101499418
11923.074607048991	3121.87928240111	4727.595515943645
11001.223990610779	1652.8565229927074	5045.67389872844
10754.016118681539	3455.6573254805403	5344.032168119876
11994.396530403299	3323.8779089527297	4706.793949040951
10564.027870834636	3962.573262240728	5365.055399109606
10956.11438283529	4562.641553845459	4525.54424056363
9952.399263253084	2668.1591506969494	5226.079399641728
11265.759114277509	3679.4957986561803	5276.206364297877
10537.02599138434	4344.647464007576	5538.075572137811
10593.327646042591	3785.1275432869625	5726.900231938069
11121.974898928109	4454.809368803856	5221.125240756281
11402.247749556482	2321.69591131206	5508.397134501538
10227.702618459422	4577.147918862414	5427.177284189941
10777.830402036832	1562.7121117720706	5159.163925410599
9611.701744899467	3885.292506191336	5373.960239663637
11742.469612070588	3174.146110190107	4684.031368742894
10056.665724481521	4102.429473389049	4964.413309705913
11673.712174932809	2920.0588804189206	4845.497579090851
10303.063325342078	2093.084402753827	4683.089833865483
10794.99011124082	2769.7806213814506	5501.594596837555
11374.692005584855	3224.760113899178	5503.89844430606
11428.192501406775	2122.162031650448	4988.512371970247
10602.466473181832	2164.388841101128	5173.6918567226185
12047.943039989843	2286.7497378416538	5358.726395823141
9869.172246341665	4217.478686360178	4777.510702587945
11804.129869119844	2368.805332653838	4979.356587351083
9979.761216128269	3396.653782451225	4890.490311362987
9870.697874674897	3357.6294481511577	5220.567015439494
11258.932614896023	1963.9167095006383	5033.518284490165
9840.854557688794	3639.651547633885	5351.343180918173
10940.874097988566	2128.214962853428	4463.679270545168
10653.925010496812	4949.024840174144	4373.758597484462
10544.572655166367	3460.3201244743136	4841.866244970157
10600.580126057697	2980.8023463020695	4901.471755607816
8927.645056006528	2781.5371914961524	5149.098593733771
9779.14460935345	3746.8248975830197	6139.448671147154
10739.476176391703	2092.8210351255443	4809.784174733372
11704.817965191362	3736.844203731341	4679.551064589426
10789.903054913368	3635.5919006848	5121.957368431095
11162.283746480565	1640.5978795308126	5239.3737829815755
10769.76101137864	4871.212757067841	4232.913222523036
9757.693129496576	749.4192434936431	5507.306653043874
11223.972707361196	2058.8612572108195	5837.08047116006
11009.940199749966	3733.2299172640887	4633.964302694037
11111.971656834923	2204.0289836107095	5105.069617013892
11123.642484553126	2555.655962393327	5815.909138197899
3163.7597511935296	10546.600038861194	6879.849452144147
9811.915318467993	2940.807747220856	4889.255276869697
11586.589328515543	4330.25503584673	5246.522236488345
10363.724236248818	3616.434038751339	5002.556248165684
12017.16220814982	3858.6293272451735	5525.917281544079
10998.526840220007	3167.8177729591903	4859.682025978431
10739.13102212624	3809.6076963081973	4546.190117348538
12193.035668301714	2612.366972852009	4725.520499191087
10518.721692362784	2257.0861643607823	5687.970636699587
11729.163814026742	3913.0201235064515	4314.777019631565
9539.651361338043	3996.415170448567	4869.169786069645
10201.429151875798	3755.677700294438	5216.078182320088
10690.376070947168	3847.3620222243107	5624.8173769899595
10725.015538208581	2508.408030182807	5696.039461145209
10821.44614266087	1745.5173987703304	5212.85544729222
10209.641258747391	3579.731469253326	5214.449045208039
9185.02831765875	5419.004125312029	5863.15662700906
9432.001860460901	3906.2767476017293	4986.875834713798
11909.278570992155	2406.36066857182	4366.220026961976
12003.047475224916	2560.627886864085	5721.1498131685585
11358.33229755677	4330.589487043929	4870.232878932015
2157.5766187422682	14877.301468314574	5648.353733642174
8949.223581632426	4615.013722766718	5004.585186151916
11194.166495373132	3205.3417566249564	5190.715420012779
10256.99809387436	3785.476145004203	5796.0783393477905
11731.463699135846	2989.5026768384455	4921.2113766271905
9335.534252423045	4575.389260122388	5356.985827435518
10461.18063536704	2877.657016870591	4988.223923246684
11310.399712511351	2479.4737357562644	5136.603948898449
9989.622361644799	3404.1046932524973	4988.736825296503
9111.589537303027	3414.4833371430705	5772.640517946609
10396.465223169185	2243.783916385493	5465.118621804951
10491.103796389276	3118.5773288197447	4891.502565814094
10598.969242255898	2301.0539735840175	4844.356375641923
8391.879455498	4588.159812929536	5147.752448708666
11409.37324862524	3738.9190497030827	5338.546461063176
11614.274018446595	1434.07431065076	5638.822163781569
9720.764230941733	4660.230229734999	4806.2734922349055
9359.026373020331	3826.0970389933254	5240.139156680578
11632.330401765112	2894.536703591537	4888.577502307979
12774.788684873001	2554.915854141697	4829.580714626135
9908.053391312835	1945.2950234937248	5166.436546305267
10372.682371257255	4204.107017947465	5250.626271731214
11270.865260248673	3746.8350902699713	4801.063592812945
9511.035855093776	4471.909504662525	5014.641168386882
9861.382623255318	4374.547005229224	5356.489207827464
10590.84243586473	3258.789953372454	6045.0122772153045
11001.115466472427	3689.223809814436	5132.670648185179
10043.478904265838	2314.7631234823907	5526.588481480022
11851.916544907053	2533.1185720766107	4659.473333772936
9442.858770960907	4516.239430302496	4506.162459216063
10183.396515877143	3961.387279775663	5113.7729254265805
9074.356864280784	5127.449630197738	4816.990443265667
9856.262267847833	5501.582114813937	5034.515627158861
11326.679822987184	3011.311845546391	5162.970063391987
10996.042642132943	3340.5600975875564	5267.050778306362
8029.71432855818	5315.434796568011	4967.205837005634
11328.259337086156	5326.590982564069	5201.993315183564
10444.537483299673	3048.202561962307	5173.93768092088
11386.470536009898	1978.1047791762978	5691.8670255649
12746.504973344214	2641.781979440569	5000.932100360352
11022.060901297173	1745.7190536923224	4714.710281084863
10364.648988483583	3913.460474725008	4973.988592127713
10120.388743475367	3472.3184363581922	5528.015874960147
9434.031601969837	2267.7117149944743	5469.841883553293
12248.036668626157	4022.4623788825365	5622.8313391172705
10860.990663711542	2961.44331573641	5351.90109346881
10791.299871042696	3652.5111530098343	4996.345488298709
10698.554026209955	3281.9044790350413	5551.817630525692
12441.533929192165	2422.7116970921893	5349.647108997286
10987.083091063116	2078.5810037598144	5346.936899759634
11745.092251377051	3283.5842968670854	5754.339437671996
11596.042640483194	3199.064655828307	5195.260573183361
10746.011696216918	3677.26833156095	4920.4076028415675
12417.035492282028	4071.8514320067056	5111.8916942493925
10801.471584257964	2578.201369463509	5154.902057371994
11707.813836087016	1127.8285276766082	4957.589169293444
11663.270840739387	4087.146346033001	5308.973837871958
10750.666677544854	1549.5732027015222	5166.691055260905
11628.424614255775	2718.7366338018487	4803.523931049849
11721.961766130851	2909.7589933893028	5318.818875382437
10133.275175422425	3823.144316656227	5134.247904147633
11282.9482557691	3230.651726316305	4558.578756973753
10414.196093960856	2944.4915277942555	5323.500934197253
12077.036272875903	3802.3351875319427	4754.070585874802
1723.0533341201194	11095.40090271372	6062.464969618291
10342.10818206599	3330.777423613741	5699.34765359142
10886.800591943547	3601.0218831961633	5631.624016602703
10384.385753072233	1853.0143228867812	5058.25315751776
11319.041913386603	2517.191084813047	5028.7697096559305
10212.98142669198	2760.095705731877	4925.372337028613
10348.77213673296	3117.107120364044	5667.655392603296
11351.170317799844	1678.0093572808025	5450.383478662124
10030.54675821791	2871.505670593931	4809.931893704271
11253.062514204992	3654.815016836625	4522.897501650109
10857.248356687827	1782.4016861478754	5968.402772206628
11967.632436162201	3366.7509895069866	4867.851492250248
10583.650336629282	3323.192398814083	4843.533482850058
11107.86196830263	2923.4049295897444	4762.284257530553
9918.662761642861	2373.474766868527	4828.754244696626
12049.711610228103	4176.87789537099	4667.517989258411
7118.042947382577	5107.712013369321	5427.603266025249
10889.93725857732	2754.63188464134	5187.585733954473
9794.477538269433	4797.072316168775	5950.334252542196
12272.998376912044	3571.20424890875	4886.439389633893
11626.31071485857	1583.9602535950921	5704.141739023949
9541.795611881487	4873.575151340866	5063.01808023721
10703.742903137665	2819.346510074405	5383.105224160219
10410.253728352915	4711.386622630527	4454.475399118022
9640.930836721554	3545.0813552001664	5536.304570395791
11001.118533700408	3603.128475828982	5313.769011257374
10372.864897816708	2628.1692990657607	5116.480199343432
10036.750855162749	2941.9545173271517	5686.67867583701
12326.784263555912	2104.4783315536642	5151.645361960713
10100.954546538062	3306.1323978816135	5151.946933370004
10231.199872384232	2590.3890416956233	5237.8036598937115
10275.624260737388	1507.6086250139074	5168.899782439605
11359.714836126512	2807.4793098350083	5164.0590261286425
10559.610158089163	4654.181188371924	5276.670921848198
12163.180791089751	2194.6834208811515	4972.529340609037
10705.83168022873	3410.3737289589476	6034.509129525087
9919.027596827484	4903.542787286724	5320.384916275316
10875.516251957079	3698.6531122966403	5002.925307794214
10455.915316547856	2621.875125533342	4906.880904678921
10949.328191548131	2487.256558267583	5130.3827358430135
10763.675076580586	2584.562684609788	4700.303152312081
10592.744293692227	5086.422636208244	4918.179471075379
10510.861695091584	2356.044536846166	4779.683622079124
8832.86780097809	5116.506312734338	4997.516006287355
11374.207800887045	2527.6584141684466	5118.041815991233
10035.854779392403	3057.014815929876	5335.99906745449
3566.3991219596223	8316.63649303796	6087.35439640367
10389.865506295368	3475.852373300431	4858.609690594506
12239.381867586279	2113.685028015238	5979.920743010255
11461.146118976274	4227.8314633939835	5378.880881190926
11061.930103290695	3915.8764123385945	5130.543099544097
701.8726189309032	15145.65041805027	5320.115352552282
10047.891739450184	4341.366113428918	5123.520790163374
11004.084902806666	2783.0023561186267	5407.163380329545
11061.434581836425	2545.5008630877487	5411.913993357384
10559.238292393504	5611.017884326051	4776.780488991926
10010.29689379018	3656.708432467542	4887.051760730854
10438.298873945243	3152.3316339146772	4746.143251694967
9511.221180750434	3840.056844388793	5946.670916739745
11175.982699525108	1822.076617342052	4940.730732198785
10691.943508088025	2175.2181621236064	4879.437785727673
8871.36644198809	3692.0118453143077	5174.122798905147
9544.543568756986	3599.385817052962	4648.201238931501
10787.825163425658	3312.1657298954033	5175.705793132193
10854.864959341001	4096.719801489785	5500.595580919285
11947.355372524036	3469.999815478842	4518.989980963699
9506.182546033227	4821.454182174837	5218.420953803674
10687.687694907287	2086.960846379939	5309.906817188929
9975.755852724702	4741.49437486197	4982.338590533458
9512.815701120966	4665.921859977038	5361.649999674777
10732.600528715895	2960.954709429063	5033.790209841436
11020.243976388094	2918.331667947234	5497.342349420076
11281.681193584933	3318.995124272444	5163.273734545909
10901.9129325056	4625.026904355729	4805.284296686848
12161.268088227103	2208.397411445217	5328.628459597891
9860.147150663575	4744.516877441751	5680.079535280364
9603.969113358498	5302.615406158127	4927.803655160706
9431.873387915824	2347.292945352792	5105.0939400381385
12557.965973970415	1381.4226279184008	5138.543540503084
12110.660133875734	2087.491744733018	5351.632390342656
11103.025639346346	3977.829533714853	5368.370990903575
9415.427741826445	5314.551562648226	5387.931199631028
10521.410020695066	3539.2015001415434	5007.99075097269
11283.367419435417	3344.0789347480268	4725.197742655756
11536.443893751393	2949.4073514125116	4991.04996287476
8745.626778749449	3636.4730962659614	4867.4857311619
9983.628001355311	3222.5989671930365	5404.784379954574
12084.16099874414	3608.8459540139056	4830.455044534275
12461.597810556874	2697.8363207806647	4818.237285690525
9834.793723421872	4380.292364122141	4805.907166808261
9873.242343734822	2571.781807169502	5010.439577016574
11848.021318577956	3023.8921102685586	5448.458596587139
11516.328256374518	2285.299320988734	4917.17910192041
11898.764741664176	4004.6353894298204	5539.505608989111
11212.554164063864	2831.429914737043	5326.733006441194
10343.287799395319	966.040939411507	5691.5312483063635
8802.790269314577	3888.771164314232	5393.605655798701
10263.13297820451	2268.7895571155846	5915.350764051026
10606.226716989242	2354.8340295482376	5577.138063033497
11078.593206310577	2623.989546472522	5459.843576432805
11457.014047522634	2494.861389564642	5440.70111785571
10993.07123627704	4437.887450160476	5325.51458318895
10353.923356133126	4291.590146368193	4996.369270016847
12274.996946109113	2975.737708745457	5098.715480966347
10437.74622262834	3514.9032385139035	5601.680330808531
10530.981983755883	1917.8525009695622	4948.186570570206
10335.89491681014	3356.2238197955617	4975.8880215534955
10398.976701091542	4638.190218105748	5039.4834751518965
10181.31182836056	3083.817618015051	5143.473543639724
12060.271025736052	3512.527226356334	4889.654045046389
8887.805423522577	3419.0385785314324	5663.6803904929075
9417.872844783136	2805.2495263989945	5085.398882159281
11244.266643179677	3161.2945552010156	4726.320567401629
11339.598340332004	3429.3572231767216	5367.755616253638
9854.856953000928	3489.904572661324	5042.303206958527
11255.249040891342	1499.3130108132336	5508.275785684413
10188.228350321653	3403.8760162998797	5186.317066050109
10484.16814513611	5111.027601857686	4668.7025706247105
9677.675409266789	3131.968995362328	4809.523504012928
9920.074508547881	2297.985269209384	5282.755516355833
11997.55490585567	1708.5548458765272	5402.573604828923
10044.228750744862	4930.09075842842	4046.2366003893185
9609.656033924486	1039.8172524428285	5186.1019960538215
9694.088058393048	2945.34085727165	5313.344437051171
9348.912099505866	2579.4738406764227	5287.214964304667
10523.556534758804	3528.3562579753093	5108.756414137457
10212.957816581038	4477.385543441255	5322.12193228872
10041.997379144139	4018.7978846674873	5608.050729142638
11404.049133960154	2476.34540097918	5564.403786524662
10988.785343018446	4390.405476766296	5256.643616149484
10039.54882469277	4753.605975519433	5323.465485428544
9965.073631273493	3226.5297290208496	5403.019245129015
9551.793127402581	5214.406399487646	4737.867575828446
9646.220827077403	3643.8927966369315	5008.788156857484
9964.730665327788	3986.9096889285447	4933.761600308435
9802.834380604523	3669.7712929758495	4728.078084927348
11213.453760526814	3650.904979578047	5188.341989577604
9484.446954342797	4745.894962086877	5125.998095199069
10542.044129819553	5259.282484390317	5234.340515024048
11757.015878447279	2025.013158089266	5676.790124516418
9938.788535716538	2466.953857288536	5529.642591961162
9937.53745906465	2845.961024728005	5736.296117726757
9511.092114739271	4612.806024280691	4569.57925608355
8394.601039338115	4975.545320703831	5532.564980208687
10820.818021782365	3692.5523255677276	5282.186357053893
11634.06864178132	2019.4694383173498	4971.666207590816
10516.746046686154	2915.917108865494	5232.338768605879
10800.24633202479	3350.1064328607304	4843.558251802876
10106.167926429449	5122.177890465561	4905.05856562631
7832.847292246272	6029.99087455495	5471.910475705357
10963.374849876958	3455.755368774565	5050.296515987446
11174.411651424693	2220.151633286754	5117.444791419584
11101.326270320425	2490.513500691341	5596.198394558742
10799.686129443206	2422.6672221707454	5227.014318094326
11078.279250403706	4407.420584512916	5095.499812275992
12110.102327419307	2097.070556175216	5299.837739831755
11881.641564984833	2181.041419968824	4055.826279308023
10717.591713855136	1925.882019286305	5837.748490145293
10257.431250090418	4067.525285896973	4441.796196201354
11506.999180819226	3628.2841645664503	4743.294203968113
11038.004101244602	2570.8976242318076	5368.330187897567
12128.434969974778	1610.9723370190086	5932.404232907423
12019.687647775314	2865.4120957491973	5562.8299351432925
10182.926397319654	3433.414431983246	5328.777625514934
11561.625517343811	2288.771867885847	4962.298231270605
11850.345064456113	1743.3571023098166	5195.446185580809
10711.092267630096	3567.8096765399023	5042.010058222306
12007.085262505838	3432.1753665096567	4787.742322092979
9791.448690803578	5256.315578873536	5240.685275270883
10397.575813812688	1639.330292957483	5369.388221023249
11293.077386937504	3403.180324680715	5174.120632631325
11593.016792709286	5112.937686454448	4554.064409014655
10723.38392769589	2849.8044706376686	5463.033991891225
10058.160314295654	3856.5626907089445	5306.7502695529565
10525.404800527202	2614.6341414729545	5193.269851800515
9194.703182991154	3272.959987718701	5086.392420143598
12877.639620268252	1690.0178748538508	4779.0032138774795
10613.719678939335	4082.6691406315495	5754.941838953352
10635.95349102162	939.9722340252681	4827.23217828164
11889.703261986318	1562.0699598502945	5300.6593951752375
10276.6953957546	4011.069254238496	4756.828158549315
10999.046618167775	3788.424949896882	4470.899585667297
12186.523120602598	2720.3314737557334	5095.851666824838
10317.903881972878	-35.73348596949063	5264.039781399986
10747.313846192334	2819.3035960344496	4598.599073381544
7701.200533904149	5515.314128453566	5296.217482965797
10201.94786277646	3254.0955271036196	5431.00118469788
11688.996366172141	4725.021886777626	4545.358927497317
10555.895529648807	2211.6561377887315	5292.7641512215105
11840.627642555819	2748.223953831704	4865.977014823225
10195.887007159492	1579.516911366816	5476.796083747956
11304.737917010749	2185.479058055344	5469.914660703545
10591.047978033144	2836.881801032353	5548.883604753304
10736.466556969188	2767.0786528058625	4999.480508815438
12038.526397255984	912.1746333767644	5095.932182087142
10415.369690769607	2303.435371210185	5072.766189028577
11295.109826680811	3873.3650076989215	4863.810742279869
11548.38890935469	3623.182865537867	4588.119692302886
11332.685161341564	3764.8819653617056	5143.0484875868315
10771.693275294936	679.0862571155888	5404.3812543087115
10195.94889089281	3295.2635527598586	5293.527906475757
11613.792050874341	3200.086249580128	4811.569070692222
9555.32742360038	4167.438737418591	5136.577588118257
12271.195656173195	2174.944005350825	4916.588248888402
10400.48605514809	3478.6084862277016	6018.636646583027
9833.718254524334	4041.4000318449052	5491.812533386848
9081.576728663433	5620.010145145355	5487.79833700929
10768.575189841862	4542.012203416977	5249.794550587015
10326.985021049924	2336.8067325045554	4588.737616875753
11743.576846803348	3475.126546668759	5353.4394914721015
9519.803448426912	4228.481827226774	5397.705140460809
10800.018095325044	2056.9077305106553	5461.851192627893
9971.142023889035	4046.6697727938745	5031.137369687917
10860.834505459374	1131.9973656609407	5729.89853213201
9617.039875695295	2709.869687505892	6046.172053171066
9025.350693591505	4644.227362638796	4445.407887572918
10932.78253208417	1646.9530791683726	5830.386776389114
9467.46289869736	3754.288362052742	5366.496264270429
11774.548277752396	3901.0144845339673	4670.606537189947
11669.743831263428	4904.207749687441	4991.568729902192
11135.212893718655	1367.2868260968091	5734.220017474176
8271.83542730214	5311.029503009876	5249.845969699055
10092.181020505917	2690.7489805872565	5269.896113787171
10335.484247020633	1469.3776730029044	5521.092123569872
10352.273978229123	2306.4836873311488	5508.752866174935
9458.547943862925	2932.808757436693	5144.527939899892
10068.27207794791	2440.695397912373	5473.598681733144
11402.546645501616	2859.879216996788	5281.2912545529625
10258.445480901619	4505.603021670883	4889.641962209152
12233.94490637282	3366.3082304835393	4683.275225365998
12483.85765030307	3889.238980690765	5137.159727705161
10616.23152669194	5905.000722778232	5043.050726879699
10739.313612270975	1631.907627412659	4962.056472994313
11649.126778390137	1546.7472386134484	4848.055264419939
10686.554661111291	3115.3019874093866	5142.133150854015
10442.401057729869	1883.1654573506778	5618.694190913997
10745.382668597227	2256.730784626905	6167.405852117255
10096.680164189716	3476.542297250783	5327.799868934421
9711.283187586674	4904.297464144788	4918.738993114535
10647.254783025954	3934.37643028756	5316.089206394409
3576.6477517925905	8999.387395078942	6457.184202014309
9626.213393005972	4197.0312207378975	5002.95919149572
10615.633282109202	3082.8134881889523	5221.6597954472145
11113.345213993096	3894.3743805931513	5348.936380051941
11164.472179102522	2807.8512864181125	4973.998089841832
11569.020685796886	4203.520487349663	4566.315159171492
10252.344411880644	3099.8469609002514	5811.324192989877
11784.848777283067	3088.930365779537	5302.801435980601
10002.849862454825	3401.3180601503323	4512.972117324169
11835.382961420968	2372.1964824211173	4652.312011093232
10461.237038859159	3578.268806599252	5138.711271979318
10153.33174823991	2761.022650300509	5796.07182752281
11176.988490437403	3209.8213464483833	5439.86889170731
10128.445008995726	4527.3581620870455	4902.965282713899
11520.094064684334	2321.1725826075954	5575.406314664814
11170.990615074115	4686.450932965476	5104.781462208315
11882.199560484558	2028.2131582683385	4927.004363494036
9774.472139686786	4997.499758801229	5070.750023500075
12316.492930224726	3161.9104087712712	5271.466963589824
9684.797872074738	4162.4416625260965	5579.726657892652
10135.94980371432	5185.624291671042	5549.219857352126
10451.279757051589	2748.2513851672775	4715.508197660589
10394.918185690713	2830.7852819075165	5051.923024684286
12233.207708841901	1568.0268540143181	4828.594793390594
11652.190999893055	3413.9948634959633	5755.113785112283
10122.72987902853	2752.7026240819814	4982.919894813917
11644.087369976729	3128.3448896546784	5062.1108334891405
9879.488293947827	3584.534040023177	4806.361040115318
11286.271933285483	2335.5544708176917	5211.765205489319
10535.179883816776	3091.720333212934	5608.080908458521
9719.568219208653	2980.4155309040952	5432.774178629119
10473.919622752994	2468.8187428949045	5495.350878635147
9447.805603677072	3674.0472999518465	4966.412075429871
10059.351527917292	4105.573317572517	5159.561831729574
11201.182786182344	2717.2345580453607	5230.0884539432745
9527.909571317316	2861.76773581542	5525.296946041229
11220.679678441375	1238.762149641983	4892.515054842218
10662.513315137803	1442.5780974316208	4934.202077318856
9488.553023939729	5468.529912813848	5476.620472127706
8273.271976976464	3495.392886971849	5267.450780540404
11879.682467401544	1869.1864255483558	5691.033030700987
10719.540064020239	2383.9448387401176	5208.232106828328
8939.040186015189	5994.997089200358	4448.539781923566
10691.757521773403	2681.4529621336856	5066.7403880717375
10434.85204906374	3572.1567721648403	5306.295195899921
9664.159623393864	4128.598965782637	5465.723918727231
10729.437547143514	4536.611524722576	5154.03131347605
9837.753451262435	2838.897590190749	5069.190794481974
10415.896546376192	2846.1476043313414	5304.379609310181
11808.574431826733	3303.792575874202	5080.6751358017955
12065.681571209168	2944.1942419222805	4980.769411856336
10374.50033826097	982.995121739632	5340.566337649107
10569.176496240607	2198.9068549190833	5591.418568763375
11260.114221385553	4280.828124878108	4876.963577604709
11291.910698508951	2554.8876696597013	5382.044276529478
10593.018130702694	2395.2495053089706	4661.612423838246
12043.063602809936	2616.0670113246438	5043.322029143257
9094.848705915845	4699.229298759694	4520.2961942790425
10693.64130313677	2623.3496416132343	5088.667752872621
9721.940418776405	4296.081201345151	4722.192855806494
10056.18013383796	4740.862333670826	4862.27766327975
9821.071235252326	2515.443762766732	5659.3188310691385
11067.066606618137	3686.0282812343817	5685.204902452571
9523.095224758972	3834.6232187653527	4917.10536396864
9927.098534441484	3527.89446251349	5212.283024871099
9262.05963560449	4246.202062107382	5282.009161866868
10498.78073107722	2675.570277099979	5477.810666512931
9763.109310588745	5024.256240203491	5626.093591604831
9404.532489088779	2494.621416748843	5771.798083403707
11801.55914630236	1602.3996139280498	4872.294824403642
12580.060116621758	2753.1836829277427	4952.6956664335
10853.945203564834	3479.1795259285236	5929.374600907584
9814.130872522304	3064.097904212861	5162.201538502262
11078.857113241313	3635.4176175750713	5333.808888607272
11073.45484065538	2754.0971593262193	5225.666130212724
11816.54935099929	4264.610922681112	4733.077776573663
10930.546372529661	3895.3078708243393	5283.515724895799
11778.05883019383	904.3294290893941	5048.506121558882
11324.692011873609	2663.820938960894	5105.701007421638
9666.92684945203	2841.5714030869412	5768.209075970916
10780.132319120718	1357.7712121586594	5004.9330890254005
11368.353601777859	2578.638725261562	5219.260458927824
11597.808662176363	3578.877351319527	5220.143426098391
10002.422289015101	4322.786462604797	5437.027411392599
11749.428305740665	2548.368526818617	5542.497089818132
10744.450360375995	1333.587542825945	5437.524085407788
9261.097404168677	3592.888882230175	5291.191692143593
11094.665913640309	4350.59514377657	5685.2129029469015
9324.857490207989	4827.662607639149	4735.807105480968
10623.892154456109	3616.348130401971	5150.494631425588
11072.5592124733	4633.361994142101	4671.093547478003
11100.582067118663	3251.8143087740514	5502.152079232122
10437.224635626662	3063.5716896237177	5463.497864331063
10350.756249979077	4319.463013543955	4998.405724699242
11873.704012755908	3044.465852314235	5659.4790124750325
11858.563440599273	2715.3406804882593	4304.111647788319
11391.377539973888	3775.4443997827602	5574.99622664374
9836.933898710839	3856.876230933495	5008.7464870898975
9791.752241594311	4694.244303478163	5317.137765134697
12064.619851695208	3118.887901702954	5359.8709842917715
9802.991312759119	2363.992987654554	5062.26902303553
11328.563275341348	4500.242437157141	4816.582650166287
9048.14483512285	5330.110373030161	5088.086428414468
12454.561642694245	1914.8710383083435	5268.573945126346
11707.392638889512	1999.751931526563	5056.945386090063
12507.069392936091	1776.1233192189404	5579.223605157927
12312.954979397482	1849.0948516026328	5682.205605729907
9522.527563895435	3175.3716318054553	4657.283763875886
10934.241118682166	1523.424854938581	5201.069270358647
8586.431166056971	4712.354294178388	5160.197971500644
10952.420385566025	4658.752769378289	4853.988413890159
11762.167578190369	2444.767508776138	5688.905972672857
1461.0501656411034	13941.773550647924	5374.092938304521
9532.409770264749	3773.23541795112	4603.315563525322
10401.15972359286	3112.2290493274913	5259.264424912867
10484.542596754962	3944.880768020873	5321.98204754428
11740.792305892859	2428.115517216959	4764.444376197011
1618.5444276880178	13452.568592720105	6493.650180970339
9307.10937740968	3152.3134158466946	5362.54431518789
11316.000179289267	3343.8136562979557	5745.973365928588
10271.127788360589	4184.4972484344635	5318.3895335733205
9806.495076889816	5394.60766199254	5484.7143817906945
11772.628151526646	3136.1469925568927	5087.268959339509
9481.87827044459	3282.0768953575325	5054.3976904552555
10891.778298479512	2514.2832038759075	5288.52441215444
11896.564417421976	4254.089396882461	5100.486513987991
10431.520142196045	3303.8470858462865	4897.93295913489
10808.17298954921	3770.2177488981274	4983.806354458022
9166.80263799645	3430.106429267007	5414.94342037254
10464.977996209998	2819.1109104475568	5816.373259726745
10682.797717472527	2543.6874423753175	5250.507459777351
10302.892660844842	1991.9027734315846	5539.103670944801
10835.944674540155	2777.2460428906606	5601.142832192283
10026.484078346813	2798.0882111537285	5001.534186660065
11470.06040451953	3450.568219806306	5436.294002001876
9311.552672764534	3940.703683544828	5099.591933608457
10931.320334976252	1981.149317995335	4833.9783640779
11100.094193150711	3576.1654168091013	4863.1292725180065
11077.114194243119	2386.6067071596353	5137.575063373622
11660.090283852865	1193.318207880776	5301.630349944395
10029.986688886405	2745.470632767698	5072.1988239535485
11413.594053198925	4248.627778634524	4708.063969793981
12146.793108194624	3038.251949036823	5632.984486871042
9507.864619484852	3739.069502058845	5012.687206112364
10287.959202930604	1783.9920719237332	5335.052863117965
11201.902344088665	2652.4540009252864	4931.7704893763375
10759.908601607845	3415.9362351963546	5117.717996336285
9402.469250617316	4730.9152510248105	5424.182786698628
11358.193205810434	2945.845139113348	5237.002447425053
9336.049163308926	3431.9944111357245	4918.748471144872
11306.240347681125	4526.284172145519	4991.737253261768
8774.938149696705	5386.287354980027	5724.260141118904
9861.474941134833	4619.020987693322	5440.214750152345
10497.266182783947	914.2873781892542	4804.1774254791035
10750.69638958659	3133.7059049887725	5100.626750919307
10569.815230079013	3038.444219674312	4510.891927813641
10971.319754423736	4601.0500144711195	5293.981050255205
11193.753115976133	3608.2559867733653	5325.840316199675
9424.968392201201	3736.471587603816	4358.376825695041
11639.085760452546	1671.9643703630366	6067.305352547307
11021.41573413175	3502.99700826154	5501.592889818813
12490.642813775628	3237.7623864403963	5122.136666233792
12460.933993757257	1581.3844436161094	4425.097937976396
11244.66023803646	3567.1088547735735	4771.478107315324
2900.686425986107	12388.571265275783	6663.001695588173
8473.915483339484	4362.2699541920065	5392.675542345458
11445.368686447053	2178.1845963221454	5527.200181246327
9349.682752856801	2911.833078457153	5174.265149942913
10300.170093368546	2836.2545799649533	5268.852745309289
10381.479630206344	4204.621492504025	4614.471071840516
10754.36158286043	3130.8434309000063	5199.419594381063
12038.639347913711	3695.922558533909	4762.851988148812
11542.871565732461	3699.3727517193156	4682.7741144267175
11400.699863735781	1913.7325709486656	5683.792658275956
10435.274933024522	1878.747611650013	5771.643717602121
10089.47846456057	3405.232150275101	5562.83646405356
9501.10661609126	3165.204681775142	5100.840448288121
10793.968407734326	3790.155552238901	5011.361566000976
10125.122027572104	1298.7562739413638	5438.849770122894
9332.487949142022	4351.948754573382	5206.252634925265
11614.191084226566	1359.8511977351175	4841.787768894388
10771.624571022674	3335.5252942835937	5053.644881633231
12597.307368704962	2021.2294981883977	5539.26532980796
9892.923980499007	3436.9059917657796	5379.66922493098
10850.684901133056	3374.658188771197	4607.203265567236
9636.327170943978	5631.646895054473	5151.580206492621
10401.435193846528	2790.6372393327392	4986.667284064446
10376.948912394197	5199.554212610887	4895.230218795033
10747.045514788551	2646.0033884878544	4930.965669762418
11305.758822063643	4368.696699324041	5012.892532735216
10989.974808300158	787.0527079911129	5941.598565847275
10734.420658969999	3419.6343272299873	5381.875683256569
10067.16513920989	2384.8622034866175	5567.10685794474
12399.320033065174	4595.845379518162	5098.445513045443
11946.635215645741	2057.611229852398	5004.965273069487
10821.835094447677	2305.5016661484015	5528.782767641652
10935.373573374136	2318.933462081528	4749.8004559883875
11475.296558225255	1272.6073930389664	5314.599276301582
11016.903822480865	2089.468826641471	5414.390857777656
11091.063902023217	2807.5954951882704	5165.205966607524
2368.3294800211233	12076.860910505882	6401.955914373196
11579.727990921534	1584.792187615506	5429.890517950871
9280.814928518772	3672.440574238718	5052.0670957310085
11893.10656124668	2587.7869473672063	5192.034697494163
11423.160753512699	4127.812293275793	5203.40533895129
9784.618230007703	4167.4747758641315	4639.059907061176
11294.866776855208	4039.5441241984986	5134.053849693115
11083.309185024515	2714.2557180391286	4514.788587871025
10561.977455423477	3691.7741503096163	4644.758497184324
10152.787011234685	4334.080697493548	5108.729059729459
11650.145143340958	2159.5547315605054	5432.3638112773115
10276.649124509659	3265.175533252143	5073.784883897877
9495.560330393499	3183.269166670326	5407.673002890402
12651.823985384815	1476.754145160056	5446.673533498288
10457.779749119756	2988.749954334826	4616.484948631562
10461.431126631272	3942.5029262145645	4776.941448194967
10493.882496471364	3200.316508123876	5463.7573453933155
12215.722639727204	1841.4841046354459	5125.433437336063
10270.026363996101	3740.5957980199455	4221.359535604053
11035.694664872783	3320.708374478579	4374.997483606052
9658.323915916748	3158.3841110583503	5313.9593692334265
10357.918149467496	3901.610994654397	5269.695327363478
11257.080098756584	1819.3830083071082	4898.908629832358
10753.709485664343	2473.5869851319308	5202.755543012779
11962.970362031356	3466.7518117795407	5343.937301036745
11203.760639112103	4489.531959833014	4504.830090761121
11901.777185464893	2122.7564298090897	4524.48299056364
9416.838379936184	3175.595503070905	5283.840376074801
9984.502563265589	3781.865655335381	5617.523665361852
11184.232026917663	1733.2429894642744	4451.661329804108
10713.217934830798	3464.4379613362344	5058.840203349961
12463.450472894297	2221.5488964185447	5082.0331516622055
11751.946502320287	2898.2570239180004	5249.817701365532
9733.669796056181	2476.055916660288	5775.390969643198
10471.160666089483	3114.2112873338133	4991.101730173231
9706.260770974788	1736.4390418995895	5290.577570322322
10926.683687480421	3670.7031926378168	4925.909917320575
9986.290448949223	3382.8956008331033	5427.1961162870775
11060.512383646645	2707.86923139443	5050.499385311216
11840.055779172864	1195.3318383361654	5092.587735563452
9866.39674460945	6076.809349626288	5203.236225425471
10082.794716868255	3136.735306244427	4963.6525124677455
11732.074064362712	2855.4796835320058	5650.300729084271
9523.51956794923	2835.345908590224	5468.728886210566
11376.040325275208	2173.791406629887	5369.259248768048
9729.572180428748	2359.4274244119483	5618.5908832689565
8447.483968489267	3512.882341799441	5662.342075598829
