308.64529091817013	22869.953525077173	8864.228301909052
1540.4226989074875	17844.87684517527	8260.894191383482
1160.4564042911027	20004.915531492697	9099.019031167001
638.7833553336196	20537.033215448242	9207.211941981175
820.1867545598401	20629.432860625493	8407.24640777398
795.2969810387963	20650.107667244407	8893.097513708422
1368.440078516792	21014.85399387992	8736.333354778342
1288.9141556927746	22192.715580298507	8871.834960854083
1099.549831884547	21539.999500108028	9000.487899308815
1973.6322160879847	20675.31300765302	8662.019476610432
579.7218262240208	19561.993960813037	8822.701828552686
1812.9374699152975	20082.191676533483	8910.383626869867
1641.338930676029	20510.200829147907	8824.027592737742
1172.357434368319	21559.243890439575	8538.629944888628
1515.0504329637974	20566.76143093096	8596.775110290253
1458.273721235165	20482.609705275696	9137.751438325264
794.718239283014	20034.096075634163	9179.696158829085
1336.8875110822755	19824.91115577099	8840.314963779343
476.90114047270146	21100.794804285775	8738.708281303296
215.3925807658768	20302.49049768206	8596.649784379713
-85.48953152650473	20250.313870345155	8531.16047229388
1694.3656896396365	18227.676496722026	8396.501708246264
968.2047089299566	20704.62655085341	8631.989099895762
1008.8003265531961	19333.895315494785	8495.676148000599
549.429394708131	18622.490390664265	8891.393442387054
893.2903719504279	23557.349233075853	8859.578696417326
848.68374618843	21156.53057532604	8511.761642895446
1014.2794795801843	20425.247489943416	8799.032060122263
1223.8906243650297	19129.932346313733	8637.622506012398
2508.1126025270614	20167.051358024746	8092.537618590839
852.1658978071126	21766.213304164714	8497.627482572956
1856.4633648414522	19426.079327400308	8779.131151685344
1172.9515015503866	18512.904909229117	9117.12826359334
276.4216266585081	20150.709380780107	8981.618836522
547.9407074448822	20812.564639131208	8965.083837917691
995.9106427857852	19518.24800712658	8640.358252677433
2460.9513298117176	20863.435594081402	9134.579699913791
904.2167093617219	18721.68990946589	9575.430772588075
992.7255340856346	19140.286585379225	8934.678240441071
1124.659625272707	21617.51582859858	8717.082061275638
993.8268797546651	20387.5437047566	8894.034190282293
289.27835558723046	20007.18596389232	8383.887433682288
492.61104421982765	20415.479166666006	8800.551591192943
856.5088060254434	21207.38559154715	8213.255875010607
686.240125414139	18999.06163593806	8443.260076239172
1193.0061820917213	20006.72317339832	8459.627352531263
619.8520218779826	19599.34687453166	8193.49257395119
1294.7371549612135	18644.73590723795	8565.273822931633
1620.4759127125037	20411.64429425904	8947.638555535523
1898.9860025387375	20389.142296948015	8899.410036304482
1438.4852672388522	20839.80940592805	8788.471232904363
1116.2413172483637	21575.596416010823	8797.64796403986
917.7237888379577	21391.71778598112	8427.401866557939
2347.9861834520943	21261.152832727017	8721.391322927593
1716.111856095635	19685.71730670285	8734.64076671455
1056.1834806152415	20860.619792671605	8800.282873884356
1581.2735191442732	20299.36478178336	8474.919234122204
854.4295027003641	18966.09948173076	8861.05960858369
51.30679551785009	17494.753139098444	8907.868278571732
-291.64295472037634	19542.657095400966	9132.970066218326
2005.790648343074	22133.239116767887	8422.298532431183
832.1442113153478	19631.840600706717	8479.332136707442
2275.2880010623144	21671.98358284295	8537.942969287562
711.9217030937231	20649.004381575665	9160.375632648185
-413.7812258856938	22399.226585583365	9212.445999278092
1567.2222292361546	17831.986642779502	8533.882022659607
717.9124051120386	22714.734873453763	8971.280658054995
27.370730929383033	19859.610419669087	9117.79304147423
1172.4640457614457	19690.10574788153	8836.790809836923
1738.8283110668744	21975.91176999723	8559.220076683408
495.4208535247138	22321.812409289134	8597.234992726373
1894.566882638853	19258.108527673903	8756.152720387758
860.3030251567488	21299.220479112675	8514.53415486227
865.2661337321032	18062.694923292496	8546.237432188851
1127.682602721419	21936.73766942254	8818.19113672681
1132.1070098125053	18905.10938181147	8054.984729178121
1430.7315275056287	21067.410255399926	8375.74485270364
911.5862949653571	20411.70077580278	8944.268414082555
1931.6916101008576	22106.945659786823	7582.5283845087515
826.5387868810576	20952.363719937384	8287.671803551086
1543.1870823290656	19586.329857007346	8235.802880463008
-73.11694209482435	19219.830438396533	8302.899106615836
909.3901488049313	22522.130233637163	8582.158895294335
1093.835421186464	20096.489576217304	9212.374724483085
-89.71151183862767	20221.00657279752	9162.935266376426
840.4751722552812	20334.81150240682	8491.901293893172
1057.3142459754515	19043.89815668361	8540.711081852793
1008.3612800764607	20958.090537195676	8330.421803910132
-594.6025155907075	22783.695531823898	8893.97734647299
1704.1924041255709	19506.33532653615	9114.12713874324
1123.6283848061648	21602.976135119014	8909.024775543548
1328.0945791712259	19861.86781734086	8442.277967310541
601.3608252015831	20722.830796344308	9149.96819016077
1008.9249501321389	20696.101429454306	8259.712119127682
1646.7284686069222	19734.305232065526	8641.710735605357
492.0509529797357	20986.124146386333	9152.07548255807
891.3320250060024	22091.627177575192	8782.73742087461
1402.4316966544652	20248.708167830897	8821.458672822608
-447.6305080471113	22510.501743207566	9294.885731542698
826.1298916458442	20761.926197303957	8671.54676082821
1388.7034389255007	21118.356101575464	8534.35110675814
1327.1751958598747	18285.41994270331	8119.41859321423
1034.725947024841	19869.78714427136	8942.458543196637
23.052544859586078	18721.324752874465	8840.73156105466
2191.525165780227	20749.874019257848	8641.841274369017
1922.9119494919667	19929.392079787016	9119.627414482475
892.3003775943885	22535.376707482716	8926.39413038451
1763.176728136268	19468.881780627216	8705.547429658896
896.7397938365112	20819.357545798943	8885.4913277302
1589.4732522876905	20516.543395654	8618.911780860939
-224.9086827309526	19654.210112209512	9125.44847681692
-254.72827019096493	20844.644091245136	8839.968145918157
3126.924861574199	19306.808564151146	8463.638986258913
1647.2185186121292	19278.562444720374	8503.87654454015
322.92753164703527	20907.304047739468	8827.439196716585
1709.237018174216	22547.022820047536	8453.634860110542
1670.5299135540965	19283.42899874836	9192.139604453268
1244.8589816930694	19944.605781849637	8954.340699068383
1945.418221208542	21549.203330064138	8458.998465760944
496.5956083828403	19653.613425933978	8379.626979376666
1223.9264992719422	20222.01604819345	8738.63018836329
1093.8712398404487	21074.580360609234	8771.235013147152
792.4091618668978	19799.99082804636	8323.537267003929
527.4577683342335	20648.560365047586	8385.241368440664
1375.7449397033297	19099.55967919558	8751.382569570964
364.8721465413464	19390.30478006791	8981.480028481204
430.59407557349516	22148.72339978562	8775.552666892478
-79.87055883058473	19544.56311937054	8879.409884936642
2061.662769131677	19892.511573183932	8543.36967655744
508.49551353127424	20648.69219097002	9009.713279360809
1729.4637879704956	21329.263372374655	8714.18738927446
594.3562631738057	19492.640294389566	8445.883122239264
705.2906366491706	19496.31648768041	8918.352910694828
1455.624094091944	21435.37362846488	9111.170536048225
1192.3183529894497	19606.74575487821	8252.749932185576
466.21904071378617	21668.754555480133	9387.087889894916
1835.205240840053	22181.349886714095	9049.420198404036
1098.2242615927903	19226.994896121778	8676.650450345427
2601.635585647031	19951.722947346614	8828.48681171201
700.8250499732535	19549.25109423684	8675.741478246084
666.5202103459216	21055.826621876986	8939.984846254269
1625.0922559169255	18838.197545471958	8228.324481374126
626.729616897965	18832.5621394437	9018.035903625812
934.1181296615284	20456.331621380938	8518.311468984915
250.9202143555358	20286.27073729251	9026.824531808727
470.7742195476106	21972.816709825816	8822.33001730826
687.4721341232437	20223.47000058376	8975.534933365816
-1043.9967153139494	21387.19690961344	8534.596780188534
1143.7597469228974	19696.54314905452	9039.361175557075
-34.57002321389579	22257.22242682007	8741.28148492669
948.7886892553187	18505.733246253607	8746.135020223865
556.4501254530313	20933.770769044502	8593.165709153971
249.14683757180606	19690.211366893524	9012.646529948082
428.36523130046356	20292.706832871252	8737.620688788857
1594.8923402876144	18384.284194999032	8891.809249621547
545.7921577608314	20542.460251302648	8761.85465245634
-552.0076408929641	20604.818165469667	8259.87458266173
74.62013254215317	19933.441585700693	8844.53831993967
1001.16122038616	22215.47737784906	9070.382823272443
814.0685544416006	19645.91892654942	9237.008586462265
-403.08363135123994	19507.1837761467	9363.312384778656
1759.8615480907495	19959.020562430196	8360.53732080581
-210.02885068766594	20606.67486815469	8800.106353641906
193.5035130369048	21564.387535920894	8340.517251335861
426.6348847735896	19963.99993336581	8774.526519340494
2421.8684505637784	20088.416948219492	8666.691500352814
1041.9215576979054	19188.723507147337	8279.74189643263
834.5728378717314	20535.580616282747	8802.633073185152
509.2342214068105	20665.129653030133	9031.53518732173
626.2112110604861	20753.98136677161	8296.030393534844
1590.080186779369	20209.14615549018	8454.505916745278
-187.98090954845776	20713.73410498892	8421.795786706125
1330.6009055010297	19968.81771377779	8752.449980110112
1350.6771912202328	18890.83222368763	8555.455083462124
1356.739413057627	20935.00066663968	8653.417176579345
-639.7313317332527	22726.860481519216	8883.928171022286
1069.693151883635	19598.444619528647	8912.876735042866
1875.9496279856896	19538.112629580486	8405.023479976635
1162.43982373152	19088.113903095164	8666.621625526852
77.66767741945027	22601.848272730724	8842.813530649584
347.29515488532746	20795.678129313867	9035.577965718408
670.4671174351428	21744.13301146597	8555.65486973159
1594.4948184209038	20998.83412723161	8996.757357646777
-953.030445959674	20248.816108713505	8813.82412438795
844.321849542042	20460.572313631917	8686.894720084403
1969.8467579508042	20748.68252693464	8532.061838362324
640.6273905201796	21586.567143437213	8513.94423519458
973.518785660967	19567.69028277799	8471.600047655822
1806.6149184132257	19511.38905174205	8514.782910350203
1508.7718752913459	17991.086160942825	8902.685808181848
1149.6024861087735	20025.290308953045	8615.305988590326
1147.700824915705	19709.152297280827	8758.47651264818
742.7967805140224	19599.815343752285	9334.9089436914
860.7806203078154	20936.148827639136	8846.89401594501
2321.0430108463574	18841.81749754692	8812.584400395266
653.5934557465081	18820.563270344734	8295.501500827813
664.058814801851	20962.471582861905	8471.21233397076
1012.4963609110455	19075.886793501424	8546.819997308867
1558.2326255590178	21797.458484508268	9045.947009232625
1148.9323934751053	19559.457236613685	8259.643214313986
1751.3219048443511	20448.19316542502	8158.641173834737
1118.9564656625755	18536.292536957666	8112.876490321914
1900.349008751174	21438.222589186385	8495.366979663904
313.2677988441011	21958.984300050874	8456.924132310915
1309.0565996748653	19666.647770918007	8927.893409300676
1460.1827930777083	20995.493437922607	8696.183493417306
1338.037238806692	20830.995569519815	8453.542261091021
1802.7868628885392	19208.82613161256	8746.12705480869
392.9768128224382	19037.159520551173	8860.481634487449
806.2220260129523	21552.085678387324	9245.983400047155
1220.5053965395532	19165.345657532944	8542.877758676874
1598.5054892909964	21010.837342688235	8668.261567773723
565.9974162471766	20446.69359400136	8788.93966244136
2387.850219215046	18556.744825689875	8507.322639768687
1010.6963374694462	20687.87624377899	8845.883268249276
-1198.2812969110526	21406.7248811043	8534.195723920215
570.5489977619085	19771.32455149246	8638.988872985363
1168.868793593743	21649.22190053327	8809.518250088076
359.97104444541026	21016.093167242714	8612.357699320508
2367.795853699725	18199.92738265001	7844.128700697381
1.5060077976416746	19014.512893589665	8583.131345559854
1373.3257111074824	19697.79839400073	8692.148454618979
790.0211404108742	19003.219743031863	8436.458227024701
289.5612271860024	19650.317027239427	8612.747784899882
826.3476075860104	19462.326176776456	8816.363551227472
73.96775649751089	20628.872095283285	8676.750469644345
2198.059942797794	18579.725398267146	8428.624706176792
1860.376123642381	18519.984169454536	8310.21740170303
991.335717124101	21356.366320107085	9024.158297752085
1671.9690067498962	19757.89013486716	8394.70355936571
879.369131640676	20168.27894127782	8475.324377346147
1862.150948054149	19121.571899876806	8733.8229909696
1288.268152046979	21295.94226639498	8347.027552698366
1239.246113284193	22259.918105142217	9029.19451283785
1310.4147524372133	16486.309046609684	8831.14946563274
2014.7929654283	20885.1872538	8557.325166552635
1443.592733661717	19954.30713248359	9014.043790508866
1113.0221822042552	21632.418581387465	8524.976860979266
288.12434816304864	19507.45659317301	8679.641482315066
1641.8069449441757	19616.44209440121	8675.775218683453
1227.66346495562	20447.794176812466	9115.038488736685
1158.201849492393	22517.89188688217	8075.281186043605
1117.5251407698445	21139.469578782093	8819.535209365724
1801.714265400619	20055.007142073704	9501.764562308093
-104.78111273806569	21125.205179132117	8724.827026520321
1794.0813238149813	20085.70707639191	8516.839110741077
1182.8709136687871	20381.630456576484	8535.316278817918
1487.6642786012806	20942.554865121496	8910.052486957677
1985.6960374792252	20488.48895054403	8997.197460277921
938.9111484369064	20389.97678918317	8545.557359453212
402.4991610949053	19688.766114530998	8590.33428556747
964.8599281411513	21395.906868943686	8936.052318976477
1249.1038380078671	20715.358408577762	9005.475004537066
1190.5542489641268	19707.05534555067	8729.016787457242
2081.1437678224033	19641.934867508993	8458.021384664273
280.52106348561324	19374.402393645298	8774.918831904695
879.0051591633807	21589.608695942	9143.568603654287
639.7881507082575	19957.570713681456	8548.024364754676
1630.1761524913163	21430.273097457426	9130.161067123587
975.5879678553215	21602.264900045022	8606.57069761455
258.601523413596	19945.65480157749	8494.525511465192
310.71873722214565	20022.29520714574	8840.191922076157
2157.2027903770763	21038.973943084122	8453.713499986025
625.6576552033787	18387.23052464294	8751.389651602778
743.3405392905818	21412.72642672963	8485.454415083672
2530.6594784680556	19815.906205038023	8855.29253626556
10.647338581797836	19762.401953702916	8674.285274403288
1825.6428613683618	20903.672763654555	8570.108446250011
790.8546717262386	18964.656632024187	8474.799931353517
1485.0330960308281	21222.826200710548	8425.257639554751
109.04958486924593	19068.79688556082	8670.608044090219
291.838396404311	20376.65841205841	8683.181846086973
377.6212973551482	19880.35080350119	9025.533043898738
1278.6796290812285	20613.862252678155	8896.630959686665
2248.7000611295675	18688.15689942996	8762.490239515462
-17.67568401988458	21027.17521459448	8432.086869458279
-359.1194295788224	22977.679824386516	8665.534714756717
1040.8974597611016	20679.02079052069	8487.033228988024
701.970730763369	20801.204397738442	8588.635570048997
1551.3084179554187	19963.407992286575	8410.180476658757
1314.8118221139396	18944.868955181882	8516.576958086202
1482.5623700689569	18865.60341028066	8992.024993698515
-453.9941359066623	21109.299062490307	8884.111443502768
917.0189283559656	20381.149060296877	8931.958004267059
1868.1912242507258	20553.943806145726	8627.910932810924
1608.1539828189746	18998.535800748326	8592.746469975533
687.9891264919812	21498.635401211468	8692.560848881552
763.7990343524532	20099.181844759965	8233.111470923355
1319.5701522249733	20151.82819726954	8766.13146667697
1685.5982839157773	19564.164036985396	8515.6961500871
1252.4931868196752	21685.152606248485	8323.59596364705
1002.6587342722904	19192.54586991468	8506.694934658972
2266.6012101436654	21028.88821516149	8652.128653740567
1235.5162135840862	20176.534347175304	8812.452001050637
309.5675164417176	20078.786852605077	8345.62992259101
1006.8411490279891	19148.639872608892	8950.90288651191
-128.69551824271912	21518.071887454138	8643.489457826327
1860.2531365120044	20810.8878278316	8961.78708479832
95.782230870107	19340.40294272809	8935.580391290145
1073.6807014779429	20119.965921694667	8608.433547245488
272.9263145180547	20045.457990208706	8589.184273048273
1031.4261693896603	20956.04202091687	8923.216886593025
980.7271555591333	19842.672778869048	8657.209508525004
1186.4784359668135	20367.59494046771	9093.279326628372
978.7609461681523	19787.670647265597	8683.693425318736
1416.420939486624	20933.412294293812	8367.107622288378
1278.3044814889408	17841.671575034125	8733.451970079108
1666.9349506353901	21297.151098638715	8680.911799313244
143.35318706680337	21859.109013640755	8250.761537500313
1571.3029163985893	20100.726414456713	7981.271627117254
1688.1419503935952	18937.879457165982	8706.58771099643
726.9327054729522	20875.181004329872	8831.130661582583
1508.7136422689907	18767.944096198833	8619.499249601218
1396.4776907190897	19149.420725460473	8553.782182896277
805.1354335270831	20225.68570829921	8757.754925507621
-87.97465954987557	20545.71996533127	9031.908966596275
763.3688394309278	20557.387818666044	8217.040631542335
93.96866960569348	21451.025081134307	8787.849393197936
2178.841917535822	20638.982287782143	8188.946194281747
174.0880728935964	19889.034847850442	8308.841787279609
1742.1010294980572	21034.146676523855	8294.593462047109
509.23577557785615	21877.193602652173	8600.110615419422
2102.8811899889074	19264.043028712895	8826.251602269402
1568.8050832099564	20624.23700288274	8792.78022040974
1215.4967366446042	20212.39631210137	9000.797014834117
686.8646259257658	20491.340729071144	8767.435875190342
1299.294767206905	19613.949556343337	9034.573639704231
687.8275863560422	21061.01262317845	8561.10538484205
2216.025983862452	20365.07413668795	8837.341813640123
664.9235109586881	18431.560152186597	8424.196380079537
783.8978672056261	21500.183367617792	8469.718362249238
2003.4834516414155	19789.422843764496	8694.169032251746
739.2755764665916	20079.766092640337	8591.401396395859
831.815443411292	19797.15406138039	8768.356871991946
1155.3198402040937	22266.166946428093	9195.479891183255
1471.6876387548252	20043.73909143006	8757.055651675639
332.30906074260804	19320.374140197237	9024.53006376994
892.9705448405298	19906.055762561795	8315.144558314923
358.7611063381326	21654.909851464497	8353.819817998923
763.086637008898	20502.93129080069	8524.853558498338
928.2039167197115	20392.283432341323	8523.256832146591
1656.1661152483816	20447.7038181893	8019.732823672647
2280.849815294218	19789.1831514638	8955.576278409913
1852.5748527190642	20542.85593881223	8936.144773817003
705.1238058443465	19630.511260516134	8577.92551191069
1215.2006338509264	21329.436538782462	8553.113881819632
1045.144172625201	19338.04329802677	8651.175204991487
-155.23296415574166	19971.089812518025	8866.514233502907
1249.5147033327005	21645.142461335523	8736.500541435895
602.9211483392227	20866.491826926427	8216.846229138604
63.21169656219627	20134.770331879132	9197.697409931008
846.215949393771	20329.977750987644	9042.565374318807
1538.3260788193352	19878.295630000724	8545.341625402236
13.632269710020692	20511.12689851568	9088.80456989475
1439.6148214038967	21298.90004341813	8687.825250258908
928.2074603707487	20409.11683691993	8917.445599810408
405.17150369650517	19737.59168013003	8773.567265258127
1058.7991777662405	19396.01949212968	8710.797799353903
1528.751224190876	21966.728324447467	8841.007678459042
1615.6011172449887	20201.37856134635	8685.174325703078
-181.83754181951053	20039.58993437109	8611.203830739903
1527.936594782447	18387.13967788172	8639.58432097099
1196.849620649907	20183.377832750175	8684.683439622422
315.62595951785346	20655.130271426795	9267.724670068857
1190.1072160223257	20405.6671676511	8874.805352042164
1697.6225695567343	18349.360427287505	8735.904859491298
158.3856369143764	20374.634007409008	8673.996643852117
1029.1583947144973	20637.53734555738	8459.699079628139
1201.5405055965664	19780.26348633912	8459.730951020187
700.1289053426597	19883.793329972665	8858.013519713544
1877.395414788956	20201.68707383689	8339.436255953988
1511.6678076733745	20431.814539488863	8370.975609595293
959.2442261768177	20628.38085469423	8864.67759027583
1139.183659601112	20160.24695493024	8947.947176952699
-1605.4596299195869	19046.302071530055	8374.413483850742
323.0575965147469	19395.45300281801	9110.35220946697
1674.5237571478267	20275.895364821834	8616.32592954694
1943.2168896033581	22170.574030929303	8673.297518067013
241.27342780754145	19192.36297674399	8382.567190238771
1154.7413276996365	19945.21467718528	8752.748616497795
-81.32014548477095	19832.544422637442	8639.702676335392
1141.8461146305804	19797.79903627489	8892.476837536065
1750.108994977715	18944.135080983004	8760.528879493691
1320.6226491169293	18335.014542146957	8885.168788948986
1191.272109684614	20478.87086584712	8408.261482737655
1485.7333754124654	20439.698604113102	8387.706038932905
1138.5158780871254	20211.534429052193	8982.213849970076
967.558566051597	20596.81930457955	8991.172679385198
1924.559129103852	20721.242846808054	8172.78235178587
1463.1940546353346	20196.701064090263	8819.72070311369
734.5814641092123	19575.83739316877	8607.966876969258
1463.2387170133363	20626.37961531242	8558.573788900012
1108.4383066372025	19396.202906309532	8512.112831043774
1571.6077050884826	18745.302709437365	8558.554929190586
1613.090643271497	20401.59516443394	8989.591795994722
1165.2011098060975	19034.775233422773	8795.562410495455
845.1235136988332	20252.606391106605	8926.136227748395
-853.3125246147509	21379.087660327423	8559.433875106406
1655.0645407435065	21350.3053315098	8502.69376407617
555.9853282051414	17603.01314206165	8358.657269545052
364.24197281442486	19515.108043421482	8666.742852877445
1123.753269291782	19863.80891234211	8545.846641308744
981.1775267698507	20935.573133243048	8765.112213968016
799.3099321366747	22730.520353072876	8621.88665238229
1498.0183261970292	19136.33570434941	9235.152665724294
2812.1522408415562	19890.94160591036	8833.2120461521
181.616959360767	20660.66429179221	8943.597150856558
512.2467409860845	22410.274823516018	8121.862921366984
1172.913270781611	21591.72495144271	8720.227139493249
410.4695217775781	20889.206651529144	8450.746363234184
2228.3235046740688	19861.92953387779	8499.631887415422
2240.9765236944054	19979.176521627385	8593.861988554469
1138.548715203506	21243.147777554692	8480.142520641364
660.0108480837455	21519.996572898748	8593.706053746067
313.78179535625276	19934.877599219475	8348.385844444017
1790.1413932530943	19477.569025199176	8843.93355544063
2495.9142157375472	20189.40141393995	8865.497699762653
706.6137382914152	20826.199778302635	9018.073850126439
1459.1002456031447	19278.754263502546	8847.844925404495
1449.887694740545	21837.258512784807	8458.519380382271
1279.5911474560694	19292.636554017216	8846.33732681279
1732.0991771143945	20616.175537029714	8890.48666243851
-233.88046792427602	18155.690203528025	8249.945349399317
225.4738538199709	20080.66760703639	9119.479085288796
889.5258920986755	19999.964597257404	9290.369255837864
1243.992075793655	19649.817613911313	8835.909812964264
2110.242347893394	17963.270558542383	8361.392747230091
-1434.4412028839474	21213.900001911716	8274.82711405322
1541.8339290149445	21217.257451482135	8269.425871509182
1246.5692334682144	18755.88303085998	8458.212669103152
772.4978942248321	20802.74577169276	8078.250712460831
1601.8387410937896	19514.19272017315	8621.868489499542
60.849925687087385	20097.371716032852	8715.312782044248
805.118103409899	20141.05183832147	8861.638544028401
1805.1408224863223	19422.67461937154	8673.349004911577
1314.2902441350645	20585.655827080336	8029.591207309169
2570.975132601723	18645.2129785528	8712.809211771068
625.1081784608174	22623.999572058823	8668.33231306145
1567.0080817674248	19958.82934566842	8520.34856021775
703.2675630455682	20390.791702497554	8703.94328181387
1805.9445938063675	19332.965055821765	8307.47212005566
404.3596363670009	21863.05112425957	8552.803027572088
1103.6941867555427	19469.911299555126	8845.565041661444
345.1510484772638	18560.414136432788	8932.188719927242
2121.7658150447446	21418.736681594088	9149.360590158607
-8.80496395140068	21265.637688274994	8713.578163900143
250.16803626445522	21456.051406104812	8408.90999464145
1022.1277940366808	19521.13269892563	8846.342551553138
1097.1370465461202	19894.856835453942	8129.370994952137
1054.0676186730118	19616.16257172689	8614.563551971762
1970.2830201160364	20078.315743293468	9008.86836772529
836.0339972641824	19970.246489053512	8977.139052657436
1048.7360286607354	20144.779979806586	8696.070545757739
1808.438820752288	20073.33604955943	8935.772780900059
2531.5224311689103	21818.48465109733	8603.340987080606
11.091293433161797	19998.408581987525	9033.266399374259
1126.9847932472592	19507.373345184584	8998.611217944619
920.0454239989733	21108.12946730525	8481.08891109552
1170.8291202018686	20548.94535577321	8534.76529122734
1858.653854369465	20680.602703174227	9275.561830772851
568.0884222722979	19902.830081061657	8628.831517838174
1009.374360116858	19719.033220439323	9246.409379484068
353.67649704027144	21398.73939486713	9054.582454009738
1234.7275577637265	20936.959901415306	8697.860223479587
-363.5259209124915	22519.20984207805	8886.599295415599
1100.6377425564017	19992.070255059272	8652.9867089093
942.9920841937775	20151.90164975432	8778.746380417766
1143.8551506882616	20464.91985344327	8159.058066597621
326.63457135959544	21296.920325690004	8852.622157498181
1433.6602896885674	21553.242634063736	8159.218018644474
999.3181023373926	20084.20736765932	8772.598962310452
850.9558054877112	21040.62516401198	8784.282060178897
1150.2229451275507	20908.34127686457	7885.595528029794
1849.680367057635	20036.677395690804	8574.294783962683
1449.334655082915	19470.50777912749	8665.632114451313
1183.1484453748208	19587.74566791999	8981.801096109215
1123.538301479152	20935.574225592907	8884.139295006033
-515.8061601275446	20000.615794339054	8538.278916877023
1006.4072677649945	22164.83459422253	8385.158341957916
1337.6843515370977	20616.020592755758	8887.402460649195
1638.2469629053608	20887.072369830683	8561.298162584904
1044.0735336288344	21457.83541130958	8585.175992939881
425.67885876321435	21378.28771685985	8883.091904367902
880.9599997696208	20753.700886245995	9260.786236669956
461.023971173312	20467.3815377153	8283.930228069954
632.9732754791921	21016.182229056543	8963.80072115312
1392.989342794818	21186.944027747377	9111.285071923701
844.0782675973753	20551.007274366853	8559.741016783051
1990.0256228940816	19867.30232478605	8745.074081364564
1099.0792093553125	18043.002913274704	9297.993556615778
2902.368990527808	21234.733328202346	8449.020917687136
1552.0482426141546	21120.307662141335	8393.449730035938
1479.5337720528853	23082.457774928716	8181.266621824852
1097.0010225633318	20398.238351572047	8944.242296238566
1773.660921643098	22175.456068352476	9203.370763794133
-290.7677554548909	21356.753804843203	9060.453182373436
1113.743764217398	19927.28347355655	8563.405050140818
1140.8910226540884	20337.86169971917	8593.692118423105
554.4857587053982	20784.922016022705	8766.722958385568
661.5344812155527	19974.38294821802	8708.452214560426
876.8608841691373	21703.566717871454	8909.231684190567
1093.699326836707	19525.487990062356	8448.30720377943
2479.414144740183	21878.797861486633	8943.01444286197
540.2314223981067	18859.918586052656	9010.340398838567
30.256021707018455	21283.114821593605	8940.831493210962
513.4442378202824	21553.41732499536	8094.162141203564
647.9201702926666	21420.92340241918	9116.996240712806
1520.977831433857	19465.40981758601	8634.579114620657
1225.6104766299009	20602.034157989947	9345.582068189762
396.6775139737017	20157.5020542334	8437.474267831576
1364.7280136960803	21339.264285557285	8786.733088761406
206.16646281521093	18959.680160347416	8676.432665741722
877.4184304788408	19359.670963259527	9307.654328261115
260.80369078768626	19518.94271961001	8802.151196499557
2208.2645339317996	21282.408501394006	7760.786643640791
861.0182055209656	21074.12600223879	9319.371025583792
1233.1787255616837	21157.700198248724	8454.74018923393
358.52141446394535	19539.793990704926	9111.795217294548
1691.0977661209981	20158.17449451353	8862.624322907957
1331.4019006408469	20946.69568600619	8743.125468513173
606.521164719487	20567.614400852108	8872.740147104809
1883.99359697328	21031.189289778216	8772.079270514643
-516.9379120746252	22935.068228792024	9057.474875609541
1156.3379515804897	22801.205857955538	8667.270858970005
739.5278970255201	21429.855769682148	8601.325199953626
1901.9397688767335	20617.112636784746	8288.212777883715
1238.1827843620417	20330.018922412888	8106.516410015672
1864.05344067298	19380.276294682815	8711.587434129608
688.1885937641572	20251.90481060071	8612.211335263453
632.8545231466353	21897.750022049295	7983.08478017449
520.7982439850654	21391.017354909738	8279.227159528657
936.630556972273	20645.14493199928	8731.759778840094
387.8251606961546	19504.3809832631	8576.34852529052
389.6777954222205	22211.057637694554	9079.212162231504
617.7873313306976	21179.341619470633	8749.684832008923
941.0662320619385	21167.862836690456	7998.340440724116
307.6228493445997	20002.450288236738	8817.840408975046
891.6025084104704	21425.277534504396	8673.983243798317
881.2115595747798	18844.555628803657	8952.27247163428
1346.9336582766302	22324.53621982339	8820.535222808758
1009.8885867791389	20163.720623735786	8590.312695381539
582.6195430933764	18850.696830179695	9129.988373180444
1258.4367063646873	20553.272922219374	8362.969096397144
432.5263722249561	21936.204094301214	8688.304208538038
558.517471765729	20429.912738012372	9094.74133246486
1248.3250214605937	20751.66190923488	8645.881813446742
1496.8992172182723	20078.567572077718	8971.936722735116
419.9725123390759	20731.18110825309	8260.619559625464
2064.584489870551	20395.857854495232	8082.122144212509
957.3702135353722	19334.182731656245	8302.847085955349
1002.2315337528562	19229.559833227726	9070.852323835792
1248.884830219884	19741.918313497852	8180.370398302278
851.3119776709826	19169.95481245489	8858.97587571856
1466.3124441133111	21472.025358415965	8299.584335873793
-203.2231062270147	19988.12886381974	8938.98309344244
-177.44378708935523	21033.280935685278	8681.185617894718
1884.0575588466127	21645.62788936869	8494.991868293891
2088.5302380906264	19120.116206789444	8856.637123848002
1575.3496825505658	20912.70368172917	9114.86798096462
1282.031992190601	20680.840723991405	9196.675892698511
-93.99403852285182	22093.458550521955	8453.327163393626
972.286279432045	21404.619953372294	8646.496658630062
810.6712235468627	20547.581653934347	9028.037392826353
1188.1379278974853	20335.787013664067	9054.796595288548
961.6087216376113	20890.42157210043	8597.426995830703
978.9365208125287	18869.568493857594	8323.128631124619
117.82930361076184	18111.467439752512	8256.392043291364
511.8200567636472	19302.99581053268	8836.17043311497
1544.4902362546743	21514.413998166427	8902.003828896379
1520.652651245517	21314.851530302956	8959.976441152183
383.0659376418751	20875.69797852607	8641.59694296257
252.53509786868128	20757.068795407602	8470.615085151781
1908.4079151030667	18790.995726189216	8945.311792991595
1424.578452117913	20451.51951389669	9132.709052058133
1322.206869584318	18342.77542396725	8447.300492863134
-78.11498930582849	19529.189778789903	8696.866151776254
1384.4105733050142	22451.009893517752	8379.532249787844
1492.1452195043685	21558.379768118597	8624.39442000445
2057.0004529625	21585.976377796924	8723.073448094397
1.054379675702122	19233.733015400023	8958.136717982834
2020.445024034663	20231.459243934314	8560.346258860061
1917.2618521943855	20767.758085213103	8578.47717437651
350.6479491769782	19357.285601644347	8132.630456449943
1535.104483630865	20684.272483743942	9169.19767701951
995.5729979869291	20372.595792861237	9077.781371579802
1919.9431251337876	19542.687294822794	8734.19168037231
684.3754324199303	19592.445354903928	8370.504783675982
1374.7139590517224	20528.73766567298	8893.397713220642
-79.24102426079067	19667.405705374218	8708.269763704859
1396.621094804465	19921.682584454808	8376.348562615129
619.2027026635925	20102.34589575901	9124.643279987687
701.8404812772403	20289.38918339378	8507.823716861274
1856.473673895689	19948.067156718163	8951.019913291366
1894.0970122897586	20399.877267203898	8353.667932208726
2468.876654873785	21119.70969910867	8561.465355923869
648.6555320854362	18520.529931095723	8532.63055933635
2101.919635511052	22433.28509567786	8467.560868266963
-143.0099819277126	22192.679805319993	8937.55772327256
-514.8635237892425	19314.278774006747	8785.872450295756
394.52117074938667	21230.138363795246	8611.55674857443
1404.6951962044511	19878.639616454777	8769.507209849284
35.32517481297692	20567.136659130843	8258.759781784443
895.4413683624126	20567.347406410707	8868.753419925637
1380.9089684783949	20017.577374655957	8162.438050371723
1336.6502846887404	20573.042614426267	8303.599926634415
168.18604554546198	20649.199849053803	8159.827398660168
1408.5572398783552	18807.905867605463	8477.953172146374
1193.7219091046277	20444.62962495451	8980.649462764155
2211.8428267785157	18663.49825384515	8931.822299337535
725.0823844048789	19880.718637292655	8661.236311758837
947.767451997219	20783.695275781192	8884.283935362551
717.9387466745853	20073.978882185846	8726.382255967648
31.259677938355928	20268.790277058768	8495.428063949488
854.9542291049737	21529.752686904052	8481.837854401843
775.9719019374015	20088.30018774719	8621.256386824123
1956.1415181417565	19916.03763619324	8881.176649085099
825.9768933710508	23562.572229849957	8455.344935172478
724.5078987761849	20492.699275105602	8199.464777348916
891.3247533065537	17924.380298970766	8879.038838933138
1398.4092995751541	20507.01553956628	8050.478066727408
1254.2044181518252	20318.3644345314	8668.278524581841
826.4429651505865	20554.84981164378	8480.948173672532
1684.500219587081	18911.09462397256	8971.5932614903
1490.316069507551	20293.625495715907	9257.736038425011
-151.26399753970162	19318.039382630574	8497.374225692653
486.38402182093904	20395.029692620858	8910.520028039884
-95.32562275501438	20575.81184761667	8642.441642339638
964.2813260381215	19497.20875174778	8600.83147917234
2220.3928411547154	19266.721142313418	8768.483981987974
886.3512366513165	20986.410124232872	8544.415196442304
1302.2937918708549	20693.518443820947	8643.745080628905
2545.1021720577946	21029.54011359947	8698.994041207796
1990.8377857119228	19312.935280683	9139.05004809697
1088.404202594533	19949.618973150253	8763.808778927969
991.5758150283111	20921.37512863876	8845.44459790986
1207.2703747614833	19799.810037737745	9089.09171582951
999.9233156774694	20499.067065205436	8885.766225102394
756.2015387816407	19799.657889008256	8495.86839767621
1484.976141512083	20505.134672995515	8303.086949909999
693.0126388295209	21215.644105650576	8831.701746744622
2188.408533135005	20111.07940635801	8725.79869041125
1496.1003762843304	20431.014958439962	8413.081373038516
-107.12387149607224	20826.967901705946	8741.125023580555
-771.7364586631244	20752.173011194263	8373.944616432262
1713.7949053344441	19821.51131573181	8676.020323645034
65.20217810415767	21946.471663954162	8840.087395866616
949.957487132359	22187.981289542917	8967.427818907585
1064.8908437452076	19814.97140626509	8944.021093600648
1172.1528624470157	20651.520488929684	8345.780562638067
460.58829100548604	20734.179082669132	8696.073122928334
1136.1548242524123	20825.580824427314	8928.675270549504
813.7105941077064	20493.898523199652	8685.77944183309
1699.1931279669739	19238.31725673195	8970.70237460417
1781.3864689236416	19088.093100596743	8982.498177146108
268.2322570371021	21231.608081290637	8758.2069349631
1140.1881422632407	20627.852300378636	8625.569313890766
383.18009505677185	20195.373951177786	8895.712201521288
790.8261529541779	22452.162286857772	8597.262949020953
1182.7037263139496	20681.647085661836	8740.282955141098
1491.2170059179773	18589.13644356885	8289.147609209831
704.8286460861194	20099.921091547836	8727.355666792104
1235.6677493636464	19662.03412965325	8527.89577869
737.1997458414045	19503.741922583584	8500.051325215794
1530.254780200982	19754.342392998027	8573.039619996089
858.4504532084621	19870.52834513299	8891.025200064973
2361.0930495941843	18566.197126761308	8823.543085361962
902.406088215654	19383.55364757139	9052.30829370817
884.0091691155691	19731.077617174942	9030.938351805302
987.197466865082	21094.74226325748	8641.320713775433
-4.942032644400994	18749.745941603607	9295.75932010387
1780.00572639519	21069.60120416574	8915.125278338466
1068.273124761989	20286.135578310557	8712.988316722764
601.4266001354836	19386.349916540985	8731.040824436051
832.333682306769	20667.74479771005	8786.944074549987
986.4231072591845	21018.55638577096	8459.997743112715
500.1104069139287	20064.592334298173	9134.676164192475
1634.5948164282358	21901.904639781304	8619.907409710075
-112.9344933531084	18632.942556696795	9300.028296518794
868.6543685837703	21096.77601093021	8670.86751167905
1075.5693726146264	19219.53854443779	8647.997775120786
494.3726755463879	18946.394395693897	8722.1042123807
947.0833239521913	19254.070889478688	8857.096542304944
1223.2023535858013	21315.449602421566	8415.570095624846
861.8237784918516	18911.237719832192	8852.174208953315
682.8148566549623	21384.619806059494	8609.506295631847
684.3779737962886	18522.619408474642	8612.021607039884
1125.3002121120137	20500.040703005267	8643.64298534247
2237.3814689988353	20719.598864286712	8222.450965013177
843.8198911579476	20666.010523694145	8777.574029936113
-3.264378665875184	18161.619331653183	9108.283331300076
980.9626748465056	20501.79449905483	9258.306385309137
1590.1325149493696	18631.265456304172	8600.436211633369
207.13793529865814	19420.795322940852	8837.903000592656
1701.141693241085	19150.182995532603	8500.204428929703
1649.1746500357804	20445.95726954645	8347.702067071468
1361.373806384415	19722.88389453089	8792.576205018979
1212.0548181764282	19909.73222262545	8386.825292780848
615.319925205393	19303.31055584342	8659.506323577181
699.0209189794131	19493.29158687111	9138.372630452084
2107.8300726896427	19985.770383143157	9001.674454545984
415.4754107363338	21832.741799533545	8542.207359978414
-697.3540726315191	18613.531990241027	9467.418908090207
1791.6618356345762	19284.2765164011	8581.821435265552
1717.4070609938233	18783.79375519797	8320.987683585578
790.1596656398344	19284.49862678725	8977.177122281626
1166.5762345462244	18665.685820222232	8872.061412126659
656.6180504468905	20136.25153778351	8718.803180098079
2430.5394377088537	18441.028514664245	9119.035644265954
398.84780537616655	20112.606277356732	8522.66297710738
1510.4546828267075	19867.31455782455	8477.574766505679
1268.7042607421513	21969.062538197355	8538.521657392259
2084.830212680775	20059.629654369	8947.731295520261
1550.642347969456	19144.998595096815	8993.030758444791
688.1002575586273	19508.461199953246	8817.353608357324
1835.8635387043846	20770.83524104618	8906.077857556507
722.5485028497591	21362.99889104942	8460.029203299528
1210.7736631131609	19079.898215801102	8473.127056386194
1605.0300817766554	19914.158264394773	8412.990594003099
855.4942357184734	20425.59523602354	8491.916287721197
1340.3559615217282	21642.843881068457	8791.512381213384
2363.3902437139727	20080.51058154181	8726.220478394698
1277.6903647554461	21168.628267804994	8904.928908926615
749.9350779817552	18762.558711932958	8872.7024852545
-314.53925756127285	20694.496257206712	8932.97637458003
724.0003976998078	19982.352557836817	8897.99917341744
1119.7653178936625	20164.387842193955	8981.159297273405
-270.7786586637971	20915.875057819434	8806.253348742179
1788.8808141188886	20531.673497698142	8480.884989592163
355.2931310062387	20970.02283771615	8227.557245344893
1239.3914977939378	20128.344700009282	8589.821997586172
327.8638199460605	21072.86785766043	8971.52363257764
1775.6228612027676	22906.064500452663	8568.26534002564
291.94025328120586	19808.728113171783	8386.357614144854
285.9617007130873	18861.570721348526	9052.576501665086
1239.8251064277738	18686.3184846673	8839.746537519664
1757.9264127436359	19160.39748624003	8669.417927314993
1776.7040685319346	21062.633419301208	8060.2355543610665
236.35452745244106	19930.60844244932	8897.774119094347
-544.8759274435697	20823.414827995624	8652.94369117644
568.759513292886	20086.95480349694	8185.601339682081
1798.469870137245	20887.51204963515	8709.798269576295
1173.8157413233114	19000.25605018491	8500.999429059806
665.6698454661093	21027.873663286144	9034.60721088555
1573.1684542036419	20334.260103169145	8679.041304773818
876.0342715466135	21414.783610086128	8055.137607648065
1138.194260356536	19032.939243955458	8192.101646044028
1428.955334429674	20337.26266572624	8763.200766557953
628.2559609031673	20957.151604411723	8530.289099688069
1615.4207063649017	18789.080467035317	8470.445748766406
-80.75969033168955	21078.355253187103	8402.37056489243
2352.010433104968	20110.272223209722	8137.431095033824
-33.73312890269892	21905.91912864224	8855.827957734376
848.3242565835715	19990.621690572567	8610.533110025934
1043.1334682220038	20164.57466244849	8686.864794803683
749.1416162094695	21051.76210579668	9033.400626233988
1595.1204503314314	20234.485068389688	8805.166483954337
1235.0458119428183	20101.25704594938	8638.826956981224
528.4499291122237	19319.590266494444	9159.00126029517
1239.5689460640028	21138.58433626386	8809.373680213646
884.1474624858089	19560.60772870909	9102.867152691835
-163.92868206173054	20375.461307546517	8839.614743032012
75.00912692658589	18865.428111854413	8355.806716772124
1637.4845599879932	21973.564341878515	8752.056663801095
1185.0828706983455	18162.160562640605	8621.605135875736
-134.05970728953105	19569.917652319484	8675.204682831933
595.061425185548	21647.937661667234	8836.159956093323
387.6154640250618	19588.906068005726	8714.549889917313
1108.0092375554527	17599.920095917947	8710.378937415971
1451.8441175979979	21387.1148487522	8472.84682629097
215.99463024382234	21171.095199464085	8220.181468182724
488.5267668381602	20671.503787541646	9038.612370573424
1934.2568501907458	21610.8765194536	8822.152519839616
919.2833527812139	21782.214303837387	8701.530930209763
1595.2976062084301	19814.78758213692	9400.454908169217
216.86279421526095	19368.570945532923	8779.898851721016
2304.7450543648515	20720.595122970615	9170.091711520507
298.27119816071576	21116.184412667983	8903.909520301951
1837.4829470913294	20752.214482103194	8616.221588858874
1547.169417491499	20137.623224151615	8768.12092932219
1433.124380391802	19586.578509045594	8658.206023241264
1059.8967033743493	20551.74095403341	8455.235415100975
2474.4838927473656	19419.75159975085	8786.800979218273
-177.63553952820618	17185.7215745627	8438.415580730525
-242.92006095518872	22458.373460662126	8622.833104939542
1237.6410908554865	18804.415910149797	9023.282049553443
659.1073653684174	19028.515159640323	8702.060099086715
623.5757229239681	20899.540472736026	8721.812242886026
1822.9433834078677	19845.35714623269	8736.42331237942
1064.20555509032	18448.50827351812	8550.746634749628
3440.279174483594	19889.514339112302	9045.884686589905
1852.933332378947	20376.80224291937	8543.019123694961
1751.9173960694613	20393.897364685883	8546.563027382801
1263.3448687634482	20502.236744255846	8784.91960074774
199.82421523196726	21761.700084987326	9362.567435101331
378.5093310342417	22575.333279365437	8353.983398586892
704.7462198596437	19601.584073317135	8799.210128163046
1200.6887513983886	20295.96175600085	8514.142349158277
444.55615677443234	20087.020882134748	8289.243175297242
1324.7542069410956	22012.558373961554	8778.579785458236
1255.2960698040856	21329.815348497905	8361.316783261238
776.9911652647548	22443.094128274835	8565.586177809004
965.0892799300528	20680.50290101534	8866.266637700222
-24.29588208069987	19721.88851953609	8302.455208388754
585.0443991324103	20616.301809746878	8719.396827792974
1044.7762898391356	19374.74794470953	8796.326741968143
1108.3511943629592	18531.6258746022	8691.908047862373
1200.5484055279705	21342.713809756704	8525.960415202311
1339.1265949925069	18813.391110344324	8821.769360987559
764.7824332738462	20828.57189290165	8572.086109984859
927.4123208581368	21232.890137057322	8499.840948047862
2108.0569518464627	19783.045262304808	8520.928250762507
1369.31873417984	17397.400659736846	9210.671146174962
1479.5848669360485	20716.76774445486	9413.894237919001
804.356316917807	21081.08020290031	8897.775348511443
905.8124610482804	20135.645156743696	8567.47341888539
1443.075617590035	19696.66345833876	8476.598609665694
2316.6441146497227	20252.74901098515	9218.168898396449
-421.9287881269695	22352.17298414001	8783.246735851268
-167.52197097483975	21026.838077387994	8634.777653628553
1542.4529815477304	19907.16649531839	9015.910035385445
-183.4564267073313	21976.279811695273	8390.072217057252
2086.4877224832794	19941.92774368091	8503.995069335595
2342.2614914121773	19524.741072273537	8533.278073686402
1158.796551820742	19960.47352695558	8805.723350349097
2627.408365424599	19862.715802299423	8459.993913907705
2247.9313512422827	20661.72552290013	9063.416871730773
169.8582138257848	20351.9278707085	8386.355232388401
1395.3402890624595	20680.8703813217	8224.822147198845
78.8501097258862	20813.634553605618	8072.159442936131
-218.96655150876757	20933.014711892614	8590.987057632934
1822.0680679101993	21229.525941767133	8825.191103539388
341.09638788744337	20838.4665357474	9179.754773037921
1113.8493666790666	20549.85850466309	8540.740730755284
256.8744382531507	22894.89448825543	8394.15539411774
664.5207503755009	20107.806428667463	8467.612670310165
1098.4330088597053	18737.690723908985	8417.940286865476
1143.6715272045658	21034.22293367561	8441.256417341598
1784.2985263148853	18444.216125123115	8553.26303021136
-312.1424682844701	19757.444859356703	8902.448568449927
1927.0016554915342	19719.303596822265	8364.842344965553
446.85070510612655	19485.365204903504	8158.667578374904
1070.6376134519605	20664.869216757193	8903.689919269767
-941.8804573232716	19794.015906785175	8907.989605903771
769.4786620189727	19412.87128472362	8823.594364818337
1011.0830503762836	18719.899120243535	8616.261117420347
1172.0309409056358	19920.73106037925	8594.101816973038
1380.2465142521985	20781.189532618748	8312.474535901574
1892.8570166139198	20200.019616258036	9222.066963496341
1183.40999297214	18999.890097679243	8381.764990549893
1459.0089584459172	21458.0206663326	8995.526091404754
554.029245277428	20869.00660457068	8061.916496386928
1739.8206713842899	21103.03677924987	8500.458121856787
2400.0490917313186	19028.684938398917	8867.030338390667
413.2962132781366	19493.13159256893	8781.883402101515
1311.3999873430578	21181.56421061209	8756.688347066294
1581.2965547706451	21352.120986478425	8266.54219108439
1883.6961973935897	20130.085243795653	8649.174512288111
912.9212098193019	22318.393327584145	8858.28318436042
1053.7753748129496	19067.996122419896	8742.826631894322
540.3907109201349	22832.18444814493	8891.559747379859
1543.4241961568355	19779.04257201923	9433.300017058598
1876.1474527272612	21486.51544263736	8062.671668178429
144.83496648113956	20642.88834911401	8604.122118311338
1377.5417534091328	20521.771006578972	8834.391065970885
609.4574396118444	20615.22413443257	8494.258958347451
352.8010822773633	21577.957353096903	9012.111992439572
2771.2496883046674	21156.26888550226	9355.419268989946
1070.7172373651895	19847.22163672896	8338.163567694304
1358.6810484259086	19728.78997339418	8841.279645441047
215.83304146918766	20365.292107055582	8193.38652437756
1384.7179435326461	20140.192282738353	8918.942107325778
767.6406151310712	17907.39297024686	9102.615089669169
592.284943855774	20424.15715358551	8573.50297637946
1856.1990503651023	20432.650664696546	8690.668867356537
957.7737165016512	20433.428449721483	9056.285107777367
503.61866235453476	19860.220318858363	8778.755650656258
1179.4941600662605	21673.546050267636	8840.228493710249
1946.404422479128	19015.187559116202	8759.982995312106
1669.854892079459	19958.845349750747	8522.086562436869
822.1035819378149	20054.40434037117	8268.423751070799
2179.1205165813026	20267.821946560893	9174.632473496085
1855.323049156645	19011.309176974908	8145.259705477096
328.8518496635833	20674.171130038034	9024.1312244202
504.32959456252695	21635.249508655685	8816.710981194965
1738.7068855106695	17792.03134951946	8377.81452824869
835.3795315417046	20714.989442197206	8231.185871958189
756.0568110294472	21291.950269766454	8747.669862908937
381.38355540837114	20840.237844707357	8780.545848694761
362.0931038128718	19949.698248918972	8811.773346594948
1051.1399156128193	19197.8617773125	8749.336866070575
1399.1312685196194	20313.692837552637	8553.240084541425
1233.3562553031272	21332.544261445895	8430.627274394266
2585.3126491790913	20131.922009605565	8239.49765171274
815.8706402848765	20926.54586959933	8236.993142978386
177.53190661706822	19280.791263041792	8921.127399723164
909.5409857738933	17970.70037208121	8557.712569522602
808.4176822674292	20559.84343339386	8909.929531786285
1255.2766628998727	20216.757222677756	8472.444476433451
795.9382499129572	19868.837461215022	8880.976984316132
1792.5413465556717	20880.620311266863	8355.236762961184
1549.2542646536606	18667.55190678647	8828.43463424252
1188.8167086696658	20426.171172310533	9117.959640630927
529.2310081788794	20907.018587680046	8502.297148238744
386.3599767881954	19857.93263318007	8948.952473109071
-81.6468638918064	20074.781078235304	8422.19831590884
1557.4694389426213	20036.331439159778	8573.784725046364
952.9933007762069	20870.94409455016	8140.557353234626
689.4346238924193	20413.930800330574	8526.035982110694
631.8381696622401	19585.574317332717	8992.381702355131
1852.2513806019742	21584.114627010113	8542.48875461868
1576.6432908140991	21404.152639454984	9015.848985821234
1466.2984493173838	20747.290582749665	8762.791800679168
1154.932512109626	20892.773388004953	8649.489099770995
263.4618153591803	21830.07268268071	8424.220676999623
386.94269929809144	22145.569973879567	8696.622136496484
-100.73569295290635	20153.77284365684	8832.13441403654
1404.8985798074555	20018.214634642598	8880.080984295817
1377.9359047206108	20446.51392926397	8378.645389163012
1085.7304279447758	20905.070664334915	8886.514212538417
207.2237767054128	19957.713662705235	9256.130201066153
684.4982089007987	19661.883873459912	8773.810901183468
1447.9999171010188	19694.61721309345	8932.665287784263
417.0261208394095	21437.826320748136	8290.18873030074
1269.9759175481418	18237.246089482356	9211.5382816271
576.4722865151738	18699.674280544372	9002.351267597804
1002.4117510232667	19352.090966778618	8651.81283021333
1511.563222231246	19504.886850756397	8620.749825917064
624.0174502654797	18909.91295933231	8552.419871998804
-728.0067500217258	18707.95898794609	8715.098893555452
1118.6514441194743	21314.152969512288	8949.39527974062
-401.3058352406296	20161.043925288046	9069.361802780977
1056.2280424679448	20606.844684804342	9057.29136324223
1270.1615050557925	19507.07284729843	8802.422053299137
643.253984310061	18927.789806785695	8691.210573519935
2111.2316160027704	21850.051423166336	8765.430182436878
1125.1982777554003	19120.919498583655	8277.692105180306
990.4669467520683	21488.466781667215	8898.338370269192
331.70330628796194	21047.877111610283	8525.34494455008
835.505893339532	20716.99135775842	9070.27468898429
419.1213120612793	19549.20259240242	8471.347786815575
815.081798308191	18923.741423469444	9182.718471798991
626.726171691427	20289.27102187455	8890.592037198683
1678.5374144433822	22353.022537346937	9116.100837986627
1282.038400431744	21554.812691132378	8810.106619628172
-169.82597935656256	21619.716163152592	8070.241199775037
1333.7001162743331	19527.632022091886	9848.099093757703
1202.0133935366698	22132.77363193794	8979.8390259945
1166.4468846695595	21528.799857468937	8066.075879676473
-569.4754608802627	20678.83517068046	8390.65956091292
2108.9423204786094	20415.909502590188	8289.761678448062
1619.1540094230688	19707.56171814671	8642.358540966145
1172.694607867507	21334.587794955954	8915.043509344167
1326.5539923507267	21209.00479108119	8554.750718472302
1014.5700100485076	19441.002277334534	8769.106476258044
935.428788552721	20755.46590146257	8562.878604004914
370.30605457236317	20453.66212854333	8424.508847592217
1736.300798099788	21334.905797443484	8573.331976058898
793.3350026749451	21055.29279186851	9104.273179529462
1539.280705928077	20580.02625721348	8615.514125830603
1922.9930503392093	22312.292412492716	8903.248969100678
2102.964042858691	20748.680595811275	8427.911183412803
674.7845069277448	21919.700966614557	8621.878783377464
977.1554507476473	20764.656089999993	8584.28409178701
1033.5003483021949	21185.27164106999	8710.236273133598
983.9888708653327	18666.57701149364	8351.817158714246
-299.1036940570266	20600.609115891668	8443.403635680119
1208.0575828569235	20128.75590922744	8602.0310658506
1776.249509122559	19691.734429909815	8939.587901427469
1687.320377131564	20148.93078770353	8642.085393508527
1845.98382468963	19545.316806777835	8900.018892024122
1063.5200163247498	21164.652979066825	8541.279628833117
793.3606794443069	19891.805406589963	8667.267845496195
1095.2565471056444	20482.24526278575	8754.056768424392
222.89284737552137	21866.025893883027	9307.016921285083
206.68988185829355	19510.773156977983	8412.999136924893
49.52430855402008	20903.74693833632	8933.708375050986
1485.6962621756527	20537.899228532064	8381.987391464943
185.7041109439684	21309.777206487925	8836.004888289746
760.140286491298	19618.813677317183	8404.59303667151
1754.676589891579	21493.25020536589	8448.29549893046
1261.6728823348703	20299.25185515333	8726.270071161982
1007.5479682563088	19711.28481927524	8888.562040202745
706.5462791975974	19564.50472056492	8001.4073792470845
1747.9731737257332	18812.069100231438	8990.500528949202
-588.6653404788834	21328.79916852522	8266.328712160263
835.7202878118796	22219.91969598559	8468.280669656955
1809.8435859981612	20969.730495344644	8299.752975891117
576.12668661095	20401.289707031556	8336.945963897622
1357.9516359067404	19411.066415231366	8702.9309334792
1056.9687700054315	20001.10422846967	8473.703687125733
478.2318294922354	20727.556285545597	8604.82519802541
5.785883941747569	22750.02465916775	8659.38991932407
801.0603414724795	20674.159234829356	8303.697832008767
1087.839546887661	20658.06737435823	8767.513860456276
778.499926066207	21063.772002107205	9362.210470050673
701.4052460141736	22697.574771795917	8517.583138850767
1620.484439839149	20105.3944438252	8985.498591538515
1791.187592751813	20712.064662858025	8355.399485826832
1069.078214992529	19222.403488684107	8970.604388996733
1970.8146903017252	18961.693996467773	8734.512529227413
1247.7558830018463	18677.74991314958	8738.989625269498
1078.0732897024727	20259.67287837652	8673.866093241957
1893.6690062682492	21264.777556816884	8608.323792825162
498.83344038037603	21339.427829171687	8721.409967581149
890.0212712750927	20612.953930392137	9015.95809496604
-8.8646561891156	20851.936311317324	8354.52993499959
956.6737808400301	20651.30257926346	8551.82839398195
1943.7496946855385	22168.263893655967	9192.19610529122
1512.6334356106515	21259.15483231327	9017.47822020799
843.8079252122924	19848.218626742873	8550.781488910667
1484.6244205374376	19962.10335365484	8549.13899617054
36.1525606056215	21055.902546419635	8937.62634123383
1089.112887365653	20315.57470074709	8869.523988003853
1843.3508439174589	20781.7060983138	8217.613818952073
965.9261844844563	19888.583909134275	8083.431950235231
674.2948804931646	20375.347401041516	8792.776879083638
2037.2970953855095	20056.555035844314	8766.053936658387
944.2056271977779	20905.02083624193	8829.632730464844
1366.5115859984624	20007.208403830464	7988.560056118539
610.2702441640895	19720.78942487742	7934.10129487972
670.2377414708716	22870.531141709784	8574.246897767136
908.6117330869112	21965.84361272838	9092.76837139049
235.35521676642676	21450.52105237638	8977.94359231913
712.6721071260762	20145.736425411003	8693.61818228947
421.7484756104287	20658.199497125486	8526.992923572323
2872.3251059600098	20411.541903452184	8400.551644195559
574.4389290261942	18256.90976345136	9177.482921297275
471.2391097290788	20519.096181274326	9086.61106403356
1742.6467959424756	19832.153138192305	9021.708463309473
1696.830332334901	22104.91271916743	8562.912304323458
869.7587399379067	20001.832698716375	8410.680365030163
877.868673026057	19995.726989412542	8750.77043453459
200.34524999013016	18844.98704369628	8568.904769536533
-570.4049562666514	21307.069865196016	8475.659520805293
403.2422585498055	20913.091449582356	8640.72481993152
1374.4478878202929	20425.65371573762	8718.219410063964
-284.77538753185297	21226.184783762365	8801.285862075845
1347.9276788296854	20095.11218135671	8667.989522799222
2466.0509377685617	21685.87332935533	9250.383361362332
-309.67764085772063	20124.31836521269	8981.124767531624
1352.9983467461268	16926.30048559104	9254.659768110312
463.8935048717297	21059.0406989749	8220.30447663715
1612.4513821251273	18696.91598427545	8515.213252960442
2290.673224354252	20499.799214224124	8368.201233447935
430.4108797916009	20455.207273462172	8247.603245956065
305.27323706922704	20842.50032250654	8357.449968270863
-455.5679874250618	21765.048484838146	8547.653670572983
-569.4536284224945	19044.63859633725	8516.878008037997
-239.18951890005252	21605.110804680782	9135.864727013815
1436.6243732081452	20277.494897719138	9069.847469076172
598.2302136191162	19709.055241876773	8856.22107433983
1783.5560302431265	18887.322245594773	8387.958005014772
1051.5689724686774	19769.921321008653	8579.82472994272
1682.4874159919561	20436.631691107978	8830.52758694195
702.2918222194111	20123.750651272	8821.212343399155
679.3810489722006	19560.047188908393	8303.573443441499
785.1285206408714	21576.432763209523	8378.693845149384
932.9047282964059	22382.747140129926	8757.096470230306
529.0145607827117	20735.29934003075	8416.178315634419
997.5107367056455	19550.76685367716	8738.059677597385
1072.937089626895	19729.607681210877	8695.499797498378
2048.319976790325	19297.124820164096	8410.610773275148
411.7439526474356	19735.192308548238	8568.487607466324
1344.4191391544307	20532.834691793923	8685.664050100224
481.0978850521645	23511.16165987832	8404.190908907503
991.1694040302109	20106.374806326807	8420.996089587963
1657.88012179221	19958.595734912647	9542.050084895542
780.9449769492666	21795.73406897026	8371.248860906435
-97.87424603817247	21889.96746613952	8735.522133132763
-180.08315699756992	20002.903280788345	9148.378433153448
1091.0367520252944	19144.581737131382	8705.654037794235
822.9597269756407	21153.61884206926	8896.173419985293
55.75432699676341	21181.8857872327	8636.047113312477
548.8309879195785	20694.517968205248	8763.770457073708
1999.1030129474266	21583.578452489877	8367.626015990701
54.52034577598999	21643.059699419166	8341.35450919019
1434.4299404167991	19234.669879742138	8898.194832440915
1331.8312501841328	20982.847572476086	8641.734253175175
986.7369879495199	21736.34996361956	8800.41069424401
1724.7075338728787	20996.12929410274	8699.078425437518
48.88633005212318	19813.19110238784	9383.813379343022
1882.3949099489625	19212.77759877326	8373.177790095106
-372.642308127341	20242.61274639691	8600.280258283787
1142.7658273521283	21151.96222101986	8552.159356626376
983.5576444680837	18754.23676267629	9442.896680712596
1558.9879714616502	20567.630662369094	8594.578199689915
2942.1018759927892	18993.119718368096	8373.022446782727
-357.1630602833857	18340.35655696496	9106.213315358724
1405.987246891542	22242.4423266359	8226.033799730661
1420.1424185320866	19765.525310807312	8673.8204870174
452.8187651460035	19617.95554493039	8429.240269498421
-17.08717304386924	19545.900166356627	8278.013668964622
1071.726081157392	19609.109941710973	8623.526296775139
1752.6770651422323	20062.50385520846	8526.181864554996
1391.1790228120246	20145.42773099489	8873.494820677544
748.4301067837478	19521.584011451836	8542.755986933955
276.0029797018977	21345.923380548025	8401.045847181573
2323.5695060271814	19109.035250738743	7989.200958142843
2196.857123353837	19846.306916632497	8911.507985040098
1295.9391688940402	22010.62906143213	8814.777516679153
1456.1280073909177	18903.579511184857	8411.82867064789
980.1699024722587	19700.55957860556	8699.612798297507
-317.890061136637	19914.51980217833	8592.891160096748
2045.2736251870972	20543.529359304208	8928.808030516244
1145.3233224401995	19234.668894833518	8614.1464461113
486.0801275373693	20072.070508532062	8715.608809495045
910.411312563411	19581.476734449367	8927.398095696859
789.9658259293109	21204.90167581314	8682.097156002776
697.6002794464926	20667.089541132747	8556.050511393796
1157.2774020539807	20457.521009051212	8675.372580616897
1277.5800422898687	19805.479220508427	8313.045734417628
897.9700169958334	21987.625055671797	9084.185586124451
296.06457180410416	20386.935501361146	8443.80856467353
1337.4838721548451	20991.267701585304	9022.150183369713
2305.945603584724	21396.075426524843	8653.722395072287
803.6085250827811	19692.79244222419	9303.539270156625
740.1742109274854	19644.829878935252	9007.605695744112
1086.4707116871498	21116.328964788772	8974.516870606822
1683.9280690969608	20829.649181873083	8720.34288600379
1646.71738164132	20556.458995601446	8563.929736057458
986.6637619789311	20497.49789574743	8692.616634780507
2502.8205616728915	19268.442376228362	8329.806625642888
1692.9873547589807	21875.80616848375	8630.649432121298
1055.583589578594	18172.218398401994	8632.22090717416
854.6205778109578	20593.729862674503	8371.36674124376
1169.601175029471	20641.321037953512	7948.05974448832
346.102158337455	20725.327638790415	8523.306016274577
617.7837217050092	21144.18349532896	8558.110390307891
1346.7046313654496	19859.25043651468	8778.937531194739
1347.4868651401698	20001.76211579721	8458.122941008662
789.6111589343499	19285.157093670783	8824.333656319675
2074.3699612045034	20259.407497838638	8806.785755113828
143.6633450729446	20976.287838610566	8515.187982888656
1192.717979575904	22053.83182431244	8437.527039833582
601.5287453501104	20282.919893071474	8459.342479933777
2022.177290027909	19013.289500446877	8978.591366108767
689.6164424058197	19693.995700810854	8285.088534044397
756.6806668192999	19356.39374552241	8338.697584513668
1896.8480694695716	19524.153577732694	8895.064850800189
-930.6425263545241	20844.90886004745	8701.987295302359
1772.8618268047248	20017.240659757383	8729.087660766638
1852.4167501086297	20287.65162140539	8820.854318330754
26.726166124357025	20222.966564872408	9045.61533057691
670.3632500660214	18733.340696905972	8601.205975586956
538.3958949597115	21596.723655684622	8978.448432757927
1764.2145585747974	20720.307602795325	8801.471566527689
-221.892067694377	20306.590547916476	8564.890708307632
73.86642105280494	22121.807222093383	8756.495782340564
1019.0753887877833	21333.453749058757	8801.949120172496
2074.1101717539173	19374.93918062885	8444.794217926361
731.4482344974302	19655.029684329304	8738.586418464847
707.9827998235364	20478.346541963143	8781.993055041657
920.2499631983161	18812.83324264373	8677.021872119742
1224.979163871551	18357.855593564178	9072.954550263525
179.6045935770222	21057.192919670517	8565.694599977058
1071.3408668031136	21200.865644662455	9106.353048703224
1989.3879888449399	21896.479897329868	9092.084110312884
1939.9651463904281	20312.49324417053	8959.772046715816
505.418490564258	21537.77221033886	8335.764817128715
1089.4671018558042	20049.311119927464	8399.883437266139
1994.177679375955	21419.31607083206	8717.876336188738
771.9911804349549	20757.50629854744	8630.143736702135
-201.43037170787667	20086.74926253182	8856.566735388335
2059.1654188708835	19397.128600297237	8628.026672231685
688.3444376044146	19163.214074228665	8995.456422620666
438.8332053726871	19848.86187731822	8004.372267871647
1791.455712340987	22445.316530006825	8646.607149600277
934.6074029084642	20954.05367548662	8595.776403357899
1015.7085200161386	20700.06216823095	8067.375819184518
12.197157664519105	20902.035107981294	8620.2871815698
1983.1960367989905	20882.44124555703	9166.792774296206
666.5838607829719	19731.720532667274	8973.63658553468
776.7948909124708	19819.51012505461	9057.64455838825
221.0671701888003	18069.296510894223	8402.9280387903
1762.8380858738246	21320.856583359062	9116.324469877793
730.891697362201	19335.387684435664	8769.611876036437
1406.6096883316202	21259.766898110374	8848.572778840431
2257.1613097048526	23037.961073975286	8567.686348225448
1476.3559527451332	22635.327672996023	8931.17471672745
-87.24112459315224	21200.27716995292	9053.33589485538
661.0964486229964	19778.488323176567	8995.695121875733
1066.2333139599066	19033.007782139233	8653.620852054662
1229.295210435952	21482.53911682745	8752.726050515565
918.1990303477456	21627.81518837067	8386.141669910596
1118.5124875284098	22164.532631644062	8831.89329803627
1855.5201348034634	20555.123882290587	8635.328607541032
470.7807902068195	20924.15965609785	8879.823144670374
1475.5909370459487	18406.82793916619	8726.91662613979
1340.628556369216	19896.616777320083	8392.645570925128
1452.771676779055	19624.92160307244	8741.642502071832
2039.0468337604045	20343.369233231264	9101.192578464153
965.4431828487867	20250.53929754444	8673.883352226234
-654.4710781801895	19928.01995965976	8557.373969828403
2095.3573676193264	20735.971517197846	8171.336193969935
2133.2310701574006	20333.574834135496	8223.444773345078
1823.3908179246837	21956.551127259736	8654.741712101602
-42.85578378280257	20935.612013947193	9068.3764921498
2054.590842601016	20836.99127219085	8999.851028442838
353.33806082398695	21156.245386504568	8900.338035829325
347.9317856022444	20652.409932601662	8586.7732599872
525.962430455186	20703.09207151064	7918.326609300076
744.1657626417401	19678.007150366124	8507.360173355502
847.6543936054319	21232.940102449025	8466.277331437272
353.81731960712415	21011.218263038674	9433.700870555003
327.6968262232592	20046.196238991794	8885.933090822175
2188.354886486984	18912.75494468662	8755.198686192234
767.8317692305264	18055.885215033963	8851.183711205214
88.1235633026682	20003.681084470987	8795.80971702118
947.7934652968942	20973.63734799565	9171.059744293165
1336.1809849491246	18723.776951960263	8930.21834370595
877.2255568395126	19726.65284023615	8569.940821219245
2044.4747685333016	21529.09413330016	8356.99508291451
-334.2395991711803	20170.79053655813	9095.809543137702
1516.1753736927965	22028.570703704474	8425.835948757289
1487.1955261889984	19892.45860677503	8727.828614270582
998.3856267553257	19683.27839146565	8556.000957063523
1988.7679197630189	19628.51634320407	8589.201824688185
1780.1010508557945	20411.11662083924	9151.560728523711
817.0585873641097	17653.90856311472	8629.04606937969
697.6242668828216	19557.92087961815	8577.814433953954
909.2027411247847	20534.037664990916	8963.295439750917
1142.0543897483954	19097.36827565277	8778.238142058486
1839.1072604885132	20120.864689564158	8483.273953957043
1173.976560171885	20113.626454094556	8618.797213556749
816.1869010825521	21797.958263006883	8153.501338278421
1170.1670594464047	20588.777138788446	8925.133596866935
-1.9398314919722586	20684.331367778308	9014.375524053678
1292.0499145277147	18774.095218337487	8857.017642709796
1133.7731206633875	20123.25098191191	8760.185292307022
1413.3298228701904	19522.39512217601	8089.406237818051
555.4295152887313	20403.084259417075	8793.887030028085
2667.441303211184	20506.33312853	8441.955530746807
1468.3637364615213	19471.554827520667	8344.204765887398
364.9326384636928	20741.009016592066	8759.628785057816
1995.5986096431218	21031.54859685662	9242.424115740587
1248.9972808504351	20750.901716122993	8734.000620931401
-1061.5419831634074	21137.925921541773	8618.069193661207
1007.2977597464396	19313.090147301897	8084.139561293743
749.696346387469	17745.78983422512	8733.259262170155
1448.5430069799572	20318.50306603155	8394.902128938682
384.5867804072239	18010.56956152926	8285.067410720825
1272.8148927005273	22620.804739499617	8574.147569089775
1444.9469993470484	18558.60153483243	8651.85187526504
1292.3685688574049	22371.467744796522	8379.408959753084
1185.36598500185	19990.001803456737	8180.084899515818
1130.2438592068793	19798.702061805157	8952.659215216643
999.0901889979368	21430.275126847107	8586.61373790584
577.5856145409872	21130.78190324357	8542.596590216825
743.4292234619526	19253.27926188489	8967.000644257172
738.6691814270082	20394.352814329777	8418.813277319152
1567.6322227941232	18538.341585421185	8652.761399551302
472.6305875733479	19537.641500315774	8152.266001556883
268.33703258401357	21408.938728407215	8541.16556487684
1484.8144260176493	19747.125688588814	8906.321806315553
-178.01883587567494	20234.46055823717	8658.659013918683
3157.483830581223	20891.61725505891	8946.533948323397
1241.347332244259	20655.625698532844	8260.145514984666
1585.3678684567865	20859.84159311584	8241.869132534955
964.0744793035426	20849.143822206483	8369.6332821263
1305.984870778741	21105.999450962325	8954.55610658675
1255.6889415071591	18538.95908332591	8333.294949720022
1456.740680780687	21893.118862270032	8717.925918620771
623.4160042351632	19791.10312528615	8568.180791825518
965.0346423179343	20460.606874214733	8955.49801256411
1129.9414174809315	20841.631609451655	8225.90599580643
702.8689504135677	20414.514691913704	8508.630726346899
1491.4664629884073	20344.682633789223	9136.495817512026
393.37983432532985	20853.736714219882	8758.927079626092
3050.9287897424724	19479.171648125342	9046.52213560546
196.5397503228122	21179.11231237367	8971.296303511148
1116.7881646119524	21709.96512498181	8218.948938559322
1943.0154130426613	19736.518098584085	8409.818506354693
1637.3457522778588	21865.62373122176	8345.08613378353
564.6853818901216	22656.807107438817	8628.391382583859
163.89154224399104	20855.343433441743	7969.91088651436
825.8004495108707	18682.521693443512	8736.763952917025
803.8007003754245	19216.88627466498	9021.418119741893
632.6107673774641	17896.92763293087	8960.421884790669
977.2426358951238	20843.78141470435	8731.849302365543
849.1147151930932	19184.118335439336	8856.757677996175
43.866110592226995	18714.490342537803	8678.445722658742
1373.5889442953542	19062.79116627673	8581.135847197482
119.06898811949434	17904.75414453035	8662.068813979527
2518.3281078191185	20391.27947541731	9056.525323300064
2478.8031595031102	20174.581892031718	8430.654680030688
1028.2968286597209	20467.481184412336	8803.58665718841
1245.4162484475746	20947.960015374396	9185.81553505265
1647.113304923772	19374.593957655357	8456.410082052154
2421.691383394029	20975.98546325782	9437.82169976508
445.79769614340654	21917.623121174714	9182.398807527856
1183.6085194591208	19216.997502355287	8789.836636046763
2214.948449976093	19872.44405516954	8252.854199368849
1530.00926513552	19529.2170081041	8885.946553890119
1052.7289666506333	23181.332734661104	8655.288769525998
1727.8802038712608	20359.97718042044	9104.578055087539
1088.3198712053677	19946.690290458384	8702.846778093419
-2.600615112255697	20579.238313306203	8325.88828972581
915.1310144381507	20327.896809024012	9082.309718985442
505.8764819119111	19423.103082992595	8705.249237740743
1739.2973416852203	19136.885964930607	8695.940328490671
1415.8230157442802	21723.08857614649	8057.372130761192
635.3491177434199	20800.876528247914	8705.07347145075
1646.5373689316768	21344.507593040213	8589.47183697715
675.7643233464231	21490.57347735333	8436.63810473812
893.7740768747849	20456.382589998982	8980.913081071718
1567.690798584189	21078.910885214438	8922.888672691359
375.67180962466244	18914.381719263645	8817.815287463762
-115.04630968235632	21798.172248650855	8759.331825818543
1117.707057191637	22276.599936126506	8001.0381788001605
2203.16406333673	21120.79141344926	8683.218145905645
1492.4880131811624	21629.40429506673	8997.29310343182
-180.45110959158825	19956.877925855384	9058.449529179232
613.7174824774397	22718.14268731517	8893.351956435297
2124.21134067296	19914.227915567775	8654.523312853376
1008.9299757657371	20828.162403899933	8703.872426279191
1484.6427674095044	20656.164118505385	8594.073878686535
757.9358315787314	20144.222039460914	8645.543001401948
2378.4471973959967	18047.72571538019	8697.00514009782
641.3434806211026	19575.695220241993	8981.691347572545
1329.2885367565625	19711.572960699836	8754.242623427925
783.3547306664858	20301.240610959856	8104.587990958429
711.512036943295	20053.612581235546	9213.373771672068
717.206361428415	18146.7615498443	8559.821266455107
1150.4552558051003	21923.690056742907	8762.916274046202
759.442692290381	19236.90271307657	9040.740826117262
1175.7836602598484	20281.47431174048	8633.022318608615
1331.680661675512	19269.104373229835	8800.390324505735
897.538755808318	20782.12846879306	8924.112385433518
1312.0853294124568	20135.487812508523	8957.546572987409
2350.6230956182285	19017.23505062892	8595.106946824922
1047.569645985797	19492.305245569405	8360.354676144838
2458.4418010518434	21181.03310683996	8647.282696714308
1173.2096876127357	19187.91012283504	8229.737341535203
541.3641183586566	21135.75173863516	8654.314464594998
722.2588380559736	21023.268471235064	8379.859068376705
630.7100080713823	22679.573582933528	8667.709049587973
460.54448770886125	19378.723996167246	8821.659827136496
1773.110795703597	20210.83410598579	8834.968194337434
1353.227554744614	20054.24103008202	8356.399850158838
432.18333079721043	21430.364994286196	8747.976057456652
987.2947345007083	21186.311849496127	8990.251485139597
1192.7433349803384	20241.75163036618	8959.97742533976
677.5150734194552	18719.330168319942	8700.964993310508
880.497332787864	19011.431156533057	8452.425618233437
1315.4225677454642	19248.861647647496	8886.922519618627
667.268730837295	19370.66705915063	9025.850185427207
1753.8647100937485	21397.058713907132	8672.44293459966
460.95891502525416	19228.812685604185	8696.092542006296
530.4181060440637	20321.84814657873	8225.702149062558
634.0196325680262	19044.47653010535	8779.316032803545
1615.5283311922271	20143.030703980883	9250.558456566154
1121.6722238517793	19074.697905889654	8532.818246135917
1679.707161441847	20821.541831951155	8813.80058494198
771.6650603799902	20734.58299108874	9406.733954831161
1610.4948001846055	20360.358742048677	9183.666443299908
700.7361631546481	22638.385836569247	8462.9850168716
-417.2424918473214	23027.024057430124	7511.0423533459025
1567.9962955146966	20124.74271510732	9334.81357322648
2044.640497291958	20996.454974115826	8850.622292281252
1088.1639882763575	20130.44608673667	8635.735438849093
1671.3346995964412	18465.328689818456	8561.77843889786
-62.733792371559495	19422.518147439034	9240.753279599707
1228.3386664722134	21295.776175796662	8719.985282475453
1308.086562222012	21051.13192227283	8343.046376551867
1312.7601681179367	20926.214822469203	8638.0125931018
1473.3605955035282	21154.37960808891	8053.309548261156
140.057303600293	22903.584807819254	8604.569894425345
1108.6090458052772	19945.418587691278	9169.151964648612
1021.25074680567	19162.014893616062	8617.313842890426
-103.75051377883912	19423.236844457984	8750.91629984985
2517.5035123975417	19335.82271074572	8358.32773328649
345.708495746929	20499.353478773373	8250.516131826545
1899.4462942732923	19673.261838245493	8732.920773019528
733.709587472364	21863.5713976815	8965.070199005218
2284.357297164517	20352.638727138186	9028.761742518793
1296.6493538967022	19141.837447854694	8781.655656544513
-172.51036312161813	19743.260441775376	9359.8808348505
1066.854804738504	20438.16849199229	8401.322924889424
1484.3202331664677	20474.695119402928	8779.479538795273
1067.4687641111152	18826.196269132877	8833.094652159723
1425.56714471778	20537.901890445355	8491.684425791778
170.32494728058597	19490.291556663604	8918.27103999317
72.92602611391676	18981.22359789963	8477.74475711216
1459.1455995218207	21360.0511398257	8423.376146657107
713.2162683795684	20023.532485532458	9027.564585761818
1365.6447286396003	22431.960126175814	8472.499035562074
889.0247482993481	19538.15535510863	8852.696257956393
667.219931831787	19324.96838625466	8809.945276579572
-107.05412010122643	19082.070438420702	9169.032285178338
1164.5331121694267	21809.69489399637	8768.626550209725
748.5228389301951	21439.06197042996	8417.679521220229
1772.9506286479432	19822.94941126726	8835.294307838885
-550.1213916902134	20509.429946679127	8734.40614571861
1751.3055251847095	21180.186103727414	8804.211777339715
683.8754855558282	21050.360431886787	8470.349238558221
-439.2913376597891	20340.504006159794	8773.201205850139
1477.6517170468314	20869.764108661308	8941.108935317458
154.65865266497113	21766.467249565347	9015.88470313816
1580.587015147721	22844.754710289493	8897.487479012249
1305.451131446036	20604.852109655163	9051.547592632998
843.7777333559187	20295.50887926113	8952.203030370285
320.954781522532	19525.178978413896	9012.635735006175
704.1512486287662	20776.92048843867	8566.912723402116
1144.157424814405	20239.175766097356	8714.631019882527
1074.9977611757306	19562.70393461812	8925.160044124692
366.65060715079596	21636.621403810925	8422.160321551552
1067.4006946203751	20374.194188581634	8490.055101893955
225.8778177612449	20810.429253140603	8680.518108565213
378.4692396629938	20541.12272313482	8310.395895948495
2429.472054987749	20979.445522708298	8557.677742406251
895.679792593254	19291.43242199184	8379.47470786709
1750.4160656048268	19787.637469590867	9009.150766993236
2571.1716368189395	20961.057569532666	8994.05572988271
1114.7444106029013	19974.14639144065	9063.882878076325
-811.4258792734245	19397.014239364733	8744.600339667835
2552.92505716878	19461.556567503696	8821.692677903115
558.2855439328986	18970.128010608387	8556.179874312375
2305.4495597112464	18516.450622687513	9030.259699415992
1237.080002502668	20725.807569820485	8764.601538484216
2307.569610979068	19047.170336580264	8301.222800613747
-546.3122985299183	20868.168554242253	9015.28581892173
2429.504166610999	17913.827130749934	8671.519314437226
1214.8915103520383	20029.984215927874	8859.211192803785
914.012865739178	22696.103165218694	9137.985266524722
2177.7030637942094	20543.531218843233	8168.3449026188055
-192.45842060736362	19975.283415636393	8751.395455413247
999.9556451536592	21446.162987092255	8441.637360837842
331.2167950593855	19431.34014002334	9109.154269520655
2225.2281597656915	19306.633668885228	8930.299649364206
187.87012288591046	20100.257353590405	8379.691095115058
995.3902268350519	20845.242623549537	8546.568533695368
478.85850774203084	21338.233278482523	8514.630024919317
-264.0365852508533	20971.704694842378	8475.593459879969
1324.6039616685582	21538.42004769013	8285.714904717952
1331.9641614563352	21030.234526006123	8675.473924813678
499.69552910020883	21336.701508503953	8353.447269015001
1583.518808928882	20282.810848296365	8677.797072667461
799.2533288531503	18930.177542913767	8462.02101606227
398.27550724732254	20637.436547012716	9426.478274125187
918.6887368421945	21047.989725011834	8481.446237086913
742.4270899905209	21178.449437942392	8111.416176908527
82.15229382904432	20653.311233964043	8606.503980553227
567.3872889342626	20707.50561159413	9047.346283647517
366.46776339875476	20151.306295297218	8731.89206576091
2405.3784737496276	20866.702388960486	9113.06177021965
993.2971301540986	22539.539067542148	9143.985135778643
998.9625513172164	22953.909150379906	8768.94272010565
1756.3109337347014	21041.7464588993	8989.530120164018
-1017.7274473089669	20026.07236138698	8466.952896006618
-684.2748265294338	21486.48242816361	9163.348283304718
1955.8101261176664	20696.70873564386	9072.274817165791
398.3065858501197	21688.805005478927	8930.22118083041
958.8051840970487	20125.88102265421	8689.69949602017
1829.0791429121207	19011.56478607081	8141.9031003672135
483.30196968702995	21329.793301497546	9104.675491186996
-10.339756986043858	22348.458434244636	8779.948879205074
515.2278069227061	21833.46948616096	8379.244816959714
98.47431099288961	19420.438734556043	8593.977838811834
380.2186058606176	21344.49823904054	8230.20371328336
757.7539304218543	22104.813175118757	8673.75520025175
2338.808281434388	19274.25944056719	8834.723698967802
1059.4706027169684	19837.837802429505	8715.895746468594
-1116.2244865141495	21608.66706101384	8721.142509954818
1822.014920302638	19823.71760379878	8939.538481882593
1038.2151497435411	20497.488316637777	8789.631221225412
390.9188202598633	20093.54347637369	8806.870699758378
794.0159739089394	22134.656099385058	8590.223995265545
930.9630998189562	18269.93376859783	8806.044265503042
1497.9107441823373	20603.47157260545	8112.251058380919
1118.2907930934473	19240.993765556064	8726.705528210101
725.9493534606055	19546.372092862908	9110.35544661168
666.0431856157445	20990.820592643773	8946.970777200248
1647.152571794929	20268.871414733527	8925.63337352768
1905.3805439993505	21045.840691939207	8668.236299069938
702.8755858688287	19739.468682031085	8712.228628209337
305.17873247185196	21271.221544312808	8503.474860041577
774.8301079542341	21733.107356848956	9081.897320214235
939.7498389701965	22258.143067559547	8689.50534402828
1211.7558553699903	18752.65762214635	8900.296649692556
1565.493220024245	20290.06529314638	8441.288561020328
1803.0788926732098	21365.939865132008	8155.864637571446
506.8910338052717	21797.738000305708	8838.891776135666
500.1113776591603	20482.630722948732	8172.407340223547
961.5275268698045	18514.68178625537	8692.910830034605
1131.2088002372375	19860.730312811193	8940.694567470624
1254.830897166117	21474.785877643626	8874.274026858953
643.8506041113081	20098.017820378376	9003.657621842358
1891.2413215960942	19993.339203359308	8528.708228804046
1203.4680941736535	19376.73072042386	8815.225354302893
1942.045721218184	20656.4718752631	8305.380076228987
1320.1826787492666	21180.208174317486	8803.486104052763
2129.5222912797317	20764.55351903511	9027.473218358005
630.1299442832362	20937.987377955324	8842.272533323641
2394.0479124030053	18850.4931231492	8659.637501299192
837.4075061049936	20789.292701761475	8803.76439155405
720.4695941096732	20750.205182034704	9023.036255747458
996.7311538826939	21288.597664574863	8751.289601348097
1662.1631243062793	21361.33262591704	8667.420076627417
1552.41259084223	21494.20037279677	8587.922312817398
1560.596375081218	20901.361386844357	8983.107452082964
