10212.729532078092	1883.5619007418009	4720.8205240598045
11867.014105783523	2507.083573300552	5165.344013433018
11964.788210649016	2263.0074082350925	5666.0893973320535
11585.629377535397	1520.8087866701467	5665.183692787567
10208.54939934724	2289.5893658251653	4750.375718791905
11759.072280110604	1955.168691835374	5063.799883415515
12868.807022332292	1672.8654564883686	4514.259437398823
10793.589377920067	2975.1173430317554	4833.1578318923475
10053.264211013457	4019.224560058174	5393.381414906169
10525.368682278537	3369.0488993992667	5105.487403013527
11702.336451998526	1787.553657508477	5265.517390746583
10037.227372681125	1974.2589804140855	5434.879870694706
11279.979860797612	2529.589530532129	5377.878049615489
12119.831801399878	3024.7617066213556	5172.505594007107
11849.208394056408	1711.6983241015057	5310.066177133132
10919.789071482985	1875.1572524954606	4787.67610170715
10866.642775645976	2507.933202790665	4992.610158386651
11314.274363199977	2559.1287305468823	4900.6740804661
9781.532239086277	3946.939224795079	5347.346819325717
10740.64875608607	2228.8739425007166	5309.238097892658
10618.01197071021	2359.2479731378444	4966.308343655389
9476.9559696213	3874.547708808292	5605.757059401395
10419.476233873853	2917.4290961448596	4776.530344978835
11075.655602744935	1772.2341230074983	5309.947681164066
10460.190025742086	6724.600248532096	5332.381837198225
10149.94351979801	4352.482098316776	4829.38905514137
10726.589391428639	3584.2728034826832	5117.255103865057
11159.884519365762	3958.1444862178028	5040.551882491171
10669.606888499336	1401.4078359740345	5104.699430892142
10370.065960300606	4184.517485312932	5031.5426381528005
11278.435501771173	2904.0167408566895	5802.932703379466
11552.751884392826	2870.745837730947	5700.184011313365
9468.595653644326	4585.159912898528	5007.822113712174
10531.95474157269	4969.821975817966	5543.8159362743245
10212.928490862645	3790.8888182647775	5187.468127652302
11381.605598278054	2277.018058245229	5643.98774551407
11529.138296674704	3510.0548832604773	5180.931977640031
12080.45631170913	1963.4151309954295	5143.969375310259
11942.979534554	2959.609734498834	5383.112823610373
11039.56667879881	1931.4507106456865	4546.849846704987
11830.923415634938	3055.45727811352	4723.307484746057
12778.602865940054	2755.324544242039	4751.81200665104
11406.534345873208	1338.293191374507	4655.347405260772
11419.42756826062	2216.857443596159	5839.750893084969
10447.08305785014	4227.628383627881	5309.476682232507
10715.713583206529	4032.2528387729612	5021.6989780895965
12003.469396216999	1425.4113600980343	4697.4342040379715
11606.478767552582	3090.5927508177556	4515.940973383263
11168.525434048284	3166.161327776048	4700.038836240356
10426.25424992032	2007.5958740238098	5249.416387427883
10954.999001751572	1517.9017452729636	5192.112150343384
11629.180810592048	4121.318436651739	4391.711634062953
10525.708115076253	3128.0367968401297	5001.3322445778
9409.739947216247	3028.266922961879	5787.355099476376
10631.371098512482	4640.119223967344	4984.160134174958
10973.865050189059	1768.9993568820232	4929.799966068389
7454.529659221042	6647.871999850908	5168.599644933266
10380.956917797706	2099.6465136112565	4615.266740894199
10452.705490470677	3585.9450503397015	5391.451540632019
10242.673250996393	874.4970481369687	5747.581456579235
10656.00666540131	3777.781574275676	4884.229325562929
12473.493596118007	2378.389926778052	4723.882776044508
11628.863791615553	1986.1408583621017	5317.026752362712
10192.35219070331	2389.4220289453915	4970.68535271294
9621.800784252684	2756.4228423030486	5393.609496803034
11197.13960424291	1996.2854383485244	5400.702329240545
11657.668423855102	1314.0886187859878	4754.174222473326
11299.753565867295	4408.649798821881	4890.691329309904
11077.361483070072	2839.9602000891537	5223.729790691835
11844.968772613496	1986.2220241548146	4909.939941274791
11763.594656699654	3206.5786006581	5214.407451951339
12415.440593803602	2772.663509358419	4844.00490807758
11162.365404616585	1874.6676994127974	5098.052877084114
11158.967719661825	752.4739701072747	5218.121932866039
10559.486892912826	1300.3170401367136	4964.55164276081
10647.14699915003	2754.5170658879133	4678.695573350266
10710.825426236648	1406.3444975361408	5571.295027052056
9437.241352613693	3954.0089965876414	5970.726801787445
10273.662883937635	3825.8704732986184	4548.623529767462
10430.174579871766	2232.9456969522125	5477.297312989206
10957.038117073385	2978.0195361871683	5859.536521895223
10474.76832074977	2079.3349479326284	5891.686347019395
11727.854138524719	2462.3399560994862	4894.602582713447
11216.278654356807	2876.561615810572	5185.301745020119
11482.55027735585	1977.0948816460718	5142.949072446563
9605.423429050885	3258.1741573798845	4956.048307420358
11918.623950760024	2548.68673139838	5027.241646586822
9760.61830261895	3111.7160531541645	5382.2958960924425
10463.64356078307	3362.962085375156	5316.161613279743
10401.117643259562	3465.7208743499973	5395.630546070757
11486.383500652422	4222.812332793112	5164.851466927649
10903.148813458029	1110.3511072339056	5476.2852543729905
11197.951108988465	3447.779375169598	5380.520077397388
10717.238220312684	4075.5824120904463	5176.089695655817
10705.543858432964	2842.8574678383316	5028.194831442151
11213.971060008602	1661.173719499919	4580.998629718183
10005.969119160665	5027.918895229338	4984.843577004614
10291.92401354577	2981.3261541822076	5578.158844520231
12306.573740477948	308.8166500392537	5432.38086435762
10871.152345766652	2979.180381284696	5384.434280747507
11743.346150855325	2172.641573370428	4974.708834184419
9435.218737370253	3072.7340096609546	5118.885041455814
11013.688661350636	2549.148891489068	5373.034584746576
11833.52159902541	3291.4121827742947	5262.974735273368
10929.491639219654	2051.737851992874	4514.138326303463
9401.052563362486	4699.773350255984	5505.754470918316
10499.73783606394	3373.6028438309027	5286.376375958344
11943.85015036573	2432.854032715977	5461.61420683867
10455.172003953603	3394.025348939102	5579.036848476809
10929.710357998641	2075.770379816938	5212.6085994627065
10189.777516123548	2780.064518353436	5216.195497125691
12103.420798472327	1321.8425847346443	5037.094735643414
10494.540367779033	2819.076512111121	5155.374107849278
10445.871572913069	2270.8889181462487	4579.202913590554
10775.965552264963	2429.758801903174	5104.184795221378
12001.692461255701	2715.757718433194	4863.697146438307
12540.160548868314	3659.0523030374047	4867.328505033592
10922.683047970499	892.3770339998629	4635.270065974409
10493.026887801801	2413.8566233723873	5258.996184850229
11893.76149707108	1639.192621038893	4872.839494492111
12402.141755409913	3133.226950694082	5069.363102506945
10336.215392090378	2834.248789596165	5352.243349516057
12029.948972876522	1077.065289308451	5018.845022411576
11434.966591283257	2762.025987228709	4627.665319156198
10203.101707742937	2849.4365354756173	5126.1656651241055
10485.250565774819	2857.422643249864	5211.183340374911
12083.0614947071	980.8464471196604	4926.98264639473
10201.628160013366	3863.44022094832	5482.5509966527425
11551.389826608152	1590.4300556139326	5017.337087450887
10240.63423937021	3468.790192090889	5124.698929635317
10052.015879239383	3198.3936191830294	5556.421285315789
9592.276356565573	2839.98642056268	5011.834482109878
11237.729966778012	2765.555958636336	5690.25830165006
10250.164197834356	2922.266766483524	4897.440690140402
11734.949320489462	3440.683642913083	5234.086902975493
9678.297169427708	4382.853332163081	5116.131863797646
11553.399888014099	2833.343664483471	5281.915633550343
11027.193292280263	1413.186994325394	4677.292817933748
12508.02712647894	2782.4766011469287	5031.2365958
12109.667828777321	3163.457843561273	5194.307681992942
11471.42536386622	3357.2994163514218	5014.702245248695
10374.621750393688	4102.700074130891	5169.370539484398
9893.72153268108	1247.2716257146542	5342.939928310114
11393.898184339825	2487.6524995862324	4752.927074492505
11825.519491401441	1514.230294558829	5220.964542273687
10527.100152973615	3225.0240552120918	5017.357674106148
10558.287685685404	2973.817230357638	5319.609420458682
10195.144758194065	1714.1161769299242	5116.8715357923575
10593.140741484942	2541.693373341333	4880.716575384
10559.25012700203	3820.173099449222	4920.836783603537
10305.321132132054	3935.5567930081284	4412.428026174338
11585.01490965422	2345.363775024866	5395.235597554969
10874.903838721406	3101.5122003456477	4954.794346658819
11331.41522074607	3207.0704847515794	4355.870957395174
9767.412443280195	3941.2957357292044	5061.0513666646075
10705.979891481282	2278.0285938252205	5106.926004557235
10572.31734136603	2501.4089397405323	5162.03003143051
10337.78730368022	2602.8242927021956	5244.982783694481
9021.76679815386	3399.5477514826566	4896.934612754784
10593.684247348654	2954.733246149591	4672.846624157946
10227.262480921327	2742.9227616693115	6033.115871325202
9150.75204212703	2827.8456476243505	5323.901259044651
9467.17911463797	2950.944634070825	5347.864266142448
10635.139263420688	1803.5765829743596	4717.274775217242
10376.181713499374	1698.1396132148473	5593.915432666598
10861.143480743152	2268.47661272207	5025.969526365763
12481.804577219362	1983.7670757506337	5034.029436058768
10238.602704297988	4078.7414493811048	4907.607332545409
10912.59996480577	3458.947642624565	4653.665917513928
9855.818816602921	1825.7442776570188	5694.614755063945
10101.131715959244	2842.3301338092188	4937.278825243634
11672.834374431945	2776.022168103009	4911.50912732692
10525.956967125121	3240.733432206412	4648.046326736541
10928.018605037296	4090.6857409446234	5220.770890281853
10301.31775875472	3043.4534387831577	4948.283562570607
11041.858479294997	2515.8784617468186	4751.373891003019
11508.95458211062	2414.2289528859337	5649.508949142903
11582.940555123052	1053.9675908531133	5438.416835033341
11117.66022870302	4501.537412771036	5237.433021354506
10218.958457562896	3046.815415916925	5287.653767743553
11646.79190221098	1431.0680365736123	5088.462303531538
11337.336797651727	2584.2780978335327	5022.846177056235
9538.789189277917	3442.030008217959	5334.731680371501
9998.088899236587	5776.742798134365	4726.977648885458
10478.25900436514	2086.937472433883	5404.135678262495
9375.463870646843	4104.637388206374	4877.7350559526685
10238.259154114743	2822.6759553885413	4847.241633001238
11632.622130189573	2542.4331034573656	4518.56835339585
10102.581073396464	2356.379606990872	5329.709664281502
11276.79427190131	4030.951585288035	5429.614396509433
10995.034051944249	3370.4988312654455	5378.4400589910765
9536.898982977224	4277.817219397331	4451.496734469609
11653.45110090781	2015.4942456705207	5682.750399494025
11497.164434768369	3317.8071025979066	5474.825843671952
12043.522770741858	1592.8671131490253	5426.530634094693
10341.504037791523	2584.4692720911216	5135.346188480928
11458.260954185593	2154.63833777232	4733.971767693792
10973.865953755134	2338.301488521807	4824.250012500243
10019.326240962982	4341.074796212138	5330.6238616273895
11524.89089078209	2128.839167801306	4613.336006780049
10199.342154433414	4060.882978035292	4744.4408933742725
9630.033686378549	4438.968938375708	4741.232756618076
10081.47643039581	2976.5138481261943	5169.5293647697345
11620.432690759915	1487.831725001966	5134.209105400975
9529.208455905768	1625.531338672667	5587.394320938371
2134.1936846334625	11491.487130865797	5841.183155805747
11466.793667858277	1562.7029326417542	4845.371290800357
11679.40646863652	2244.37742082268	5265.19236748123
11908.536593914378	2189.7482343597894	5634.875231303356
11562.305206214909	2195.5720382773297	4991.4442077911535
10447.594931117192	3871.4659961917705	5409.555576251001
11387.598037081054	2660.9107026614697	5073.310499651882
11173.527480550536	850.7546636347217	4551.631749226308
10587.009424260128	2411.2151726304696	5845.048703221963
11425.3738667921	2295.7582946483085	5213.563114138669
11813.460704750585	2275.6211294741406	5891.62294467662
11489.039793161002	4606.915232069151	5396.01122063921
10208.223722127512	963.1860231029405	5267.582716988263
11025.013651108395	2867.9356109670225	5030.851936496331
10130.935485294664	2881.9763634922638	5050.8169886775795
10017.99507575297	3599.244952769157	5354.725218900454
10997.642338926486	4976.79339566259	5090.045728770908
11154.349170831832	2937.6444938970158	5248.107262299283
9922.118264025925	2614.27975952867	5271.443006470732
12338.11904881989	3880.774234709642	5437.225750518681
11249.998536059034	3547.538318873241	5718.748134137025
10996.938983585	2188.093043030748	4881.69008132871
2028.0727157303043	10731.500597121114	6294.169933550186
10751.988156421088	2477.8520399263693	5498.278469879976
11919.646115500413	2892.382067755253	4387.036573119168
12276.253281996696	1556.7548046498227	5645.06537667648
10389.63228210953	2807.630917605722	5405.539980898616
10674.815371169525	2750.784141437505	4787.395469418445
10778.43280150339	1955.8576137931664	5283.357471402861
10151.626562788626	3850.323629678123	5109.319188237785
10261.95811539935	3629.886685832704	5147.338636305717
10890.337950933077	4170.515858517182	4713.783334501159
10586.411226299955	2986.34132456779	5209.837540302769
11760.604953377588	3111.329545804339	4704.5146569182225
11852.720695877222	3827.7356025472604	4758.755281047308
11092.082943677438	2837.709643539918	5409.049225560981
10843.803155534055	494.6608087018559	5092.874687584176
12492.330221750504	2705.3705521939946	4840.646279540287
9965.927714880065	2197.9064354183256	5978.380011802291
10371.835416501452	1720.6569838080006	5415.450354570474
11210.737652093821	2817.139504642535	4946.50198478682
10214.036628229602	4207.970262125644	4534.787891641789
11312.647693083396	4061.6293663819	4674.564886296163
11102.280618029527	3482.324166253819	4804.735866221348
12268.289050245012	1351.1315806431182	5091.407303586421
12197.370447430983	1083.9207921930677	4796.370288843446
11047.168396971965	1491.2022077519066	4898.592697198702
10582.892630954566	3864.4691792510816	5653.9383141202015
11417.474671575048	4407.073265675726	5282.083964304449
10067.89980930426	3368.4524285659104	5307.561795472786
10472.419519807125	2540.0984905932414	5697.870271920424
9320.302797728382	4621.1886728710615	4569.215409076727
11222.433611379536	1258.7268388830441	5413.285551951229
11230.368173236953	2650.444797749946	5049.360235170825
11466.378141672376	3812.4997608040107	6035.490430520112
10432.085558628254	2673.149620522054	6077.2613229831995
9809.620145925193	1781.045220980282	5932.785750896649
11204.753428171554	3078.5861552748133	4773.009541960027
9861.15459928317	1384.0976759779976	5531.6463770891905
11228.446732805947	1997.1618197457997	4518.384945581019
11398.454643424971	3715.944483555642	5385.163419679612
10676.526783211297	2721.977156659632	5295.20949610974
9335.027341327253	3745.417537841468	4463.673904931142
11905.384916336252	4319.353880812424	4742.579344316008
11093.592947319248	3304.4621309648223	5461.235673096536
9914.323781514755	3894.4508457962993	4982.967272576067
10268.8146782439	2002.7488289297455	5186.867939982561
11395.740255712117	2352.264472552788	5305.114418121325
10438.160426790455	3819.0610131336775	5570.1223754658895
10813.545224624137	4509.038466876053	4499.126524200077
12493.628140369983	2476.948329907485	4564.527348825773
11551.211087051974	3106.1985474059225	4232.8519993636255
11672.307093275416	2428.97936417184	5240.569604155813
10677.207106172551	1840.7177699026922	6096.561838943197
11937.55772204913	2421.344779520843	4388.1085525698745
11258.084845670071	2956.208832023203	4768.210651095316
10260.11788105822	1458.807455652188	5730.224742791627
10548.847994545684	1664.0693510767856	5575.205509232772
9851.113440815794	3068.2101890552117	6002.832215919323
11005.023685173586	2106.0194842770943	5583.262645478684
10477.157227858203	4072.0754730738518	4305.245653572859
11656.176942501037	1309.9294956292083	4684.946695742795
10728.797425839011	492.5115795095344	5102.519631152901
10053.29080957475	5634.654665823141	5538.757840322968
9361.96060625635	4042.5625499808793	4795.590858823297
11078.363968882733	3894.999328335318	4840.241721049438
10552.846281314305	3527.4247767927227	5227.042303138299
11839.315623593546	1854.8924257440872	5576.051783790597
10021.986078693952	4123.104067673579	5144.173620230997
10306.105888449094	3147.1033837447126	6124.370307952162
10634.745746670376	3084.3416283102742	4841.57217820905
11426.545240314113	3672.976263995725	4636.818445531992
11717.688114703828	2749.6643724466376	5105.914366006243
9650.451778709034	2263.5635754898794	4601.937473025289
10839.64941052753	2762.2053316701745	5406.310602196312
8908.087182941865	4190.67548307559	5313.71489051088
11809.927469713235	3935.990119642419	5126.813013549003
11265.248229768915	2046.838376770673	5302.5469411342265
12011.67597355392	1620.1935243023654	4821.621373584931
9430.882544712997	3324.3879637986815	5430.1360551654625
11556.432023358391	3372.8726523301393	5261.941523849635
12270.829814392164	2691.072437378898	5504.321571949131
11801.789051426567	4552.724712920483	4727.223416304307
11700.382193502895	2093.060902261949	5419.219842793202
10167.565650256294	3508.593832503969	5008.670813433736
9795.493743648214	3169.5661509972983	5474.796734427434
9805.042788197195	3586.121142062354	5682.6111372139185
10869.21107232173	2727.573059964037	5195.552763790503
10748.420177719432	2925.5321060253605	5042.432583645086
10214.521450006388	4315.615721930449	5074.41263187301
11809.997169792994	2747.6667234099195	4194.401414824413
11196.4548650545	2495.6566929994055	5668.207128270262
11852.127966761102	1689.2496315597218	4845.409147673073
9472.340239571726	3099.889587420289	5040.185784794203
10384.757665693007	1655.2320803432162	5786.10588756525
11952.679437996107	2098.314348397058	5586.079909524343
11412.388191362059	2479.3635256068164	5469.595813560037
10460.321587339506	2454.410149293909	5609.365498054472
10306.296882206118	1642.6073935568713	5449.382332236623
10583.598257136775	2581.67141917028	5183.869129854539
12095.23146574866	3786.5322984427867	5255.716555259152
10361.48050133681	4198.992359918322	4457.604837661277
10727.004577986318	3014.0347875965977	5117.176823960715
10505.134235868749	3947.6390756760043	4619.687677245628
11710.810678765427	1892.7683180216047	5423.992952977728
11696.743995597426	2323.1269536932373	5038.398110584215
10998.6782911702	3188.066357045074	4856.521449224521
10768.342060147477	3878.1580841970726	4917.167601575738
12582.180630148057	2286.7116983059655	4940.368765743827
10221.87292764656	2147.2830849392603	6037.244232220159
10956.487116468912	2517.8029727948183	5348.294617110109
11222.635145733424	3280.0508982360925	4530.070946969951
9274.353503658365	4780.914867459572	4962.4238761551
8820.730522465517	4300.775858424592	4846.011892315079
11778.628289169346	1638.8309360858395	4596.348668479917
11284.514688062869	2396.6739183049135	5170.892151649275
11875.400175440445	3142.0207752629394	5373.872808622808
10827.448798545214	2783.9169388121827	5770.501461188409
11785.11967475987	1942.4071739423302	5182.305015686537
10589.368574887045	3219.7955060244094	5752.88377954709
9484.365698710319	3996.4335819255043	5396.1261036055685
10042.184966994184	3097.9103004977223	5170.182309236567
9327.646973862702	2806.1330380847403	4959.615230430887
12664.98350871697	3341.346668935521	5292.961557153376
11116.568426952446	2801.6627663672643	5516.030185738437
12502.30634054639	1144.1900363932882	5161.452977126758
9988.468059880332	2762.8663246385927	5496.2356193167125
11915.90462680043	2251.5826838895487	4528.42564124172
11890.46068873199	3094.620338869508	5536.235881720489
10915.599372186807	3481.853655516793	5236.44098187673
11201.590944738513	2076.42241337017	5618.659902050075
11008.62005614433	2799.360241259564	5521.728362870384
12203.003625997937	2012.1192710738005	4991.260817481179
9428.760943663823	3608.544925691481	5206.464616834105
10386.957967723973	2304.31623909485	5911.88053379068
11433.857183419714	2405.5425903115593	5217.872791175414
10307.720987834804	1925.2818246065974	5428.329356601353
10990.839640346003	2522.5084031368674	5332.835608043676
9347.495424995253	3616.127961055164	4999.5487265403235
9888.715743504383	3386.7642724369566	5632.021548911088
10028.631837982746	2824.834440808245	5748.37780920285
10869.676303562474	3108.9970480087627	4674.557646543211
11260.960356936204	3064.1542063245834	4477.5519430226705
11408.231056215302	3395.8969346901554	4563.405482554311
10070.360476528005	3063.0326818493004	5634.128383313
11578.35338219142	4006.5798363435147	5154.530117335653
11556.3390910496	2194.7829936097055	5395.768762655164
10849.416960640638	3375.240493707559	5099.945523053093
11472.671860797705	2834.987980576365	5363.042449902509
11002.232116028561	4301.354435993728	4774.647851931181
11492.202128330793	2984.1491947816644	5235.648673850781
11726.815639545846	3297.204482676998	5401.749175912147
10196.052804017912	1441.4091257669752	4735.804801814194
9764.30591710119	2775.383434077782	5385.468660769198
11393.031752252731	3859.9274637424555	4678.540026627578
12072.357432894143	3691.93448338999	4701.625593594619
9938.654601241313	1397.83271594859	4846.653720046506
10744.214111982326	4405.215489002134	5611.395838412104
10535.155182067989	3515.3058912382235	5031.703980283383
11147.076573100549	2679.475819651791	4819.348082040827
11452.200623775187	4521.3873079436435	5436.490790903381
8851.925294742869	4600.792604701504	4685.961874560759
9875.887475860689	3378.507525452584	5108.5251961079975
11713.961600805198	1833.6834633214016	5269.739678327823
11737.080841632316	1926.0721928231633	5163.813660553214
11555.580160485373	3945.4759608097743	4971.053008681819
10446.561507341168	3677.906789379577	5619.227360798909
9901.864554922224	2512.5123164084025	5256.673235865056
10462.990576013726	3106.1189760337866	5113.793226721774
12244.503238852416	2572.5570496493083	5039.3233251186375
10255.184823994292	4614.510728785014	5080.995765182651
11583.394128989275	3333.419917535357	5234.158807246908
10758.314431853201	2986.7487733522375	5268.987937374394
10516.553951851616	2030.2633200591079	4985.5281500225055
10431.764129505416	1414.200916918427	5955.609098510736
9919.604552663954	2519.8394675663017	4483.757856636145
9892.044022573738	4761.226549404614	5131.220438041368
12091.5358058575	4326.9642354826965	5749.019989076057
11257.630857011167	3216.6624248268995	5404.965784918785
12334.717279917459	3899.249083457429	4976.479313458642
9247.92710350309	5283.255416272972	5344.619559025739
10206.261459269124	2856.451982198561	5170.903923891758
10775.100658245265	2984.052030926457	4470.81560436875
12317.690501296636	241.4755349924793	4433.434289164479
11362.186384559855	1891.1215087311007	5413.355141705422
11679.796622331223	-178.00891551317687	4301.096199796819
12432.986272638263	2999.8762537870953	5043.096089099079
10326.209270393874	1062.2652307518447	4880.130235005577
10262.712278595436	4160.892121447637	4791.374474422747
11791.517110214434	1223.402102812995	4670.475087473212
12509.11423231489	1298.9282813056002	4844.9227677336075
11759.63534209432	1684.2301157288566	5090.847036502141
11421.231048092268	3235.9733424544447	4618.893422624703
12297.11566297414	2550.2136009873466	4928.250089538044
10271.177919780283	2358.0402022596786	5847.132672007595
10521.53783468607	2807.054746926878	5733.510976315408
11244.151043621356	2304.4347869122244	5065.502407057783
11368.985966517956	4501.705531492876	5300.46610590646
10530.165793565824	5324.516923358391	4691.032974112228
10405.555970721402	1263.9754448288725	4849.296868495791
10655.561202883187	3066.017743104772	6073.050005736083
10794.185679376207	4481.834170083008	5012.098638911124
10858.270702938624	3649.9553947250743	5601.084887829315
11915.229629267806	2082.9007778998734	5191.337883774975
11256.881966968464	3686.2743700473857	5270.51741343868
11556.723316233169	3568.805545820988	5097.337915470496
11171.426457982803	1459.929921958167	5220.47922668606
10600.935857015957	2625.78290698932	5671.495472534078
12416.755769500693	2340.11109009393	4815.274018967719
11038.956866937326	1054.7822832406996	5092.218566599804
10775.328646569236	1402.805247863287	5356.714583701583
10404.121526129948	3414.389270846466	5087.957972867696
10830.461826265086	2937.7751101939834	4579.53550875961
11449.735964116986	1116.7654207738674	5230.802170656307
10266.909816531826	3471.7700328515466	4676.722102882321
10727.039084813683	2764.8589395995555	5495.7130633417955
9411.329187238764	3021.7944547664156	5184.717701618012
11589.80795954899	1390.3026211023932	5596.916281316426
10335.72711424543	4184.281693682734	5140.3587589648005
9345.357034816949	3821.1268013908643	5304.036169946593
11836.044457533631	3205.6967626048745	4860.963098813574
10472.207242193073	3833.1175629649724	5973.9619675187
8789.984648120611	5539.05194728065	5088.97773358081
1354.400158843098	12673.271454516966	5205.766373195865
9445.518941366818	3257.458724227917	5125.165318891173
10075.03848099285	1960.4903509424046	5202.792582916217
10365.3461885177	3882.9415086771432	5096.521450577695
11327.110682122135	2548.7417931012715	4319.622457182798
9147.407801463476	4239.121576051231	4391.6682464288915
10182.002724206248	2350.00450585082	4824.940181123327
11083.642619757677	1727.6887709194539	5102.088226340823
12028.283116724971	3071.48262444972	4221.123182155042
10653.790391414072	2891.7687094603803	4584.155349464603
9700.01632105051	4741.6893043857735	5408.229147390202
12755.055957890438	2236.68366324482	5178.421340522509
10379.2976044597	1832.4781921509386	5572.309850036143
11416.944417956556	3305.0072473207874	4781.605117571206
10537.345142669903	2269.987703987235	5340.361653616633
10383.69794836997	1616.2771760539385	5590.136278538836
10850.805600874985	2435.753518439763	4884.249529915892
9618.855172220958	3456.8668933446256	4983.420108323113
10884.614153456634	3210.2603506093365	5189.39687208533
9965.40604566233	4776.934865634717	4120.127399776236
9586.634542756048	4081.8726815146283	5143.784097396959
10454.222370178748	1723.9740268883209	6180.326916292109
11005.71212439675	3045.409960716356	5324.306784846137
10774.960387750345	3867.45126664816	5699.363167253042
10991.457441402996	3582.1259409919558	4550.41507167855
10623.035562781482	2871.93337197926	4750.868823424657
10075.923798184464	3543.21781977362	5138.641089757888
10814.185964689832	4711.431658540377	4833.348125607164
11383.769966498436	3676.6011192542146	4517.881837724519
10610.164882047035	2818.9546447749576	5201.827445086346
12002.743869343905	910.8425649442994	5559.838342798816
10624.486296728974	2755.41409088576	5418.547625997584
10716.816107740107	3940.9406164031866	5566.891330555671
11475.716473398339	-516.7259218330961	5405.270857455871
11738.840274116534	2698.0048280223396	4816.011253048301
10972.805810870945	2504.2585802574213	5698.338349854271
10093.05977441553	3344.251862312436	5719.470578910721
11020.199175534999	1290.7196885890444	5439.675694882458
9877.017810962123	3947.475258221863	5386.854970388732
10887.178490502614	2747.961896131227	5339.987431143877
12647.440163557598	1814.581109972458	5199.918895864305
10290.679710767705	3424.1853887816064	5121.244418633969
10447.208224151269	4091.0174034203474	4789.923552798162
10728.184367069844	3204.9441963130516	4608.606217947269
10714.654117912321	3895.5726347152463	4477.721219317468
9897.249749685558	3235.1947416872267	5241.2167055106065
9174.498706335431	3055.1348612125635	5462.776099754052
10854.967108282559	4366.858384803035	5376.711377854126
10685.538063494365	3070.761089694505	5020.7844454332035
10980.28710671602	3058.085472516078	5142.854871615066
10726.705153493798	2285.2189518788946	5509.0246277691
11398.695508830931	4222.232001909808	4639.433608429248
10617.640771571167	3131.7475957207776	5806.676460624508
11598.451976247296	2776.6783522612322	5429.68822288047
12937.767013924118	2811.3782998218553	4621.702368069955
10043.581855634156	3660.453865653318	5568.962603871172
9322.916651975731	4604.617309306275	6464.290585260815
11305.748936613993	2411.3590470716435	5382.583053942387
10879.851486359963	2650.72505133795	4934.8778518597455
12041.409109276592	2393.2095120467434	5289.462363469325
10938.390427875569	3191.9803846023947	5558.634231926954
11181.509894682238	2882.777381734836	4770.789322791017
12182.752719147971	1857.812210625945	5317.326057261405
11624.189933588785	4085.671631016006	5079.800986822425
10743.980150805288	2508.598230731737	5516.200662839064
12417.049609295753	2993.1954032067506	5029.02653191859
11643.53663686264	2104.4307107444215	5337.367717256604
10818.983854262075	4612.328230051759	5309.859442542453
10927.637351961455	2115.728571074296	5400.975761884525
11736.409942149958	3162.6372933261687	5140.46180573604
11237.059666741132	1813.1861763584407	4918.236898117422
10873.602696504453	3975.5252102281947	5248.492215980002
10259.364464389966	3065.8048495772705	5275.886655156201
8841.642762687852	4765.413963684058	5365.61169808373
8296.333735542108	4473.906403739616	4916.293478222184
10270.53426122519	2845.664170857161	5210.855688994709
10052.394191822414	1348.014050451638	5884.943314072736
9580.12965575822	4315.924221400567	4899.453807055535
10147.530985177931	3190.3749051748914	5058.350008529176
11072.68492851183	3345.162401485361	4930.393858700737
10707.435665815721	1575.618160941032	5178.424470286787
10424.757821507612	4304.065209964378	5312.03064338107
9582.362650729901	4625.1705252762795	5479.6032740219325
11055.698015174348	1460.7779391798517	4931.031774703373
11025.684271153345	2269.3974119630734	5473.634396928428
11232.13614095182	3379.7858030931798	4629.106684775875
10282.530689370215	3008.802824676879	5212.846837972023
12448.13078003116	1750.7169978694471	4685.073242112388
10575.652432332572	1605.1472600597492	5452.401995339907
11189.551271195332	2273.152726054812	4789.735656872103
11268.397298833077	3220.751319262117	5428.548999204106
11568.963864578596	2512.0810897831543	5063.854229441401
10885.95321345848	2202.8433385345647	4700.097113033833
11665.664347621967	3152.3124903453054	4751.487629105503
9023.223068187797	3919.952376373468	5034.662928771032
9732.649425737454	3246.905285063886	5411.725275477992
11828.162690756742	1481.6351874479249	5160.369384912346
11035.501492414725	2195.6911425795793	4795.233483165732
9917.339643771154	4109.044544905742	5160.24356078514
11027.754137700806	1532.5078085527332	4918.872940277077
9177.025084888886	3177.2024260214384	5035.461083895987
9442.559740666558	1871.1772914123333	5319.60725204706
10967.42329860009	3863.4390082081563	5140.107780063524
10401.468081287705	1635.0745363173626	5048.386469857878
10350.185815725314	3024.280152411774	4906.1156831129265
11252.065571219462	2209.1858878231815	4989.202834784123
8818.710969312775	4347.575172505835	4674.280870836417
10569.203359415533	3358.4453653391347	4774.775724190482
10788.837142916047	3278.890587244023	5448.450362555752
10241.713210211094	4081.8317563816668	5356.618531065476
10474.185316345232	3154.133627578879	4600.953182413244
10960.734119255463	2188.5586249154044	5100.421998863597
12128.748918397165	3688.3588443088156	5359.60805725376
12469.949016434886	905.6370956139073	4704.986144360653
11332.25040466227	1728.4555821832412	5134.131008206905
11892.079165333611	2750.2099987188803	5569.678439905231
11687.854863823713	2624.127867187199	4954.067477228584
9845.526751475516	3666.910152015064	4062.2681103643
11119.959330086027	2230.485502834092	5638.323258120097
11788.689057530577	2819.3114686812078	4683.213735737451
10275.821895901458	741.2959486993318	5335.649223408937
10873.156511286357	4417.0693730229195	4543.076819688338
11721.845452901205	4610.262732351847	5228.2983636016215
11656.408031766916	740.0176097407084	4994.871012444005
11186.593759954114	2243.205479749532	4910.9125160908
10795.127958048644	4529.200236326107	4945.279649464458
11195.201042651737	1932.0630805959772	4945.257187570433
11212.866807106288	1236.4445359198332	5386.963049510253
10007.070815871708	3158.8825639154334	5040.358083789986
10784.277086961863	127.00474118372819	5627.823367565474
13084.633393476393	1855.9369282670852	4883.277822453703
10403.097888329885	2251.1285227557805	5748.789142543463
10484.532597723202	2798.1823281297725	5514.76430920908
11227.301107296074	4368.2901659742265	5276.6516406252285
10602.386927312573	1974.7680154877903	5313.446302518611
10089.386470008312	2599.848000995625	5588.850789035102
9342.278674322202	3891.1976871100837	5335.2497785940905
10269.641302921984	3204.0900450704166	4440.948928370789
12819.226245289383	2556.1270788098054	4849.241817531877
10578.4099058455	2771.498724974579	5510.458367437548
10574.223295924705	3102.769684109366	5316.543213288467
11516.598998590422	2822.491540252738	5008.793557875436
11151.347856400966	3533.3537915437178	4615.202108711958
11874.493498443937	1898.480233648635	5917.289254118508
10807.063742262375	3917.9302269181394	5295.938446511974
10652.808240217248	2708.389271829306	5479.6687164433015
11508.576818192698	322.85278084123655	5642.5772778681185
11126.135368749094	1272.7137126387436	4438.987889708505
11061.204716686574	3765.3546096096115	5421.335141803694
10520.055772339698	3318.1238732751385	4916.102410171829
10775.53260558551	3632.4432758234434	5320.201263843903
10884.573941393104	2836.3448885751864	4759.7939012149445
12531.596401289831	3228.073806649782	5436.185864568372
10900.444858832661	2675.85591075341	4842.881584712761
11364.046042320033	4308.22646364867	5153.955008000064
11923.243507730205	2095.7174156920846	5495.887166640076
11353.766742544794	1643.38293780431	5001.120795049231
10976.336006103875	2830.519469331822	5413.388133855266
10452.969126610555	1830.523813993694	5096.82013886376
9421.632922109438	4147.633691434415	4570.919359708958
9904.708033750969	1237.7025400772798	5392.396938914948
9617.809396593088	3666.461468379203	5539.124873846334
10392.85368410267	3918.904485371899	5108.5998845751665
9981.614530915143	3727.2186294477606	5101.971210897545
9431.43759814922	3853.717795527261	5938.88129594237
9958.021291329462	3408.4272594703475	5058.122218706931
11700.037760735522	3908.8197242868628	4670.473255259006
11312.634524348401	3803.1347758501674	4943.231126633422
10045.247004407354	3107.2383529423446	4669.689085178254
11124.023414104642	2500.332839193251	4832.900236648136
9864.712442298733	2188.8466184163267	5743.930573462201
10675.552938644261	2898.304242656641	5721.4814118634495
9640.86887761122	3066.569328714274	5155.552212317299
11983.398150267618	1011.8325834295252	5892.074927730459
11009.005383865113	2546.95341988692	4561.509174415637
11244.598247496	3967.1666686843937	4803.874497184424
11493.997741320834	2531.242992766632	4986.4400079679845
12758.43924973857	1718.2320230284386	4879.039706832967
12799.666001103002	4248.440596378227	5391.619697417368
12073.913755486607	1676.5296595395507	5661.095760019716
10411.842792675172	3009.561427043611	5098.715179689398
11174.957583556674	3693.151867963012	4788.644118084518
10784.627636681253	1958.7775910418488	5040.320509086124
11658.24003334073	1472.7108067263953	5071.013229310159
9740.698306074406	3722.158060296086	5719.048056219567
12016.092266264977	2798.5927230989055	5315.082327433097
11881.422260780853	3953.1579829194384	4940.977047881423
11402.151670415897	2428.6472127710354	4629.69347054683
10785.008798659357	2037.1286574293597	5460.802104186379
9181.197420378072	1927.4114183225502	4988.948569655879
10899.87440831337	2965.9052131381527	5273.756538396688
12123.211753346612	3525.1263871971605	4845.0061366527625
10969.117840252211	3588.4496811354265	4675.743924646948
9968.743780802106	782.0672485352628	5146.394538537761
10514.67063520782	2435.284157884329	5280.706367073587
11548.83718631138	3688.318297770415	4649.656511020813
11399.902771060908	2091.289124346505	5597.018382847232
10080.905346455944	3244.189772967755	5374.269925972755
10594.393174188139	4660.182484447952	5104.498816566607
12156.941999458808	1014.7781198060381	5491.056111054275
11174.268413142254	3568.0528299865855	5138.19074973666
9031.334915785208	3754.355760330349	5254.629671141938
11595.404197182823	193.49365710189596	5212.91076722272
12481.362831320675	4478.145278429455	5177.73332621131
9826.225952609451	2326.547635422708	5279.507899780373
9263.903821590668	3323.798512033897	5088.051357213277
10929.30097107602	1190.187219811135	5345.4378586377015
11346.310453358383	3645.8979609584358	5021.14639156857
8941.73073313416	5047.003462867107	4757.540555467042
10971.21908873488	3495.8721810883403	4624.353943931714
11437.575130373863	3676.3373451744797	4570.904720284075
9728.416612878736	4788.302443078658	5462.6203929549165
10531.077738731736	2000.6611885096645	5374.896614309392
9528.5756779312	4672.69263208891	4438.662496033837
10447.945411659472	4767.284657675055	4882.588446396309
11822.452711292739	1120.0133912243202	4770.95230548755
10597.625695965027	2719.3492940675264	5080.137648851175
9880.170983147667	3540.595966751683	5530.07707910285
11489.8873433072	2852.1631733523336	5293.187737268507
11178.114993217137	3629.6191368106083	4418.752745709253
10666.747435018102	3165.2619732992175	4762.661407764832
11040.538025847869	3760.1060142386286	5213.810297159039
10346.125322997228	3424.329692793762	5182.504784445192
11948.821566498067	3537.114446751666	4660.504876316374
11834.349795971684	2515.40011484291	5126.8540665245655
9640.079491271665	3047.6334241947366	5549.025509602481
11076.30880078744	3725.865268833614	5537.4305606544
8773.246537505564	5315.2963453682605	5433.437461270399
11397.35942802107	3083.4222551052967	4897.161774769281
10230.33255904184	4382.784056045926	5875.046344770434
11293.642453308548	2327.4260726616712	5273.220007444364
11151.012747785826	2451.348186835206	5289.688402967006
11140.586831618803	2478.906726455929	5171.051876859017
9628.631733010605	3590.2144855001425	5597.714722352412
11959.196391304617	2545.576627301691	5045.187161293564
11343.459855298433	3123.465584215326	4884.216837162139
10067.723407481315	3093.5474131829556	5672.643482121977
11480.111195766374	2113.8731312903246	4978.534520352994
11451.162359408072	1772.2436947044487	5000.954301990205
11402.744684346375	3392.618383977194	4500.376632151811
11372.288292803009	2336.5283850973574	5180.631619175667
12198.364651412414	2422.077917439858	5170.152868480574
12483.933898509693	1858.0992122879122	4653.027972829809
11250.194957265183	2889.1270221479913	5079.880077038945
11036.91834136557	2691.192930380041	4932.7685753789565
10814.191493579883	3426.8237970668943	5277.615310850438
11221.385340018602	2795.7136673128216	5397.943707401861
11342.139868144577	3919.314303899424	5677.453966259009
10573.744098899127	995.5479076051752	5063.451731671845
11605.462319023336	2394.867498618046	4790.832843654896
11233.79959195788	3245.5163829345825	5575.008497975271
11086.477424183673	1651.918102797241	4995.234143944722
12471.606980482713	4019.8018617527264	5334.704156724173
10920.0658418509	4420.156725364628	5264.869209132218
9674.172844851366	3001.55183838985	5594.015513739777
11724.642376485148	2476.735349610267	4924.140093813654
10657.323484372462	2228.154412466992	4952.408138882343
11251.410725182132	1227.5959447339994	5759.290423649574
11505.528186103666	2201.0151426236357	5101.896075824238
10862.123417237985	3129.5942365544347	5396.31968969349
11541.215399541332	1381.514057361534	5724.943058296266
12901.71541562596	2006.4593989562773	5652.078234223043
10116.132649317391	3534.6336750921614	4637.408153953203
11258.248727269562	5215.679507467209	4908.7054435626505
10246.292457547317	2051.4061541528386	4612.311305632009
10793.693980769567	466.56733123471065	4849.848762523067
11669.25825506447	2676.42347797696	5658.176271071782
10393.465795935734	2768.523784597431	5360.0820940204285
9056.209805534018	4501.074949895041	4754.160929825575
11288.871446302981	-7.481570066014342	5421.4963841723065
11754.99331980524	2796.5218239508395	5263.570589184251
11031.816759045612	3190.410439941738	4707.993186683609
11864.237301663308	3372.1374637949853	4921.946258529897
10050.236843218223	3998.9065998509554	5800.1123156240465
9947.294355789463	3768.4551300430912	5316.599460225198
10737.447087101427	4915.824674183668	5957.5337659156485
9705.976716793837	3812.289705026668	5347.203132549795
9456.442773003208	2943.142556190191	4965.638247939043
11126.128794686583	3151.8620919624636	5200.373004271582
9637.802079185516	3720.179449646584	4930.419031970331
9257.926020842553	3729.7305720033364	6007.415575771622
10875.605149429204	3691.445967231471	5350.810983910896
10774.061025623703	2839.130380905047	5267.637618028746
11706.603768636236	3792.0938848296855	5146.747098402424
11612.69174719811	1747.9353200502858	5542.061317490754
11059.589641293023	3997.502871248531	5673.578346813433
10910.494361024577	4295.093459860765	5708.840764101361
10248.604394925467	2263.521531792585	5265.294894639417
12347.189344792947	3436.6940956653402	4347.604815124872
11108.594828071138	2320.4950612882667	5585.520978351484
10061.696366227743	4292.267549101535	4902.7522627742665
10160.94222117614	4340.999605567481	5585.962639396532
10828.501788307176	3444.105103064434	4870.962102873367
11599.273797203872	1507.5580977937902	5409.763473652982
10759.339984263397	2717.0633403060233	5761.68480757215
10995.388721920297	2558.090400532948	4606.890078384353
11362.034677361671	2041.7499355895739	5189.644238807605
8701.87566828465	4655.483106629367	5464.508354782862
11596.798899522473	1348.0926420072499	5060.636226398207
10391.07464644045	3240.2753884059643	5405.439443565268
12196.147195471476	3733.0756005266453	4451.593511674804
2842.948279526285	10731.394078254318	5904.2489591033045
11521.629678607807	1648.9045946352896	4509.619711692914
9973.224019566227	1133.7973582709612	5717.707864679895
8480.471966891244	4122.264201485352	5277.237472569904
11592.911921578128	4366.263312397794	4888.452236050679
9675.314649646574	4547.621547010792	5095.086387113031
11536.59344051645	3562.8148507948536	5080.905896606234
11332.40168772475	2950.358886404716	5555.066225996089
10178.519494061504	1911.4932638302485	5299.442904478909
10467.29144610854	1310.6476195833695	5215.881265338262
11747.29236650192	1797.4408868179942	6028.0124174374105
12222.937683283197	3366.72981404713	5080.360876874725
10032.680622566582	2801.530423167054	5745.45900801583
10961.593407845334	4002.5538970989137	4767.52171387647
11571.744720526636	2949.6679691424956	4862.856472860022
8979.735959408932	4290.539918579406	5030.846458225973
11123.35553073766	2232.601342029052	5276.989475351631
11558.098086272026	3108.0763884280263	5395.835415680256
9901.424349411123	3865.1813024923385	5071.196562768395
10367.326312364536	2865.2428031460904	5659.388873210786
10644.102210655303	1247.1440791397952	4971.286487872994
10762.35650427614	5613.999870385641	5455.290896583989
11184.646145455265	3847.483292760067	5090.326063296284
12069.239862816432	2856.5231344390368	5095.847345299943
9787.053992999165	2759.1064944455234	5183.367584592534
10262.636586803657	2388.4374435124414	4941.163489713369
9464.743614224548	3778.755183394629	5412.033516881999
10699.97008889792	2961.31973613196	4810.595986344474
10891.772570279485	2775.836437980574	5264.3998276399625
11760.523088237696	1209.370303188828	4685.200502560585
10904.754823079174	3521.574170090553	5181.632370088469
11698.653222945419	3451.933738843865	4710.245206712057
10053.682546601114	3007.4475720090913	5162.0256341956165
9919.89758021457	2918.6385587871705	5198.855386208043
11474.213872165965	1970.9185220579825	5479.160776803197
10751.175380030487	2344.706550114261	5221.00017746609
10041.472307850383	2346.110948478856	5155.83452666022
8963.545657521856	1381.1571631345394	5511.3722422676965
11245.516309543094	2704.3597493891843	4564.472545880808
11816.380278649414	2233.615375227048	5168.710930006038
9929.041289662711	2976.538222082477	5834.5529620049665
9686.93447323656	3570.938195808278	5054.755291002722
13628.93719747799	895.0489993928115	4939.797123302463
10582.714550812834	2705.2836218134144	5129.432497977803
11992.746983954159	1877.3188834059692	5040.469159378871
10778.688888031456	4941.012843549683	5557.911313099216
7037.912021798256	4832.557559597104	5071.4247802863
9725.266114818889	3858.914056243489	4980.050514749452
11136.331813175108	4321.821846076156	4817.348003846385
9653.306636291365	2113.2473129151176	5146.344191801826
8674.16565978334	4465.417140147031	5700.400827076281
9522.698672792414	4981.45587347909	5016.472948076197
9814.73367154045	2151.1244135436295	5213.160577587033
10072.13271474561	4618.302283013523	4650.414440829834
10681.94916767371	1424.6590673633611	5232.826199795598
11981.53384404088	2806.4500728016255	5186.536952493274
11589.977069545761	1409.8094433354208	5473.262640991459
12709.23971409723	179.88213473990928	5193.632905379114
11309.944936868262	2532.847181019152	5113.650256757126
10622.14342368173	2790.0618087781995	5566.650098571126
10634.008882945755	3077.609659645655	4882.466931154188
9216.485535805412	4742.964180767666	5366.032151569508
11870.152237599163	2749.734093269634	4917.513131172555
11621.045039012393	2957.345971535841	5693.11589354469
10919.424801429277	2901.537151601711	5261.567687472557
10268.610275003599	3667.5821787470786	5364.228539941883
9686.513118118613	2308.619970066779	5473.572953897782
11181.520811639846	2330.367031964838	6132.771248854891
10521.543484580234	2595.321225836115	4721.704739038186
10281.78211148029	3903.7058444443765	4859.3376983903145
10512.802275137788	4311.976369258151	4863.5108617717715
10669.616618709617	3025.470971744182	4761.868556982795
12705.595216806787	1926.9337615410234	5676.843236704615
11322.242530562791	2689.989432796388	5327.545944891979
11481.039368898479	1708.512015498201	4871.473261013676
12624.859625514506	3026.3048452016424	4788.535319160444
9308.102023207188	4976.795217790932	4773.778281806348
10903.012656972762	1640.232169780996	5575.660381751282
9497.570766004052	1931.0450623646564	5146.473644905771
11029.358561975094	3150.7644304544538	5438.603762994601
11587.526773692407	2408.913056777326	5307.312649683447
12402.312453769864	2493.958447044193	5351.374202352195
11715.314718394964	2363.181048724812	5038.412761308906
9761.197185495166	5411.391839717384	4860.159689730861
11883.36912482285	1998.62224237608	5431.481143239754
11176.80683235183	3070.7247177713016	5154.2904227285
11758.713050331673	3880.0039184573384	4868.983906660303
11285.880716658994	2489.4196094162153	4292.3343772932285
11065.30649551591	2842.117702715331	5020.415560463119
11178.319568131272	4714.8581022202425	5478.469136574954
10027.886083091687	2944.0477115133876	5701.373954032918
10615.209341614905	2991.167693436476	5088.199742775549
10766.598129342588	2297.251840289146	4724.717723191937
10948.456226066786	3737.065150930159	5009.187776607016
11619.163457472967	2378.3569083381	5439.030929727841
9981.758768273574	2864.346968089095	5395.115162381842
9992.142343837502	5266.551916844513	5587.8062479226155
10693.021123981498	1064.5404334655514	5795.845276417922
11890.471565780917	2495.5823952929654	5056.111228898274
11168.398582964746	2179.783593331588	5207.844993146888
10899.36923111236	3295.86516528482	5426.1654068985035
9083.276048199608	3432.1691534504735	4856.519999071237
9515.54329116491	2813.171180413158	4570.634384015139
12053.575570541849	2818.9265418809323	4463.453861844161
9909.765287569555	3374.8097293535757	5318.076452149873
11214.439918364238	2007.1036608927445	5135.968477285144
7975.507982998055	6059.34857762366	5152.580058001628
9752.400902403531	3864.15371346496	5277.39128456372
11454.206873509294	479.64506733407774	5242.816619904631
10539.264166247312	1320.5184225064318	4989.143580685818
11868.876551556932	1050.045125083894	5182.535710185713
10686.306080969529	3288.6631386387103	5525.021319637558
11299.950023837666	3403.3052869850994	5379.497401158567
10332.928941368242	4498.855674539461	5430.572989065726
8939.741765027018	2879.68937846242	5117.5443064576375
8826.374005069725	3012.8580760399022	6251.057204021234
11111.290876346462	4461.808246409045	5340.235109057734
10885.879306516063	2570.934251320261	4805.613058985201
10357.924233648835	2851.3593383047532	4916.532049321841
10479.680682465303	5314.341151616231	5036.441905056522
10493.138832127172	2556.5011166305126	4952.176340082244
11747.038128021795	2548.4326527032626	4793.851449060297
10482.21505649393	3308.11098603625	4604.192456704805
1229.1464112571607	12524.272640836301	5521.269891421914
11335.512297114288	1957.8899674244358	5068.655630494123
9326.92066734618	5379.755329891125	4888.300594560346
10384.195836709405	2049.122454309229	5461.560836448495
11080.120125906502	1239.1716051202332	5264.781215730337
9567.00696128298	3609.4499338781757	5320.739873116262
10697.725350965604	2464.5206340179916	5032.300664817568
13730.336170666991	2120.42497444033	5069.867095837526
10868.254253724115	1400.5147291899975	5112.255778955291
9706.211740870483	3133.6801722206274	4878.217316002047
10995.931548621475	3945.4319025609157	5735.692440085767
10025.969239841057	2954.104615956517	4974.837244804644
11388.102361834968	2273.504312155712	5089.314897950242
12219.747764765829	2648.3049411189686	5094.99917363823
12176.716785650895	2883.1007287214306	5423.946088128156
9074.962613134961	3189.326536009035	6008.6588956451415
10447.480791108723	2158.8057687013065	5652.551739057618
10079.130330017913	1969.2586948769529	5120.956236297139
11068.358862620886	2097.94433610461	5727.388640407441
12666.190198065127	1122.24083224737	5365.793011027485
11629.726498050073	2999.372619934551	5001.489283906567
11513.321581991335	1216.9821527933802	4213.772570648688
11313.852027193305	2274.6766623058093	5433.219540140067
12452.584148535876	1349.8619350292477	5179.832140175137
10499.751161602793	1997.2339024684127	5015.091061339509
12031.157092110883	1985.2233501934138	5838.43597208189
11504.128584273742	473.6616697927977	4689.459840159988
9789.651358025953	3658.6657909769738	6366.421778934566
10721.761831802321	4425.953045319755	5200.4897347077085
10465.942127168264	3734.6114008953305	5029.5298405532685
9517.828672483056	5078.546992074544	4892.264398759904
11355.8995903097	2226.0878055278226	4588.042287878967
9780.934154834542	2573.2668499513697	5516.111632356017
10742.977353801498	1762.1845060778837	5218.445250861853
10284.244062201176	1286.140633498293	5515.645090561658
11222.028214494228	3855.273928250837	5234.361899571739
12510.373239114591	3050.989248717519	4941.317860605038
10503.792843076515	3209.827150822707	5236.938621475909
12160.061464894246	3375.0499750961562	5208.945831213752
11099.7619650847	2298.933257636501	5619.950302342723
10183.364911679142	3835.481974580587	5247.870238214339
9414.904667716728	4046.918391492289	5177.795859804616
9715.973947069313	3634.8984055931464	5147.020501993497
11733.459955870365	2242.1658280297715	5084.044951117066
10728.773218119226	3681.052733912726	4948.812057219411
10930.379974640686	2198.8960715103335	4690.632511794367
11896.232354877933	1128.5002664095446	5959.1155665305905
11623.694235179322	1291.307904874463	5312.494410740455
12024.37624599276	4106.688490806488	4755.757916667001
10269.625539288652	5013.829072892085	4492.542132863191
12142.68035480059	1140.4299487406597	4752.271706815139
12408.856352712615	2710.1366276310446	5440.494212947984
11381.523988318051	1041.6561067807615	4785.3456023514855
9708.1445636013	4035.060033939789	5371.318854112768
11268.063722991159	1518.3000551114192	5359.751379585028
11363.898186744564	2702.230817607047	5561.250494561965
10785.590552196607	529.91482318446	5934.959284159225
10274.621297156893	2578.1338584692935	5106.805588917072
11582.08983745289	2967.575178608525	5412.013220764453
10217.870343896131	4933.717571808049	5787.533110737521
11432.754572743575	3236.452082287801	5724.675270351917
10981.098592726916	5229.138942662739	5275.796807599042
10027.828588859666	3366.407977127701	5683.33560358204
10927.004833117626	3081.5840574365097	5078.497081715719
9483.247509913033	3937.3284938255565	5046.949607728975
10372.419102625792	3956.4934769305396	4974.327452600902
10795.406621658578	3302.3037746900313	5018.691812135928
11294.74295859978	1919.8340487220728	5319.782410924255
9566.089667007891	3857.0132482737754	5029.706192526073
11562.956131052078	1375.2051672781836	5149.437961319397
10716.44899048469	2251.700866946396	5164.608528008753
11343.279488422817	4073.4910682008694	5039.167556896437
11273.562745712426	2745.2430048386477	4952.566380528294
11603.05543559537	4152.089139534171	4852.246433218404
8936.896384106887	3598.4347710422317	4855.234010462636
11313.390832891522	1865.590407281073	5480.884998411629
9927.85929782989	-157.25620688810426	5107.534948978727
11294.237717947302	604.8478719848772	5219.551374579707
11163.366735036647	3351.122338929296	5293.534362906411
11131.038292914427	3340.246084782587	4906.580801169569
10917.05945969289	2942.7323937475985	5309.516809457891
11403.926543414449	769.9927411039386	5739.166275066312
10822.649411528317	3912.5870917851776	4812.944604433313
12372.977117656956	1451.3080144380585	4663.110344708546
11651.825269526771	1689.6223649623466	4860.161101949894
11351.45975353539	2601.7581293427693	4989.325413159832
10458.579492960296	3683.9939962982826	5184.822414396107
11821.189521244914	2595.641640087138	5037.791399972326
12346.022883258223	3136.553973243509	4213.211987589742
11049.593894942893	3518.006203520317	4591.64670872522
10399.282118728252	1691.5307746814337	5224.5049686782
11629.857447049222	1589.2198434771665	5094.857388331184
11715.794551388399	1997.1441844628773	5103.806268764066
10602.120834989692	3583.062603827705	4608.41405326839
10636.43896542153	2452.5861180991683	4608.801967675657
10478.43272275251	2576.187882236967	4697.936073914034
11770.082302178862	3601.949664215899	5408.97341051213
11396.500264344413	1368.8541785519358	5113.480526736433
11461.258420219545	3556.285902895778	5268.679192733316
11491.044263380705	2990.5076233126606	4636.422985669891
11513.846217341968	2881.446941049304	4973.062936926407
12003.032873229973	1289.6684142721215	5139.563452186247
10754.091597612052	4508.998571647282	5031.166117276357
11465.965785442704	3200.1813118240566	5131.902475051949
10505.961270352303	3765.8366866007823	5029.714086617509
10082.431318020857	3459.409780889274	5008.271572490615
10716.82989297679	3736.4270912387374	5224.343703679372
10697.320454096935	3163.578443201914	4937.545170895995
11179.223589251917	3348.521452042715	5314.336700890847
9772.142382773953	4145.528742129412	5261.675076371927
10716.151187610201	2025.3194150648533	5787.616790645745
11102.098047454969	2702.3274167837844	4861.637908843874
10980.810264519989	3328.226596395202	4878.55867771502
10625.26614773597	2821.6555263606915	5378.475750846354
11099.84063433832	1436.8064230000948	4746.18242154847
11600.64195226417	2515.2882678082315	5233.092754043143
9156.437303716615	4814.600171922566	4864.9748914548445
10774.454121226801	3410.526318695193	5013.376415512293
12031.686337499357	865.7243989692377	5300.518418398534
9279.71555345626	2607.784739159553	5879.131835864914
11294.420459902572	2187.94276272667	5013.128841690883
12061.169587319455	3199.447263919487	5161.239829723097
10746.892543520105	2410.23457669104	5405.243768105641
10864.283713212943	3652.519190731862	4456.808813330181
8422.363306909581	5240.0499560326525	5246.579006654294
10446.104314326285	4171.789459078788	5333.160817937719
9120.871113022027	4127.706200628602	4863.371651739803
10139.813874827796	325.5900772627763	5117.420955315693
8255.201507745245	4900.605606520445	5605.836270182582
11073.02009857811	2545.633411382542	4886.353335979865
9882.50332338764	3927.876104766137	4260.278880064486
11573.298871590727	5062.475140226743	5356.19596163178
12415.002312046703	3428.99824019672	5128.683677922707
10708.605906595072	1829.3746971679095	4631.340121738492
11412.347692430481	2953.886809442851	5032.514993650955
10380.265179847032	2390.4365859627724	5852.169144912553
11071.240833171212	3040.1429384991484	4276.229975180621
12161.260191880523	2265.6156453150415	5253.476113033555
12858.44672051132	2942.4226967438685	5269.794112044914
11196.490983061823	2252.1518682034275	5096.208485319147
12005.326550747795	2792.1869465333084	4752.409692236526
10392.910058312766	4258.575523957382	5198.70019749194
11879.573880379989	3508.4192332935263	5243.15360076886
12344.98247365708	4673.517649228482	5585.309142658839
11727.51812057686	2832.395225242544	5002.281086698723
10887.786523373981	2275.939733306379	4662.029008520895
9703.815010169707	2282.136867450715	5311.340713132862
10933.94618586202	3524.7217831447506	5235.361221110974
8189.5439851587125	5602.278587784323	5404.570620553092
10033.517672460159	2679.2947801035666	5067.391975310725
10663.400938830357	4278.471946415461	5173.205980564504
10576.846721793114	4656.093857931056	5892.220121829011
10149.34122183875	2734.9471909773188	5072.887820057616
12096.122600671379	2613.577321108287	4690.563099876954
10403.618938865995	4115.130018307319	5104.679950964235
10643.43606926232	1995.9128321403966	5083.4921426390365
11444.781400478287	1485.0879829130934	5243.012256344157
9125.75121514189	4172.32703734648	5278.789157418453
11229.593477597076	613.1533995423857	5709.984684804129
10371.066582334777	2855.956461137396	5106.839366824112
12809.250254080791	3922.083015868371	5744.498547062558
10488.994622805782	2013.4044646875575	5027.378439658123
11389.848799160214	3983.277962445368	4515.1704684296055
11594.709842869292	2263.752669870377	5015.02415634669
11054.54900746345	2754.965392693658	4993.859240783925
11819.233612074298	3233.498148394369	4668.436522437214
9210.938525215943	2695.9624398278443	5119.894181858964
12695.073648459704	2921.427629251212	4489.007427894858
11298.781694650059	2991.7072558486543	5289.116507142576
10081.0618895747	5086.763729492903	5017.630050470626
11905.867209820493	3873.214694674521	5153.221677006178
11673.506267111678	3595.115577166432	4790.145442321412
11497.97789217335	2857.895986190838	4811.044509654077
11823.662852176429	2779.7538842427416	5755.455727586317
11398.79395914337	2144.7693011985957	4413.641407250428
13054.616097050186	3606.9369303860267	5161.286656883718
11976.1773830939	1337.6828565102337	4767.224327012131
10950.214164271287	2703.144163919343	5016.2104990422495
12766.03977606044	4028.5219624933807	5121.2110886297205
10727.741071364628	1031.7355995465173	5739.237976596441
11780.024683499949	1842.6887187224495	5170.969928345579
10480.291984508987	3153.871638441388	5731.743069058002
9256.413606864704	4334.630610780429	4981.821802558956
10442.164939545164	3753.810553866737	5157.962961918093
10121.101240613123	1814.6998865259766	5233.5652747163385
11272.593871198444	2034.981695426989	5558.526627256309
10511.853294241831	3427.483790355257	4626.652264393385
10879.007627452536	2846.2838470034844	5197.424783641564
8505.094983060122	5948.502318136829	5410.921115386116
10717.385004362332	3040.016326439328	5282.119782525075
9339.361848192297	3043.9719343995716	5683.00328063238
11130.525302899558	3007.257463488126	5221.624829422613
8589.9483029613	4778.467038028008	5078.693442588549
9846.533666385829	2909.3516455990934	5206.6391456464635
10491.545530714728	2790.380021281504	4673.3468957885
11826.586662265405	2678.2025875170234	4815.608323072034
12195.327538466903	2020.1466044617775	5221.297351188606
11709.11261536025	3037.544764078835	4639.621458853188
11257.623503152925	-89.473892467407	4696.621445717701
11828.527422343195	580.8826336109088	4733.744913074335
9569.32672880199	3804.776661468049	4861.5721837150395
12249.524242038397	3475.114575935479	4972.885831245104
9951.937465465186	4328.999820484846	4628.561703137135
10178.710837199273	1370.8094546825425	5288.662098806923
10765.115602926977	2383.607605520135	5309.756278394376
11519.5501450965	2211.1257363226496	5546.696748372179
10385.160969328579	2557.8996286035804	4846.913390450635
11278.857738155108	2419.964221641645	4683.620032789912
11270.899301375473	2366.8408914963134	4436.979227000772
11807.332600443278	4388.666529874475	4625.00442223246
9209.426386506833	3051.035126915502	5190.901639546361
11283.989617540494	2075.4541625529123	5199.779124308116
11007.245618629806	1907.93950698583	4864.002666024474
11524.504914315397	3205.478255888888	4805.630598235289
11518.344583519045	5029.595086078574	5383.4799981166925
9544.740703147916	4651.506122769156	5139.147174155845
12570.160085852567	3551.8928354386962	5437.593713869268
9474.03848550797	1519.2086792371895	5051.313559815073
10270.68782256829	2324.6663670833686	5623.8419752002765
11019.366650751217	3154.7356594695357	4647.249029440831
9525.920119661258	2146.636178609997	4834.675368225407
11603.356517619126	4839.649790512736	4750.776171744589
12200.284694983216	2743.8702948651658	5222.674749800447
12029.800083933604	3412.906275038743	5076.948716856097
9389.214054910626	2161.416042153882	5356.674453374658
10367.488762307785	3408.4959747100947	5273.730259063364
10990.830467876956	3401.902439369696	5391.3538076452905
10951.96205217368	2142.6744881745167	5228.9145501250305
10081.189068758822	3430.83340456326	5358.311077916585
10990.79185763995	2604.6015874746377	4886.262696551078
9840.61824232303	2392.80169171729	5263.129153373965
11373.764216173096	2321.2846095721343	5114.2781095609125
10156.147757406537	3289.5692548281054	4826.780312840925
10371.418207621047	3009.0405065907576	5733.776867874833
10902.647431095651	2766.050310272897	5014.1592654486785
11459.349104405477	2550.905776503973	5953.567963293508
11669.872925905516	1950.1442360866808	5065.940645494208
10641.340894028828	4499.672597477729	4861.923308629627
11115.384708431058	2052.3404419069043	5676.682612009166
10875.018750926303	3835.9619444061896	5200.714456680453
12054.552661166601	3847.9618452055724	5364.538700926175
10462.0988331938	3088.0920467622855	5313.206190954515
11278.291518173406	3086.335240766966	5329.377757901648
10336.598882068536	2003.6875686370886	4718.714529896831
10965.749559109398	1445.9274836541763	5079.167037971385
11353.999398871576	2849.102877577765	5306.895240363032
11479.554858826932	2143.0851014169934	5140.766153677498
8734.805988645756	3880.7421342130287	5069.680122560391
11359.95695945775	1889.5211510296306	5827.683957035772
10240.031364110317	819.9314145749158	5155.240776809089
11057.470804628492	3014.0299127957837	4695.013200618645
11465.023555676189	1843.945477333914	5154.336049559391
11270.494686500142	2743.9918190573653	4455.426221586188
11224.73579985506	1318.3423951356503	5224.567421548827
10939.928012203849	3969.006206000612	4820.242857953166
10336.196823552731	3281.881543475615	5402.6638341587395
11310.971430975847	3290.029816770893	4909.04477631429
9459.323940672457	3512.0725130427145	4721.449116058762
9793.17265675821	3106.6858655837955	4704.70833120571
9246.671658499783	6201.078751072843	5140.063254351376
10490.370012183126	2076.185648946487	5585.549001311703
11583.01069938424	1765.4579165198616	4934.039665820812
11202.609939260394	2081.482660769879	5321.760739717312
10893.207181264444	2908.4692769071357	5450.644253306614
10780.096863068371	3303.2102673269487	5266.789487055946
9611.556535279105	5051.074781084972	5226.14617316655
10475.591875165075	1641.111412768843	5545.864353407919
9920.573012626732	2866.4965663755174	5897.879407032964
11332.522375193055	1682.9829250191767	5223.633631869516
10440.110830233887	4098.537583650898	5091.7637877226
10389.117665778394	5064.650566133075	5220.327589511163
10675.080500849725	3141.2954424941818	5741.22204064642
11893.123414109825	1735.6201225356015	5755.327870062037
11477.659865350304	4556.877975486786	4500.921591316361
10341.52745037897	3904.9755308075078	5237.178421751857
10810.506757239586	3721.0068759852425	4779.450088736586
9587.498251398023	3829.7179645777387	4924.898834864402
12556.836639763214	2199.1717192947	5241.641280930913
10052.194670881901	3649.4129340554537	5561.745758107733
11024.590070390324	2799.7844982826755	4882.949394072544
10594.960116149887	3577.6478837410828	5513.184821633473
11209.887596274071	2090.0293139954347	5537.581877166784
9438.458949981397	3201.986001995958	4795.398345556368
9798.109077164272	4077.9073450570418	4641.211747547018
10821.68869601549	1997.6440145734775	5041.8073174223255
11313.176050663173	4865.434960814335	4983.473287652991
10052.481758025484	4185.1422497161275	4412.14583365091
11539.897429697809	2011.0697651439482	5061.704809976013
9497.907307110196	4412.050993818648	4809.327496589405
9399.19467521352	4284.581857369025	5463.204101189551
10108.733323437742	4490.754326986287	5147.4458405773585
10816.97057148288	3034.839647094228	5468.763011717166
10118.29929098534	4388.179045472311	5313.461107754736
12312.60224524085	3631.920654605911	5094.548734085827
11914.361650388613	2681.0749491168467	4738.804174709173
12855.452881160989	2282.1344150120735	4772.006598463847
12152.72941254102	2394.3206113154415	4937.598167839433
10998.85896363253	1522.2427252828718	4765.6177078157025
10481.069407064924	2723.8247700976276	5063.535536299655
11007.390025871111	2151.391429363389	5642.345134685947
2562.493984890123	11468.132633954345	5283.427479846628
11825.920417626123	3679.1727592235193	4620.073178324191
9689.638392405275	3455.593169571414	5309.151897469418
11770.353829002086	1768.7436133709143	5515.370519045497
10940.685548425481	3106.1492112458554	4891.319557309055
9896.047569194528	2263.9799043199478	5131.72772053864
10409.066109778001	3773.6749613951165	5177.349847337657
10484.634698963437	2479.2792805296694	5792.49954830857
11449.07707809226	2686.0600261051136	4737.118049712101
11390.654604470732	2629.4437383207674	5115.085712946691
9967.428376124366	3122.348570071242	5232.234553785674
11404.251506565402	2001.6783078587275	5453.295270969065
11993.567176646196	2647.0114540334735	5187.111783420137
11158.497687272691	3934.5130396764334	5309.803266675063
8830.170911331974	3574.0989484878123	5650.305178002004
10539.482751535848	1493.353339510153	5578.693430963765
11167.089152979468	3782.5544316976193	5317.213053280857
11061.165184798034	2137.7991914202134	5270.847840789093
8941.989068561314	5010.923467254697	5466.128521131496
10918.605374534001	3022.2729251043993	5391.617276347882
11066.518100422692	2563.0275644940643	5240.392063664493
10592.529103537283	1859.8998457748428	5552.275586556663
11938.638577454692	1955.362686480264	5470.06973627247
11873.984107594388	3111.293749179673	5203.048737393602
11895.88450518239	2579.17870963077	4876.399851342331
11778.034785842423	4004.1158642183564	4667.527024148007
9145.598289468791	4211.542747285145	5388.3612858758415
11057.670968667095	1138.1213200841382	5612.408680133248
