12219.343897120749	3595.5434772671983	4430.149190189311
9532.81133801056	5583.0912952716335	5146.482636076713
1930.570038232517	15618.300766545728	7228.203083490648
1293.6761564037854	16659.72935282257	7063.0969964027545
281.68596094470587	15829.917236600762	8010.512093390885
1842.8256428027726	16349.431194942397	7528.851541944328
1147.6661695648154	13332.428166118985	7354.43269221341
2371.0386198234614	15914.732742392222	7419.3993755554475
736.9468459797716	15058.145334416391	8024.721883720569
808.9574425525457	15840.980193343163	8016.53097022001
1888.3258654495683	12999.511601284325	8069.877133692588
1374.9667212711897	14443.976637002668	7611.570457146181
1891.9901433159707	15728.293240348768	7354.1467984921455
1828.1078152962796	17796.95675878368	7219.196035108831
787.1637935425031	16766.053601955038	7279.485047275257
894.022403547873	15268.471900741724	7188.345944383789
3147.805180260981	13088.108411593095	7597.840548819211
1699.0154954643353	18322.908579587405	7406.194179277681
796.4117880280843	15891.496895459752	7594.65215893071
10573.318574772002	2918.210708811425	4895.673623992052
1564.9404154156027	16292.5614612569	6849.523489354583
1788.007992931965	15318.19516932956	7553.571825453916
8832.083971495214	4182.289132304476	5080.8256185083155
648.3246196336918	17692.05921713546	7632.961653833943
1371.5314501657615	16157.97121808272	6871.559390883449
5018.103632405875	10877.565493098367	5338.745754265011
2609.163243917378	17132.582505789655	7682.393425980058
9515.296007076948	5596.892001109807	5141.0410964071125
1425.639855265994	15225.40751826739	7337.5800633762665
1436.2336694454757	14538.455068576573	7272.412942196071
10196.94437485745	4313.975952767909	5556.534284211376
1928.8328079749042	16746.69396746327	7825.40398493451
10099.332235661552	3996.4450523211653	5203.893635990288
1966.4806845388732	13709.122687031371	7619.891383985274
10934.480751769514	3992.394796214739	5137.8848691086
11576.317125270298	4008.002438193269	4844.586313608753
729.3370536000798	14821.280291005227	8403.18038340466
1074.8851275045147	16420.462211262573	8227.582754989477
9636.310080211213	3828.2674754588875	5558.864992622001
1873.6283789051583	15159.947169440286	7689.581888207491
2719.7697178573057	15165.493229905398	6885.688319779038
1277.783482715711	16822.39723290273	7608.265961740464
1993.646823304234	15634.483380485792	7672.085287630918
1709.2049438427875	15347.436922029348	7629.776774061581
2193.714436094789	14782.055376215667	8144.139898446675
6633.730386236404	7763.720574269089	5127.5478517401525
1187.8794697962169	17087.82301324315	6743.54735405697
1436.3166571707238	12936.311441617436	7525.70765511465
2996.1243210709686	14934.086009601335	6734.2501454764115
2588.660827600631	15845.341400315438	6995.776745709157
2439.968579431571	15636.371771991815	6983.304640456865
457.7317751706906	17513.195712488523	6787.810847342995
729.9884645830743	15351.809750063141	8383.272475348662
1910.263657215104	15952.92576990445	8223.786457147738
509.64112248763433	15111.085687793591	7790.307401416877
1208.9517186353432	16198.40611165705	6862.956691941217
1756.7548790428104	16017.65252272462	6854.067968328837
-174.25936207659709	15193.163844070437	7844.216491174706
2272.426702130718	15116.899924472491	7283.227829565335
1304.7468560685847	16061.846345630505	8048.976814551622
519.826906177381	17144.960036296823	7083.261243342511
2621.052220688078	17528.785316436337	7369.209571888516
1723.6255266966868	13992.82628860319	7299.948813109915
10149.124161415355	2784.608095872037	4911.214585153174
1960.0752628687171	15458.310305138151	7263.085104455032
1470.5518362559176	16676.764212052334	7409.995742104142
1609.3006736384632	14327.264212134327	8046.317311910061
1707.7985521460857	14955.47217687989	7528.637659131794
1037.5352206393623	14870.322030313973	8134.376371987023
10913.267267897101	2897.595756772571	5857.29141435311
1551.2575573498057	18513.392065835447	5907.802675761504
8316.84997708598	4981.374015998397	5151.469300593572
367.3524207597617	16333.819810434146	7377.813858711833
11072.091917922846	2370.815952904414	5404.309864029168
10771.210372274878	5137.3414276239455	5117.334644834759
2716.3870391728997	20252.00028459921	5515.829550580672
9653.32320328911	4230.477599964751	5203.676164845833
2644.5717003043937	15569.979251211524	7978.987254358993
1661.4665814360997	17007.390695827213	7761.549826870945
2476.511294825577	16530.156164826763	7784.830708375774
2001.054345400724	15106.62870407791	7626.5099682368755
799.4554779333496	17014.32787717722	7789.792723019497
1665.3807541586161	14972.124525554333	8066.222520722141
911.5572746107398	15512.957583201314	7762.806910180476
1068.5222881262057	14014.208106371829	7905.046814636315
1668.4185290227551	17574.250877296476	6960.347861518433
1886.5669834238138	16519.164845253636	7968.030944098743
795.9364482777316	16692.949384890104	7673.941503068937
1131.850743308472	15944.573369042047	7706.57980047796
11904.363091511555	3426.483255699013	5236.047767913828
2276.2675792706063	15478.264049979995	7787.042727023488
1270.5963776142905	13684.817139707508	7146.197120950905
8701.860837460068	3358.8278598526963	6036.221743765591
-482.880649945479	16091.326993099587	7949.688697576226
1266.259491986552	16954.929743487348	7760.1756904178665
2565.1950182217665	16416.421195427825	8060.576155397288
1213.1286714233988	17076.62000128455	7911.582173829712
651.2311708592272	15564.551184179414	8153.538498572277
1532.674247552609	15674.044250120443	7433.496103140528
803.0319711571458	16256.98646901824	6729.19303117967
8905.182041912443	5865.089233911664	4989.840537674693
9588.228938795	3910.052492251542	4899.704174285152
42.96224545795754	15949.63604467438	8009.289172732813
1973.6358430634948	13921.877963355986	8200.71289991791
914.9774859448842	17263.4102807151	7808.346301616056
12648.502200715884	3812.780655217707	5471.116311328511
978.7252565439483	16373.094826758765	6405.423772106532
8093.544803386205	7252.883109280092	4588.206923332175
1954.0061470486162	15675.741711222243	7101.485174965066
390.6798917086157	15821.959276692516	7894.1944242251075
875.3749318703883	14738.619140841625	7576.95182783603
1004.1751686611568	15146.77979666541	7664.881267638401
11011.83115926806	3902.029263640888	4875.191901575521
1657.8352129574719	14066.188015467695	7600.386667877087
342.23894105740845	15746.669467244206	7465.4333353207485
-119.63362754221377	15284.715882160095	7760.468437530209
1136.6091989273314	16896.576526759527	7579.1230696800585
944.7110015860148	16753.8768903444	7360.758935729974
1923.330730959872	16117.210448212792	7307.949531594103
1441.0568237620287	15475.969359427174	8087.950038668488
1726.639902140967	13729.531165735643	7205.189483817386
9794.402445612608	6535.047018721547	5393.513254845988
11743.666923876883	2873.494402948412	5262.08207749388
1280.0861904882825	15734.580374603473	8111.711112584866
1057.7415524143864	17278.103450337672	7285.3989435587155
2270.56865478111	13609.367489612738	7647.577504981241
9054.534536386078	4111.02926579425	5361.614610647797
1962.642908471194	15712.297955868493	7630.554367092138
1814.8484516810322	15727.976788763592	7288.82468875243
8348.364307891807	5196.03870700591	4955.547301070528
2036.7485728851348	13740.182126438693	7522.580482457969
9748.493844601364	4594.610200528293	5029.050052802067
1654.3668304639978	14846.462173880636	8056.256249228137
970.9150337336147	16801.704638439594	7868.587822745141
746.5949497280475	13603.635491837473	7893.657564548541
9933.284116317389	5798.311941618016	5313.315927803404
591.8727631413108	17083.777453123304	8057.282669755491
1068.939411210207	15802.376110083844	7589.990536579603
1498.8636856116166	13787.932682165681	7322.280477364529
1745.6394134598113	13610.86896081511	7583.847919054977
1844.33795412994	15588.05063384053	7924.384602587254
8912.221413258585	4309.804201814942	5492.608173975471
9317.113569583675	5175.850958962354	5276.972017252848
3198.145478609086	14072.729416698154	7029.531684037218
407.5532504756824	13975.110330952772	7928.099333064079
893.108894793681	15497.816688863888	7606.676464171715
2368.1298017106724	15004.635857286674	7468.411372800258
1404.187004649186	14564.663148051273	7905.716057618134
2488.692371180962	12763.546454705951	5689.408830917805
1455.8121812171582	15713.839615705409	7478.24418119559
1688.0587377384334	14087.964882837096	7744.722268081167
3393.519928116169	16096.509973311022	7763.260838370312
1650.3561521971133	14731.363630870921	7922.8925677498855
1293.866264813546	16894.834682297995	6913.346882893986
2328.62663558405	16286.250289326015	7472.698092165694
2720.9862365467507	16050.62609863423	7292.104876746135
2341.6139286172174	14114.496419789028	7537.278289493976
2070.6491034645096	15547.007943650893	7274.1197672331955
1749.081291184972	15581.13539188752	7038.277204935559
2352.2922965716066	16088.316635280524	7611.7825707484635
11016.423302804455	4149.8891583019185	4968.54675834558
1532.6651575531405	12687.862275929734	8050.869597993995
1718.4203778884596	17277.407984250232	7880.944328944302
215.35358265719844	19100.29352127579	5358.204936700915
1935.2893339564446	16301.101347730804	7818.8984253874905
1220.0747247707166	17663.39128574551	6182.087125423006
904.7731625518975	16639.526987383808	7797.130881784398
29.12732976568959	14310.25244216376	7315.979155445967
988.8285808525702	14558.658120487602	7977.056441209054
1143.215619853082	15321.612298937685	7198.0212122941575
905.501799322528	16207.115315109579	7870.162856304473
1069.8702898374868	16279.986893437588	7701.0819242413
-314.4559215603884	15055.279703565267	7443.393823187039
2025.40270718624	14946.81436935819	7736.46960723121
364.835292365345	17392.487815542525	7738.409183351922
2784.030572087448	16670.34487968822	8190.4360624860665
2403.7372676793843	17887.896220729457	6307.353877823958
1801.7911659871513	15310.803012660012	7831.5694432492155
10209.223425309972	4739.973497559191	5165.676830973615
196.57838951691224	15068.023731886313	7133.731283227637
2126.3895946670514	14902.472868747662	8092.36068225046
7774.401861541787	7988.218510713138	4964.448580268137
526.4053640732826	18957.276542082054	5422.434844234558
1582.384805341052	13152.40307811546	7705.398241152278
691.8499693805276	17430.465236413613	7631.394818511406
6227.168380347339	9198.563761730502	4933.270473891681
670.0088309988068	16638.355558109124	8030.007282063105
10387.723447069904	4451.523962240912	5772.1135359880345
1694.0050436782687	15486.777001361108	7719.200570519283
293.827500042712	14914.297299906248	8071.600495037127
10289.918912884736	4686.90891569467	5656.8272050138885
1399.652241510598	15792.91280370519	7272.2214227076265
1057.59397603217	17725.100913740127	6746.093171375435
1897.6680416018164	17563.08842468879	7253.478982954568
9337.961383459204	3908.7618615396254	5743.870778417888
784.5976180323061	17348.64044296992	7392.757942893838
1766.365076592473	16112.899419590978	7701.706544297733
1665.1490049765312	15242.070555526114	7744.454668855245
1471.946435037171	17333.08439128938	7044.7418996412625
2552.774970504345	15551.343811982782	7047.438786498752
10870.37001398604	4096.609085681592	5781.6386328014705
9934.151278752546	4442.466529973095	5218.647955585826
1504.0057828958577	16244.978645585186	7875.724286596965
10951.741537381999	3878.8588273530545	5428.568489654451
1442.046794039328	14716.478828236957	7577.193229783341
7950.468160466175	5413.458881652718	5771.382407150943
1565.9367907219337	16267.68053791183	7780.375531371144
8233.974503858302	5844.021275720235	5040.512335762547
1665.6591525797476	15954.451450715604	6843.925519218784
10328.623398586731	3847.979222565661	5427.88197868
10866.790452436224	2542.824600641779	5538.5729955434035
1426.011626907923	16538.32575578729	8052.816279047749
9478.84442382547	2961.1064608142215	5466.723875819491
376.7410266478353	17021.357201322364	7236.591155915495
12043.068882670259	2507.3837182500474	5142.267301167083
1971.4735695785325	17500.367586425953	7286.59629685953
1787.0864289586436	13519.598166083497	7554.953223582988
10943.891528224962	3214.1306823852274	5121.4140415144875
12258.098209107433	1856.1154574193429	5281.458035672592
505.267246757246	17037.030272788197	7442.111456870256
2037.8781822407088	16138.062937755069	7779.521941323735
567.6113774334583	16868.827208066617	6395.065609495888
9659.036546356278	5388.879058529964	5324.08094957728
417.2808223094194	13852.846985420794	8258.289281131623
3118.6469792650087	12923.846728209712	7224.344577336009
1507.788353414495	15720.170785658349	7659.520709709081
1578.7950941317422	16450.689219203552	7935.919636836567
1155.0384525552213	15182.163615591817	8181.408528459563
2198.672281004128	16019.80579909075	8155.510947920606
1761.2602284566117	15869.624415674789	8299.57900748239
681.7544493775205	17713.458413180804	7791.516038472349
317.8110108892494	15081.68229014784	7826.673403362147
11398.374959308785	3153.5094294972514	4608.956606444306
1733.2177745677798	16505.27506156794	7712.876952080109
10779.25758593085	2383.809632561533	5112.142194429834
11379.36220048101	5551.156947061707	5385.683034609584
952.5285330572075	16441.242032767677	7648.52687844006
738.7479830542491	17218.893096436936	7532.037121385611
1517.4824269484184	16670.57528511103	7258.380236059956
6218.318204246533	7494.743434306215	5166.664052353752
11145.20098899254	5004.670029807859	5496.529164846098
1179.789833812261	13833.836398360063	8128.2341267542115
9814.850437675499	4107.740405791012	5361.477945764681
1011.9248605014818	17271.101158666064	7241.06707601241
1355.2256638970891	16575.683221196716	7636.889899540206
1044.400797533746	17824.097159489065	6264.5922367881085
1829.450763627957	16276.543253975176	7741.596605897008
243.4154538072839	15928.857742048238	7485.16878093023
754.9407050212324	15428.049120060026	7226.854954540237
1502.2788496146172	15040.944882144071	7991.267379319911
10577.622765990329	6000.552863559469	5609.013871960201
1970.9251837692857	15401.401107781121	7625.575887805838
2114.9530497291867	15205.843036590373	8056.908984456165
1722.3910751366197	14716.363551740395	7889.5593527827
1352.276878917673	17879.429675219544	7804.296208310273
2117.275212667114	15785.591372617206	7983.861535503306
9450.86804489346	4639.211868850148	4998.06867095967
1571.7705173576244	13621.801209971292	7532.024987237098
1468.1120062415982	15301.430132170066	5869.622587698007
2656.585674187686	14952.200768494073	7485.57515943395
2194.7415184012107	16911.46611152063	7150.212993309422
11677.33495369644	2385.496904109528	4855.986781269875
11010.89455468037	3057.720957989466	5270.69659247391
2181.6166752072886	15691.634882304003	7322.61430859652
1127.3810379570346	15418.191837623524	7602.133347747901
1831.3002125679	13412.799817096935	7607.279077634959
7317.2512533245645	5790.651726139952	5371.756483204702
1914.983534458465	14778.50389161537	7380.407880082056
945.7369038093926	18631.54357248484	5427.962900085779
475.08150563790326	15589.103767015169	8316.557955835233
2409.166036918754	15780.776642004112	7394.936008022407
-68.40475863003937	15373.187311570378	7213.840550106021
496.19331304178013	15380.621137943333	8007.61715783342
9460.436081524113	4965.508256980569	5154.619690374199
588.2212360592304	13910.451106328954	7408.898210416898
1932.1327068822582	13217.199028596464	7769.398677555485
9491.445235917341	3792.4255426132936	5277.373938254716
1373.2623964182453	15196.148296539848	7791.668976073146
641.7595882862798	14514.520734346164	7622.205978694557
1811.2187954518997	14625.119795558565	7870.05575740734
1920.56193097128	14899.605500573909	7440.317790964103
10992.957867177154	4176.298013222567	6120.717630868913
852.523663584987	13931.950781703521	7664.701214282873
1215.1649429956212	14574.717133063063	7839.23411366537
2496.679138522257	15630.636571174942	7644.651641051957
1224.8532869250537	19115.649120091573	5194.973352340801
1218.2722959254143	14075.18173844079	8340.03869853395
3204.7296049677607	15156.986619852843	7850.594056733732
1128.219874601244	17524.689292648247	7616.190334063381
1977.6459663121464	18018.17805561856	7524.9059967154035
785.7413309262464	16657.343049447685	7253.028988706334
9867.12804510178	5508.923613018597	5034.0503794409
1311.0730420011937	14065.402926518404	7325.232726574101
1767.4252138685677	16467.896128639557	7306.104144881588
2242.5356151617875	14289.05451016514	7745.6781806108875
2857.529707368318	14420.250145909951	8091.515946724719
2242.257779334497	14514.211722494423	7208.230362034735
754.7153131174466	14410.817930018666	7979.417375190135
298.0989599686499	16204.702745747947	7559.971126871303
567.5535206902787	16278.910383576704	8282.088715815844
2616.213887223056	16908.624737600483	6237.784250594048
10690.054755994352	3564.8488151301626	5122.212335951021
1234.2018840017233	16429.16081829354	7231.616761731497
7870.52949848413	5714.693733627497	5355.767085299486
562.9988190668205	16404.99221162718	5936.912827097193
5026.813832382852	8082.762203368446	4990.504665111503
1284.4182390257695	13722.702449991164	7312.359517563807
7142.2674564504605	5147.908917025497	5537.560311306544
-89.91184029577197	16658.48171455428	6593.000777743422
9904.181761395683	4584.2390702101675	5044.127528794785
9352.535139669393	4237.847407919323	5571.401784595579
1500.3390278781653	13975.32842110422	8092.460098378598
9777.98944851325	534.1411732862874	5316.9334870623425
9049.852750016276	4731.131295261167	5040.378840345785
3257.940294253784	14577.09936621768	7661.658735895717
1178.899159188474	14359.763188805906	7479.252354356165
9859.646534910196	5108.666982495386	5440.692381026659
1489.0208859571833	18057.082428873302	7872.365923438964
1211.0616553647812	15191.737431916134	7686.695633734583
537.0013404897068	14766.454942858685	5420.110631879442
2019.5560086991259	14172.258315664754	7707.148948932086
639.9493897871141	16567.294402179476	7493.041690597115
1534.3419190030722	16293.804831575837	8157.937596637404
1265.7135092134508	16406.17955610217	7005.964105601408
1407.5127520855253	15296.792649584311	7127.265356891608
788.4381045882618	15737.924806782145	7635.11978349969
9150.266210304193	5310.350220992859	5155.11133501806
9173.928891908114	4943.387674063823	4592.826076058236
915.096581007027	18102.324361117167	7502.242034881938
6705.197644099695	6453.243951687151	5401.40015029308
10686.977560320665	3476.029033529609	4997.728454656893
7952.354714143039	4772.1041656019515	4869.069331245385
1468.9866944474422	14146.349078278168	7741.201332314131
11237.11481411798	3649.690797177598	4749.128420726698
268.04455840303626	14178.050251374147	7861.422827611552
1220.056566266618	16325.15999877777	7940.702677510288
-3.0703977612882927	17129.01184576549	6767.825885085873
10570.755732797912	3136.7916486181466	5615.843422601181
9423.665365564453	5488.33017032886	5710.829548508319
2397.407326713135	15417.688776363308	8007.887379743768
1030.4127704900252	15364.109247091343	7752.5873845878095
2093.9633580335053	14960.342698288765	7693.331780299549
2681.302649724798	14907.61173585063	6773.67502728888
1735.4121490415673	13063.973320397352	8057.899364438746
1249.9295646563621	14487.992014649759	7882.463891006943
934.3970739677038	16246.00881337438	7191.615578545181
10100.845212403441	4719.368412482938	4842.336238291653
4367.800135478269	12026.666273252833	4593.329612556946
1880.3601850119599	15383.01177289872	7744.389137232755
1520.6870328775303	14869.451488479765	7467.077794708556
899.6278029802438	16928.380464102815	7492.978444099694
2238.0731936978677	13980.007864787978	7628.376282601216
453.3793974744934	15826.408346599075	6630.621962475708
1449.3138144072393	15781.868407215987	6881.015674776257
1521.8919787844607	16184.634988722924	7519.490768446432
541.632930791606	16539.376745473677	7240.434660680052
1526.9269239323232	14987.404265720315	8016.9090700418765
9664.038068298856	4222.112038870712	5342.269546679535
1615.6592175932537	15911.233808908719	7996.719356281583
2486.037107144793	16430.42280338509	7518.017443216394
10523.733937928506	4794.8209950011915	4885.974868590812
382.48204875170694	18285.68414496275	6258.0274374048295
794.9895044499842	16761.172595327018	7338.629826342369
1156.0654456176662	15562.860119864643	7528.751350255325
10555.775418204254	3817.2190092892374	5259.606676494474
1190.5900322309012	15673.927850224576	7704.059186614009
1186.612016742741	13393.721773175364	7772.737723121243
108.71274721621919	19580.625502037317	5967.025366701596
1553.8774375576609	14924.143217476672	8355.382839356149
3496.4977965805074	13107.633154096078	7525.327673734495
843.3465095575591	14906.460159531325	7429.693489047516
2123.9986233541595	13668.975375645165	7438.281816190964
1211.4400569035067	16609.060302658603	7494.489885218742
911.563048888724	16751.626569327294	6387.7707755425545
1383.1523580984117	16452.090914531058	7381.639290125464
1144.6184329478845	16656.03347309486	7707.018259027912
1827.2167923513625	15474.461747122776	8137.41965757868
1326.3916004702833	15177.270379242707	7679.008050823249
139.66315140035508	17582.18166197639	8138.563191037142
2155.430936073626	14131.768375335718	7939.1826498817145
1955.1728577078184	15347.45525690791	7769.379214869846
10827.692689297184	4643.928695742026	4996.843543805249
1161.677769558902	13576.04147482291	8061.618621905587
11644.993948169522	4916.276526914327	4983.224824572748
1975.9396654755826	14994.242345495972	7692.026963090885
1622.154208311089	15485.16029544567	7247.6389471610455
1596.0964826538818	15245.62110259386	7850.258414321983
-294.89211804240523	17847.49396489954	7850.702974118229
11685.17767607581	2054.430975415782	4910.627589006708
3247.706991408468	16981.403104597	6937.846990166082
128.81731814817437	15594.571250043266	7529.32748138469
3164.1143774902216	14707.645202756024	6998.903560170322
11461.0976016521	2935.408024324924	4699.81723812453
2133.8001726572707	14189.318922875564	6944.2526151871525
11571.450010702847	1863.7102152427967	5048.683384505792
2368.998308790514	16214.452852071507	7830.789019984123
8435.621656572166	3603.2686287311576	5186.193776944459
3029.008943194965	16040.869205971914	7190.777757324858
11609.545694380162	3814.303811558664	4873.039754785473
1314.464263379109	16144.780538635721	7113.401460167151
698.7091611808492	15219.741843953485	8094.503292713497
1224.5509508261805	15032.560018742957	7861.7964588001805
794.316713060655	14340.184705589068	7514.572265202815
1165.7993347295517	17134.898301916342	6590.648351878594
3139.0133802503483	14665.340480424187	7091.4769340903795
9601.160149468722	3047.6356376918607	5574.835169371985
11334.53031772583	2726.744977647579	5402.530341487904
728.7981007334713	15520.145998072867	7510.692928134051
2070.641564961218	16520.738568488065	7651.344040355956
708.0781190135554	13979.24642586049	7246.724624571721
9998.335864824105	5156.491486565247	5293.72396533821
12461.085061982301	3600.115569583868	5727.322001444787
1908.6254077137846	13276.636595415292	7600.157945930959
2048.682754686678	17115.820498604695	7771.304786720276
1743.3086709792378	15720.043050438993	7565.558222996154
11895.533452627998	4393.373320606775	5194.310634850547
1706.994135104275	16320.737808592112	7200.653405125551
1297.619649939532	16027.671556737383	5347.5566104062655
2504.4464950735414	17122.741494252983	7602.972009682308
10118.092500260178	3093.4632378299034	5364.695262075847
2093.3164707213537	15329.127709223752	7995.529472974453
8360.749007291517	5070.693466881425	5736.317909338966
2007.6602934740404	15691.348220615288	7391.78000474013
1302.2142717270794	15394.485178569628	7240.361067693901
1285.8332453906396	16336.83514101511	7191.762765325062
1255.235627105711	17450.054270508863	8183.966107687159
1633.2723252988621	18691.03160004092	6388.228939359742
336.5961156146705	16219.150961454141	7369.71337911604
2277.18368195412	17683.63369522115	6281.69509363977
10429.760632682855	3919.69747571179	5155.34551852865
1092.4489519173158	16216.003055162424	7016.993614568816
175.143586675461	16820.45364820311	7974.697980354555
2044.898042728811	13676.673337716087	7475.825919989705
6868.463900968349	7051.328462192104	5084.8521470739015
1992.6029350036783	14306.83795293045	7718.686162805661
987.138117558949	16888.152537350386	8087.457075535184
1101.294195385145	16129.623021899273	6944.631051908391
623.1490341453089	15874.010014368403	7921.5226739229865
1990.2067756504812	13111.3746217839	7740.573401877708
2194.890838052686	15912.710010340283	7918.728945437677
9435.99274077708	4367.253297864398	5831.8300477279945
11026.892145721074	5035.092840705031	5525.464022939088
1004.526946940852	14451.447347730986	7705.261977527828
1577.5950774221644	15587.662782680063	8330.541040927435
1408.0579017459454	16690.94491322444	5658.045391174936
1089.2549805601793	16484.880601882593	7212.444796513045
11024.86739086173	3101.5288606723366	5320.173641897298
559.9514381299638	14753.731890017978	7340.036631737849
1106.2036571252918	14845.017381284884	7575.148638956317
456.0300563633144	15045.879654724302	7854.0689254532235
252.62106196972093	17722.89988978321	7544.852343620236
1203.5801499208317	17098.5060765357	7369.820450625496
2138.5561693094664	15306.638270575864	7329.23887170878
892.8488699519694	14692.604158883534	7538.24220314836
1166.475536778886	13827.376395513644	7713.540804832601
9542.388753325242	2979.6631489907613	5300.496604856031
2463.670291666351	16255.355079527846	7390.086748335365
1971.051186935098	13907.93195132924	7989.1907374399625
1798.6671544630153	17036.643416522053	7315.746848887599
1739.44786151512	15388.517001355503	7317.313664037048
1471.8464733874114	16675.07579385225	7775.59843748793
1437.5363353306707	16497.781469197424	7203.588409771242
1649.4687747161295	17323.72694790853	7453.086771865062
1364.3397418301945	16872.769149592557	7451.774356702859
8793.162185836267	4492.132968330631	5469.397732405733
1153.7751360136313	17017.307182367884	6324.419142446921
970.6947584904194	16199.26149118267	7986.711851645314
11408.580230275005	3728.241909338975	5887.01816172061
445.88012952562593	14945.928449192304	7417.975329752176
10169.789328156305	3983.752095689041	5181.617143864973
10351.148283655903	3329.788242634317	4659.845431813045
2000.6153373735008	16105.227996376441	7511.203486194762
-334.3490966771529	19161.271875699804	6759.2156645227315
809.9828864328001	15343.278674038147	7787.243820010087
1041.1659052283712	17602.408580992837	7389.13057908038
1800.5599415208758	15500.181821043961	6709.048358673948
764.6213202805357	15353.207974978532	7722.2098017251865
2435.9064777061512	13688.029086415725	7528.55730315225
1276.4379474794302	14412.933632364515	7699.157117988538
11754.294595023362	3298.7672269221257	4821.275714941563
9036.449688351391	5787.0309892892155	4845.891834681663
3355.9375143092984	17716.04886196989	7721.674979275211
740.3896189247538	16311.134483553931	7143.8906463498615
1595.7969327311664	16457.68117832043	6919.572521278832
10990.45920619007	4488.262157639059	5306.4081341337005
2217.8869598373776	13894.080935434065	7756.235621295277
1463.6001737380814	15924.831024144196	7720.0062459100245
1203.5825222547705	14945.103277262513	7595.680085621425
1059.9001319093234	14843.653110374184	7469.096386432931
688.8231476705764	15688.380443862501	7874.160378940046
10479.353483502302	2622.7261601981813	5682.431322536796
9478.12313466783	3862.09844056966	5674.8075360305975
1585.4300167453791	14549.8394511213	7843.489104697876
1116.1572649427549	16578.79576070548	6931.31106397532
793.0693831065954	15078.039071873132	7877.366960389123
1096.753144715374	15631.192040482583	7457.474414158106
1776.8772768788097	14243.200702060905	7386.433794711991
2400.2070411344816	16119.9080884579	8031.818317282171
-86.8458889999872	14696.239849280424	7924.985694245149
808.2358752819749	16421.733034789075	8045.616073584483
10986.616447359458	1513.547370740637	4804.763131593889
2139.165307337376	16990.013359073346	7499.383958225363
10254.507425650221	3439.7283398091126	5315.7287453340705
1346.4873037362486	16216.669639897247	7354.278942902114
503.485557068481	15748.739120912584	7756.439489931674
1129.0087888977316	16609.0037266306	7833.2896885447635
1294.0759499859116	16870.989439481822	6861.737151572681
2438.4694368880373	15286.16809655507	7094.4881025069035
1353.1631517446253	14740.305755191595	8111.773999239451
995.0748270930333	13310.715352493791	7837.1366249489765
201.98662212983103	16335.175083526274	7095.80007996939
-36.55360256624907	15152.075276929096	8050.561205677983
7666.948222155674	7497.425339306002	5202.528525027877
9772.042904575555	4771.578226384213	5001.834670973328
1671.8295833184623	16300.724335130762	7724.485565950861
9858.687903233695	4999.58038843063	4999.062011496446
1336.2970683698761	15922.28305426691	7568.721109514166
1980.991050267677	15061.629385359576	7875.654702498002
1457.1566786902144	18254.65110076496	7246.597647176328
9048.111272767692	5398.14511076315	5008.474329370667
1268.1929586014726	17729.451039403324	7030.4655683158835
885.0371322678258	15271.378230186538	7484.705257051449
2007.1332899231952	16148.664073040596	7574.012419431418
963.5231800585117	14942.783747226002	7681.366620493249
9889.016387843909	3197.443919136078	5167.259067884192
3458.180642544371	15980.81472483547	7152.627157859808
1983.60313322155	16483.949238836245	7902.493958326851
388.01303223357	17399.867932806817	6932.280389477472
2075.507242371337	15993.9494280511	8002.829129492566
1125.7092865187092	16170.779997377198	6624.010914427732
9307.953602193578	5170.022763157993	5110.179465657072
1635.8202805182057	15090.055717019715	7652.059680453554
2423.824425396951	16423.98185600308	7471.633609223051
9625.411216156777	4589.1924347365675	4933.044255179783
1242.180429038345	15056.176400721855	7809.044085939307
1358.5036034510267	17065.04434052851	7931.743464135269
2456.2080147446786	13495.604503257626	7448.02045168503
1236.501885255485	16880.46704059102	7915.539816574816
2650.505309230917	15659.294679917473	8193.841077780158
1875.264974878777	16026.39111969386	7539.004818396102
2131.240910604853	15086.280617447432	6648.492065066814
1345.1640733917552	16997.668075774458	7600.813746736226
8495.567579659031	5100.488906204056	5191.04010373711
483.44124543333004	14746.762027096176	8109.251854013565
724.6963193282016	15227.865401975641	7598.11288252094
1786.604097988141	15287.950244306701	7224.160008552713
3451.113413608018	14393.444694047283	7548.799609856147
1675.184630722077	18595.322590937223	5085.301869374798
7745.959229741648	6752.826163110853	4812.921467172433
1916.993493420996	15303.064152635618	7435.594256312598
1081.2647681557037	16794.695884339537	5715.75533611136
2415.3269120007826	16518.348328047825	7878.682304147587
2024.0915707460008	16044.863274805015	7641.379359974718
802.7447457546291	15881.36615556312	7243.899157881357
11054.581536833244	4267.8994911015125	5555.081738785924
-155.03109775176497	15994.799973819898	7976.912526029382
1423.6281018858901	15677.471727768238	7473.27018221964
843.9493329122472	16021.808131172362	7085.671508522405
-394.1986841175102	14744.084177079645	8087.567521407704
1535.3875613953103	16958.599123880085	7587.003028278137
11629.563480075964	4188.40332873726	4635.17054946316
1975.0769753475593	16398.019487535013	8108.1081686205725
1962.2051210312038	15483.58334610966	7604.2882181504065
1245.8599208416258	14318.036404707784	7620.910583150693
10815.041750284257	2691.0993678679815	4779.5797859639215
1880.1123023303705	16850.57970253025	6796.814976359951
1502.4821867769033	17933.054277140713	7403.3378092845405
1211.8308571846742	15129.555799786756	7522.587975057393
9794.233764530749	3643.920651313814	5050.73081855726
11173.910990257054	4364.981068601081	5942.687297476108
419.28448179704435	16166.569022448131	7734.066392626561
10072.11801354872	3365.649146462035	6302.331463578267
2599.7972728276354	13679.147157978246	7666.835743521376
1786.032147840398	15820.870948255657	6501.78459341714
2117.578448106909	16158.923538825522	7508.569503770517
1480.754727924808	16492.309733945953	7670.4184759502195
450.71525799119325	13789.795063278438	7413.795168834333
1450.9053506614111	15078.108532726574	8162.771581178645
10077.788882610654	2703.7372506296438	5439.605684915105
11351.277902579644	2509.6869771073093	4680.540554470831
2169.987894793441	15240.187337175339	7312.177603532904
2695.770212138763	14456.77529656386	7692.928067621386
1590.111425559011	17667.856122081903	6815.916085639315
2032.003633729048	15297.18041231855	7988.482743179188
978.2630838231601	15364.658757627552	7804.597978404504
1236.2039015676053	18386.556078749123	5537.599904782168
9908.629624097703	3293.8502231587404	5904.521996862988
1739.9901479268897	15080.632838300431	7567.593201502959
11497.388159308772	3716.9907707813245	4808.422709773476
1056.1525478338951	14087.411701922436	7167.391066958385
124.73801658257936	14586.533239163993	7768.186236237594
1436.0874970171778	18143.301177452387	6944.373311306837
7527.934365953773	7195.748069162475	5435.852663908468
577.4006629280323	15084.870121072647	7570.689342442891
1600.8289844223495	18476.08827049539	7263.427578981532
2712.3296815416593	15853.78546301554	7420.806748395428
1372.8384533899598	15903.053209496611	7591.179218752397
3090.353066124791	14625.288615329413	7681.070118192314
1088.461215038366	14994.961009310604	7390.887285073759
9460.362795748497	3400.422730134522	5686.88189464334
2265.779888219824	17497.781691895223	6624.20095305152
1926.3918347202236	15003.52628931634	6860.451509908276
593.4673976713184	16591.45720587027	6943.422105836841
1220.43795254817	15464.23179293302	7724.366213974261
722.9668293386807	17640.01334373753	7433.844936859804
10305.85917390888	3832.6828293026797	5310.501332993716
1237.3656167227975	15239.615570689431	6196.291049185078
12235.900127095996	2331.6957762636466	5656.755801807566
6655.191140320752	6732.734310807547	5637.706126160312
2057.0638894852755	18141.723693675234	7009.427447972823
2117.254167757274	14836.246148098317	7566.459534237282
2482.8471251152305	17456.213967596523	7238.164395458445
2031.5237584114523	14485.196970491852	8035.34111907174
2400.1884194558575	15474.512842475893	7672.483225501709
11272.768779704638	4226.1627571367735	4768.634183012066
1621.2277703553343	14733.108855391	7414.939130018757
863.7136346868588	12464.339451993337	8246.370507969412
9544.709903766956	3778.1371219611333	5080.8937180882995
3189.471988971296	14863.51311613347	7854.037364166733
11667.175057617635	4447.792443440168	4584.399430689728
1372.5001127449534	17388.876912256615	7773.201459699061
2356.0293670926912	13918.494251347769	7242.714955219598
11410.861860946803	3832.533661258881	4827.715453510433
2220.893152798463	17576.13805065864	7307.979977850148
1539.6294973738966	15699.648271310321	7454.329718113777
10769.85650216376	4444.933669976209	5500.531425900692
1128.4801013904344	14287.13990167443	7780.733207871236
1819.586886544981	15936.461911055796	7423.8653970078085
1063.5290450506013	12773.061470719826	7641.835796855378
9699.748494732807	5203.665926252268	5249.052842041349
1495.1710470288501	14469.203890612307	7471.9755696378415
9957.348831335104	4169.346617413502	5163.046492714156
2889.774159481823	17295.94539650765	7351.418705070881
1251.632236952863	14694.074531723549	7948.007558160263
2299.6029774421313	15691.421360660073	8123.7525390575875
987.2905473013557	16640.514038468944	7202.97030985959
838.4366825829356	16862.827378593563	6864.471708975348
1055.0942140874663	17282.16235227109	7414.652745128879
5983.678632729207	6845.627949827337	5464.98675208942
1659.6813259113264	15960.332396028742	7725.386458656278
1514.4059807550557	15104.775744288208	7455.086051885905
621.529983457143	16129.268901489006	7239.594677977514
1513.549188453206	16093.6187142019	7670.191056007228
10306.144805883858	4186.553630782386	5590.553784676236
10265.130480264837	3686.341070235857	4996.125277925321
1762.1136568680763	17074.88249433979	7563.637686702476
2560.4080088504047	17930.333952580502	7729.319326187412
10778.473629474962	3168.0959504188727	5456.357003500541
869.4260141993598	16912.674501806105	7563.8344178836805
1089.1491988304842	14555.647999588507	8236.267181545221
1367.8845600491502	16832.190885140255	7837.946817201757
1333.7445046239468	16744.850350539735	6880.237330781881
2467.580261662066	14331.256506406286	7750.978311713807
215.69308352925813	13643.108069775126	7354.18910259189
1483.6588356158916	13158.85841936703	7761.119187166483
10343.732375199956	2782.99139802986	5126.822793550472
9336.62196823682	4715.964781326303	5374.374696892476
2475.1105030014423	15885.814635471083	7495.626028047574
1678.2387513871067	14961.073973840112	7493.005911694235
1071.6734117759972	13940.765109348364	7030.275626739789
8863.204706185494	4755.339496056348	5146.826123081259
8550.280749756743	5625.987093604876	4663.877895066593
1377.8752856525005	16153.160964244486	7198.05216828254
119.35496848107671	16299.645516413648	7448.220715846217
1209.530537637829	18294.78729377644	7840.352208722066
10517.25136784208	4256.603042562449	5441.832791314397
223.91392773134635	14321.082315805897	7465.737422285119
11392.73951649448	3763.1421190221	5042.557560557318
1559.8014171565164	15783.241080445183	7751.562218286994
1456.6876822713477	14585.591223647567	7796.78737124913
955.402907769871	16827.749619325838	8287.174598677955
1003.447405677667	15653.67766637857	7159.7044254304055
1447.9821723528592	14831.787231516226	7497.950735925839
1823.385668489206	15037.62784061753	7857.243594977653
11492.36439982307	4515.949831862676	4778.609887221389
10038.480239211229	4902.73668256469	4895.978013815396
404.035532998421	16433.975280413822	7895.917160515162
1071.5383643273096	18756.411232011433	6734.10075592245
999.0737171055073	16689.264084504455	6946.075501768934
802.3267164584511	15085.344427475313	7558.522036686906
9572.071818989769	4494.73357101512	5542.509680621306
4584.810363214631	11054.66887905831	5536.555153445644
2024.1136249814133	15602.668624420998	7818.408026862786
2742.784164783741	18353.969769828167	7462.454614123144
5833.294630752013	8463.818818508795	4880.174474278253
1741.4126869588838	15680.864892477095	7681.160401316246
1699.9889969459623	15257.29536232479	7794.3578300178815
2238.968853908173	15733.06486517532	7823.637938156094
10557.776902834345	4890.048360408514	5406.799974140869
10698.980399538303	3997.1431816606923	4925.4002857715295
1245.6390877651754	16813.760392088734	7625.739817787315
2541.87812502476	14226.758796507176	8142.268774690187
739.3567778241814	16666.67948604914	7490.409206819857
1409.2373084037279	14970.32699250837	8049.841825610204
1234.281193122495	16424.931070854334	7656.779345591942
1637.6121882090122	15279.556186822594	8158.105129703296
1392.3075141947038	14700.24798699731	7385.54792945999
116.07042115900373	17881.404389159514	7569.439552874518
11068.990733792456	1447.935336617607	5244.439304339465
-480.4979860195192	15597.826484061181	8110.892505032471
2355.785641117394	17092.346456103893	7112.955349650153
1907.5833835333888	15233.572449248462	7630.734030837566
983.5667168712885	14409.13855833887	7320.631221240402
1813.8458191114144	16018.432551598997	7553.392316417785
10089.635984224835	2760.261098795297	4783.456166571458
1149.0675018745435	16147.157722196127	7290.12220393907
1498.84788663761	16831.04136753975	7786.675017139379
1731.8188551465926	15929.94730595674	7256.044859104634
10374.187006772801	3811.443864381849	5556.67680194522
11813.66633949252	3892.3274450451	4810.419467616852
816.3060267885542	15087.274089790293	7552.53305489948
8154.519171339761	5738.333560177406	5106.404452012824
2324.484616775522	14826.187497910072	8046.83822342988
375.82057971188436	17036.933402784045	6738.409943746768
1614.7385219208325	15779.812622515356	7967.264579987576
905.8756607604314	16079.825025286076	7756.671028904971
621.8884743468085	16136.130242763438	7858.77491919541
8431.332485481664	6124.876410408461	4460.442770809966
2159.4068749152616	13940.934112738898	8090.555829414594
1281.681903416043	15764.86581203191	8145.027964068116
950.2134440498284	17307.690744125342	7603.0286365092925
2100.680189473391	17834.796162445753	8359.866762741402
1461.8937844979034	17489.10697525819	7695.370241202646
1757.2979483822967	16061.716064416678	8053.362562008086
8961.61786053989	4560.701715296996	4977.591449956815
566.858228915979	14332.361400207028	7737.92012866264
10397.641879730878	3457.6068843120097	5691.481839334505
1432.2002180446232	15637.953589520044	6591.409111111869
7419.9795320759995	6762.117505848864	5276.381375005577
1176.3141439884935	15724.452918328108	7434.382704247045
9976.215901998852	5686.294791969472	5653.956253553102
1579.9788676049468	14938.942198942803	8257.02973953311
2332.7862837914413	13504.02262021204	8098.69917845538
9254.597331701703	4822.918995775321	5094.2794396632025
11496.420086085498	2621.6517850117575	5188.234100236787
2544.8209019479546	17099.977364074603	6680.545634349682
2164.131174389748	13147.33447173736	8102.223956857056
9205.278714155433	4179.839958465855	5418.242593933193
11188.029393657263	4000.531760493536	4425.149097586298
10881.768033880395	4375.372442098313	5064.992415012553
1239.004279001788	17795.360759944815	7455.211876928746
1338.6359179008718	17511.965175356312	6677.465440869112
941.9045822502817	15911.334491569676	6051.760074905541
997.5983512989724	16928.260092125372	7665.93044214867
986.3141711043753	15619.390940521958	7548.558456064425
946.664743523271	14986.243575627372	7778.567357481137
2280.4710289333066	17603.16044419826	6278.574061036476
1296.482366475252	15392.881256749506	7458.440153585212
1770.1432731605837	17872.59911034857	7195.397838302606
11177.874621078925	3774.2974888091694	4614.21808287637
805.4728665514778	16459.27532624799	5355.348735212047
1430.1081942764731	16152.598995305154	7573.537559149952
2604.497436081066	15640.491233388106	7708.330833572952
1624.3779976904939	16855.48488029248	6919.345392126445
1498.6065762630824	15600.874424109608	7949.8210191245835
2354.22877377943	13704.05910833843	7415.939745807153
1046.8109099252094	14955.740997003697	8067.403663521361
464.625280238967	16790.010459232573	7906.848533391972
8937.224984263052	4721.689575973952	5039.409498131179
1699.3960880811937	14951.083176349035	8311.050679973798
10450.021341048103	3884.7098966434137	5866.146259937795
786.7432700750142	15225.004431094389	7588.95706095539
8411.079571221055	4339.047014445574	5584.9678647078845
10038.365714513906	5469.3894079396205	5461.458319847678
1517.012246286422	14755.624343122103	7640.536545552993
1455.9787747318978	16065.154517122566	7363.706558876441
519.8652677669185	14049.46932067555	7405.8127250745765
772.0340815403969	15093.529778002645	7614.389035898507
1999.7231673121833	18007.205768281387	7286.85899013594
10755.330187541726	3317.244273210574	5532.8939521210805
1666.1739438046602	14349.068934124543	7466.888673816863
2866.812424447212	16017.308268665312	7386.949061515494
2239.9612260055014	15594.3034689861	7097.9144985278945
2607.7476020708173	15781.426339711114	7376.294955752166
1171.8091296007162	15586.557903160194	7624.335868568225
8295.844090889963	6965.243209051887	5077.150631278718
1925.390456760528	16871.975873840063	7597.620685371861
8704.622059596746	4510.2094134441495	5484.053040430151
831.8730114791902	16759.320728770133	7545.634778533369
1371.836973836386	14473.755051433985	7534.7612784362955
519.2574902224562	17312.023845575288	7622.367935502576
215.08904385228746	17898.06981986144	5874.050141818166
2249.9434822680714	16054.180773683636	7804.361513673786
8698.466311755852	6811.680203721158	4608.423896064154
9099.275861046044	5644.132867106188	5464.606444572804
2130.694588388226	16887.12216649254	7622.259359973593
1267.9563275007988	15457.023946796076	7746.4901119863525
1731.695241951031	17016.67856860601	7017.4511962669
2151.547658392391	13982.740452310005	7352.034287807384
10208.899668607328	4790.015930279396	5083.624877219132
1499.4954175281812	15362.817607847968	7825.956823476524
1685.8960583828216	16853.93250175229	7426.39077384461
1303.0918236766734	17752.069237400487	6389.343396026095
2050.3397381193518	15424.13536787073	7540.124820469084
986.6529951134218	14032.998188478961	7965.161115682222
668.9620619322969	15544.40131208396	7572.070938290594
10157.333966693235	3723.846048888113	5551.837210933473
1414.3333343647516	17343.107427461884	7089.059623207473
796.0843854130242	15999.262510169086	7604.300551304131
1846.3805214738088	15703.849722638344	7703.601025555918
1096.086488789929	17451.23671791424	7609.651220816134
415.97801573343287	17541.76817789752	5939.158276387021
2508.506666379535	14969.954436074504	8123.223198466167
666.3892042181288	16783.04916041168	7589.639549953347
446.1822647642762	16308.136192273812	7070.443742282257
2544.157031988565	17053.307239706075	7210.230678910383
996.807876072769	15419.3277407608	8131.307400782235
1141.9502254266213	16826.674864238936	8131.589511921216
9384.068708942792	3990.795789266455	4727.335386115529
1914.625136566699	15109.540550416552	8012.260091939038
-78.4416478525605	14836.037891209846	8045.022403216288
1828.041216606311	14810.183565313084	7226.628918920191
174.81439746928388	15838.85287040491	7479.832552419622
667.078442892172	17277.018817058542	8083.071904691379
891.6537642809268	15815.366591705138	7577.916081013665
1830.6855510814253	18197.26623758915	6698.951654758023
10602.155964816364	2920.507715272812	5506.144257893092
2308.6404541349903	16074.537154984533	7780.316057354415
1111.9879395645635	14787.75027294874	8263.435307306252
1098.143129975486	16252.414624495741	6792.400527372386
514.9860257507078	15639.344362570668	7671.314032333116
926.1538836653089	16719.099544878027	7827.856615933898
8498.639872795462	4400.46872492575	5863.936994246117
1251.9215903753125	14898.91091808563	8008.859479783253
2369.073666616973	15924.878309150195	7931.228332477842
2438.162160786398	15509.951286707274	8086.418763277047
3557.64000354216	16758.44591394302	7366.086868823445
1033.3676378085445	16675.179438228202	7729.244775261877
7615.065069854993	5210.741404782706	5060.791219906092
1941.4591228613192	12885.541972141222	7100.114926847938
12224.339637418023	3639.2102841114474	5035.393589826732
3337.386024788442	15681.036331433568	6666.360860907255
10740.665136270845	2637.4381753353523	5475.653242027098
1482.4580484402584	16436.93512217493	5635.69949281414
2208.363209334936	15105.517583347186	8072.778884036949
1179.1776237159484	17355.406943713428	7611.275966223465
1615.1148327962997	16827.22913992771	7969.4370325458385
2030.5403472090043	15652.037698485208	7971.6413258602715
11051.801770925113	3825.414136802409	5109.311166476712
935.809467710178	14510.334605575656	7886.618409530453
1747.3694338668465	17888.4039804903	7211.272809578394
1498.031470162889	16845.911447083094	7806.691500019522
1215.955093890763	16955.410673916143	7128.028694731532
924.1391880885416	17129.83455938719	6156.339790783669
2763.853151863086	15631.866629522036	7244.409301719959
10206.117062511652	4536.455670549211	5124.611285520778
1164.0181086251532	17800.98551399805	6023.845843644164
2007.945592504759	14027.881861815074	7873.198863110173
2302.224467894613	15138.49336614923	7240.298925707725
2625.821376802261	15389.92825181113	7929.066370556005
1624.6316445272173	17135.470874975064	6964.398824531351
41.75835452362832	15694.127844273906	7238.4622679580325
3054.9960478288326	14669.955052220144	7366.22904648004
3019.659963541135	15476.435925555954	7986.58881344272
1801.3825091846404	18409.65644933098	7812.624928603684
594.6901898583565	17199.952676984347	7544.413407817345
993.5614461490823	15745.235079820575	7917.301993163053
1752.37358640145	15217.580743888904	7757.002639706915
127.56945827607636	17009.068736718633	8423.03284173733
6843.063290369578	7046.73213164549	4999.221635167897
1168.0805848638615	15965.696516774686	7476.474849382536
10759.8094574704	4024.74595936209	5126.576196903323
1130.09108818414	14602.953360175738	7581.881521189005
1695.2888177316524	14340.470076657766	7193.275392637718
9833.981832155965	5673.826503271921	4721.232781377309
10434.566094040396	3474.001535778754	5164.763406097739
6015.118740406414	8050.121247671803	5861.75268513865
1411.487055895732	15705.567912847528	7668.099977718619
1420.6561242149173	13564.076311286159	8325.622970732213
-153.87211035176347	14171.302908602582	7982.9018144925785
11501.458045334377	4588.535817510417	4894.273791466117
957.6711354033592	14128.60709665382	7967.981215470959
1167.5263182033564	16192.73713010213	7141.664521326744
1119.1483298770165	15502.577556962124	7703.846994360964
9983.449500069326	4445.751474955597	5519.599536747831
12342.875292119043	3268.7415548540766	5360.3830986399935
1592.7708181337393	15358.44462548598	7511.3547125276955
1433.6770327559323	15392.131828516563	8315.390700747468
1243.7494018885939	15698.463844467791	8073.554027668798
2415.2000756189577	17121.27489830635	7327.669049867314
1304.7451095723404	12296.170474153918	7877.098531495594
9643.26093161458	4662.329922443354	5814.317007340817
8161.320609832826	6503.6406897847955	5700.057778304312
1107.562689526512	15938.240618464793	7625.643529170199
676.5449663841273	15723.745075854104	7540.928069971486
1894.2144840851593	16154.23000897848	7823.473680453105
10765.963322263777	2934.303319567853	4934.194250159448
2121.3206111263394	15183.820192937188	7727.221755053716
1602.6237845261937	16261.499829746168	6035.176010483544
2184.4946014416846	16149.001059285618	7865.487894349557
1672.9611010487702	15009.813990879813	7558.441175429523
610.7371973018387	14587.896640682786	7522.0412418245405
1880.2051783568795	14764.719920711086	7682.604882888818
1549.2450417429034	16383.073130458857	7018.7408618574755
2851.449171980523	14136.242426194729	7379.1857278673115
-459.24845442870037	16799.519888389263	6279.824271109542
9868.611987977542	4366.2751562761605	5447.986422117695
1256.5825779420245	14097.070577832137	7918.819036795771
8405.018955516249	8360.736314278027	5214.664113839245
1489.7019442556875	16298.429843718848	6228.864573984125
2376.5226631474866	14924.848967236847	7543.595713184994
-188.5612935999187	16388.009545025383	8480.741973805298
1125.8966094651034	16576.196768782276	5884.616685021938
9993.627742268834	4958.750086757084	4741.018157306462
2852.269976895344	15010.54726213869	7811.591310600664
1866.5058799230333	17348.176483370047	7829.091602070304
887.4975598846003	13923.362182449158	8048.944019382884
1136.987720334779	15100.48721417701	7696.979393493377
1030.7196239668863	18697.445688541986	6663.777843338628
7789.23943752506	5757.034917282167	5119.15899755614
10015.496162587286	4836.897657672767	5393.367193538877
10756.964177294005	3124.6000678378414	4995.558154288095
1879.9548838982926	13987.218236393579	7573.976139683065
2394.733402437373	15352.183640059393	7520.844716347013
2295.664634579344	13349.418692541703	7248.366205086475
1685.262708725804	15095.63323983232	7145.271989490813
-89.07884815574172	17783.378488830414	5789.187493426735
457.0692507372143	17077.759437538112	7732.422095022
2508.4598206720407	15988.762542730768	7738.833830702814
620.1310917156918	15686.77464154124	8141.300302089231
622.7173680297836	14770.757990580782	7809.339028474285
1130.6195663517976	17035.90911764079	6458.832933993407
1907.3454078413056	16876.714768252423	7667.603679664125
1965.3699770919427	16905.26001604189	7510.8280532764675
1876.011985983875	16381.336438277114	7505.212207076833
609.3926225229072	17233.656397482995	7515.591233145408
1919.7830284515064	14285.674498720893	7171.988791754545
1278.1874502106011	15330.790784785804	7567.711799041121
10707.471566806391	3031.006868769719	4997.5648516784595
8334.694317084639	5062.863511466003	5614.510122481041
1017.5313031199446	16590.22695316175	7661.115550784426
11741.944255119357	-410.1734937144014	5064.118748857915
9507.337937010154	5869.233648008409	4715.492889696453
8140.2905803080685	6574.437820604803	5596.341198255385
1229.3386677766255	15213.820707735815	7628.630200996155
1901.955132154366	15081.04106333411	7431.780057758643
635.6586220788953	15085.685593698081	7386.665771762326
1543.540743904999	14971.09388038835	8133.366419842042
1569.0659870645206	15422.205248701157	7598.8254944520795
660.8658361338759	15884.832335957668	7656.397380797432
1008.9316043315944	16107.099357159721	7452.229343670501
2846.3801172897056	16308.596247989575	7543.4930052040445
1371.0081756753482	14750.985454107384	7346.875646266752
1605.8573528954976	15269.443590193889	7195.83794026996
1239.2688026723072	15875.699677679526	6995.341051128325
9435.389785037709	3990.353374909362	5725.592252525503
2283.761925073859	15092.980519363871	7525.414237834961
9163.706560196122	3173.1546119742534	5361.452087254713
597.3022881029974	16023.915241241748	8031.390139528648
900.1853479058391	13871.571043810143	7305.849345875309
1094.6164930867858	16815.025352654364	7844.576961852305
889.1079138254823	16052.521685759391	7162.839348402319
533.739545820397	18173.69789020603	7093.156397099003
1942.2721743965703	14328.455163254488	7639.41340164383
1534.7329274331803	15947.345769635893	7781.476151656338
1736.4021870543756	14559.943503161758	7559.821855746597
805.0451050093978	16820.733661931965	6308.555626484082
8603.34341722405	5522.138928617268	5735.813876155361
1614.1853767435132	15136.310105286802	7759.564898620516
2014.0078285118946	15386.886863841319	7772.930723982427
1518.5243559579062	16850.036654835352	7524.448762250005
1408.7213451760947	14969.882869918654	7519.822908253331
9629.023849667796	3276.820263911576	4911.80983145392
2470.284744098016	16746.863578288394	7698.1934357228165
8939.459317853369	4575.71580728339	5558.452915364669
10990.154428001506	3488.617216199049	4662.43583181705
-36.956400354218076	17862.160325819477	6297.629906785184
3393.1653329824685	15769.74448336718	8054.95698944239
9987.57987951879	4659.21657151094	5086.754216243619
2203.86393639501	16833.2136312021	8161.044651092399
1503.4200687377618	15576.28815552836	7934.459670757199
1291.2294742226404	15946.059200496995	7682.687669421176
9892.826040060669	4409.988453544168	5243.59012605807
2875.646584220849	16279.8498359882	6299.949077269423
10814.73915384285	3376.171652081143	5022.9974709557055
2191.9461705926824	14716.103655213476	7529.866609726066
1304.8382271238872	13911.4443874639	7334.90190291553
10068.975624103077	3722.4080713580465	5525.086772841066
2691.242640769195	15547.587783714585	7907.765887681913
1415.6187267550765	16191.451902253903	8287.632475204231
1765.2440704042922	13632.30923246178	7907.37493889929
1484.6130793217988	17803.883286578653	6578.551620027956
1763.4548417175636	14780.213222938539	7400.417303974071
9697.689552787502	5412.723435356894	5228.7484547511895
2251.159344818595	14517.105119316539	7614.623599439002
10647.832920373565	3862.1460342708256	4980.266231793196
1193.8043246729203	15533.705711431263	7587.939135967879
3948.049594329021	10666.896249207271	5837.798955748161
1821.0762798503572	15807.436764423455	7042.951859184815
928.632397286613	17300.64146158356	7576.282061992578
2111.1021782757407	17456.825062738328	6193.968774289559
1740.144675984906	15939.74527886449	7768.925341605308
883.9655281766422	16825.889567396203	7221.879596104522
9387.835424789535	3865.169161718752	5266.136351104415
785.7224343727947	15400.563662492505	7535.455171519435
1382.2380898863314	18003.955764106446	7621.715315314641
1509.6634796236979	17272.992068427076	7266.5915973968
776.8925269152332	16797.29208762172	8121.757118984553
2402.2336875689116	13586.790318772835	7386.819612827969
11866.981010673793	3547.9807773641055	4903.03774763347
375.8851745883904	16235.294301441636	7490.83247525431
1090.6705684490175	14885.136673649302	7541.839368313434
227.6474186921496	16641.75434892022	7428.7220103475
1747.619639563335	15040.074844711804	7750.700370624302
-125.19821950292473	15613.012649570423	7876.80235543064
2205.640521809625	14425.252436472452	7956.246722391569
2303.247061114802	14557.27613207398	7951.478765964389
2864.472935786109	15496.353777582273	7744.788157234479
2258.83896092581	15800.616443604773	8138.142444771937
1280.915435622408	14775.761276857176	7723.653812739451
1940.551910527711	15353.274055179467	7676.354951485492
944.4710145322554	16700.357624059594	7447.0850198227345
2071.123978209775	17906.760335442377	7097.873715273105
1035.2273303790412	16616.592641550305	8012.7009466019035
10531.972179352695	4781.822022979401	4715.856651880935
1151.2268068652893	17220.29239004084	6984.33582352975
9853.343123443647	4648.617831815953	5122.424991397818
1113.815509094018	13229.660901146897	7863.147555292726
1868.4503507992688	15133.719075910154	7777.186402683999
1517.963282808272	15734.685236375542	7398.260182828941
2493.4680927726768	12893.639162877675	8318.375211066728
2740.878778931134	14216.938168386876	5380.251770850013
10065.77416163892	4367.460855975868	5120.734789538449
2035.7240896723752	14358.255962702258	7604.30150166799
1889.8529864702057	13190.914534779286	7589.5144736455095
10931.296559997367	3593.806799129138	5042.3057037745
10747.060732005493	4967.083415187206	5507.777919598888
2202.059353437286	16520.632983231746	7554.738744357178
2967.6680697783722	16340.024412581144	7707.484088465372
9406.152942392082	5034.121343872915	5068.01138095739
10343.991857788165	3431.872049188682	5601.253175376735
226.50326498441507	17205.509151270824	7405.3967095439675
11035.763973217532	4059.6176494976353	5531.005301412926
10706.710343553521	2804.151217638853	5152.569974108802
977.4657655769805	17141.108367655263	6645.8068756635
3013.949681160312	14998.660457894204	7643.874708947627
660.3047513146976	16422.522457076644	8141.766094367434
8381.194780585627	5658.182238053594	5474.18129445252
714.1497227682972	16957.6026982764	7120.635527344651
2097.910533849418	15871.730472198049	7029.014759101591
1253.5541177729274	17891.713749728315	6958.42216222478
2189.8917482926313	16657.446913449654	7205.029971278589
1249.9942985197067	15997.746318527928	7434.56951685437
1090.3406278000834	16198.546121274418	7677.053309004647
10000.031159381853	3918.224663766637	5765.562011517431
1432.9102486136894	14809.33666916385	7001.268991677028
11143.863355980282	3590.2395254239623	5389.555695580562
420.3654017482099	16594.307542744005	7707.965342519316
9297.129439083697	2463.5087722838903	5465.728261256644
1132.8973647878197	18085.98741636275	5572.66076684495
2160.9196457137855	16025.466539243262	7591.5858404867195
-400.07465876791844	18102.207530037867	6043.586774931743
1063.5597923394537	17367.339588278282	7630.347273039552
225.28800510653056	16506.567050412345	7192.55551837277
99.94470566213579	16869.86197040282	7176.062799345639
2639.7925507377713	15740.163273718845	8104.627120572374
9184.036287294706	4463.939789279944	5364.752194786325
10112.862668928037	3803.8904554241535	4994.7452448122895
1516.314591121507	16912.842788441278	7925.1856139248575
2316.6816439457634	14732.034885311716	7915.084856698779
12489.855208890132	1517.1039337446703	5262.41149295258
1780.9415343009005	15330.580184088702	7433.415129662471
1030.0456254146768	14848.558498312825	7518.302500042117
1729.7665967011358	16371.730563284606	7077.447457989991
4186.230796612791	11601.40928315202	4871.38120649606
983.3772031017853	15644.734651364535	7865.887207336051
10665.181449998634	4780.930072389839	4685.781455490444
969.256987193682	16153.026359904276	7660.221459223412
671.9607916014636	15385.546912873871	7836.239596555512
10264.82603962035	3701.0117184178753	5371.77571762353
8456.160289263038	4778.084702301373	5332.7941306821995
334.50265148625084	17754.892112413272	7875.850489694228
562.1114240460197	16300.74886795345	7691.441186413621
1039.6314614320934	16161.294343653602	7711.802051618926
2044.297698213298	15769.820594617426	7299.693905146347
2327.2464138671767	16391.614733595216	7132.388864188844
10008.042206310245	3207.336146222065	5144.954031101611
9805.888458771055	2560.553649603499	5884.937618786187
1112.1554569213847	15235.344209444927	7799.820105677555
986.1628872764235	16169.213297814093	7514.6552460193525
1008.3412280326784	15611.679243876313	6920.179577411962
948.2051811136126	14917.681870087647	7678.293360984036
2412.1656215574003	15403.047319398604	7204.917995427902
11786.351790719018	1744.013898225407	5585.390134544692
1774.7326762942769	15846.440499297609	8182.100871440098
1788.7979809955616	16292.281224761637	7435.2515602109215
996.6090829405257	15583.386932516383	7796.965701954034
10119.37030962115	3842.397270953931	4662.621491571823
1222.566416563892	16457.035953322527	7884.547882266619
1390.192381408981	17020.20276192658	8023.820491310117
1739.6490814867311	15501.138679626003	7588.810575136796
1503.6948981739235	16778.730236083637	7579.560978293476
242.08718410511418	18605.483841708643	5835.592506855963
2377.970073741464	14650.493936118155	7526.752746939119
8400.590795748296	4541.518074946383	5512.3860089547425
2201.5755354682883	17926.712160686468	6697.317901646858
2944.1885331169574	16135.15434691112	8147.354678994335
1724.3486137236134	14870.007908068013	8252.95044262614
999.0071812427467	15766.90655102888	7750.28281582827
2362.4693076285052	14863.8143571062	6809.171738809013
9718.993480605435	4548.396028407742	4330.399693279034
1722.203551383817	16221.546261822796	7565.293587026098
6978.629637016139	7509.8715584950105	4791.853388717536
1078.1141190716892	15709.067671711146	7125.708747922474
1435.0331168334803	18959.560467515297	5331.335335412207
2706.723436334455	14831.610134147206	7533.690486510471
1937.496394923518	13364.38596797563	7798.952556616526
475.2079222827349	15586.871272425273	8416.506029822453
1506.938612808597	15622.564963668281	7585.109164237012
11045.911464662619	3760.3285861264403	5540.039671503303
2169.618378668573	17963.10724015791	5692.671321636061
830.9279091752262	15676.686680143912	7603.795570992623
1373.9483841708732	16909.676650992347	7561.722689950104
953.3100869695951	15378.29335613462	7903.736572554434
10399.86672930629	6264.842159958248	4965.719013636706
1677.0415577108397	14708.495006179062	8338.884270148801
986.4505729886995	16226.14797241208	7565.210366062381
972.0513918244043	16743.692345463212	6060.78636739444
11117.413175726386	3000.072176070652	5826.404201281034
1888.3341288708289	16207.217338091134	7162.462641990282
10441.881013211034	4783.088714263514	5216.456586409071
480.89456874922575	13950.829377225205	7508.3631998695955
9575.527636187906	4649.649957064478	5134.909274194472
780.1788367266364	16612.54615572899	5728.553365800649
3798.206185219013	11379.328433104909	5737.477196026909
10096.85013723331	4548.834885758761	5465.959755809636
2026.8475360528948	16454.196148484043	7375.052630757767
506.5305689062056	16476.703894954437	7679.993068855888
1437.1938998182088	16449.327996658336	7562.368965148801
11823.95090278356	3514.3879665098534	5439.068145826584
1596.9242830668416	14978.703393685166	8151.481802854499
11868.0274346267	2823.2722079620944	4691.913278973758
8653.131802977396	5522.2477118001925	4809.747015934268
1822.64194851331	16968.801824653372	7674.225304853779
2247.238635888929	15375.732421447728	7408.181221392017
2812.0037024093094	14463.257177663538	7661.447820419696
1867.444987858268	15792.033403717398	7880.583870019621
1949.4756133225278	14797.427957547598	7801.606553539139
2462.3400462418435	14518.412910251282	4963.840911307609
10433.121367271036	5431.4749748350305	5161.167664000644
1157.6275356989638	15434.323861026487	8065.018849069495
1588.0949544942623	14298.06730491399	7462.470973963442
11997.837365964695	2228.726460658009	5797.850111381933
2021.6678420938845	15891.945764702195	8069.542892766809
1986.348021688884	16660.340924389056	7693.067570613844
7369.4348889726725	5034.97066075131	5502.82289370422
2619.443840402487	16559.05833069098	7867.567479504019
540.5544580527982	14572.549457333327	7607.61272255294
1396.4872939112433	16802.463233190618	7601.468316955134
934.807534528649	15980.863957387468	7777.012689406753
1228.8541451159929	16076.255891733717	7981.865457152181
1926.9561023239635	16025.33380851875	6706.314224608416
11635.51861975922	3388.1833674008735	4880.328035488739
-263.5160560414106	15153.682046915757	8287.73505461688
1332.0193403075145	17247.63665183163	6815.643825788435
1319.2970820520407	17642.886721971383	7771.265668499534
812.3633266885174	15648.653011885079	7291.93385500446
2077.6789603999828	17645.710406068825	7898.036137577907
-543.1164728756879	17129.09819437242	6870.917437529489
10543.876042457225	1926.1421970456618	5379.44748326394
10775.672245876962	2432.2377873295427	6234.2705629311695
1678.2688560925847	16848.323910199328	6329.806156198518
2182.2780863228168	15569.608712636169	7630.009427273201
534.5808532665056	17097.57911433906	7694.067103477417
1983.2538506207388	15805.772804720711	8004.370847795113
1821.783306927147	14350.142087478847	7254.197315732805
10911.11798245647	5438.965776460489	5750.231657682489
10.912068909331554	16510.77790604804	7632.4812755426865
2551.3604221730966	16559.286591842894	7937.118968018117
10232.43863571024	5213.360163038889	5021.807644044643
2849.147718544267	16547.656250811036	7967.5232597139975
10551.843707759053	3423.8880575434546	5182.892664800981
1195.6856914289122	15492.304151263212	7589.38794167132
1345.6071834679515	16787.912276302693	7105.570252155318
8531.295271778341	6099.50766410196	5165.519669954048
825.5852146982259	16822.017284781206	7925.0259667426
2383.6079615199783	14988.30223219887	7929.143097463698
1806.8856605352266	15171.589961597661	8237.136888084871
775.5212329925624	16073.859823170507	7720.749571961912
1663.1247209733142	14691.579986068973	7520.519635521938
1706.2810494513978	19898.8064490673	5704.369295543997
9580.615375140178	3797.774761953317	5023.155174475368
2413.636854212964	14175.597649796104	7696.918026185172
1341.6003596731662	14847.544535481631	6883.945231539447
1449.024850228792	15645.554164746422	8072.95875887706
1617.5982269698418	15686.266134859956	7981.481370770149
1998.2851031709258	15585.274323604806	7794.70893079732
2623.959232895701	15070.089451437705	7492.532518539757
463.49063703127183	16367.150945363017	7654.4999665037585
8728.353715231471	4633.517367318571	4689.383610113266
9873.116271537145	4677.560396673108	4771.156296334443
5238.887369059535	7902.468395755572	4840.288247004792
2585.2546089764105	14787.280861937666	7754.426991358818
9194.331062102567	3741.269551146802	5120.954545086656
585.9084204207662	14848.2622114135	7715.760740635964
1081.979831837333	14151.62151589087	7140.154621537705
2170.055990350922	14808.235018588048	7746.765830914679
1313.9295064651947	14405.899269705918	7461.306717098508
1344.6398179716225	16223.34314661492	7644.676748651117
1100.3612677954661	16658.98946555569	7598.980789378671
109.4590891919979	16564.882817019727	7765.649073768013
2325.4562021410666	13530.490760126993	7085.465782680604
248.07209091681233	14089.859626018633	8007.025982504915
1610.21544688695	14935.249666425478	7891.514496671066
10196.359155216789	3846.3176819472105	4688.736900343006
2462.7233833782943	14489.682542830404	7543.301755077423
10047.928825385085	4199.61468576841	5115.944907269866
886.8244416191689	15784.12056745266	7413.164547264468
1507.770061382173	14632.731566597471	7368.283435174856
9307.735077185946	4024.5642962379357	5123.932386238877
11919.935794440364	2546.0835334173858	5533.990712041135
1310.5136282983442	13764.682554319723	6972.780239838628
1539.1906954427543	17635.770457950184	7143.82683402873
2525.4608238998303	15921.849116027706	7381.467568482851
1207.6154185164648	17254.341233251413	7151.39234781809
788.7671170535295	16813.408834920654	6923.7190448298925
11898.376012827955	3855.893102148348	4334.709646967888
979.8051553417437	15913.057409634985	7583.427646292369
1067.3781153580971	16401.73322105891	7254.107776222913
1443.3527510819854	17650.59501708873	7049.746801612004
1874.6820209045813	16456.3468702759	7255.150860554821
10926.30399943903	5373.014926823938	5181.379142808702
1694.2036388214149	16803.249511480695	7575.813403759218
2954.325399525082	15620.359416609344	7602.261039962114
614.3483514154273	14323.783561829012	7604.478699325547
10863.176460855733	3545.636777302771	5680.417891131432
938.1858418361861	15851.982695873281	7796.221404936289
1391.2643944518693	16389.653296902172	7588.57422388598
10879.835527562564	3040.4030282733747	5206.315184139713
737.6292810102369	14706.106002717512	7749.148684875973
3189.446608868825	12848.343826499848	7091.924470116568
10845.896532227918	4981.96920332589	4627.32248415212
2504.1875846768	14643.354165873408	8073.095505698013
11060.825564180066	4139.196476750685	5089.097583062808
906.6813800748841	16331.474959567498	7216.891636241943
12911.252143188243	3133.47257231676	5374.274727888292
1321.074643496575	15429.6860436852	7864.717417176519
2783.2014603924445	15078.840168430062	7550.402512261255
11198.027596626336	3254.31255816598	4918.368374482323
152.0124216203105	16674.53186139945	6684.7703592885455
834.7801524908228	16648.438202101508	7817.51035722917
11576.400691814708	2652.1061724898523	4830.545371123417
8680.062346455989	5037.96630258137	5222.7799674120615
1507.8246601132983	15303.104160431034	7840.461730145275
1010.4609296577796	16147.238716336222	6946.051204214932
10457.787109448755	3485.4348299228996	5617.978554817555
1983.4933698512687	16637.679671667123	7332.220867626374
1890.366272142211	16859.357039088227	7614.3179789920505
1114.888663817364	14310.304380597265	8009.989808913347
1519.9702549710223	17027.53070140215	5761.661253267729
8856.74316947561	5205.1394090097165	5602.603387075829
901.3672496534788	17601.78069318821	6537.963577553093
2089.6591060498	17505.422387171322	6762.424602932078
1362.815227278022	14736.177022100486	8344.064383468334
1011.0846550140946	13766.01183089804	7969.212500151653
8789.752620378516	4527.298257348801	4922.104657769906
2111.209482649237	17371.717054784538	5195.775709820181
2764.948666202379	15187.185870734664	7952.134847830434
1923.435290135146	17352.18112040225	7528.773116993581
2127.234623016299	19094.19869399582	7380.135169434983
1639.469485354292	16124.33010764996	7847.546441862734
11288.933152789474	4181.739151128199	5521.7473352368415
1688.5405859134933	14764.0245433622	6749.562462865717
1770.2281451914669	16748.258096764577	5754.262061896087
2682.045549761907	16561.545804937825	6884.767264214772
1657.2338675513388	14065.243504364338	7473.256271400829
1429.223454251794	15490.265128813528	7641.36155265892
1131.324170584904	14681.754632496217	7221.734919537132
2600.14671636251	14388.693590995816	7562.139666030422
2425.5022512977484	17314.45635946002	8121.019497971577
1664.9838470467887	16761.264459347043	7962.965116229327
1554.925915700554	15953.121069922598	6851.431053132782
1876.1346660915178	13865.036301898184	7660.242799613107
10354.250140133068	3921.578280692276	5468.008576911347
10717.902992407233	4039.006792248806	5532.908080759441
964.4160694809187	16993.619152171235	7454.236010466933
1586.3818652689986	16129.255213802067	7800.892110070015
-97.35064200721702	18394.328135656062	7069.198953940402
11615.798087785697	3001.099806732612	5188.914670580071
1385.763763503815	17532.662609631687	5513.715058103281
1680.8395763644273	16339.872372574668	7884.779634920751
1057.9770290693473	16413.193641721708	8080.175862977545
1531.7227691585208	16557.561224273595	7635.475317092207
2687.924554191464	15771.624248163502	6854.122616786853
2747.4768539335846	16400.426241631252	7692.7137888737125
633.8661646816845	15366.238012554537	6308.896103522454
7816.993872848209	7036.843336231348	4997.941053301107
401.96860208404905	17032.035563649093	6353.433518106997
2286.9726861812155	15099.337501563195	8023.789475257164
1249.079216007267	15184.225786079778	7331.709474824238
6269.948228662772	6906.725116200686	5594.487850064276
783.6549825508059	15250.543769734544	8216.22944689754
1098.0602063725964	15720.059321919505	7899.823364795139
10993.086974426382	4052.086987733336	5506.482426366136
2815.812297497672	15732.218141216255	7590.242617662304
1186.4651141354668	14300.30154911485	7280.849993801169
9537.919135174952	4756.0034611755445	4702.808148504361
1884.633854739032	14407.012566283045	7407.196287507806
966.3430321957122	15081.14373065212	7960.302416833348
9514.05789522379	3442.5799703150865	5286.235038982785
11900.553144932795	3498.41426171966	4852.543696897661
1630.2969444408357	14937.948096105265	7499.090288230758
880.0848074453038	16273.662663363595	6981.64431865362
1352.3158530068952	14210.362587604672	7246.520766634428
1585.3890376894353	16535.69125762571	5650.909224290229
742.2439595950934	17068.233142866866	7329.742785280027
10672.02799646959	3310.536933540576	4328.053477532293
10947.395283938069	3218.2032029964225	4956.144306950589
10047.610561795382	3234.862961734229	5310.659835796719
10802.610603227438	5139.479562177119	5407.578550707514
1418.5166999162373	14928.67387247292	7868.0175582086795
1262.1512110162148	14375.450086641662	8120.051020470166
-199.38557618875546	15442.20678220731	7494.269867416305
2276.287281567551	15662.367488030359	7313.215488153632
3163.173676515209	15637.396065370885	7455.415224209154
1249.1942770811163	14950.686028792408	7988.476162111574
9752.375920241751	5857.652991090575	5844.8853273315235
496.190397931529	13035.267440786944	7174.588948207386
6759.101119697713	6002.366931679348	4704.964555392115
255.91543311459046	16139.435084444141	7730.887992198947
1527.048067885144	16441.070223524228	7312.0674877872625
9527.729701703176	4177.047407165096	5036.807772140656
874.6493791849138	14364.518040476161	8009.3340257477685
10913.855838288511	5298.226095978746	5175.426616056719
2267.335492394572	12631.909959861678	7869.2942137179425
11291.306572355417	2723.328108558886	5648.72241710989
3559.1490329046733	13539.09969452978	7278.4863887610745
1344.5652623284238	14601.291686190758	7766.905051669984
532.9380857038516	16817.54137462242	7745.070640013862
10077.428711821018	3383.019933079432	5543.601025704895
9231.955440433072	5629.386873043774	5422.157277112996
1678.6132017796267	16214.035745966616	7867.072144335527
1545.002160538392	16499.094839669422	7090.402227185024
1969.2713566208931	16504.19062159298	7700.792062814782
794.3217740937478	15433.163589663392	7406.503116880052
10102.221782732498	2350.485558589515	5291.81435736648
1125.177336665668	18884.802989154185	5899.664941625709
1939.3951995741206	15653.436958002001	7882.580875596697
1729.383418302605	16886.736029691667	7180.0888354478875
1262.718835022453	17218.220753891823	7188.642385593761
2180.8242088522675	15042.002957836863	7562.664952587774
2170.629381435479	15107.981226753724	6120.863655639837
880.9861618616702	18662.397494756842	5899.808616129927
3594.4914607938367	14316.91201740002	7555.5733793224
9531.011269925719	5306.519257240243	5308.249039490297
5627.891490842893	10418.613450716199	5667.9122322970525
1704.5564026990808	15990.39510411741	7058.09769773412
954.9187529482591	14761.661929863678	7599.108644662765
1225.0267495506039	17290.165820494985	5712.034007223669
1188.470192724662	14855.387753634704	7131.068272205523
10621.778825372709	4570.169835630489	5433.879299274763
11306.825724618091	3091.6520252482696	4914.909350475106
1269.0398150479084	16811.58740414039	6719.428141774354
2252.346200143402	15965.658544010801	7319.0938027432685
10569.200889596374	3079.0642714614505	5061.188683421049
10195.017374484121	4103.223638156855	5387.258365742561
1569.3011412210935	16921.100121264062	7511.573349001761
2155.1277795544765	16036.585939394943	7162.73679324569
1336.1361434624741	16144.674787179603	7217.573817232145
11199.112866459738	4012.1795854606235	5358.596351081917
1376.8303106616731	14980.776772665658	7038.4512089376985
10164.705798828563	3371.4301893937154	5120.360627811996
9859.452023378573	4000.896379493336	5915.842069726263
642.5427018199384	15408.828980174601	7332.93884100456
2270.7988344707646	13063.971844485437	7860.385168064056
900.8764440492495	16749.11504429864	8592.859200938996
980.8266055786936	14251.935760435934	7818.578826078093
9840.360905210844	5452.593927511159	4912.189169112415
2212.673657836121	14762.31082037158	6979.169917582629
818.422142897225	16682.624982155587	5787.670326848535
7843.748438420283	5454.00690432712	5041.723792123268
324.6826524811428	15625.302128069587	7297.847669405922
2490.7376352148062	17341.22845574671	7496.458087460791
554.7833395929661	14099.533535436356	6823.25620929393
1285.7747810774665	15446.586523510552	7346.689718673368
11032.02147981548	2510.8625184663474	5397.140892433406
2316.270015168533	14947.356911580062	8102.346361416532
2294.873532035115	14658.24128822168	7593.71769794101
1583.8423124390679	15705.811482541745	7908.561702470248
9640.424204518944	3239.635331061701	5576.350955718841
1289.6413970007773	14940.870925282668	8133.252757952417
10126.283761710198	4375.337398247628	5182.603196225909
125.5104178179828	14199.589788978912	7896.7448751945085
9592.423678482242	5024.3206033563165	5003.68837168907
8248.925616836474	5593.185217630465	5590.731048288035
313.2022091501574	19013.81870844565	6237.511500098379
1673.0277183164267	16456.085735798144	7127.072216972562
718.4898922834387	17010.67608519576	7872.100802056243
925.6319432732863	15927.591433247857	7616.157980992031
1586.2879416169942	13538.980363976685	7994.506286763066
1470.8846896081297	17224.467413571423	7448.46925153264
1426.2801249873621	15980.720556145008	7678.446489995028
986.2987121446517	15780.732067711348	7908.6552472542135
1009.2785641457111	16388.207900774047	7414.897891414175
1524.498460201022	14934.022855098801	7807.974436038296
1428.5711207036557	16467.04754739141	7339.360354049966
10167.01926923046	2319.7120446880676	5262.466677339501
9227.985564587545	5042.810485956874	5377.4181475821415
1629.7473016857869	15589.680270890785	7707.151863081752
1392.8613469757242	14273.24834562323	7878.302330714221
2034.553625905454	15410.01484983555	7074.77493229818
56.700013769261865	15760.46462833136	7719.121522299278
2193.109027593801	13967.254039715664	7538.75823698435
1006.5312112473345	15101.208019171607	8011.8996499136965
1067.4538916989595	15329.77627935546	7931.107014792655
1770.1612386215718	15886.812630932955	7394.995592381589
1525.969991540603	14241.46259867181	7379.602427691923
683.4512933947705	18384.345132232364	7536.539667037679
1506.6967174011559	16370.123019316616	7491.140332345844
10121.726003945469	3810.1658307414205	5098.7359602939805
8366.751895806627	3238.1440154599973	5184.0217030001995
5816.416517052966	9213.423236771898	5035.058412241988
1763.3797604173844	15217.539027164565	8093.796300411009
1654.4023087426845	13679.530840648711	7259.1553765014305
1773.5634435991185	16114.336220965482	6879.429874601112
419.6549133592894	17304.72731559158	7626.228719591192
1096.6643804623768	15789.806656202914	6942.299172410659
9165.832804116628	2740.1647903230282	5053.1115638758865
9479.633841450186	4091.072190361523	4999.271195550356
7897.370783475751	6512.164159163564	5027.848834959734
1141.8256096601954	13997.868765882879	7789.668007857542
11661.535194025888	2122.189772937241	5547.946709751635
2111.094159713592	17195.510294160486	7818.7391250602905
9968.382401621837	3296.8154327984566	5123.884483561187
1237.4627472832913	14508.035339573933	7679.360153144424
1058.7828372263891	14673.054666025299	7788.407389488985
-311.06649022261684	16317.715899766108	7515.797674767979
1560.8496068884829	17973.154721471543	8418.32928705754
1772.1742306609744	17409.8964892912	7268.306869582736
10579.32780255757	4177.396526017067	5389.551455944988
9925.680672538105	4343.750676741086	4659.868104853794
1952.521445676419	15287.309654236142	7636.213849969696
1771.6570006844788	16133.876287253697	7094.807167121938
8611.746821717465	6151.55997334338	5350.447160059973
3425.0483917897127	10683.57082634777	5041.80767841163
9560.945348639762	4661.863682307354	5526.439301191769
1906.1745292235848	16967.006887077936	7005.316769254903
9810.016836692972	4339.306987113945	5157.819888503735
7856.322725578847	6445.185748822743	5168.257959475667
589.2461713436517	16992.3269505029	7998.280072757583
2540.4669109616793	15737.95053549729	8213.698510204744
1347.0819012713612	16090.094644804338	7672.566729400571
1122.3142375104248	16982.769504870586	7748.445671361199
9798.696039925298	3573.8781520408293	5519.747832769375
1896.1144762908405	15685.071666084808	4899.43422279006
10636.970568398463	3012.8610473514464	4909.184061681641
1473.6583257091909	16828.12853564376	7646.574003904279
25.81598768390721	18384.35045189724	6051.809127534371
3444.8413880571575	11239.216088116826	5186.296812041666
463.7156916338406	15742.923179974536	6305.613365742498
2830.0701019738676	16066.135333803732	8145.99339523831
2303.9244745936235	15082.183171942212	7543.122502220472
1893.2426994533466	17532.065715920497	7290.96657886349
1081.4670042287194	14764.55267725408	7894.646186309436
2160.6811954879627	16714.29422818908	7984.700299732155
1318.5411104083264	17311.058910989446	7302.799270888902
1791.2339035124592	15199.027047852758	7372.744388065053
2001.1872470767494	15908.231094218985	8038.41243197806
936.8781366138023	15551.342717552021	7166.53988335831
2084.5850663679266	14289.868060817955	7959.066752273428
704.2413652990543	15646.129375448281	7638.9250309071
1698.1629713474547	15625.202705711878	7447.934855532885
1913.6165248702282	16736.22879461754	7574.891362465914
1391.50824952687	16336.80086459304	7037.360809730744
1046.180164583135	14972.32359425919	8491.323086854894
2123.092315481117	14274.554421048984	8224.716815645483
1503.877892967832	15145.406500944135	7602.754949805944
3381.90796271625	14898.80951166949	7818.429525904225
10286.00300436573	3067.2863894438246	4976.129465142257
1376.4232027182063	15871.90496945398	7802.934239079239
914.6689368340403	16486.50124202671	7350.432095496657
10578.013210188405	4751.668618701216	5184.506424573697
73.48132429397629	17392.014577257672	7419.262722916364
10535.39239243206	3514.1303463390327	4663.194681528999
3933.814957209961	10053.769357219473	5752.861094744862
1603.9817681921204	15212.807841776472	7661.818267495322
2059.0066557694217	16409.05652879557	7636.569555249078
9191.688865621974	6160.65227142379	5159.134141854472
1583.8893954543094	15696.172216231676	7480.884540055714
1838.4334423375235	15950.162304386777	7312.804672308507
2163.479621761134	15501.113218732764	7623.950801239068
2053.03229475741	16361.83495121189	7686.848981711899
8528.944626957144	5137.574687272336	4969.805488649329
1634.9842941788384	13834.722901748517	8127.208236913049
3535.996769551257	14653.644763822836	8013.774177150344
11575.756007123744	3727.444942366084	4971.976553514498
71.70419072571931	17125.187869307723	6553.08389119084
2413.60065998078	13706.680351858111	7706.274491998186
2522.503907809466	13607.814620755249	7419.087488991319
1089.7934324527207	16490.095960791212	7421.004891305725
936.5775348827646	15008.137589603008	7382.600476642723
2354.5706223878074	15775.768209111086	7194.692320849095
2556.19684312559	16053.313731610644	8015.051238184695
1431.0057745588222	16900.065964382855	7983.454059496748
479.7400074195586	17436.43518313732	7439.712820667377
655.1463029174572	15068.725025936197	7811.828535605381
3174.601670069334	15869.597195882832	7181.170267391234
10910.719959917024	3456.7707334446304	4841.900014720281
566.6215707286137	16736.52893846373	7541.4321644172915
991.6537488731323	17189.006224275865	7596.339047953428
