1265.5399633079312	17395.62071518662	6895.531611460652
1505.7517019835477	16341.431950059581	8100.212372563865
1979.9659641447693	15636.899306358879	7856.450292807959
156.47448172011116	18305.75511335678	7968.799049314175
965.7000789617617	15320.929314517418	7600.332818398706
1315.3626708426855	18272.84960774185	7925.26534196861
1085.9591022596837	17015.166927382143	8344.084422987271
1365.1836299620984	17894.123786631033	8345.137401503376
373.0411096229172	15504.551338281492	7571.178329619318
2275.6196867096	15657.759337716361	8073.378942930512
1368.4477458120982	17207.582090883134	8126.181650869196
-749.7860281796526	16727.232120131906	7795.422325913398
345.30821435983097	16875.822619655453	7894.284023433807
1239.7909551549012	16562.022368078375	8118.051768119828
1778.4417877878238	16689.5974596019	8032.91946297403
1152.6263003901688	15512.586095510089	7909.9062596326685
-329.8604291393155	16402.23314885054	8056.6989505844795
1531.031625093269	17608.86236055107	7728.018515456298
1267.5993795990682	16242.61332770966	8083.31418092397
940.7381230365589	19729.54736902849	8149.9644062003
174.86767943178185	16217.882896428315	8339.021833018716
933.6181543242668	16378.872134843883	7659.619635623092
216.57513755920687	16667.975855991423	8039.065051726268
1237.7815304771734	18256.765159173407	7739.411945568504
1685.5933559534835	18426.24044063387	7902.053199550517
995.8163293326191	14299.30841687549	7774.83397115044
971.045708845276	17066.23683788375	7521.372493840404
1338.8984384187875	18884.110693675866	7611.9575295369905
1576.75205319655	18158.961269544747	7696.682212622465
1267.346469278523	16187.961001322159	8114.116200992179
1280.1054235135025	18225.931114213658	7490.328794953342
1290.8765578952627	16772.67525632805	7698.9033909387945
1134.1164698032144	17100.8138217907	8050.725996489323
2621.2448708838824	16960.894044284953	7829.474248719424
2052.401538373104	15901.099100311028	7663.039140962468
1425.087580531985	18464.14035950105	7950.5739480329175
1950.1224711236744	15275.021324018484	7826.534580673815
1317.979293503234	16161.506137249511	7758.997030648802
875.3655470477036	14496.879137274382	8289.046065089988
1390.2273945022014	19309.402474316717	7719.592447381792
530.6995369785474	16752.041394418702	8179.57731248015
1781.3256842173828	14323.566558472377	7831.2664379829885
710.2708579397734	18946.323346456637	7799.717736512078
47.648707807958864	16061.624166317019	8033.792664258454
1902.0430847036507	16685.3698019375	7880.4772101507015
2397.393328599351	17189.906585046803	8566.597786670547
1452.6556256893464	16604.500693408187	7531.974502017779
1110.231718962732	17064.6791470573	7875.689254864486
2676.0753446518042	17360.249570735537	8154.501971893516
2166.9880588459473	15873.376147785973	8199.16476443803
1799.6420610218997	17581.665034664817	8009.78346590041
1361.028601832428	16804.245364475613	8121.655901278801
3155.9181120733997	16039.378994912207	8021.599600835291
1404.400918041334	17262.350784864237	7894.126724210651
1240.3063518997044	17500.3959350524	7733.399768676306
1421.6002713703317	16818.259649917276	7866.651435777165
570.9758191981088	16507.310846351473	8115.047714926043
1041.5051578588418	17841.251407969838	7488.499154417683
416.6687133366159	16782.073451190514	7771.086687680004
1408.118144099237	18057.82594866181	8012.479304428237
1973.4174988611514	15901.140371713938	8139.690866641295
1493.2591299154542	15812.696461883499	7854.072173276131
1600.9969907312882	17328.060132402858	8080.770592774984
785.2885417745538	15945.405823517742	8355.575141414529
272.9120195220134	18765.096148823945	7575.705276531046
1282.377072532779	16499.41757042157	8065.162836053472
794.9279468740724	18227.411250247485	7694.625922281635
621.133954185647	16952.62260241477	8275.272776724632
2324.207614250093	16995.623834678205	7692.6549090335475
565.6423051729796	17794.839196802903	8420.823217958723
2652.6151272258357	17065.247599491762	7895.128810359975
1380.074804292349	18180.176190820486	7650.3989371185535
1832.0160813786056	16754.939949757554	7918.984476987733
952.4855319181413	17417.564877903027	8112.851423123907
1434.1912115151376	17588.036633303163	7912.988180766071
1195.0364788928955	18126.626524812466	7417.611225865981
1784.8964495248063	16857.67549306778	8588.066059747223
766.4116398391151	18704.291208979477	7711.618731941561
1511.8628710287787	15543.807498174981	8113.082394728256
602.9563068218831	17342.990460573743	7898.6054332606855
1405.3872639050608	17462.664043430304	8180.33886193848
643.3078383248148	18305.850216293416	8033.397311630205
806.7951267390107	18575.28819198318	8223.861460368658
2296.279110697627	15787.168118844858	8289.082950771994
1272.4816554546976	16317.114525615583	7763.632812906582
1584.5342611994624	16308.137498025928	7725.1133759156855
1153.4183946972953	17571.868290066563	7741.421709389351
1507.7437678510637	17670.95968506689	7947.319695351642
2711.3905358558536	17219.501232941962	8400.81714269483
1311.0705624762584	17414.497894647946	8415.201847520328
2365.4921015448904	16606.225560838528	8527.187112456988
1517.5979498279685	16750.303000204793	8242.680789612337
1503.7898613759542	15972.205420136544	7352.220868647045
1133.7462574470708	17791.275223221368	7686.39758860474
986.4400071761224	14808.05839645691	8034.074712739048
2287.3484581816047	15909.203116592085	8679.531990159963
1543.4649896095614	17025.480228431676	8038.426211514321
1022.5668136101967	17468.011465505682	8232.79999963668
2113.76952993946	17195.609955156182	7961.524610542508
2253.5334603045662	15570.16508166284	8113.034460363385
638.1819583048065	16995.05780519804	7979.486321242983
515.4191692408405	15844.598063364218	8182.654716424584
2729.8553241356185	15365.3933450456	8323.654797562622
1595.0960799635532	17229.742471357586	7938.704212226161
353.2332655033215	18469.33675278929	8086.076177761648
1655.6927475633736	16317.245693931129	8127.1914101526045
99.52105183390914	16955.925732396183	8063.319380809236
1471.6187263606348	15143.054416543138	7950.4587232102385
1760.1432972351909	18763.297044702293	7474.732943241172
-273.12330509716645	17855.942936580133	8058.627822404477
2120.820152209499	18792.051950289024	8030.348172104992
1571.4668929664078	16408.912861975616	8547.28533104358
1279.153537166839	16580.010654422822	7900.2162278601945
1385.4397246431533	17163.458985717432	7769.681743421723
1761.5294980244034	16964.05210910832	7678.644910894455
913.7168284136397	15767.053673862189	7938.638205319503
-421.28390861801256	17180.54999156825	7768.4110342651775
1192.5846479302793	17012.44038795507	8628.045521340971
1615.4803302427324	15693.711562538296	8454.260138668038
-426.3902754375617	15799.90538168839	8342.457126788162
1968.9929543440635	16642.549200543286	7995.622089276127
1108.1683265045908	17885.838828176773	7842.463702096345
160.66648582840443	16588.516740483272	7767.526609355566
1367.6319900660542	17334.99169780858	7122.1646981441245
1750.0674264485865	16576.841136045125	8187.864492879936
1545.8418663655216	16101.301048561338	7496.94913964628
1197.8211184492386	17716.07521092041	7866.725958961266
2735.645943773622	16926.084765343618	8426.99798097269
1397.3920907167117	15323.752366148436	7738.515648757224
650.7255170257479	16362.93252185584	8374.355329078726
1640.5757281565407	18422.729206527063	7696.616361340375
1478.681728985244	17601.182211282325	8059.030822397036
1491.8267051707878	17387.241419664715	7948.292296305759
676.0307448932654	15391.606298161378	7999.3334954167985
1652.3572164390416	17848.55927097726	7542.474508717217
-5.2463392993628615	17318.69577835967	7848.068232326011
-82.54268256667622	18905.47558987017	7595.507227010629
955.6024756619242	15695.585950325376	8162.244778180716
1313.2070698501734	17491.09209860295	8121.5871563479095
1974.3735857632732	17409.699540293914	8262.817724909291
2538.083208675008	17496.395967622087	7864.246459700691
1333.970459915695	17399.460650586992	8217.164183226963
1864.4866894325517	18892.944198702706	7822.81883634677
1284.0889019109684	16506.091724275542	8068.100792281727
2081.9692610682932	16884.196431282653	7616.16124862425
2587.2975939793646	16698.490222100983	7461.653386827625
1938.6110089944475	17738.599106395348	7902.919369098566
1117.4816765111923	15745.455677381467	7451.055313498575
1515.3521199979284	16089.141933039118	7896.670041654455
2128.2428971912277	15892.520035727937	7649.744639022888
116.18498093743246	17480.5489660053	7954.035887857648
2155.569909788316	18170.0579970017	8228.625071152474
2671.391049859773	14141.900049911832	8192.320556393173
2436.1880987681143	15992.865716032975	7644.765144148331
530.7254158939207	15923.904436120043	7804.017669622261
899.244885612971	18692.844073947606	7633.975047282274
845.7523292155464	16352.745620706402	8008.2571762096595
940.230138413144	17198.480683848138	8189.6825793462995
490.4269787574739	14894.688807582981	8509.792123855741
1623.3634655714054	18692.976417863378	8189.717710151054
1434.1551841672733	18474.255768539628	8213.757439989215
17.35922999976168	17077.366523800312	7725.026908545715
2233.567539962813	18053.68030592526	7946.364724003483
1724.5115040911137	17019.46520470826	7850.437495382401
1202.2040500347555	18481.64062342309	7383.612941310054
2348.5435512941017	18465.37076271781	7244.445857779173
1131.729229461857	18863.691557765327	7945.692714304657
141.0697393990794	19112.227831149907	7603.388277833135
2548.0139002470305	16095.860886781285	8042.625340216753
1566.2450825029928	16062.087297886921	8606.708789854862
2400.501768434243	16360.122046928995	8117.33840371786
1565.6835299570091	18063.193199216486	8112.10858554697
2206.10165454955	16405.697734085035	8285.463882790962
976.2785373726114	16072.452931452875	8112.519042927737
2146.7340825537412	17094.922803954996	8472.956644325985
847.3556117625345	16226.738438899476	8228.577562634777
2341.6644865154076	16278.280730357856	8222.82832343266
1134.6271615493295	16340.354278951245	7974.904748838482
1114.6128828428593	16248.458139831102	7497.201088062283
1359.6389355468625	15552.786180056883	8037.908545956111
1841.0891043822996	17623.73659102059	7932.877341670964
2689.7455184283453	15935.764823157624	8047.792496986595
883.6294105954676	17017.159336428573	8210.050175941633
1986.2705757549752	16580.30701173906	7620.10961696468
1236.7060982456737	16365.195596703277	8014.912764260316
569.123574551167	17066.392960202727	8161.025562381309
1737.4904490470062	17053.635319890018	7385.161203746926
1239.8137820076508	16460.51025203009	8136.857246073041
1885.124302170099	16690.598930591463	8310.058731411007
2351.926217009604	16098.972429634643	7989.16750214049
2073.8634847231083	17001.43854593226	7909.834104492707
-1058.270860674279	18113.621530342032	8110.591642921984
-16.25231539085132	18887.341934140008	7500.839315575127
1718.8819944168058	16181.644084738631	7584.494164411832
617.0808619051122	17777.445243652277	7423.854492965452
983.6824079761034	15772.65564488784	7780.6072132679865
88.88933365807922	20990.86644385423	6184.911539716708
1933.2151229410476	15699.703894045297	8140.505495491214
1436.6098713174804	16874.78086739526	7860.420904626667
2553.7658989499178	16876.843362181586	8232.146815149486
1489.653767106355	16411.715199438793	8020.278311411071
1516.0404457122556	16739.043185820927	8177.782001593436
975.5794889921864	15463.098963791352	8298.129764778501
1650.203266799505	15721.582670190612	8145.134861628021
88.50092421138234	15423.159409541058	8350.455975139255
2318.638946294648	16153.009476514326	7975.841644047976
1671.2154515539185	17646.816950677694	8070.4221274570045
1530.4594053758203	14695.079551754969	7971.058428157303
1076.3941059992603	15721.790950512119	8376.536160108779
2723.198499265331	16459.882223286895	7956.740598869376
1772.2779709345002	18342.88205448003	8010.26138671471
632.6848820002067	15384.156382156705	8503.692777802436
1593.7663830479562	16607.809790487896	7565.280393242976
1565.9586697872192	16701.715686521708	7435.35543518107
1678.9860230236513	17705.108025691432	7986.027656542493
2474.735336721342	16623.350334032286	7760.138480116065
1360.8048193172328	16858.252167230465	8704.924844964666
2201.9942610562607	16168.900792312457	7976.056327862048
1779.149914705177	15691.692013846676	7800.058570525297
1523.0427294410995	17758.311474752547	7600.132439529677
-242.60426936456057	16585.507633155044	8664.194412634339
1065.0050467297813	16963.0513733875	8354.499268798869
1468.7614347141628	18874.955942348923	8140.730969053178
848.5898842998433	15603.845006444839	8436.045198285956
1608.5604274212626	17495.866193313625	8392.726534171741
1070.7120644080735	17625.235233092713	7665.677362340369
50.814845148935106	17429.074523741565	8142.274956574727
1227.936689859329	16912.403839239505	8115.7195331285275
1160.9671097561493	17275.381127528355	7703.921341025817
557.7013935421116	18980.08861852846	7700.689368076411
843.4560951504989	16473.61178285764	7569.76984768937
1822.7806518575264	15397.189345712262	8065.8971657224565
393.8881083363222	17179.423056367592	8757.026232751547
193.7175101399775	16601.38499345296	8024.058940780253
1690.322382656116	16813.181170924396	7987.9857136097935
1527.0080967003205	16238.115872859891	8070.333499809635
560.0051934083718	18221.67755749284	7961.0620241454535
1983.3955269899302	15820.651534585162	8414.142506933727
640.3448981063199	17069.05731975521	8296.859746024571
1643.89473464729	17078.853440382387	7794.509961502488
912.344962744379	17373.021551913083	7964.481455204041
2257.712962659127	17364.319390054952	8135.819923033965
9.544006896608144	16656.12634345734	7845.317522890289
724.4952781441579	18071.596201119595	7677.258436349877
2360.229179753809	16034.810954647277	7894.43096304427
1474.9253362236207	16725.48094022746	8358.808376768604
3480.1484942314746	17781.108981922094	7894.566552788128
1540.589356533575	17093.14550545199	7735.524154576689
650.6508380711331	16771.22226536308	8042.573653883171
580.626987336978	17398.39151269541	8147.957340107948
318.2717665383541	16787.06815251502	8101.88465092636
1516.1407342245743	15198.308086114195	8085.997467069828
2635.8358453499345	16865.01360439581	8164.920550483417
1432.7514098786298	16777.41601029935	7739.721277161872
1994.8857875855708	16632.13184136404	8435.462840590077
1657.1069676944765	17199.55693514325	7163.228846778003
992.9944939552573	18030.703721018996	7676.170585912279
2435.2020842344336	13625.684230358402	7964.587160392392
2239.754327498603	15010.969187484274	7981.213419669584
1966.0389601297875	16764.719677568864	7774.115257296176
-190.29511795259174	17000.984741874967	7721.7233697109705
2205.018418954177	16814.89488629341	8235.426834421485
1741.988943313426	17808.49493966155	8422.685658652477
783.2791031709191	16909.668541107247	7952.035693322097
1245.9405399315308	15696.710499282273	8686.207259581688
1146.3183659958752	18172.42766351754	8036.069854096596
1208.7754228596552	17242.131058435258	7735.990130819298
1385.5882207311636	17079.086722003125	8104.969550530932
863.262051401627	19060.484064992237	7890.17412617325
166.26115835065346	16064.095061244896	8033.835082160714
1011.274568432015	16541.274904650305	8232.931220779634
581.539225682039	17266.875542237576	7850.80492038951
1014.709764511467	17052.197383953986	8225.338379291015
495.17456974617613	16910.538003659232	7903.035998775297
1089.3590801323082	18641.32682853473	8407.802955914685
2197.8319714056584	16366.903998542779	7848.936694565097
1270.653698549085	17209.91619168943	7870.0682284930745
1445.4610179774909	14628.188560302224	7995.038477259978
1780.8509489519588	20121.77989023085	7298.067870541819
1476.1484878253934	15583.495004981054	8385.663707838321
34.54847162137783	17546.42580838441	7617.504020971694
1109.5657192781605	17384.46091985264	8020.22034156472
1485.0756703758768	17401.63906976819	8531.670685753787
1856.5235020279813	16276.47881749667	8011.779437720669
1369.1453667086082	14557.150079617055	7993.255361147126
963.3426678772297	16541.561124041604	8652.039784648436
1108.5588573992861	16990.515670474182	8029.040505017519
1427.792501199674	17812.29465571167	7503.736413327612
458.74635636517837	16661.33588303294	8206.566151937002
2403.957542016654	17150.965798966437	8042.3727912656705
1536.1459895645087	15836.399209289608	7690.596836227337
886.2951061967931	19050.832985219662	7471.614744838878
1310.9129199280405	14228.858160243708	8105.081158665678
1123.6090075700286	17933.324365715613	7836.689080460534
292.9161688494244	16550.627092982002	7702.656498441616
1635.7650065588075	15868.386717120691	8233.13358933488
1418.0365791582178	15617.471245313802	8657.688719630647
1257.7806899401764	16325.117920710703	8055.734516954358
11006.754072756215	5077.672637293357	5635.728696911601
1984.3126738913645	17803.590820588535	8218.08791995276
1492.0509189084448	14971.367245738431	7691.225154382957
330.73222592551326	16175.652815151978	8135.70992872641
1359.2483344868876	16787.40474476282	8358.992985101562
1730.6694873363624	15636.047445052913	7960.029994754826
2298.9864704827587	17573.22450701451	7769.822859537379
624.49127603006	17064.9987334063	8051.969697089851
763.5871967143087	16494.839456989273	7817.232675114659
1222.118765793021	14806.548929268343	7845.562801112442
1614.1362530011065	17684.54890981082	7885.704570628205
399.50345954981725	17003.7071039551	7645.110135226335
2325.3432328431786	15335.701302163387	8324.395713034064
458.1673472494401	17568.592816585995	7881.439340366844
2814.1663946155795	19102.985338628765	7305.2031019174665
1052.3362130004764	16008.826263734525	8390.579776308095
2350.934909617591	15246.776342069603	8801.183307206062
920.5636242857262	17247.408432646236	8153.806802230044
1628.7578021139557	18320.078491609842	7599.902507562294
2383.09664421704	17026.746317813977	8206.047005256738
1278.8317728177037	18265.324316715156	7650.719576615819
1425.8399439226305	16128.03833349348	7942.142468965025
1290.5301958815064	15994.582665127	8045.874614109038
966.1958394981535	17020.629658246995	7831.40860246836
1324.024386376203	16368.367133889544	8071.103980664314
837.1351366911598	15130.182153904481	8053.7385812352395
1378.2500792282892	15852.169744286324	8319.755512504193
698.95139474932	15047.334435136328	8059.984678205153
407.2640126964149	17327.579943896675	7762.925269948784
1639.843226255153	16151.916484843927	8088.325425094481
1411.3884700032738	17259.147013258535	7701.69687259438
-23.524288986365843	16823.154111403208	8760.99657515117
1642.3348794085439	16534.543297307075	8135.334103655956
587.1579899339205	15334.217771369274	7881.830268146927
2087.410063643041	17494.351575567103	8055.552076479195
2118.598047132523	14821.759544225957	8116.076330376952
1834.6177611093271	15143.608862461004	8534.143622645097
790.3886121476753	16624.550456149867	8276.33494382194
576.0434530065949	15378.06795167637	7931.076300282653
862.0336042118039	17428.8186562953	7610.804135898722
1604.3754475954415	17324.438625490984	7741.32845205591
1548.4378991036124	17175.976924308834	7446.489835109191
1130.569230279397	16878.809595084847	8232.862395534068
1303.6717118298395	15875.157743837122	8525.279834552564
1342.4972540934875	16476.444789519515	7841.367261645389
-148.15460329451014	15809.060074673098	8354.819334512122
893.6847444564006	16326.852914528601	7985.965000621982
590.3323179620486	19333.440624205832	7109.2416898646825
1597.611627762807	15018.099797579664	8502.452235396317
1873.7034785378892	15618.691771772345	8257.716664141706
1696.308730016266	16161.970142953653	8142.875536562531
753.9837121502129	17218.641602962656	7749.208819016779
1683.7413264912063	19595.071670089892	8213.154908804856
1568.7514733473568	15447.638640565947	8220.934952734196
1509.0710218550955	17409.709509774973	7737.067317462494
749.8088307232694	16506.19853195017	7389.31507874075
1653.0147282441171	16155.649808015134	7723.2932423316415
399.70885029164174	16328.685761473738	7687.343858404125
1097.4644454551335	18232.927233077255	8217.720795514426
-687.20422920343	18583.712905046017	7615.79429836801
698.8421805329345	17436.674282898402	7848.104679387206
715.4922671703675	18026.64714101808	7606.3718845594085
1044.9882639442078	16799.470415601252	8078.451041969463
1329.8166095438073	16510.55846403498	7994.931551687605
1319.707123098859	15104.348140909075	8111.691940374517
1844.2165261515447	18114.93501253431	7416.883348524146
1192.2156599049752	17277.759440125097	7907.546807644617
2021.7184684842582	16341.341115261073	7995.161481778138
1067.6106387408724	17045.732429318738	7990.854049985507
462.3741350245689	15755.10649082029	7903.516002753252
2476.8756816129353	15591.378516862193	8101.008462965202
1389.8188909054034	16839.459828987143	8001.157168885237
1237.437851930023	17903.763116178096	7560.084934010633
2497.5088837149196	15485.614299475521	8111.408260923031
1739.0463756541549	15094.822194810398	8186.554907963645
698.2005805986215	15181.440880581747	7800.342256811754
661.2180816851952	17597.799897665867	7963.0594292256865
1420.2601150875596	16010.624112145922	8011.599032551843
1348.0144008098064	16193.90879059999	7905.226007881254
882.1139319583083	18073.238322444646	7607.150811535071
313.43160649188	17818.704417549354	8398.080936460266
1954.6055490235387	17594.14550684806	7514.345442173831
565.3900620281909	17343.57147610747	7920.180732691792
1941.3219832802977	16244.900604457644	8006.249155002777
2220.8348162466705	15899.278502643383	8376.238841402917
796.7279390806408	14227.776840120856	8044.4232971863175
761.8998813169165	15687.72493477359	8603.376704045824
732.508465312093	17361.417177542637	8170.074738811259
1297.0117048305526	16846.11601915958	7682.303788316235
1324.9435997305368	17441.348151485232	7930.114878993045
-542.4869108655553	17902.65442899309	7737.20521418555
401.9839753215633	16566.74970816324	7928.076792290178
1241.726210464383	17732.45584042465	7649.165590520174
1662.000932577684	18868.81612148239	7806.4764818714875
82.02128214767835	16831.29083057329	8544.41761026545
1609.765939221092	18128.075603271183	7842.487136743307
1608.2170009418062	17887.719632967637	8303.417374945737
-492.10282041880754	17690.12519289023	8328.035731338652
821.4002248433766	16961.57797689856	7131.622955352756
2089.841821568142	15491.508617555954	7880.558508815155
1882.6619551663066	18272.10566968565	7924.886596117648
1008.7222594364066	16220.005989949972	8257.02407860669
1627.554407317379	16503.449741227985	7850.261255624424
803.466134174233	15311.033027130356	8055.178970277058
1544.8354239838966	16791.74219229971	8079.335858318695
1963.6955659047462	17246.037105080057	7357.308376545091
781.1894940109261	16226.772949229338	8122.437806585409
1919.1379989249858	14369.721127164548	7908.820620266975
1365.2349059131375	16880.411025299047	8111.573651917803
10780.945803297087	3138.912939536416	5175.073237621117
904.8019445579482	15708.221643853472	7985.05920858595
1566.5791161476927	16362.993543419458	7922.8929687893415
1275.0238727199292	18174.815389875617	7527.586675753658
1907.6679834664617	16110.877595514201	7670.854635552734
752.5378506197126	17343.881003612838	8039.01383970387
233.18138911042485	17700.666294933566	8209.07875276582
2216.031715104376	17190.67909166048	7765.786743829879
1686.5377206776675	18161.154474936073	7329.720474039407
942.355202209888	16594.277300265814	7794.4522954057975
481.7408682918107	15283.684607631534	8251.419986967452
1563.7101310783464	17944.317303892363	8042.428810708055
1885.0655830329863	19566.895557459564	8135.81741507651
2649.467337528156	15681.721830127386	8027.073178358659
869.722372618366	16117.123559133595	8542.92539157557
1118.5944068456754	17837.59993495996	7702.068441428913
2289.901986135356	17992.851906576914	7765.434081798042
844.6391920000364	15060.610817412302	8422.578000754158
1896.7832043637516	16226.48111044952	8386.924006462179
1020.0656835749733	16620.254521199644	7856.571816659736
2029.9197483747093	16601.10139377826	7876.198339297339
1689.1716974199066	16859.47664492484	8038.722172073645
1243.6757301953296	18272.679215954347	8129.007509422346
1532.4028366566415	18712.3380832775	7976.964702012942
1107.663107166093	15861.841416814874	8361.79490937772
1445.0904196094136	16387.137950682667	8098.829795749679
-48.62181554583394	17711.085981623168	8438.848765906394
560.5007758062563	17865.38069926634	8250.662211050952
1886.2629893506678	17585.69953448591	7391.03356839532
717.3285849208291	19696.323697293876	7386.3371288399
392.29893419335633	15835.85306148546	7925.285733646613
1072.8507100123832	16606.920289422887	8142.87859371429
1317.6081106499025	17279.788068717382	8176.205898859813
2217.69057929555	17543.24610659252	7676.350579523457
-296.2367689625025	16566.16276587844	7901.44579316447
2308.812210304337	15732.257112791378	7824.931651892943
1071.7631612848309	16751.779722313695	7991.818067640647
1024.5766559626024	16222.723485233868	8193.445072670445
1502.2761946446894	15729.269693144244	7682.748528676458
1713.4147130282158	16265.291467740795	7947.135520944073
846.5556840275727	19365.206041291913	7746.987082674102
949.8045820747282	19182.836903901934	7800.203569293607
1032.6955770286847	17150.78918141876	8193.613660530315
1823.1364480177476	15668.168025716204	7910.122896196486
1892.110798819874	18490.0672855127	8252.009109335015
405.0890599352634	16911.126671898845	7542.149378320465
1276.8871537915418	17652.57380117309	8100.581634887117
950.2039882522266	17450.867216611736	7826.370218628885
2556.095442354115	17628.328246715348	7458.141436250378
1176.9428873905133	16180.439900633268	7564.503803294031
2257.8394114490907	17293.521751989698	8005.706691579426
2302.713719108398	17039.110237906578	8495.897645613793
1399.9750690512387	17879.533272016142	7954.375716175314
326.4920418512756	16600.66639027435	8383.935748961565
1607.5715659788457	15961.198893768405	7678.545917145994
1107.7228431451597	18034.963802572387	8004.175226176029
473.97730485910006	16604.86905294873	7722.349178922367
1280.3115726585393	16000.716676431422	8134.813637972575
1357.3060598400493	17794.057834938394	8066.667133073745
1435.4169429348856	17290.87817091973	8029.73499069798
2317.9704337653257	17506.281755423286	7846.292675088623
136.99701288339875	18848.599224545935	7888.951619559781
1513.04212944303	15855.561294624526	8247.352075977511
1232.3817404560432	17133.043127031648	8146.245106860409
452.3756457613929	18492.876080044418	7597.697386108766
1449.2227070787906	17484.279931366844	8050.527629007914
619.3976781149877	19121.566230171353	7998.176154261983
1408.4789959295429	16403.863758374213	8240.731777214452
1686.1843621815885	16971.81363757949	7786.056276992696
548.46764008582	15809.442767371596	8493.979472060919
1436.6464119150492	17045.554798681133	7767.592411247156
1719.5972015935138	16972.639120550404	7531.648496415691
1489.1219497081504	17917.849246897575	7765.881725888376
757.513691856642	16712.317233539856	7833.1770489031915
637.0411140217042	14963.481321758869	7828.897056759168
556.1134486501497	17989.94860952041	7884.0651179311935
778.4363212922748	17149.089037679198	7574.111816025327
2627.475134048789	16871.64930239106	8708.028668739049
465.5189560954868	15078.734722693946	8333.87908003429
-67.37964459820371	19773.116547851416	7198.357413399648
2263.613440527616	16887.7255891826	7751.063098606684
1737.6820597603319	17053.634977029335	7814.274239050552
2043.534236571529	17819.318651105372	7848.296412249983
1213.7870248247002	16961.759458054763	7953.78783333612
3088.1096283698726	18509.623509507423	7458.650617437633
574.9358639746157	14469.088737435306	8112.235223850771
1883.0677955379658	15727.264421182757	7587.515508114875
2000.7938964990158	16549.00385375389	8042.129997058419
1046.0826330478615	15226.470083834281	7913.091155526884
1248.747676461533	18440.732495106993	7296.116054318173
1171.3367260646576	18195.85049058228	7463.656099656917
519.028894655266	15610.74037429203	7832.238178255118
1143.2981071840345	16721.84518240365	7749.546745271222
1028.5698371963374	15701.39727362498	8353.442494809184
2139.2715452229236	18425.20254558763	7500.425710345287
377.45316689015516	16808.67298063406	8323.46107156698
2230.8390091429555	15772.074372065303	8030.0166091670135
1887.1038891625508	15240.082690542873	7895.690889150273
1096.4913397692696	17208.331773698228	8056.12314212322
1426.2761585877618	17546.06003213794	7744.498301240391
1097.6529840510261	17480.744194684663	7916.410081356328
827.0463729295907	17329.377771199677	8374.182931204361
2173.2593827622127	17759.839060469072	8175.134892325253
698.6996980953446	17402.505174900372	7536.319430839961
1242.413888733555	15981.660025934	8303.401688775777
596.9614158595308	17527.658931906528	7957.892587839625
2214.889822605586	17112.54558027827	7923.423873009576
1285.9209628459128	18010.64173182393	7881.456517052963
2010.3385386966659	16834.943919715926	8218.272398328942
1740.199380312014	15801.72644487237	8198.256347187538
1345.1173109341676	16624.063332188303	7948.396650661443
971.8919003758708	16707.2707350695	7628.736746507202
1471.2565304031589	16660.975262267006	8734.031957792333
787.7529923621125	16193.67367545585	7809.401805550721
1901.0836157077451	17811.382561125167	7904.475647875257
2080.5097713244404	17679.2527060992	8098.972278095859
1850.6917674037604	15743.359546492818	8092.126615987484
1389.4622343261315	16662.41265043251	8189.192551373811
114.79282295065153	17876.07471424315	7815.246622587873
1366.1774394710046	16150.873775134265	8430.778064951073
2469.0501290768643	16743.41499228955	8156.640915503144
1339.7603934792055	15692.522445896668	8476.014077535938
1280.7142513789013	17759.025596885655	8068.73664673233
2087.1762868273954	16421.07504885043	7998.575175101377
1142.5975672224613	16183.771307289173	8160.524236340271
669.3919787294308	16919.366979620285	8104.892622002442
2391.8702606499733	15159.652299217316	7616.873709086197
736.1540803997145	16751.26018847746	7685.762536218658
565.3245741970474	17108.319441118863	7800.044768032151
1177.5061753064228	17618.397919509513	8396.392875168236
207.35900329260102	15506.532611708151	7898.5270374678485
1580.5516247696223	17407.381223757406	7937.504026536689
852.7468215095737	18124.34981303077	7746.556440124868
2423.809950302104	16649.738589901182	8012.189883600885
2852.123188188057	15084.304034706518	7743.044070998908
1432.86841159185	17376.19938599816	8593.358688082457
1725.2771652791503	17172.9181384429	7367.922329037319
1041.9425848645371	16612.62333865927	8009.578777600861
1840.5172755230833	16547.698215430286	8021.1644570693925
3593.9283630709942	17163.31049848157	8372.753166809816
365.4681648290532	17049.214263044087	8342.089174932024
553.4521989458767	17896.530081231256	8051.462952162884
1540.8961208361184	16814.990788698582	7978.682671057751
-52.42411080700797	17759.83228268005	8262.888201722497
1059.0926129366444	17686.078237666716	7994.553592568087
-34.96303166081301	16573.680635198867	8099.643519324238
995.1681520721812	17329.978163407377	7892.710147740691
2352.496126932894	16386.85326213205	8192.372079063822
2389.051446691286	15917.242436245151	8273.333507504723
1098.654774463624	17864.722226507576	7881.7788378216255
460.83308255003925	18512.983593561486	7801.093432671951
1715.0207306185805	14943.557275422263	7983.748359711778
1309.3345473416418	16771.965688156473	7426.906492838631
1728.8540682159	15611.461020926226	8864.728476562568
1619.970131191924	16811.964622431162	7974.498481865905
2760.827908845451	16952.78123387038	7831.261047915426
1308.3313570408052	14798.590288140043	8179.050662947269
1324.145659712656	16257.900299977951	8270.550134601033
692.3611076098981	17548.319966636125	7658.201377380099
567.2464934216613	17768.418487022733	7888.776536197227
1070.3805825166485	17039.055171192216	7902.923244402267
1209.2594567534532	16709.823040425854	7427.779009291483
1308.7413162282382	16707.510803621277	7762.081547652221
1786.9617093928655	15480.607127292837	8419.897608877172
1995.6199334819637	18824.36230512514	8451.316930548166
1962.5788819604697	17179.793524185523	8397.106120763377
1196.608866292861	16740.44585560991	7748.838494228431
1116.4652852421636	16656.257430968024	8518.507457171794
1405.730976809155	17377.875443896082	7995.1301441358055
898.49307141467	16734.586885437406	8036.226198834447
1895.2140546280834	16376.761604382184	8050.900585531791
428.90051858793834	18123.109099315545	8340.770513168016
1195.9310744206557	16732.014882840285	7937.712392599987
153.26140570932716	17438.47979374774	8182.7697599299345
2505.6688002677975	17238.81473972579	7717.064360634402
873.6925245668285	16680.30742208436	8099.573265219651
3398.0360081217104	16750.35787282192	7755.624609002424
1229.8367033081336	16869.065765776922	7542.381850874992
1378.8778335068123	17734.556630630203	7870.488888575584
1068.0949496234753	17095.944292455348	8286.565380951057
169.44504517748052	17543.398620731117	7908.2249270497105
1890.0267639419292	16694.137161528906	8517.872690480886
1712.692743723972	16733.51120945296	7999.006759291867
1325.6129369343798	16828.53332785519	8204.603487312193
1452.426279369119	17500.883671323278	7771.650341282835
-43.40074985375023	16014.790610238548	8085.60958499867
-220.54623759559408	16393.80612157411	7261.280555741146
1170.5695562280155	16757.253972249135	7851.789376508483
1422.365313174029	17074.698351673378	7794.334829720154
1032.1881267023668	16118.35173646967	8521.110220978226
2114.5538851315046	16841.64711714001	8046.625968219217
2003.5833089375392	18869.914437748248	7922.796355341972
2309.1852904659895	18287.912656522632	8306.271353487928
816.6526123244929	18803.84831413946	7882.548828067335
373.4010346144351	17324.619085693033	8215.862974782682
1863.16303507127	16951.407424798945	7991.386720099951
1255.5569978181452	15172.25825628628	8128.084553512021
1549.9448587631691	14823.972135317877	8005.7198857189605
888.0390704215265	15820.619711559648	7993.530247311956
1621.9462949478554	17041.502721214074	7789.03755124067
310.32972592178	17040.788941326435	8058.554818529864
2484.7054480927413	16366.990409573833	8188.627654269665
409.0701344977613	17572.679115239076	7455.9965579108175
1276.2721851096032	16009.879849858498	7990.280567092962
789.8918371996806	16812.021971312854	7922.453915401057
1508.7624945970028	18814.054234650303	7514.231881762018
2311.45871538825	15419.642751326899	7972.394406759812
309.4494162437725	16424.281326739132	8024.252651244694
1532.4492688680916	17722.696614457014	7312.777123233012
803.3670703952391	15852.198943323414	8282.858928709764
518.0972393381032	19386.787860725002	7547.064348848693
1256.9514777158079	16317.771584675185	7737.523205475492
2442.921336104832	15493.539336592732	8219.209430476472
1100.5288903961412	15166.953162489075	8292.66064388524
322.6692147863303	16653.388631456775	8398.579679657185
628.38023537742	15976.715979971515	8126.717478370669
1711.0618623930595	14921.974739249208	8046.136070692166
1025.7129369441168	16122.712752215213	7914.085750829939
2272.479372068942	15321.373106404288	7631.203255549128
2069.736958853056	16695.10932070089	8065.979272485465
515.9894745555358	15492.749618831886	8411.936476391575
1449.5189244521841	16847.358126049574	7506.470515155114
1688.4972988094873	15724.151842469553	8095.119530003637
1222.2578640942754	16616.343722956877	8231.641708040464
948.843266620025	16500.423050786852	8214.356063290277
3149.021150405688	15419.308133500588	7386.064538685297
2529.723894077864	16493.3490189351	7791.974240030911
2177.280085840851	17307.87952352538	7366.683697384632
642.7397026287375	18005.945487713245	7760.852108145105
670.1779646824169	16772.035698997493	8363.91400230777
1796.783943955282	18942.927742929754	7648.352178889857
-43.14699794456427	18804.189716388784	8384.673627412769
1218.7094298418485	17293.303103541137	7676.831413257043
466.3421520659051	16592.838692759007	8267.494350095181
1528.0587272335763	17194.82924295003	8355.330607162188
2687.28567088136	17274.05575214165	8141.588831798554
1674.9068808489787	20801.4892956263	5662.689043801451
1248.9953913791967	17660.550717751863	7873.073308819853
1033.5752061739042	17514.670286212313	7875.103676961749
2310.015187923818	17215.589723230387	8053.177157426102
1108.4100321267513	17756.04476699108	8226.168326382962
1020.4959419953701	16353.60286430589	7647.707315165654
1320.8022436055574	16646.565848430215	7910.865683796639
1403.59767791404	17490.6104260467	7355.200757516296
-140.05189041504343	17079.867895438114	7835.819924859921
2390.4345335023454	16012.125267503974	7606.019907019436
2695.8043858632495	16678.123101614103	8418.97488790316
1588.2132670282735	16905.58448747775	7488.157720091191
2032.0050250551583	17962.289453524052	6877.428585736773
757.7439653822712	16638.334029046473	7691.613935238892
769.676092008675	17890.651613913764	7171.814951572356
8.555459867559637	15875.722573981562	7988.500964212972
976.5636888086052	16543.444852672954	7832.266559496333
1286.365272213742	16357.621559847903	7565.433268163396
1330.2259435179622	17374.952524639673	7876.444355595287
932.1660121858051	14601.5620570412	8092.666809248924
701.2678297738391	16856.934083567343	8297.679026558992
411.5081902153158	16747.2172551312	8070.2613950110135
1919.5663579165066	15989.937605436979	8126.446630345217
1517.0503326558558	17098.034049147856	7743.253468605627
1231.069764214622	16531.80655987309	7706.432383782598
1289.54037473966	15748.601042857777	8194.753828921426
1100.4124044724342	16191.486646438902	7748.805146113161
2223.023123191463	15767.12196474931	8035.549298592106
1372.3893656072753	15901.806870576576	8016.904743688026
947.8745280888452	16786.20305685794	7532.194751548388
2044.9701064472988	15829.618077476167	8032.5046631134055
1964.0856507284539	17344.97356121673	7840.311423916139
1406.8964738564775	16893.157357410902	8222.063301508073
1021.7900738646313	16761.315373679765	7946.9923221064655
-357.1721819970832	17326.73957073247	8020.611583333678
1389.8298133523117	18377.805952732135	8412.936471584202
274.939058083961	15402.978652060689	8436.171428072508
2179.256681892977	16626.646127222808	7592.275454692108
732.539290567959	15367.504025632541	8108.177248110878
1724.852118929498	15321.423190491158	7628.822160259233
1802.0580964109033	15435.7861631934	7940.295105302559
1561.5962649483108	16864.612250783597	8364.321820652534
660.3287679268751	15545.915186216744	7968.126569185634
300.22738232648516	18432.443074694245	7304.568807178808
1422.4067188988502	16340.063301086668	8240.841527467997
2700.1479959144317	15318.884401581372	7642.763890896655
2801.9485289134354	16716.587908202648	7790.336958268135
908.3550615511699	15546.676727122916	7886.746811925395
1078.0739439884517	15631.095985166028	8001.274945603762
3131.794651268195	14703.470608618367	8167.894865709443
1084.5664170435996	14778.607470591924	8237.194137188082
713.2944389899717	15373.876672758772	7901.111451125285
1447.2258319227856	15506.16019066783	7958.207086163118
971.890017112045	16796.651668446142	8319.266878276789
2285.7694058505604	17462.430049142844	8035.457323367258
-188.72409614198082	17402.82486617989	8030.336549526613
358.4471004692182	18174.065472634706	7561.383498764117
1060.339694948555	18566.748595882604	7777.777872317047
2216.88947384705	19338.640968390453	7860.348266691031
689.0500174381544	20474.976135591776	5388.0890706651635
563.3521935780325	15960.105441660628	8093.172011416842
1262.9776587253787	17044.253566242063	7819.449373316908
1558.957099235363	15647.065933010608	7959.345250832912
1684.5769808369046	15970.549805893419	8609.114248741893
1677.630730795397	15434.6320842596	7988.283126402099
1932.4549060112329	15068.112627359205	7844.124648955426
1848.0446807755595	17246.79068879237	8101.803572530177
1430.016552489498	16163.143408692305	7676.480442336779
2647.6397678423723	18491.12200076185	7919.044136992163
1505.6674067387655	16047.525057515906	8011.9562528295555
1369.3178993689123	16830.39741275864	8183.9398567406515
1023.4283363568073	17155.466725763035	7353.145574961845
1216.6457400119607	17808.62440748854	7819.914110903593
202.87333728004185	19890.591830976053	7827.847885433813
2831.772751968755	15738.497323000605	7732.305458875464
1373.4341555701858	16544.512295300105	7574.869945226842
786.4948084412382	18937.264433144097	7760.531875237141
1953.9855000352713	15220.704522525159	8425.006262338717
-156.56693671982714	15339.77758715465	8520.377677202823
1679.0963965029139	18604.27246575701	7801.281491521548
722.4854296402146	19133.311286201868	7878.809925939529
2383.2894947806003	15772.418661000684	8103.863565739016
718.1850420230386	19369.966930967425	7972.96191291057
247.22576806994638	17013.019243813855	7528.921152064717
1458.764283000927	16565.600651201417	7797.814611538433
1634.8952289710867	18324.66649425916	7936.638088827698
1379.6509751214692	14568.988784810073	8289.746580535983
-44.82269753982127	16736.70332597752	8258.296611110265
2150.1143231546375	17795.370074610157	7337.35782039441
900.68014220127	18039.395887754534	7683.4740483922515
756.1723360566903	15426.719242145877	7852.100371040479
2843.6257483458603	16476.34280910988	8011.552251805821
1012.3456801971023	16877.460226888077	8503.302681904213
1387.5080182172428	16471.932268963144	7797.99796224119
1675.0151170127062	14551.353100055429	7839.367050943247
1307.9828994278362	16750.41030258987	8566.133012894286
2433.9520478880213	17433.93604834035	8088.204077516193
2218.4109498701337	17326.344156484593	7715.158052862118
-57.78129590521406	17326.820858948333	8092.230566383527
1939.200296827397	14039.715337235346	8730.81466543007
1378.983122946725	16407.57574531625	7627.612726359496
2555.7680893590395	18855.08169801516	7470.112521448339
1329.1054058762059	16350.76350511651	7712.651882134247
1542.950527657589	16435.11804678071	7483.996675333972
474.6079592945205	14934.408722952441	8508.528195081799
2344.8371114464676	16734.274229044287	7617.576567597617
1444.8145046178597	18067.44391966728	6963.939312151432
2659.5334379978867	17318.909702703455	7597.14926628758
1066.1712633783889	17186.484714158003	7906.308839522772
713.8571907275972	14706.515883127167	7573.7848370679585
1430.0473812629934	16436.770001723966	8005.873487221456
404.68893051392797	18195.586251530356	7932.541629517971
919.1964706234953	17932.2224754113	7918.693094864901
1042.9393252652128	17715.884934341055	7843.744747124561
2003.6384338169955	16482.9510116164	8034.327860214521
-2.642019750968133	15916.656285599118	8314.43043888959
188.43366853046982	17551.504876982348	7715.689312538111
1458.5033845473574	16220.65947645553	8370.490769236727
1732.4797438588857	16436.23322296917	8407.637759877329
926.0392446661293	17896.22223538421	8305.589449630987
988.421807198882	16188.268605755216	9005.443824686457
1487.915755140572	17709.995435511468	8127.062832089833
193.72820265042571	17981.13746147064	8011.620315971624
1677.671901751447	17024.755702097835	7653.245955747032
1112.7725033761055	15026.745457009243	7969.036684898587
27.382478574469026	15231.325612846751	7570.992107403947
166.3963616984764	16018.112706291653	8071.457453295386
1380.9271416536053	16759.55979458137	8120.29926694331
1210.3828798530953	18164.17464642163	8442.84709765296
3449.5792822557983	16392.90117646902	7750.75846272174
845.5001792102902	17729.50616608112	7909.079988621397
846.8064236211752	17596.75497214133	7618.1463925774
1192.6438744125305	17410.40855446148	8708.273517333775
2804.806601242347	13546.571562646586	7836.152823479631
2430.884113504785	17181.893443399742	8034.931437580053
660.1256137785373	16742.92190793864	7650.22153648921
1268.3251112375592	17077.34497772163	7660.326366985905
1420.2362505443843	16395.933581465604	7636.700546630709
426.4936263304271	18372.05605436479	7760.67290222939
2045.3390935293555	17149.423144288226	7997.044227822184
1356.113410253759	16958.645636465462	7470.227094275514
2406.8618759855044	16158.34852694998	8084.791579580018
1572.6093416362469	17394.422842091917	8085.007505489243
2016.0744013732121	16295.2359090702	8007.701165961316
916.4873772511955	14941.490356850503	8436.567390103915
1629.7197760039116	16567.886057320287	8168.611220879681
811.2171468574368	17328.46036002652	8000.716050745627
1088.991715993995	15727.994099826456	8497.388279315808
1919.9392308474858	15650.662610627789	8115.587386801049
2047.3043163347368	16418.394230000078	8078.136812503772
815.5333266629881	16499.098310241057	7696.6134746552025
992.9817957208554	17634.030108863502	7496.318830169909
2121.9604740043187	16843.4622898786	7523.069101528755
511.3310891036872	17662.63569783419	7585.933046761447
1730.9319074875136	15798.738786860673	8237.632540119368
1517.0480258945524	17706.35789199091	7639.510744133049
871.947816069552	17062.859500387603	8428.610837370097
2358.2618264059406	16589.40782174909	8505.968828288003
367.83556655808655	17258.808577937732	8076.409851988395
1035.193944132259	16131.538764803547	7706.4343848599665
388.7679550540689	18711.430475238307	8069.220516831213
728.4272663371903	15804.034416189364	8547.906230052702
1319.270481834467	17668.978577395355	7725.911748650071
2363.8102798413006	18851.53365690757	7804.851233396585
1535.8010586965615	15425.177897214675	8009.969118614571
910.0972752335067	17093.325352079355	8011.93788814225
1220.9647481154664	16847.362503336364	8257.599591721517
2019.1546426206878	16408.630350827883	7453.423079533674
424.05975771799956	16459.262950535973	7924.00397069878
2301.1974701465256	15819.07183905649	8241.709706527274
1682.612053669117	16298.489133555275	8165.884866052486
2626.755317282969	17752.223793866993	8554.90843418423
1696.3619708385977	15792.68465586187	7584.779548779391
2356.087712550664	17163.263263324072	8260.262373368225
934.5641883242121	16429.50174364258	8670.267149250074
1332.2573001987726	16765.9272760115	7561.636386827513
1964.767421667318	16055.430811081167	7549.932922639671
389.4156602592696	15797.545351380246	8652.777517301096
648.7777437606018	18439.613542687614	7627.746600409096
685.0683033724565	16070.368670773047	8763.52853885809
1266.6492272782962	16249.366764971288	8202.290378267584
1739.514926388842	17204.47404181947	7778.559434282478
825.2325708142179	17168.38190824163	7939.387748195759
2235.339956028079	15242.036878115023	7993.231185607998
2397.877833656948	16558.72166102698	7841.477461552205
2294.2494227492507	16451.775675533063	8157.356789304062
1421.6413601670313	15123.046760891513	8099.014956785181
942.0631255187367	17645.91371945328	7604.028271672271
1184.1801115696105	15865.766361503924	8233.910928673682
1429.6204298613088	16858.30011262946	8699.8483893054
254.98384989416792	16995.533393841924	7981.999025621108
-12.42739428138568	17599.67703414131	7784.427243775083
1840.376779723911	15726.948717178026	7845.302636990625
1696.8806479423422	16838.725115643483	7502.996806286365
841.3273547767989	15322.866122784177	7952.09799465475
577.4538245009554	17016.417661046806	7753.224435843708
939.8163889642847	16258.929094786923	8214.911472146741
704.9700744930066	18392.54026646663	7487.780598127096
890.2355787224138	14682.07437747194	7848.541285367441
935.6353597039296	15770.528431161178	7834.195697629437
2480.161669500487	16302.880066341928	8147.851910586739
312.0487712015708	16703.735213437158	8118.7038142293795
577.6688288926289	16986.184302376456	7762.793204104371
823.331171359671	16231.20227443592	8170.363151868448
1328.2002977941634	17529.69631236031	7959.05820017367
1629.2506195696722	16249.590304251102	7891.294484736705
870.5207475045405	18423.783963430815	8185.960931672425
1783.642099476392	17788.525199233154	8024.560577826937
1830.203085813685	15922.187101667241	8247.188244385648
957.5659125634003	14043.729633083996	7746.320500811002
2421.0932557354795	17435.692782775634	7568.306216701401
1568.9994785525614	15714.136009030131	7828.412736790805
2363.796534238218	17242.34346279757	8232.286278719852
1224.7765506732333	17220.773538164172	8288.579660676025
2280.9295771560933	16514.070999658354	8273.444436199512
1377.4530450440607	17151.104367928536	7828.444698004346
488.40426289592665	20062.410702235982	6953.686196521761
1174.9024889294208	17706.143441422413	7887.364427380783
1622.077911451995	17661.058109243146	8045.605032272769
90.56898692933223	16109.958937371686	8235.679517874021
1005.4927969311142	15615.053139757834	7556.038426840762
2406.5994401403495	17677.17721000013	7684.854517535282
1365.6550564311008	17169.769576806986	8036.249535651121
1376.6181014950712	18412.05363114293	7640.103491485266
-501.27683563456293	17129.68967665917	8191.64548262858
1037.9227793162006	15008.892708473983	7808.163113886899
795.164680655487	15822.518610381076	7949.514977562459
1118.4390154996365	18467.263758487956	8028.3043422145865
1188.7356941636483	14778.789383233605	8003.997490470823
806.2165846361833	16752.74949012752	8186.422163695314
406.57882825337856	16743.76984234157	8403.098579957963
963.754376633946	18369.96698661458	8033.253067580127
2083.661785182141	16850.19611257286	7214.311768840665
336.4456936504132	16614.361701788344	8001.723314416609
2079.148534140646	16250.791118809142	8003.212761100622
1184.210670012389	17421.85068122016	7702.98528529829
1687.0221619209444	16719.09484271523	7873.090262158194
-306.8244483435705	16389.894046848996	8406.678473657905
806.4192676958489	16371.701394523163	7725.504048749671
1311.3494035555088	17478.18419245307	8349.331736347436
866.2499421867298	18658.002621727137	7946.974471102954
1341.7288653248459	17511.454411055416	7722.352079818671
119.2504729993425	15660.04589095566	8134.650364957876
893.3212674001711	16511.114025359802	8188.9426864571615
704.4715976427584	16410.263761349117	8069.096973277858
1442.917080808647	15967.62329431148	8415.654741128616
1496.699093145682	18074.888040730526	7981.882905493937
988.5641347187586	16207.757487478737	8241.322457343258
667.4360574466053	16552.458675952006	7432.8372296954985
2493.461567316163	16917.77918812804	7834.108600231508
894.8582733044253	15613.385202199137	7818.624271154879
803.6592160500311	16490.540910067128	8510.635794378282
544.009674732753	15817.22278569307	8401.304655824048
1900.6371037326462	18829.028706886595	7998.173330696542
241.48576088981252	15783.791120449605	8309.134459920613
1302.8531897950163	16432.67960047719	8275.285366882286
1272.923230261687	16473.32178787366	8417.279690999705
560.4376631241238	18108.798886767447	7359.850322959822
1960.841609406601	16169.470063631064	8230.318627543342
1016.6836789574646	16995.147421539546	7670.864178546871
652.8027411225685	15628.988690408769	8060.367328548388
1970.2756295463253	19092.254093729043	7765.296396789389
1147.6662133426244	19050.045103267617	7784.632381431648
1208.7269691559306	15264.458887364923	7742.432451432738
1648.9139861625088	17202.226520170105	8168.457182074209
1310.3709262417194	16772.82004302947	7647.932268148163
1156.1268990915569	15463.876756306485	8156.633048457875
2650.6364740385707	16154.257843883024	7979.727631626514
696.4963978903052	17949.524527400503	7364.054592321481
-22.18592513591758	19426.27115763088	7915.47696404372
727.5442422997465	18433.572776087178	7848.26390789336
682.7690526582849	16495.681925976776	7882.704947656731
1897.2151652381879	15354.354706638507	8457.112747636575
1631.7871818204683	17833.34250992821	8246.846421457556
1629.1065035077056	14266.389145557516	8753.3221162094
899.7106221681636	17036.192596347493	7657.424847878318
383.73198924097767	18829.72520679737	7407.070226266336
624.901237842169	17319.630532649167	7930.157676840687
1220.9521226648733	17311.56669534516	7672.960846865962
682.6378646863703	16299.88659768039	7853.585924226733
1592.4130640109884	17359.669634343223	8820.203552406336
2334.6218403022945	16115.981333604588	7948.240756916411
8818.718034200705	6938.103217872114	5412.626124476889
2223.0633626829813	16396.7114559827	7890.122618866406
872.1587883273768	15980.316207521102	7618.59088173352
743.1337752118617	14651.952212491693	8205.718479819918
703.3188832174247	17893.47412126714	7903.640765373597
611.0189674987005	16632.591412809234	8168.137974267607
1757.2890344410998	18483.31533311403	7656.887059050339
1432.3469345083004	16492.685053832814	7664.850578056049
1085.2253978469344	17747.472998867834	7596.772764840355
1897.5383571021707	18276.320732626802	7869.594734121919
2664.5004520017005	15001.680091691149	8247.866282720302
2109.7664541026747	17246.297514382397	7931.026267229936
154.47772433249807	19560.005174291262	7345.7034937727185
208.46869366180138	17535.71234048359	7826.180019742638
1537.6531153731173	17702.9071635609	7771.941555526129
84.20029557698287	20101.97340700866	7626.7778786776435
1691.7812745155336	16535.180460073276	7978.976031723824
1727.3899627980436	18283.613014013936	8218.424789919804
2017.4469630449164	17531.6697491765	7834.004452749438
344.8852632699905	19271.033235423187	7314.41473795666
1228.7105431590628	17544.75956098347	7205.572237938931
1793.3418282324214	14690.053582684546	8182.437683159071
2153.43195140805	17179.05762877061	7833.743128534146
2519.157989175429	14380.935889438431	8415.092179139674
1707.2018673768976	17906.94640500314	7530.775502728889
2139.1447576316286	15069.314889573903	8071.950177692158
1235.544642869609	14184.370225122428	7721.396873209265
1140.382906222295	15976.385456568114	8265.062475405477
1655.448819075956	16186.339295340775	8365.398531990697
-107.83592027072994	16682.404681532375	8445.218072378417
630.4024150417646	15533.465804426023	7953.704057454057
2589.3664221753393	17146.847834331587	7833.801627900554
859.457862268695	18805.274907177365	7535.2886752557015
2417.969323183638	17117.7297031931	8026.696302755314
583.4051374140208	16049.185806729673	7994.584027127164
520.2688565234066	17610.285041311352	7982.203231796644
506.7619995127606	17712.12669896522	8098.904872873337
659.1911090695019	17734.25225747886	7925.597271858193
1027.9580157605976	15685.08189792221	8299.058740706143
1264.1810947473202	18391.87966311899	7691.594871910709
1299.3539413863766	16090.336780574988	8570.534424805974
1982.2269908804267	16339.78135864604	8031.606934597889
687.3189076431735	17163.852309272996	7763.939912931868
1840.5498231296829	16380.843634105318	8300.700450110086
1394.5911386170387	15523.566089886388	8676.297860923058
2539.105212120366	17419.37466845517	7683.791023868272
1132.6389419945926	16268.43144037692	8068.729557136428
211.24099901259956	17329.174060833015	8339.160125131964
565.6877998331383	18372.035679288238	7805.827650686715
1456.807539638663	16017.270711753426	7940.715023786175
2096.29948644861	16917.400472367448	8137.221664870713
2009.192730684832	18111.01539885422	7937.211921867375
595.9279605711873	15996.080456753083	7769.073141526374
1020.6810561019493	17545.814468816374	7868.276503597765
1562.7891537296584	16029.817162759638	8243.427664429515
1615.0083791409509	18262.849458555986	7795.677335763974
1116.912192568719	15422.92261617885	8001.767557026253
561.0442925848789	17471.234984320778	8127.794905932885
1385.3837092163517	15659.89438722185	7477.133462484284
610.1422223128691	17708.920768981356	8015.219868786534
1634.330229666617	17578.10411535305	7999.876121404705
1339.7995321211827	15911.091685583584	8344.092055067222
1107.6011740109698	17239.47413307175	7664.333398757027
883.1302678131594	15600.753681037604	8514.867446192484
861.9192784775428	17007.306209134604	7622.916495994543
1887.319930212249	16980.47131607389	8027.13370943427
1091.6811627318405	16784.86645954451	8359.968190781145
1676.564233951086	15515.157319711629	8115.33311996897
1201.3353817038458	17540.70433786424	8207.223001142342
1550.9157361709083	13738.364528134156	8011.268798672656
1037.5490014072557	16142.886620665156	8177.205140025364
1231.8601812582865	17872.85186888595	8153.865741189037
2218.2495225706457	17495.78322155707	8250.683426342086
1162.8284346483658	17027.208793849102	8423.832300140708
1463.3189423273236	17273.893206365836	8166.5508819862525
-390.4470045409609	17676.377783596276	7848.225796340899
1232.9676028658148	16119.225217719519	8292.373709625932
2199.063775972269	17839.412513899406	7352.800966423197
422.35744292979973	16351.47745525372	8314.147649734767
1672.460693400208	17698.85053647356	8369.779577189993
1487.9886085583435	17779.19406834235	8288.441840533098
379.1884832320105	14865.575677091681	7497.775712699427
1497.6613321476818	16459.533794629297	8155.692066413574
514.8836451930167	18564.8015869143	8069.711484266941
310.8437510313334	15836.606592411857	8047.334213416576
1477.7852648912578	17520.4046004705	8078.020333605843
1209.6628324255432	16134.86960273043	8301.061598837232
1647.0381486742508	16293.06079807317	8167.557901897094
1430.220318226768	16002.085012731155	8232.026080622212
2317.075113117512	16849.75432819145	7530.129614584236
18.97944016265736	18543.316971651402	7630.269092200683
74.53343588854092	15693.41922914258	8537.185244082937
1707.4888792604595	16443.063770739307	7981.650827447799
-162.10423803153574	15550.07725103295	7736.55146774511
1288.2997045640964	16353.462155046005	7962.005233742438
1673.3452063703278	15990.685661410384	7997.783615156011
1195.8476911185296	15583.81758630519	8095.318102968098
1492.0042942479026	15647.17742873251	7928.903405847932
118.21033520821206	16218.036075281658	8084.618731518435
1440.121582794598	15486.051376360034	7977.506168329632
306.30685031226056	16179.951264166413	8187.816155364613
2130.069610183238	16995.176685042752	7666.958743644398
524.2459471639029	17672.230923221072	7884.172968155822
1427.5748995116737	17100.36481191966	7889.716340806444
1909.3017564617844	15978.39186323316	7939.278086287923
590.6659341731616	16955.897622053955	7635.812044340643
1527.646405642519	17514.05888295272	8183.430036313051
685.4928926040342	17429.230792610397	8086.603571561199
2106.424946090795	17385.793313432172	7361.300850352466
1037.9996163789897	15792.41998611259	8546.087767242114
1165.0658924391446	16004.482646760189	7936.724175932485
1163.2864613651461	17382.758974812827	8554.380601520294
-124.58765033162473	16763.1555167855	8575.45736794478
1594.9563413853298	16773.917527083242	8295.457909304469
1868.3451182778272	15086.956164954407	7745.789671250883
1600.8060677048404	17068.503761881475	7749.057778146325
592.1514714651079	19125.73157613842	7809.358067321607
1020.5710160258786	16542.85970282497	8140.250131071059
569.7659534680901	16570.588970888963	8200.983977078877
2187.81976538774	16712.715634772794	7984.525195643815
1290.737672275686	17573.878288897784	7904.1908620044405
771.5587452312059	15170.374444556175	7723.003285138351
1276.0137428986886	18709.257748823515	7929.276308389526
2876.5320698276437	15173.809545209808	7706.65590722602
1964.611461728593	16696.863767131104	8135.2397403400455
1531.0682299376438	16837.416443840437	8498.991188706885
1676.3876098082312	14746.728690014499	8030.567977841759
1985.6321182695642	15533.007022884103	8546.137030146421
1573.998278515588	15810.400544856278	8271.474870499498
1974.5487522031494	16362.028502806275	8459.732523797195
2197.8617985811284	16856.361658038248	8071.222326093664
433.47244503354443	16394.935526256246	7331.7803181064
804.6897619673098	16796.279495100134	7660.039942939707
2205.79368145147	17596.437249751358	7377.791589629735
1125.7735796375566	19044.072595883514	7643.707937994605
1851.7641844310217	17500.39661900599	7965.26477424716
507.4266626982399	16382.403021900167	8400.31340434166
1691.3489040343263	15622.74254042611	8086.212698791791
1251.3175681875334	16081.494731288713	7957.347229897772
1536.3372830796532	16818.065527548846	8422.562082575438
2371.5163505938476	16742.916234157557	7314.624235275295
1020.1222012287653	14088.515465063474	7999.048407236221
730.1614877054739	19381.71713579986	7540.2922337293985
2456.6357146078367	17977.15804880083	7914.393432606144
480.9336095509347	17342.80931219114	7844.279154799189
3516.391572050801	13844.342774516039	8082.275251237427
1861.1494906014277	16176.745686789824	7933.580794499794
278.1021666955737	17208.717640957442	8276.861355949452
1107.6031370974224	16857.558918662402	7767.3140943516755
1773.582908986268	15789.28762504212	7818.895557059852
561.1207767939031	19480.886327812015	8176.968355156636
1550.1565434532706	15869.530186242615	7879.109771412515
358.5230141127085	16973.957231308537	8136.950486611915
1588.5855664159076	16399.968087648034	7928.777463426597
903.143171523267	17577.567898551566	7950.606767610917
631.7282129336678	14385.236226502275	8541.231926903487
775.1850673423793	16255.48406611828	7346.471790441499
1590.2792243986516	15148.886929885932	8490.084189036328
2460.7702572955104	15000.929582362074	8266.534383482038
744.9726103652057	18253.847513266468	7816.840619388209
2335.424460228971	15764.9218115415	8416.199996944346
2627.7173102897596	15010.614647456108	8119.6611002532245
1344.4921055342807	17377.517804434498	8103.095824630783
1899.4284616449809	16572.78779743592	8122.4258312381
-223.7525559730361	17347.372498297253	7994.49332391828
860.6188730768226	17305.636699864383	7925.616169122811
2218.296152027959	17966.451008416698	7678.174743592786
1019.7440459799838	17243.547302682065	8005.943122956388
1025.9536432224793	17669.29086878004	8332.465842197047
2762.538185554098	15450.449662024717	8190.930568040503
816.3713636914129	15814.53937164248	8531.745376382478
780.6906920966769	17921.539381316143	8146.154045391113
1774.1289974479616	17818.484352195257	8242.203131387034
1034.32100029523	16749.695313694418	7986.304774963525
1359.991053752455	17618.44888417928	7974.819740203331
1796.179830322126	16079.886654983115	8279.296439564081
574.8387650189484	15192.034472801584	7662.665991918776
2232.6860829038437	14459.314763727585	8451.583112879314
756.8632635459484	18914.805266565756	7308.849201572919
1100.0387102300442	16334.693230474259	8071.5038107328
1223.18572601092	16957.68116325531	7774.155463900424
1744.5095077218846	16642.03367526446	8213.19061656119
864.1515695886385	17802.358704142647	8056.844326491003
2615.2129327739653	17440.634840634848	7860.241674242928
188.55202578142573	16362.40188890366	8373.198104750949
1808.595504301176	16026.91729485462	8086.656766664904
1675.1760168010424	16723.018203051946	8471.020478733199
2248.507513041484	15401.328407455914	8409.587392541778
1154.396042775219	17295.939298501366	7560.519348855284
643.090519952611	15229.148052199776	8116.583837962753
868.1717071849864	17626.691964499863	7851.087216643253
1639.5079243547066	16170.523802127887	8757.177883326616
1956.242547363911	14889.977049445879	7732.130429948423
800.9436481186341	18203.842077605976	7745.764322885774
2943.3325203546997	15438.806366141322	8505.452102704425
1862.7971774428252	17559.59513344352	7890.422852598582
1836.5830386371654	16827.960862496016	7240.881891142314
1604.9197853833782	18643.972551202925	8016.08731002382
773.9013656250702	16657.60932055345	8218.731931316714
2347.6238338001926	15662.367675665917	7949.505516596422
1334.931444557963	16796.70622649581	8505.885402922948
1159.9362961448285	17085.732311459753	7937.6916628862455
1728.3380046209313	15952.993117283646	7899.075214672557
1459.372018673206	17978.168040232995	8030.054092584209
1457.373795314714	17183.683553946164	7381.510381936693
603.8100283924078	14682.900469080761	8341.640455675297
1483.4594256338305	16650.497570667598	8272.998022944295
599.971776520817	19312.57671093632	6868.533244877063
1885.4077001715514	17516.298258115163	8089.1205892358985
1379.592122317083	15767.081759134791	8022.006677318236
411.0738757286978	16750.493037172175	7705.788728791701
1543.425516555229	17462.214736687783	8487.168427241539
748.183892247352	17110.13158595162	7862.885188871648
811.8236780389489	17551.301672389174	7923.097608975768
2114.2740604532264	17374.74066517161	7815.446424358129
-376.3083215248046	16854.69240117303	8177.787952823968
1391.2292716108657	16370.261559554305	7277.181495304494
1028.1393900991454	16260.569939306504	8597.280641350504
1589.5750558356335	16278.711641742799	7691.507805233234
2327.9183129580433	16062.406953652993	8758.89801344068
886.5552027939535	17176.591585094848	7675.2201294714
421.2142276746484	17311.93104766714	7777.429161635607
618.5186674729182	15111.75586718503	8298.884303311255
653.8019554594548	16837.688959353774	7671.441452344234
826.1923812487448	16737.04882306969	7856.784890919108
1304.7132635314565	16948.07835240218	8292.437809109524
851.1125878977476	16259.889624971713	8190.291165027925
1150.7203358779188	15719.741325692676	7854.9497056931805
1884.4678523229031	17860.886136647	7872.432282750655
2095.274280688476	14883.811812525659	8088.326614863016
649.2369634786573	19030.89157613575	8043.8550025428185
283.3618810628122	15733.450593939713	8123.390082451025
1798.2331793066667	15889.670684124101	8663.783822451127
1929.6681688478595	17539.206531929245	7755.2528950252345
1331.7083816687773	16260.01441024317	7934.222163947275
1125.1526198292593	17952.578336199316	7956.440653875769
1562.0912977012536	18171.62726235363	7147.133400629257
-90.6449222901375	17398.21254186568	8016.108004926227
2868.66415659911	16058.707609982222	7862.197932599507
948.0979178475299	16776.869725512803	8228.90892969349
1817.7809606443782	16395.468575560877	7745.700356070416
2247.461583351735	17232.67561497215	7665.387948950337
1186.0129094719543	17098.21082166196	8490.219133350849
1492.2450682649749	14875.194108561554	8083.32567023847
2291.6633328359662	14969.284636125776	8007.254960254771
900.3743166062856	17702.08702088812	8081.44455086958
1566.6727027647494	15724.337214974323	8477.091967004644
1929.8758080950067	15518.035999728601	8234.20727459292
638.6629932351855	15038.213301824006	8310.969253870591
428.3756964511633	17131.412141999754	8301.996786633968
735.5274837657647	17585.853251387613	7850.772440823194
1293.6196008998702	16444.037154757996	7911.681525490777
1416.511639993078	16314.396299807177	8323.491915901513
491.86903769636535	18368.678991050943	7792.962641327575
1890.8183533892852	17295.42170358503	6989.926267171035
325.62876191678924	16469.313923011436	8002.734205820324
1401.9830396095629	15669.128613880155	7890.80138215024
1704.5889816956833	17855.926915089654	7958.119499183867
929.5086917795938	17344.465186134425	7727.184519149046
403.1625067432348	16026.705883833514	7383.964531401826
963.2526335231205	15448.440389358142	7632.83500791417
974.516469364593	16801.256337522518	8074.138778145255
604.9507600912328	18199.629669821534	7677.187156793397
209.35391470441303	17447.23675482922	8057.14855395886
606.4913171112806	15818.423661535579	7664.062315502094
2184.3685074984573	15804.61619822578	8377.040957177682
1603.9017118883378	16034.48413319645	8139.290723433729
1109.433159172094	14968.06223006583	7805.140156926331
1834.3744656806741	15962.736684736028	8467.909907296824
565.6154528021882	16772.99240540447	8188.521456042443
1784.4061684496448	15441.521220610102	8272.291143623386
1011.204480117897	18197.53579308594	7941.947659299067
1829.758050895875	16184.793100071158	8028.1646500093075
5398.181912279304	9091.53115811314	5209.585509730266
1441.1498264929414	16935.96169350579	7949.915682526559
