1263.2319346983452	15868.879493114764	7860.6812719782465
1409.4109966659175	15588.69422018004	7888.561424008826
1941.5171053974257	16968.862236609402	7218.353323746916
1774.3871335067493	16171.77365460965	7607.00777424178
1898.9184724434556	16687.691352068843	7331.071217157317
1856.5491490125319	16699.091035735408	7673.508730176214
2499.471144528024	15476.435168964168	7889.3181688618815
481.69364427747394	17263.360984488216	7400.391897560401
3017.175994563405	13138.572508617179	7443.213031194724
1812.1679594212555	14055.647535987026	7908.599345372859
1276.4245725624532	16389.90854085862	8155.903786208393
2032.710654099535	17609.512912264592	7537.437473207908
-95.68138310875402	18244.609277711574	6973.524498373164
1952.553958570929	15914.699508206539	7247.460448863504
1166.9466062727663	17110.78521395614	7584.864491094561
1486.1846521505236	15994.685541322995	7858.206641040922
640.5800330903583	16702.396140085064	7523.672664384422
1638.4487620158686	16613.957630368986	7583.729900329148
1551.9156839245943	14696.206685315341	8218.532526091427
2033.2086268985408	17516.962302600074	7094.781156556975
566.0686607946044	16276.28748245647	7969.7983727757455
1196.4099461939693	13849.979087344036	8250.754358815682
2815.0030759661713	15515.76811125234	7776.895347990156
1510.2017244835736	14728.029880036538	7982.786151309248
1962.3305556191503	15126.282282942726	8161.413645104354
1790.7538357633093	15861.349003922762	7482.82172916682
1396.8683441170747	16941.83352312674	7766.350815251716
1202.4171216459665	15933.193852974164	7508.585048622862
2384.077029175738	15725.366434739093	7614.5382691541645
1587.212535055701	16087.74785055339	8043.981687483449
2017.379614660809	16159.566888274723	8070.801264812456
1882.2491076069487	15372.491003885914	8342.447675925852
11.616678948096254	18630.879012022888	8213.656787353295
2165.2199527954567	16851.42431891593	7703.36761397147
1110.2280741479208	18785.419342192497	7165.941920262827
2678.7078151983856	15588.361065989888	7849.959341663125
1610.7945256381927	14838.639077101076	7774.618212649859
1697.4091622631256	15625.364957349459	7538.325470023093
1346.8889161536783	14917.219332684757	7657.172674235242
1882.3399342335074	16687.405123522367	7781.7001158720705
1225.2423380922385	16623.346000446643	7536.212112349931
1416.5473005034135	17191.301768859284	7990.821267940183
231.73806147608516	17780.56315932341	8132.740084667477
695.4943282884753	15764.121564490097	7817.042448590514
1184.619817003895	17805.19648358258	7611.844346040961
1541.2382761853498	16318.485030376887	7667.450697357355
882.182952198639	15411.026059984524	8366.422815138149
1789.8297743900778	17231.772672727588	7050.759772446639
1991.4251077036881	17355.893123416976	8009.532478909707
1376.982901850636	14814.328643734636	8170.916060373745
2185.265141780581	17252.281592084237	7508.92824538283
999.2906605111034	15866.748649469017	7781.902457835999
2272.4048407347395	17264.76141334732	8049.682434247264
425.66987878443535	16303.974637600602	7659.705518185129
1775.8574336289437	14148.788142721258	8190.525054917053
1349.9945875318926	15078.824360153494	7767.059707038832
-408.4531105134207	15922.84417109074	7406.407235247338
2163.2700747049753	15138.350688763649	7640.152102096107
980.7005852513129	17980.51100101688	7788.090391694495
1600.919321954648	16577.071227274402	8153.542253741552
1072.1855787982222	15631.531789326018	8232.174264961111
2372.9301457440165	18030.69445966335	7685.1630124089625
644.3584457497097	16407.148419820624	7705.451431728379
104.98555146434643	16668.151680691273	7437.553421779687
1461.55394743641	14726.041397786272	7864.298321271888
1931.6336624897392	13966.201913612726	8260.160589898738
1812.204437576082	17221.4799601931	7573.701649570447
63.647887849924224	16408.267831336172	7579.501190628154
1216.9020522575818	16918.27430541835	8262.478526011277
1018.0288323845631	16021.722832466488	7791.6180964946925
1340.6376860238815	17441.223420643026	7751.048101228232
1514.4663522735934	15450.344982179098	8368.277694829927
1501.3258892070987	16778.836091338537	7595.973056755954
175.84733884505647	14959.790504096092	7912.705920633045
1509.5386450714761	14991.64480557767	8011.912932350518
1802.6345627727317	15266.425509873721	7950.7977901421145
1663.9267367146697	15321.640094372879	8012.349139225034
1929.3271534382845	16675.518826937816	7905.4047640961335
2991.6113767443358	16243.8043296227	7300.924028769698
-196.81926211767927	16368.904747548559	7822.237830765187
928.2728700697297	16798.549903636125	8029.771541752709
1543.0751711772348	15922.943241848092	7530.428825602606
1089.041306869481	17573.240873534924	7578.8489946491345
364.2808106231111	15653.938925911847	7802.755872991067
403.4912258618225	15660.682503925034	7586.4113057896775
3059.3213430293326	14502.838301222078	7424.78599264601
1371.1511333203748	15187.100638380836	7255.702832174145
2255.4926588761437	15469.600255532996	7148.89100420742
2699.134193507346	18385.768891312884	7304.670486450546
1133.3131987169468	17266.519108327757	7791.155949702246
2860.4810697554326	16852.573162461646	7527.473140241967
2154.602164951434	17283.398147041626	7747.701698269254
1807.845511402369	16248.027734250361	8213.082810427279
775.4436909407617	16377.505395325	7855.078277762622
92.54920736055743	18542.10189627915	8285.863584135723
904.2790723715796	18719.41905812295	7494.349531175178
1604.5236761196475	15039.671183558135	7986.428462510937
2039.7523419328134	15173.449059668115	7696.910295943185
-28.49862235449084	15266.641332013507	8226.826881595463
1392.7040017204192	16610.76072373327	7823.086143872276
546.3037862838822	17921.883201681376	7305.798064113636
2626.852877665474	14964.39689194588	6877.889626180675
1835.610651375992	15584.740368268362	7302.599587445112
2345.904916387972	17249.04272056844	8294.792348522948
844.3804553096569	15434.572146153698	7933.622695850405
1966.1449832795508	19633.53088638928	6563.525760104662
1693.3461389987694	14299.755529255162	7420.950514110445
544.0008491337028	18080.161209424758	8115.967729226689
1210.2845441610173	17938.408126317583	7509.152429903819
2231.920323307001	16114.337738765329	8101.418573726317
1764.6027772237035	15706.010375983022	7846.101273787551
1358.0295779947387	15355.571699080534	8027.997848817736
1336.5159322891486	16412.07804184665	7606.03720885883
2025.2389199235006	15090.986274469213	7695.10389474986
682.9033425822888	16277.850554100722	7834.654060094585
9355.796424249651	5024.143130453973	5632.76392454404
1086.2945401049528	18179.00494740757	7956.911849609395
2214.2212468407683	16171.557814137343	7736.649489106495
1771.1287618811664	12884.62976420229	8042.667109483085
2075.3752702174347	15143.423787029831	8064.361767864421
1910.826743455525	16234.986986260827	7781.409925398106
29.724659408546785	14558.437875441214	7450.741159267336
2067.861212620452	14990.999927266632	8375.692519759552
2956.747039146134	16784.06726430644	7481.281284810243
1795.6610026002988	16104.640485621936	7663.006522176977
1963.6033782914974	14151.744714688772	8301.892233087108
2367.7797813643606	15869.918867299752	7473.833684235816
2974.7565222821686	14049.959324523034	8110.747408087912
1918.9030346572395	16417.89641755191	7636.585982239845
1430.909807218111	15727.676779076566	7954.270444198836
1438.559122073442	16854.22274446523	7881.156774230346
306.77410637795884	14159.609797416973	8274.772900666168
587.2997885220577	15909.072123903827	7812.040130290963
1247.432836300885	17084.16326604159	7704.3599109203315
1715.3564760521003	15672.259101540849	7848.771902222957
927.2688328611746	15686.64757701949	7806.542630796046
1913.0313617852828	17350.435231141324	7789.119066051285
2580.1180487855454	15573.262048568742	8019.420616460073
2027.3603431961599	14911.415476184713	7697.618310807455
2301.541369510536	14609.747877305006	8008.3894547233085
364.2362871116297	17180.599227344817	7788.022106766733
1701.0296564595606	17434.309008636163	7515.165316780571
1590.0045093276271	14961.634093910407	7856.5212041981495
1248.5689321676296	15728.014240061366	8052.613361462513
1996.8967771123228	15361.655376403383	8010.465369794127
1956.511034128862	17163.13004982942	7813.8043047578985
890.8178553079683	15870.620775494348	7754.3276389450775
1462.7573156528258	13478.269598591329	7454.583429874999
1247.5680564983338	16059.934278813107	7863.862000931905
1425.863554211466	13927.67941404674	7646.804367923487
1575.7407550760224	17031.0768445367	7923.290833841251
2709.0372747086394	14647.32024752198	7946.312099323267
674.348755017957	16852.262110394622	8045.730129335575
1150.9359874294807	16631.287302116092	7897.947150647625
1577.7272611238322	16382.561376087962	7548.4293098414655
984.8969079730559	16438.022441173853	7351.602785684354
-282.23928868422064	17360.091368927126	7653.87377462934
574.6925448571807	16108.33418738117	7299.843188814224
3143.3509364533356	14351.135422529826	5182.061904642154
2521.8301146819404	16088.248339663574	7572.519832937497
1833.426399758092	14644.131262279378	8261.46510486139
843.5291696008411	18520.932192509186	7669.78260710936
298.265046680011	19287.103058842193	8434.57544076232
2464.9605757304953	16212.511426763202	7612.898344482481
1647.2876192608833	16722.58741211701	7838.77187720052
2590.350293490262	15228.035787134948	7644.78946435534
1697.1785837997306	15526.65676386688	7694.109761893959
663.6897192732091	15573.025139142215	8007.241036527829
608.1808986530293	16783.0074240931	7923.902774578275
1027.4110077561731	14649.663650557088	7923.658336593759
1578.096701896442	15046.479240815323	7570.183441276275
272.17781025222234	15596.427999921785	7820.7442063710805
640.6230507225388	15677.79678974988	8023.8681367816525
1729.392634962923	16010.652855747885	7623.075833939617
357.9259375518594	16180.640115758992	7702.997976699546
589.1538131233327	15553.168174217491	7850.926040844363
1765.2813765685707	17115.185937489656	6761.902017293618
203.46915547454358	14226.584102579012	7761.661442847462
1823.7457393571083	15291.097809335557	8074.5594349925705
1781.336654372399	16153.766051954874	7802.525062556824
752.2802571042364	16135.930494866718	7028.847596237024
1693.2595075302456	16807.28305103781	7710.474002206957
1639.7839732354034	13916.057244139643	7970.257025206163
2347.998295937309	17517.149470609547	7623.154160180464
1565.347049182042	16540.77881908691	7743.789702007729
2037.827827761339	15949.565213466654	7959.071778357859
1007.020303904604	15342.967971024464	7511.011139589837
11496.888492992546	3375.9609540577435	5121.913242590197
2067.3974386201066	14846.43480965804	7535.84768954619
568.5651423645947	16358.853875899922	7853.761089706746
2215.3750803951652	14280.884121409725	7799.500532709432
1355.4330163756215	14903.630620947204	7939.463347155381
1974.431536397873	15557.52279717463	7938.270249686158
1023.6097070002592	15660.628057725815	7446.234579288586
2070.460572549993	15974.303529986368	7604.038862038714
-116.14058233340913	17701.179372236158	7634.855322008021
1738.3223198055082	13368.485391775528	8063.705594423874
2519.008596955798	12039.63516677998	8048.5821115022345
1382.2684181558368	17888.87507471969	6794.358559787353
1707.3236217044036	15708.781598609725	7374.413765734245
-198.5163739703172	17281.31197213782	7441.636647883459
1509.1585986211949	15918.382180609846	7750.2682055947425
1362.3778057398297	14903.426030966795	7518.45933619024
2577.5582430265367	13925.287323665005	8081.196500777444
2028.315323251766	17589.976643281545	7508.603861620118
1060.09804664868	14729.203337405772	8103.1765807959155
2255.0501857430777	15493.843425591087	7734.2510425158725
486.9125742269992	14947.216469977671	7638.665735062787
2824.1778826106706	14872.244401335187	7906.9229453243
2404.66406858745	15028.835104885118	7868.242983405258
516.7508645392106	15128.694498274375	7901.027602894134
344.80823562518344	16910.02067506062	7765.19819855526
1398.7454262394515	16096.202975026816	8446.712159301967
904.8081686198846	15267.5707758695	7868.704546620668
1003.141687576646	16421.86657718984	7702.208084784788
1991.067839045393	16012.988730596486	7600.22361875434
1634.1173615970113	16811.704966739828	7816.933351850062
1259.8177722122314	15379.224436081438	7910.713557797242
2511.7902432896667	15692.273015227422	7217.845234066626
1174.907407329083	18120.22280017373	7764.440447629292
2211.6730508724186	12468.809937068743	7996.638403060297
546.0432290369031	17247.04507348349	7608.281603959536
1658.04728309747	17567.56106536572	7471.78207572562
824.9715893365862	18172.31436005651	8087.3495822130435
912.4005463288722	16959.05657769594	7479.812433489
2267.9278064122323	16545.43655492613	7617.910474863813
1977.3167954514497	16469.99367435072	7441.96884766158
1094.6129000399621	15575.978723796967	5569.459807823607
5976.8429187268475	8108.669897501776	5053.403726118681
1198.8714152899172	15236.938877778903	8054.5811886725805
1566.905397993399	18538.123575646925	7173.761599775912
2174.4254541106484	15798.083459123089	7488.425716618662
1799.779515906235	14371.615311327632	7684.177825685772
2004.2643344299956	15704.987293864984	8003.314551203359
1394.2413669209407	14116.95137595257	8336.509526569158
986.107498557415	14974.424729330063	7943.645953372339
1520.2473767639062	17189.585753565065	8280.631084049173
2397.5307068487723	16045.676378218273	8086.0116654321855
2648.6626956628197	13993.58191697168	7887.752391621809
1524.9596516758018	16157.699450205633	7710.417742710679
2044.5886269170521	15066.66883938838	8383.693926571794
2593.7646791515845	16375.969774401756	7420.449059001673
1337.6642336919974	14456.89127620625	8002.279240264391
926.2064044458974	17689.950591834746	7346.24889182172
1205.0682523219634	15344.257437124113	7756.798042554435
291.692383052239	16805.086056270688	7889.494910272805
1977.1382325410498	14843.667173427757	7432.657100922818
1618.925873503215	15260.325988701612	7389.008669205189
1321.3025530191726	15484.260376408443	7425.454936641741
-417.67649107934585	15126.390673191474	7905.537164995428
2243.282801648915	16276.554085903193	7562.499106370694
1888.1407889880738	15365.752655821223	7627.991866413696
784.0371882836438	14159.446482149437	7431.255841857129
1774.353473450298	15583.903755437661	7921.728161332616
1565.5425228368276	16027.597945462212	7719.158847126752
1089.1834318413391	17606.233050105624	7871.00777168437
1906.5864756432534	14903.255918982624	8197.631769463813
1371.0790556593322	17981.844698250712	7577.4332658364
1629.3411406505836	15461.969312060874	7388.00527319045
602.749976035141	16330.560190031176	7974.923888451933
1459.2960844451768	17811.22234486935	8392.259539132623
9591.525757717001	4614.650313573025	5479.909910933983
2096.9059031206234	16574.34214166129	7708.3317985406675
1497.5211050723533	16260.16741620881	7524.405391364434
1431.371789876792	13582.81183186581	7934.38193459471
199.9654789964616	18651.95911742858	7747.857829085474
793.6518771706419	17329.1896261141	8090.225589481543
1590.2321403386193	17070.16061033429	7417.255697567253
1764.7170432267665	15284.956439968591	7311.068408935333
1343.2143616720466	16187.067193766856	7283.164363129572
2241.1909226567104	18442.260019833127	7308.5126483381555
1768.6760734634406	15399.653715741706	8014.170122814151
944.2135979515476	16625.089648765457	7413.298154457789
1377.9470804639593	17596.73338638625	7909.9320710153415
551.5280903223036	16534.92165878635	7666.906256463242
1296.426486980863	15785.11983499984	7370.038412189779
1116.7917337754982	15556.811198413663	7772.543794923484
2828.3795287032804	16391.53516738557	7982.998997402063
123.81151709093452	16041.84145707702	7273.348532168702
671.2836496182538	16773.809859342215	7622.494238104936
534.1360576393181	15829.241172291508	8148.0734204167165
1556.3515004401324	16184.014675530048	7952.807582202199
1844.1458975811884	15881.28721740058	7047.704923779591
1416.9537461708233	15474.933668495732	7894.933016187434
-173.69097085060847	15807.105477628204	7248.045906458459
344.0918981373843	15062.94371585038	7958.73610563479
1274.6922398459903	16931.059274476524	7598.788104920478
2192.159250352023	17201.468079243536	7819.932156597771
1511.0875127807244	15367.855270913147	7529.857557619738
868.3888514618471	14851.587787860699	8157.8193469114485
1209.9789616040591	17415.411950236234	7800.177409346493
2094.265108374113	17336.02219537907	7980.665444173814
1822.4944979451589	16302.65027192833	7623.203759859648
1910.5271751081211	15778.854605936825	8332.255876972544
1412.07710595992	17185.407817174786	7480.708241572888
2469.2155644099	14124.127689760633	7317.5703714814945
1245.42525438331	16780.564291895666	7830.333879388476
2347.0907509304693	15685.011619073593	7740.605298350317
1457.0554836157164	15964.037010045271	7948.5045446742815
-835.4846582401588	17910.870359580636	7637.107545342039
2010.7737269383013	16626.916956741366	7607.072926451782
1419.918201674515	16423.919107876187	8015.070332264208
1840.6933278043446	17706.6330767352	7691.856558154741
610.4579239124979	16438.370427682934	7816.706629186817
1405.7251998258164	17892.121373389757	7191.922782972777
897.0097930844504	16513.11319353955	8207.082400722515
641.8489867410041	17271.62841015889	7747.313606563298
685.8034115367697	15699.185968527407	7466.64360982929
542.8367531018113	16430.034187142737	7778.020013517334
1878.7616384955832	13608.291365077903	7516.034191907267
1263.2805348488855	16989.342581628065	7241.462936277543
1879.3807153714386	14483.346036661715	7839.777713022993
2081.8515021796957	17720.93330960041	8095.141448223734
2328.000001748509	15743.141406536328	8256.791240576444
2607.734177200886	17180.051439664443	8024.880014016562
705.3340308890564	15207.053887117778	7988.129355361101
1364.609003616319	15073.392974810919	8210.553358700452
778.7321606677103	15063.044833563341	8366.099552939955
2382.4701960576263	16758.36927267549	7611.7090084262245
599.5458339522265	14788.244349144601	8081.359827739629
990.4988215628842	14176.103976166574	8274.387754376503
1606.4023678860433	16057.336731015497	8341.103946865625
538.5624461752831	18391.538466388112	7685.266790409103
2117.671060574332	14949.296845043877	7340.755121797706
5470.5338441837575	9654.791262660992	5117.728169171597
10024.096050931126	4036.881174689589	5835.323326903074
2308.1876920032037	17337.737325006434	7703.80904072697
1458.0125520503411	14680.028183688668	7695.986027248809
2286.5830657655274	16760.319164658646	7717.071687864218
650.1934175360567	17644.93777908776	7320.82782771494
1690.6398796233411	15207.91939869933	8335.971396313935
1755.2772315706022	17026.094763571615	7612.503058262194
1944.8163640101952	15883.40066520752	7788.580373281734
2137.8640101610504	15315.250209510861	8071.561441228946
2071.840336846585	16072.30654133698	8097.436038385496
1351.1193222111758	16897.972309319262	7975.794650332006
2036.5062163907287	15394.092475877393	7447.368884072683
1755.1516292825258	14935.771101334114	8155.969961931828
1679.0748750326572	15781.600651059396	7704.8010951682645
1430.9416926052036	15083.78437159948	7122.267098807078
1777.1932668953398	16542.731389961613	7864.533401861741
1624.008624093329	15027.737261813114	8002.842993382044
1063.3166250332356	15840.71531825082	7843.338083596201
1543.3152458356387	13914.773923143248	7989.009142771314
1758.85755035461	15922.754223621947	7536.352726248133
932.2116171916033	16273.127709102451	8003.120578570334
2151.3366266456956	15936.004477017363	8412.863550270302
2172.9594980435386	18452.701353454944	7878.8265864155
1132.6042680093276	15581.302606047217	7645.4869576472265
568.8532139663229	16852.382984398733	7550.3338745720885
1443.2968482849374	16883.251326348563	7723.449932511365
1072.4090301220833	15605.105876981788	7829.444005327768
1557.2877326564383	16766.905176606546	8104.410042238521
1767.1636216433847	13478.845338199038	7514.06668517683
2306.9216957960725	16547.359591914497	7642.745164817401
2453.989206405635	14419.339435781661	7740.955655485018
1510.72447594935	15553.883591181257	7841.413066641013
1593.7995041437557	14816.6849077067	7207.52540299022
1578.258102338561	16224.862597903762	7616.301973613972
1685.0855612069365	15244.797328628196	8097.112705518378
1591.3988555210822	16081.09928984921	7551.524037382881
1369.377413608767	15459.327762697852	8134.102115901108
487.17782332441357	16716.07678213545	8162.068505005476
370.42486749687316	14609.495768253686	8242.94627157851
777.1778624274291	16760.59201610269	7543.37822679219
155.10019533030348	14823.02927969777	8255.679001050034
1215.9219712964157	16278.920625927842	8175.2748622978015
2160.0846646645955	14759.157671584877	8537.210477107885
289.40658520472476	16770.710508691078	7553.019029946336
1896.547013040895	13932.31345770567	7846.179866832418
9109.895796962002	5606.776574323022	5427.0680572441925
372.6209373841916	16054.482407152718	7273.595933850283
1336.6707579525948	15067.329221154003	7660.161858173365
1442.537606106988	18225.96317839006	7983.721857640644
1634.9737228809931	17146.19786647138	7653.905937449271
1947.0406707307407	15941.232791613693	7601.237027695583
-111.98631130243261	16149.107141270299	7444.7764073589815
1212.7659165269592	14403.31108020595	7989.4617834271285
1686.7196580459147	13723.744251530632	7942.49577192658
491.6121330262839	17061.41569338756	6905.99147032279
728.7192062062956	16737.441626466272	8245.143580786907
1159.9908357102843	14596.321277946292	7868.887198703026
1098.8905934583822	17507.179775287077	7779.131764122934
675.6290042183218	15259.89331975703	8485.491292300832
1036.292481896961	16268.484936774003	7646.236824626471
3030.2758913162043	16089.284743941098	7539.356566872119
1095.6585152643754	14496.253622204546	8418.437597280334
788.3698611457652	16499.02948968754	8204.457299177006
1036.686916636642	15197.53948954323	7616.29547938195
2135.1405095856553	16755.160664967152	7008.428715536686
893.042052974537	16632.161200000544	7940.092131850494
466.8546280221684	14915.452921874004	8115.863019974518
-103.47682317435229	16628.23568410485	7885.553410253489
1449.455110612598	17757.960978854568	7551.210870631136
1886.822823726878	16583.040324551428	7266.0502676052965
1130.2275635417536	16845.64960227283	7462.345428487197
2003.8664590273481	13894.790088609176	7620.318955726682
749.6001399916184	15807.55744222781	7745.657268106494
1827.9016352237365	16019.150169789522	7393.969459665285
2565.896351868119	14573.360169403666	7779.827854477458
1711.420571539354	18350.71182886492	8061.328163796328
1579.2012978974853	16048.255037592191	7751.87407119982
1617.2861389500913	15464.262463654972	7359.516528359032
2791.177638097825	14078.114968274022	8012.845847031164
2581.6719341158328	15369.972153387671	7524.3928190322495
2120.095816065072	17715.57119772908	7369.045166511505
93.39109760327578	15247.10762074558	7572.725136110491
1877.9780679845455	16281.134926103137	8177.5378279974575
2180.7214995230493	15132.467455497872	7876.528014044062
2218.535154398698	14480.560677446665	8233.651975718858
1997.0158459256265	16524.510393633107	7969.944140149692
1882.5645548952573	13957.24804903651	8153.366068860361
949.5480076850258	18602.07236059119	7882.502995822389
269.9689528281712	16444.723403578082	7770.370544422919
1492.6050880012276	17060.61422860684	7781.9460254686965
1441.0661318733912	14365.055142193372	8215.49417185944
1153.1857763339747	17421.286506179214	7990.943047482988
803.8974529863651	14595.789856515983	7726.525026882469
1984.3247969794947	16278.749256328563	8071.995267942806
962.2115804868106	16188.508649895217	8209.701656609903
2250.087979696279	17098.599260603027	7982.014212420864
1595.7299756890043	17155.218225511326	8040.230906074407
2230.660597568446	14968.10916941108	7863.671102251774
1217.1627533397302	15356.79047410467	7477.685810655815
988.9016036374279	16893.489663270735	7603.221124242829
1726.6691210638576	13433.462855108903	8149.033911547863
2226.8617429726323	18188.1275992507	7552.50967805395
2203.051072212157	16351.792995801663	7525.055581626797
732.5861813492618	17629.190850525676	7629.6220889757105
1657.9704809098298	17938.12678319972	7224.453114888864
1787.4969287256354	16142.665226732117	7771.009599123865
1928.5448045051169	16560.901524454406	7575.086520535538
1750.8045282412243	14392.811268912032	7700.939129694797
166.42966721252705	17222.782533042082	7879.54875714657
905.4731851060664	14853.339708186431	7907.880668738102
1609.9383237285836	13590.756996172962	7475.55506273091
1393.362877086897	14684.072896440764	7293.06435642418
1077.2752677851236	16502.04963435544	7761.4874578073
1295.9730596823758	14880.713288061168	7794.019177178544
2513.265015266656	17449.70803376451	7643.507992596935
1673.175972248083	18883.964900525392	8352.92742282042
1316.5507275820028	16677.025498317056	7288.785890296032
810.6241637558945	15341.514514224422	7744.022218468631
2514.5207986942323	14787.470007521148	8048.331904530388
2536.7170945546013	13988.344627761384	8300.545841265995
1209.273807289043	18518.275332787718	7667.284319499163
1790.4132925398028	14905.642336743438	7942.934610357081
1592.063740614393	17946.021369965114	7106.414283890862
818.6378866573112	18703.477085678318	6507.531071144979
421.63923151571976	18734.83801544406	6932.0986263275445
1461.6766311485442	17003.626486986952	8037.072957912778
717.3698671007043	17811.682875747385	7930.723658178172
934.1881943071701	16426.17807444158	7616.320644722361
2646.4649330192374	15916.935647696937	7744.179087710304
197.42125902241457	14817.669189668462	7719.13694243632
1224.4337868717187	16974.016011919823	7697.39942570441
1197.8176838965555	14955.726375437822	8319.848963293949
1402.9361286373164	16031.250040906081	7962.127120727291
1742.68569715138	18465.643346742894	7263.534180365224
1303.301685809082	17173.89753599832	7546.236964522928
1883.1407062481078	17159.097083261517	7952.5940267912065
2662.4814763843333	16626.155985996105	8128.542629560771
792.8867653034622	16876.434220865605	7767.6750041761325
1618.1527645997403	16120.825270369052	7938.664465249675
413.688374838903	18259.43134856215	7913.630040568482
1636.8768023854666	16553.091894090958	7774.812129575843
992.17315448532	15960.520235433203	7941.80749982512
1715.8934298744905	15806.365320605542	7974.715977206222
761.9567174951134	15727.999897756974	7939.783070832075
-158.17851760009552	17643.7105749712	7311.1610590449545
1767.8339056296486	15641.434495002575	7572.404476585011
1249.064545389261	15345.588727872853	7244.214408990669
-235.14257796774302	16120.33229208161	7335.734515807036
1822.13791044318	16560.306829578378	7964.948799382371
1845.4902697468392	15936.754651057632	8174.736996471442
972.8790143979703	16258.85713081968	7883.084856332347
3101.618189858863	14797.84016458054	8360.469440606877
-19.05496994691698	16883.942550397223	7823.673044076208
1235.3665310500385	16126.821678031223	7826.218514489726
220.19911358050837	15533.845333694737	8048.477510746122
1627.2523171984126	17839.71068093051	7628.511232208341
1057.2615086269902	14294.066444714788	7928.394296491624
582.742629184829	16474.661754822086	7689.0577501553225
1645.546341889265	16932.980083422077	8284.993781381805
1457.077542845379	15080.083452990353	8188.445730824118
351.06931547461716	16130.783749835402	7878.107275129167
1508.8663814856086	16421.294490926375	8206.002062658627
939.8627932015652	16942.472567094876	7600.566685276169
448.618665524843	14830.251718195916	7880.460470941958
2645.3238902092853	16771.400615800776	7622.895836438164
1924.053857043472	18331.029145857876	7864.731295224241
1111.4098189762142	16958.883415181048	7348.629250217886
1249.5505188990978	16890.114500427117	8195.809237684181
731.9910995561476	18080.61921981108	7091.92682037629
2227.5110497359296	15966.736235108276	8055.071535699567
2377.3059700122326	14199.646189541978	7923.903164720565
2206.80738442389	15511.789817376855	7693.883910132223
643.2947307055813	17011.779685063528	7881.046312190752
1254.3170393609003	14481.053329760638	7981.790729817421
1268.297088152738	15404.376602824415	7998.732186765938
1892.6708968416608	16470.326999244957	7749.559159858709
260.1372534903604	15320.057708403567	7452.033663239346
874.4904795765806	17887.160763621003	7499.10870875862
705.7329314314073	17300.65751429067	7155.6709021063
867.4476607224638	15959.719970830389	7809.885240449971
861.6086913893362	13817.835675697079	7812.268510974868
527.9994438890297	15129.844324311009	8055.515297980412
1248.3304893579377	16615.418125438588	8304.187159571095
1475.9750940246943	17111.35632568911	7898.5957036611435
1871.3119063047834	16543.44240211186	8362.386185381154
2082.577332173192	15291.267947190714	7564.0757672298605
1007.341631615804	16072.770732278095	7427.661322938395
906.1338352855646	15772.643425070151	7320.070743738262
1418.0818983090085	14272.47719665494	8434.920341755498
8828.424248265452	4731.4482120560515	6269.051390415009
675.4738919070285	15920.944022691043	7852.808967515773
1986.7114943200595	15868.56030221177	8366.863926258033
2353.3157956363048	17877.775209295924	8155.678720195583
1723.7877989775723	17034.699432773385	7397.5235042418235
1020.428943222065	16782.991653638182	8044.81989562465
1418.852108117735	17219.003277221593	8222.121872730193
2054.1929989463974	16785.461828120606	8007.184280063397
1768.1365175758156	16534.587632838142	8212.449500507482
574.7478233227234	15568.35876541331	7672.440759259618
2817.5483867859302	15713.316824051339	8054.148963541211
1556.3633587001502	16743.77060595254	7705.193152175978
563.5448973110499	15649.791011608526	7800.895464271107
798.2273535217464	18089.88592792413	7652.651180088542
310.29465752184524	16687.05181253276	8059.071605814175
1450.5092954369957	15717.800310947001	7977.7850147561085
18.344637938479593	13957.602831449078	7732.484488566307
-78.84311281655775	17644.31982425055	7525.379233793567
505.54856753476525	16720.232617291113	7423.971050979297
1522.3942590664549	17929.570411755365	7617.851972274674
2206.6593453014452	15773.655798544534	7597.706028444458
1994.632507134524	15985.852800668972	7925.218126109505
1515.8763189045992	17445.63378526837	8666.530398063183
1001.0344973269771	17417.658526541763	7807.376632654392
1273.1622235069544	14448.594226522499	8149.6072175274
1805.0030284997924	16330.885914224167	7654.9586085094
2191.2865352865547	16273.139136858777	8052.041468999175
2252.071117345909	14049.892029299966	7549.605883913234
2171.6365136440504	16357.65509557902	7492.823740738145
10190.758604118348	3998.203153003121	5425.511113107408
1797.2102934465	15971.347045461642	7821.212087973649
1150.1963501458583	14950.853730792945	7087.783441727841
521.2452072419617	14876.344269434536	7288.920349460959
1076.0658042374062	18331.14815004178	7788.861223631134
1553.342548374009	15281.958453642857	8237.643451001588
2826.036961393793	16565.269921633804	7127.988555873288
3341.052297311784	14294.901873888588	7961.670813579764
1198.9264210783122	14202.629405012067	7698.133938258516
338.39448576545146	14355.87286089969	7371.426134223099
154.4257370066381	17214.469057285547	7951.1498666197385
2007.1920360733798	17035.452094633292	7574.004887915947
1403.3540900014773	17169.822913893262	7860.720698267108
479.0892935142365	18782.478041855422	7403.482866236883
2531.3024678246634	16412.101381778433	8335.23296369026
1129.1491058750446	19982.276849837912	5596.318021655416
2033.3268846201954	14783.397943902124	7749.159682728093
680.7154924842871	15392.218196774325	8319.41619199212
1473.194303393152	16580.989756652656	6902.179248158207
259.1524886834968	17508.02208579311	7512.8285902201915
1493.9673651479359	15143.360341511761	8379.163934135757
2540.2625493867126	15371.293636152548	8297.089991864634
603.4738148645547	16656.25513211947	7643.528738683656
1988.4578798183293	17157.30574247211	7595.328273191784
1387.1776479206987	17879.997941100024	8022.158900649273
1953.7925541157483	16235.045577257984	7992.829432386458
1545.869390463461	17563.264510329664	8357.628955722106
1837.120576438462	14263.07850254373	8157.568015921053
965.2593345489609	16118.756020701452	7821.302613383847
1077.263165926116	17614.83305185529	7904.205593860816
2295.30246912917	13329.344490020041	8112.765182727058
-339.783442750083	15408.918932137485	7263.241040516273
1231.3460777511002	15481.827548979743	7605.222872563104
2095.8806860704035	16436.42073436577	7437.12629489426
1784.5063323506638	16707.931396203152	7682.793190003023
2688.5385276573006	14407.194659589079	8236.543880826697
722.4364440885757	15017.228887159634	8253.977978250221
1666.8003956234047	15097.133767105917	7391.40771894869
1654.875918679259	15495.57497676937	7938.496965582108
681.5218490181471	16500.891365320116	8084.411562769966
964.9663330088165	15854.137033199653	7930.96075480792
1340.8684755558852	17297.842348864837	7518.472921324536
744.0828387197245	15029.528385186246	7731.210313945625
-141.02082979305814	16689.849676012087	7768.066972045624
11568.923287722308	2067.9131730572303	5453.733171077265
240.87270159558994	16104.12416218784	7500.660493500375
1037.8492568124182	16065.255248583284	7609.856002048072
1623.5016767918994	14892.744642783273	7654.769637478931
675.3309918715811	16195.707362863375	7417.331592188015
1287.7987564023085	15233.163517497444	8079.002328108036
776.8932766273348	14383.580803134299	7923.424046162371
1087.361003051347	16752.793132025894	7681.903874568985
1512.6211940093478	18656.186337374085	7296.145687305517
1850.5013182306202	16808.18276774503	7760.4688103624585
825.9850344722129	18014.522137624637	7633.387153762911
106.64299853016028	15176.209343771701	7731.295482771469
1582.8693962263324	16745.047657547053	7600.458018470014
1841.8122129233577	15310.349606389422	7730.983024232928
1924.0666307247327	13475.324768222083	8047.893726595422
2485.7453014765865	15406.439742311426	7714.987880637519
1144.5482227437556	14149.979355485353	7777.72335619812
1342.0147475789936	16427.215301963835	8019.65706875771
-76.65134327729429	15919.879221694986	7556.716050692526
1225.661352445472	14526.820146371216	8479.317921891025
1135.025185787642	16767.421765180014	8196.037798482745
2153.90062351753	14846.924929012324	7433.8539192103635
1472.5200340385209	17935.8231861653	7933.396040080152
1853.3619605778476	13604.980306664384	7762.611011788354
2056.7565696452884	16371.773905137547	7946.180213002888
953.3930407850764	17090.475447992678	7419.355157800901
698.5784009726748	16899.81283555311	7803.131684290084
1980.6820894260964	17783.82027004194	7800.261508831219
946.0686974529573	15772.679531292093	8440.764053239214
2498.8140169420158	17501.85564084783	7069.269726848724
1765.8349074877028	15889.741982778842	7548.191133072186
712.0661203761407	17643.621520925917	7227.272465192659
1168.1686625071166	15924.458572114241	7919.60381134739
1525.0834298188154	15738.770259644958	7763.835246616094
611.9628785332006	15827.67354965204	8102.364439933025
1332.2133901137165	16157.752562952053	7734.336871946016
2436.9757294788933	15115.966657200559	8064.947740341785
1646.3749301056869	14629.313139426782	7327.163219548152
574.6273409681412	16511.6801832685	8349.05078868257
1613.8038046591187	16874.339544881404	7616.9317174546
616.9787456049904	15717.21905153398	7935.981334319088
690.3130508218699	16562.262616433636	8297.50753576886
2707.145538905644	15451.393877070983	7380.320781182054
1635.280783273849	16500.32090530336	7772.492082789952
910.8973986585844	17949.722282159935	7751.148902266633
1336.4006964750506	15711.505501636773	7799.261461405039
2133.8683913070386	18105.440850453182	7418.9189159950465
1304.7868944936831	18159.948594883328	7133.41491871596
827.7609397001758	16686.026009958	7580.946233276794
1036.4507934901962	15976.733090877573	7476.233013020013
2609.3631471770145	15412.131605108942	8034.698528751657
2653.0292208950195	13942.353870493864	7905.066886699849
408.11849313482344	16200.948089567466	7836.2580556304465
1265.5886951900175	17101.966975446296	7712.219715670985
1833.8886729953724	15121.324472037364	7860.373664471738
1535.8527851342726	17452.806191263022	7711.798768193599
1192.8203919277307	16800.62401901196	7705.984748080119
2346.9803682372876	17328.48921828209	8009.998878613086
592.6036285899164	16482.43980194183	8108.931641538246
1370.2778662876296	15161.4226164818	7187.282873946995
2051.808366601203	15895.382827489148	7792.283864282245
1709.5462825191466	15950.909651532493	7593.585014125691
2347.4960910641976	16301.570130544398	8164.3239854257545
3449.400974578082	17023.547688820294	7536.5582767197675
667.6322308877669	14661.199373915935	7723.655240424185
2309.4055971301873	15441.9503558884	7323.7202452259025
1004.6607335510507	16146.699442338957	7349.844701958707
108.87183889495151	17014.401369493185	7878.833429967958
1514.3661000313068	17586.338978912172	7781.99053712778
262.31787112963946	14901.372733314993	8003.369666667824
1304.1267457940482	16408.200076368168	7879.753716247914
1000.9738977792404	17121.617922762423	7323.993941499886
1261.708129567698	15110.700225842083	7999.425489973326
1242.015538973888	15408.202391068542	7346.55042554083
-187.08249179107395	16122.032261531409	7831.625547157664
2295.7920358669585	17111.196000594377	7733.557581747801
2583.180318171427	16107.211528440754	7672.767605196403
1220.2571188917964	17290.90141027179	7675.98223276167
1130.7095804569212	17743.230186388006	7096.347432469091
847.8454032755812	17953.518053233194	7650.501609553623
1588.0583651441493	16151.218720715164	7458.255096952486
-827.1113408358253	16166.949111772508	8230.125853779935
438.7842107859194	16325.598786638684	7568.648491484937
1946.1443719135868	13582.138606929248	8142.955778302102
1073.077080661338	16500.56675015257	8052.311519407055
1450.6422443102642	16922.47630780196	7148.852328501803
1072.0398347614164	14884.443165441666	7955.490444570577
1098.1863092275357	18371.821477874728	7708.531926138076
997.0838983917198	16377.956804874833	7203.459876405708
414.2627288366024	14470.764997495013	7856.223276399822
387.69363138138596	16961.859366876277	7472.479396939914
-1046.35240030923	18256.920200900666	8119.136731666324
1518.3696595276226	16715.439929459564	8071.803074711161
3070.4338553929206	16234.658905198416	8037.376515535959
37.25668309526249	17635.51593802407	7778.313665726646
985.3280286209541	15784.025444125671	7701.7047493916025
2205.7948140394346	15114.667353314431	8121.229023041379
1703.9209672244433	18064.968228647984	8008.272176865151
1476.141664049999	15512.750980683297	7594.762047839363
1834.1513227166045	16361.239589025323	7948.064420392396
1295.8154521467732	16924.896146719806	7973.077167683616
1276.8434982968317	17502.536274567676	8221.940722835903
-46.790188349558704	16575.56418177129	7804.486732680372
7.487989570405005	19926.815292949294	6144.196654269057
1957.5523072275446	13740.112028982747	8288.859538083756
788.2915482864713	17512.99912069929	7898.298292177374
651.6238787925895	16910.44604095737	7838.052673677326
928.8975517437942	15059.808814046255	7811.680580760519
1093.8321524779428	16467.706356781386	7934.920396505214
1000.499025544262	17117.694249761575	7415.154708430567
-54.9715667107507	16798.02422000419	8360.46482295403
1816.4147295585472	14333.117245628058	7806.970764863928
155.7772038632258	15220.063450013256	7638.868704504123
2220.671494118369	15323.042912662251	7709.75735239801
1384.8317649829933	14354.078789495012	8083.899652999203
1922.0559103191463	15258.392655028343	7720.34527143737
1897.9560971604676	17122.68928715348	7571.414019342452
722.1787985222081	15369.919563504285	7757.730789303005
705.7897633628255	18817.050602718562	6369.3715122857
1008.5246886113662	14973.820459073373	8465.330677950196
1293.1204348916453	17509.43733708109	8146.967025873154
1458.9188967252667	12514.698683133012	8389.831640714328
1717.1320754162464	15849.995537108092	8158.865584058664
860.1168370325922	17260.235075880442	7519.306569859712
357.96025295391087	17073.864584415118	7466.358032694506
1199.4337225383756	16592.50103475213	7862.985024315235
1068.8847247383076	15552.25812716536	7752.999527165692
1901.6966204344294	16184.137053923838	6755.83335030679
3141.855176655082	16769.963522278358	7900.027871237297
511.64028038155755	17237.18526905241	7782.542100148973
736.4825570040066	16300.945425256605	7824.8385555910445
995.3533338588816	15708.735905024256	7544.855304239782
2370.3157081701884	15949.767802941222	7918.082019018831
2199.8675319172016	17388.63251623819	8159.249813031974
746.8112153137446	18386.441748321235	7316.221871474951
1515.3645134872793	15444.485933103477	8066.421451317638
203.4291933568031	16611.128901116914	7532.448465664731
522.8173646203372	17093.83512653559	7411.633090266888
156.45598902117595	14813.457913713068	7837.176866614923
885.4507448823998	16382.683182452538	7750.488539983872
1673.1718566440297	16021.915256533945	7589.660895006671
761.9121670273489	17894.244038722132	8087.747172035597
689.8025433921971	16488.4414478172	7907.049398718226
1580.014476101981	17000.664799164057	7924.593685652116
1980.5352104851058	13734.526989121881	7835.421048656
1485.9728362157566	15656.838652442837	8137.55389928288
1464.4541384074564	16993.032742120187	7916.278118890075
1141.6554194306038	17295.969686701592	7197.504110073333
1809.7204848395584	16709.15538675232	7762.844048355617
578.287155888582	16523.50201664517	8038.777442764909
-178.3120899051886	16685.746839362102	7641.5532316347635
2749.2380400164475	16874.28383385819	7679.728557222593
1604.3453537366277	17697.832727262798	7988.080321655616
1228.6657141597123	15070.007865051744	7518.771528674806
2085.8664948375263	15318.928108901579	7822.539703536762
183.57729558934088	16969.52849233953	7838.080739971859
814.7803634612791	17951.532216132902	7355.0671786655075
2380.541698130691	12717.882976657904	8015.202881872758
1894.8427066509532	15615.752953621904	8296.854205183794
399.26155970466056	15200.336600101149	7611.769676347459
446.8138557788983	16642.696207749006	8043.368564532663
1441.9037600742386	15916.778099496503	7926.214990690332
1955.9201214071554	14753.331951752345	7920.288422276921
1806.1441378128454	16288.203575758176	7585.89460117909
662.5179110312981	17261.698023141704	7496.090275409881
1829.5220080953763	15958.582831822214	7973.476630316222
2416.5337367688344	15380.396084723443	7516.811452850027
755.0007973026768	15781.754589043287	7658.853931389775
6516.623219071281	6946.439491252524	4777.716123402713
1116.9764252912848	16828.229861323227	8343.550759410527
1984.442300986799	14653.997733076223	8098.9263600433505
3860.3954347592917	13886.163781561192	7686.799894786356
1353.5824916352642	15042.933468986339	7763.351150229906
1771.6063329262024	14767.568246680694	7952.351681088759
1050.4310382694018	16577.487112487644	7180.79360195668
2934.891686416486	15313.946551545421	7837.118464528337
1477.4894681821702	15191.02949162591	7975.975516624515
2695.1444219010245	15259.439694628045	7384.1320937997425
970.6371754830832	15667.702260473321	7891.753036220429
817.4655377458264	16048.517306706359	8206.881418775238
909.6348842457913	16334.37305295902	7643.581039767575
8279.849097836897	7492.272942200253	5723.8264884442515
2396.797371483938	16841.397587147796	8143.653667106548
1826.4304903698594	15152.346013995393	7987.881206524183
1047.4792115396374	14656.491150388665	8054.851159585613
9193.540917136675	5252.066228710586	5201.780605994727
1551.490643884021	15021.58055092108	7816.348660574591
1122.1073555138555	17545.279147446807	7813.258176109223
1565.064950443745	17546.837001180982	7707.318233072281
748.4813818611309	16905.43441904518	7717.958850450811
815.3107076045087	16641.670039442917	7449.768562221638
2052.347075231495	14916.04822080348	7797.492252425474
677.0794232849906	15226.195711287468	8250.21770906266
3261.5498024921635	14894.969564917363	7892.558299789085
1529.1191955254326	16428.0733115416	7698.090685342215
1661.7597823072042	13944.815347519241	7882.762829860477
712.0700604313398	15943.211100887396	7403.331649561981
225.52028269996865	15754.299761537544	7855.980900622649
95.12458198131614	16946.692003591994	6563.979362258881
1047.344081127914	16004.565286522318	8269.204478191816
674.1734952210164	16326.46006352548	7923.477133949948
1442.771157772051	16985.07983628949	7937.108299651999
921.4755020875	15866.88548664498	7858.337284967875
2333.214373230032	17091.18712171722	8416.981541248357
1912.2038579568352	16979.480696907478	7676.356950084456
1169.4754319655597	18459.97909401711	7581.31522638367
2203.7452795905183	15678.506335100748	8307.462688566085
1267.4298399554177	15309.631401979472	8184.997991950392
1274.424977974982	16802.648432884875	7226.375276539094
428.87316475325844	15617.594998735072	8155.9744243656405
1472.511819768427	16491.81500459235	7432.924397917106
1085.5278693047294	15300.656444722355	7923.224576633744
2144.891826601313	16049.499012390108	8295.959306768698
1699.6135121691912	16388.204183756963	7645.076307994478
909.9758978368563	14614.022307717541	7659.740459023719
1081.3496802671273	17351.657704291996	7389.140658518876
2182.9925348416377	14817.630647642722	7210.9891356045055
2485.131800904657	17372.92239729554	7821.296338131434
1466.2978912415397	17183.028575721855	7759.235717062971
1862.4621190080686	14929.202312403499	7534.753481577027
1955.2623532330354	15803.567689447624	7789.123811313011
1915.6515878113703	14412.261014127687	7764.704666422817
964.1252713459638	16395.696793440708	7930.586369538179
2045.2339538886324	16105.36288995636	7312.473310548365
1882.5065387612692	16277.608359778116	7800.317353834445
2527.7247258831203	14926.611054774397	7840.691872236095
1007.7600867340999	18503.00539609205	7928.190904057238
1084.262254989739	14985.651898163793	8078.810462387499
458.62579726392187	17559.306058146518	7569.571447654617
12.571782128860258	15791.245752962126	7882.679454882452
483.4856613465089	16602.016555102284	7827.143369960068
1337.9006493937227	16312.050575618165	7706.394746565548
830.6736586932868	16973.97277807925	7470.48849343621
1586.6874691129615	14585.378042290815	7893.427933379421
1978.5773903703123	15942.869625598763	7306.410465564159
1241.3143480160554	15640.242955162137	8181.163249083475
2755.3449075785543	14707.640859355557	8040.208885424347
2293.322232025306	15051.788435301027	7721.877957890711
-105.54141047417663	16987.546157765628	8267.054897351734
998.1912157699551	15418.947464049379	8310.683815162356
986.2793741145197	15483.970109688073	7761.148519488518
2371.0569588696376	15630.500307944241	7812.41658679471
709.210972026602	19091.999873828496	5279.439502391367
2639.2184540053195	15979.619386603392	7925.076454972103
1252.2019272643413	17058.256262589766	7901.898834744123
1385.7513039168186	14830.233612647851	7914.203254635817
2082.9684072678997	15263.450937775848	8120.721208368317
1379.1177938671747	17031.644919606657	7835.901104975937
2196.076585696331	15369.252279607399	8083.9552540367395
481.14933384026216	15706.890922610512	7367.786321918701
1226.687448206077	18385.306195263867	7812.554044901749
2117.792294323793	16736.724702965446	8066.47178363067
1914.9294127028577	16326.092010095705	7705.865846367951
2345.1834820464587	15485.197359781947	7476.205811393541
2010.4052252978015	16879.52793009369	7716.137741078746
1363.7592127186072	14970.520801727102	7780.173265150142
1428.9357683626788	17219.82291792261	7841.099275336977
1343.005682874452	17009.674830457025	7804.916973449904
1049.8210600452717	17436.466716785515	8001.989113803192
1526.2070122903722	14589.795546939991	7480.773300316405
1978.5743321568107	16230.76901569107	7865.985766859461
1608.9897519305378	15788.102342460217	7689.423534923508
1269.6215945474569	17017.278775764178	8309.922348561979
938.7992539012313	16415.59540524054	8099.491587337601
2082.2909105912254	15510.593362052681	7678.372568533996
1075.4640477197668	15280.579239963688	7690.365609443102
16.278247070159356	15962.646168893745	7786.0760016967915
862.4976744404279	14619.07063125175	7583.149736518108
1480.2678375955752	15477.256233431126	7720.469026245158
1137.5486759703244	17975.330480481978	7404.67897965997
1838.2602909606856	15778.519225104603	7697.6391438459805
1435.2147137499926	14488.288798125479	7593.302432860092
2403.214955696507	17940.555643943768	7386.667374648551
1258.595404946078	17838.2392556567	7595.727394998944
1860.896915663126	17234.344843479103	7428.594883895755
1682.21805826256	16131.602869390923	8232.576955444809
2105.388957347705	15744.162521321708	7849.589896565856
576.0451482522359	16065.052913239539	7994.032903533556
-382.3076067064055	16473.726543747936	8117.33880494622
1265.8924579345858	16006.508952198586	7174.353466187552
1135.9740326499707	19504.51004955544	7313.123277371646
2331.3421537456265	17059.308182347697	7477.349622450247
1411.726376990809	14153.253677566394	7869.619295950371
1940.2826756198265	15996.886891017828	8462.939289142481
1404.3718224478428	15240.009127979776	7487.293933611415
944.0279992455933	18981.77577174678	6972.666267105014
1532.5305036403038	14138.354881835707	7732.342057082832
1640.706944945921	14876.650482558396	7572.7506730273635
869.1263110677781	15436.452546725071	7784.605245915303
1298.0216278929688	17521.21843594744	7814.545248156511
1204.2275448217815	15973.706510498258	7748.394492821238
1208.0904136465242	17177.331855527675	7798.9436154780005
2313.687394290871	14042.524446533724	7860.287360466216
808.4278794753243	16885.597611513174	7664.7974069528655
1013.1912801807491	18521.81648271482	8149.124656516597
328.8802975099512	16839.842694994742	7793.028901063999
1373.2310924625806	15264.107358544106	7601.370591127056
1552.106988882244	14765.886524365762	8200.818735809149
-167.99604584478962	17230.7594831041	7452.291391115152
1989.846450666924	16862.854842423298	7761.071640041786
2102.127453413471	15706.20345176121	7796.7991055391385
401.8144592461563	15111.445551714864	7405.550968469796
1550.1655723858175	15705.016918343383	7268.52804109729
2463.8749566793367	15787.927832805186	7990.517741195038
108.42834752128019	14251.72032954322	8055.879458349826
1853.0313692513166	15467.655493875283	7766.237563813842
-211.9579946366534	14019.429103940109	7504.039026081492
126.81472754705167	14371.818286100948	7887.877337455081
1306.8519491983393	17463.51444161119	7675.658476802632
2786.2871484674006	16782.377526011747	7832.493319622941
2327.453607460593	15221.94744340612	7718.241443606538
2360.700366677074	16160.859004463948	7762.4879705407075
1887.5682479983527	16419.97935741414	7703.925572370883
1041.3341704374313	17164.551067299846	7319.226712738649
528.6494162325441	16996.65723324421	7917.308266744842
1060.9647372899585	17212.74669734505	8015.641174848121
2242.785104737041	15737.01252469594	7413.466415611802
1906.2288368104405	17236.347244953507	7691.689337095747
2128.7986080466007	16829.59453906561	6068.863531951123
1473.8703096353352	14229.78243620222	8394.22965623581
2209.878907992504	15620.378101319478	7703.171474111516
1521.7510608213163	16504.860507508965	7793.573372548135
1340.9285340725623	14980.402014566349	7957.090115907324
2062.2871437716426	14732.264089284785	7290.9532955605255
781.8681651454411	16126.18862966133	7922.6622912322755
243.28082382539802	16621.495747016514	7789.21014151012
1518.452791216982	15016.408925936143	8125.070255672228
1369.4822773534806	16014.031003918039	7397.4457547243155
2998.7846094400893	13770.729135672605	7553.425082726511
449.0082482547927	15462.953008072445	8411.871065139901
2162.801865392132	17787.426986193055	7467.631632150188
1586.3183682311894	16207.630808721844	8037.879293460539
983.9873691459982	17186.069235210303	7700.141315861936
2729.772973881699	15367.617484593227	8479.829551735642
768.0031413872802	18193.10214247688	7865.465614367147
1558.295819610598	15440.6217480125	7778.250483068501
418.91042186230925	15977.6513356464	8160.320189384806
1152.5543864515184	14939.109670092572	8172.892116694171
725.1513389314747	18377.059129305726	7833.157028593943
-123.78546922162175	16065.941533985711	7986.27863198213
2048.2815073606344	16478.395095407763	8003.762577423082
1596.5351391481079	17479.947000413944	7676.639054384323
1348.0624272588168	18476.213284935973	7699.615896010915
571.3713238335203	16118.718138731643	7944.2879441720115
2628.3008135937607	15672.341376893435	7650.678317741675
594.7837401811589	16695.73667352957	7471.7893525709405
1465.8193310696606	16195.256921232069	7602.355622564573
2398.9472340058187	15602.629288786897	7551.977143420863
775.6763027952933	16669.483183068358	7898.333881413283
-208.74574754181126	18425.86765290401	7567.244042590914
760.6830741169507	19264.936340162152	6856.982769000381
81.85724302055768	16649.91879098741	7636.4306588547315
1978.5796687660545	15663.483336560905	7239.02105309958
914.312059663296	17696.862201155625	7811.287522683387
492.86685261344996	15942.87752171721	7647.549852583241
1602.329796926644	16025.76901856879	7741.742992835119
1415.4450564380936	16900.1287891643	7502.861754303358
1531.9991332923257	15026.573473249624	8135.487554196567
1753.5916887381911	15376.21317592737	7617.93243680027
1031.0824686242618	15746.6821426265	7801.968722392103
998.0648859829662	15126.627216352028	7912.355741343905
1192.5645719484698	14312.202009953473	7645.2495064970835
1973.3301714143324	18022.99255112345	7850.814492258425
2597.235783364682	16725.805931595758	7658.7536883306375
1847.2189358424707	17442.92532293286	7503.045626192026
925.060352573227	17032.570171076026	8138.360647185813
890.6576841927388	16202.468707226753	8002.8844047790035
2349.074420885333	17914.39532500906	7641.075405063531
1346.4883781783335	16008.37339721212	8060.681306663503
1579.9962159891134	16948.73705011821	8302.495258890824
2178.553943443346	14127.163925246079	7719.4375408406495
1300.4431173223984	16453.40625510533	7801.613525314805
1203.9300612070954	15920.957472476108	7730.8241638854415
1216.7951242570477	15535.41673560355	8256.854346337452
-294.7011317490872	16120.37811847231	8008.926056118858
778.4627264871197	16482.593172044955	7677.890972595541
-126.45599058254369	17318.56796344131	7937.20285803038
1216.2106507997632	17526.50116149082	6253.277636537528
1704.968235791802	16031.977009876573	7508.802575675828
1437.2481636196217	13841.074649454013	7821.8534939710435
1780.4085103087036	15712.831641507684	7889.135218837644
997.0592410724845	16463.656587980047	7729.737152494544
1652.111454158697	17556.93280158948	7636.371408559422
790.9297781114177	15262.49937771044	8329.450804385588
244.30365244882864	15893.06262434508	7816.503706131515
1086.2601795930905	16054.8365550649	7627.80424908935
1943.6306328849835	13565.772131353435	8429.930745324622
1156.0906300218348	15804.364827598183	7697.259086273283
1378.8679589926383	16330.849750324445	7846.043420141658
1567.360292994458	16538.065305664717	7469.4597494524705
1541.285760135573	16641.85767791081	7691.876562251175
2722.62217301866	16189.509993225738	8004.200296279353
1591.5997636877803	14982.944205959091	7778.0934532335605
1206.5258738510674	16345.437161620192	7611.611198965262
1690.2912483789125	17676.8429677178	7540.261952591362
1609.6282068353253	16822.974266789854	8137.484745677568
1319.7046211821275	17995.817801381498	7839.566300454697
2453.97661431927	15562.010767476339	7296.881710616273
7874.874518370864	6806.39967874305	5063.774541233234
612.4211138017785	16179.733068452055	8271.02572847983
1939.2049441695742	15041.357593367322	7870.612278897867
2525.964273149944	15167.433871273897	8065.281894281523
1371.5834981908424	15386.067250705299	7443.2034212586395
231.61633913474645	15760.816045691758	7845.144516147508
818.3643603276577	16279.78971898689	5885.079054191643
815.7895453511699	16149.850943625366	7853.630766726231
2028.194181903513	15296.780476719363	7735.808313095573
408.47094642991016	15009.124232632468	7388.741689930037
149.02648803984357	17238.513123489516	8159.585437954898
2240.4005877190857	15597.928393208684	7450.700156127822
1229.3218092428137	15894.263080460307	7830.302437713382
1977.513963635133	16205.60542195804	7244.4107085951855
3055.6926370531905	16209.192619662055	8336.122608867721
2071.8576845249095	13394.99578794241	8439.95726619316
616.6234977015115	17304.515201902144	7557.34315007765
2340.6125775931578	17880.584140761202	7736.762727438186
1921.7491077130128	15670.123271689205	8429.709858493148
964.5470191799747	15864.344020527782	7517.88926466797
1366.9630872192017	14678.558150165529	7549.4160299765135
2192.4094771501896	16687.325249829086	8069.995264279913
1578.355766351837	15118.350594629637	7916.610589562109
1833.677272644867	14936.78863600633	7867.426624699813
2732.9633784123744	14614.083218342921	7433.7714870608625
1750.517432034156	16811.726066250652	7899.890072616828
1761.6842681655949	15058.865422073011	7745.922572701394
1932.236287362808	15853.368087455587	8105.685506579473
1264.493941852663	16571.641498663223	7773.126088675256
1264.65479547774	15379.787515877408	7257.4131073552435
654.7265719292536	17359.909996946142	7641.575881432022
2430.373405723291	18194.143119851542	7448.136731260892
433.1237635444801	16771.38911981073	7632.250441021269
2270.035097390648	16643.791749561955	7778.110919534679
1332.6257187219642	17017.92920440688	7753.941986689209
1741.4985344260208	15372.719389698786	8377.454740245694
2250.166271322978	19121.444521199	6736.0219549986095
3746.527725952026	13025.985799812095	8035.265995856454
1878.996795145466	19077.936009104957	7572.171804743412
150.9560728869206	15681.643512412022	7936.609473225812
2271.5834574456103	13885.786250364323	7965.495145117104
1566.2169780458569	17157.906805986244	7727.8217591613175
1753.015461906485	17883.510306782402	7470.737128123819
1389.6419397463	15506.151819466873	7726.895734956728
2189.861915648031	18709.678211894512	7312.2693627754925
1644.718880822744	16848.14681210459	8086.2211286981965
651.0048448879734	17665.23985358069	7608.407531995941
1623.574499809506	17310.525733763494	7255.094166051118
2080.0285516437543	16539.72414600625	8043.041275029686
2030.1316234764245	16686.51599089209	7458.837093849501
2101.020637697055	14335.862222625994	7362.765576821648
1156.7443586843046	17565.19678010043	7974.963674463311
2837.3648756970806	14358.920869164933	7705.356903051426
2048.6542087920075	15443.694399022375	7908.4054428745285
1618.198740637696	15709.817958837979	8419.603402940473
-131.49789208429652	15590.063218947875	7021.031764895226
1262.1888119845964	14998.036153154557	7804.9197664789135
1428.7289881199754	15110.953225677122	7624.478156859734
1203.1363925858514	15568.050311239245	7797.458582744968
1525.5783583482466	15005.264540710981	7903.668196846055
1578.2900462159223	17068.582242619985	7460.896310563126
1644.0252460050801	15600.953464569935	7744.669626304524
1013.341265183782	16525.71829627357	7485.0019774595
9312.456796211205	3286.0323008719593	5157.156394511565
1281.1148195999294	17211.73374306596	7673.007594318787
683.2140329885101	15408.244059329258	7902.977199429019
2533.9879642606365	16446.114039036613	7464.898071567025
871.3291390229566	17466.546923674538	7166.121319417725
1551.3994048473282	15119.717510704471	8034.876373242325
736.7879462690354	16479.334640600562	7525.446739390462
924.3593758444247	16195.716215313365	7367.605911323736
2596.1221932318876	17410.633610704717	7374.527985387631
2001.33803685774	15751.888092327386	7833.109763818076
987.6082562431817	16022.980747763015	8073.488611823636
657.0480495784454	19184.498352530274	6639.538196957967
1501.6190057395563	14872.459831965329	8007.678348073672
277.2851121114204	17775.645720415618	7465.140005982347
444.7854161084588	18213.52166269417	7154.372156637053
780.0816159528923	16055.594217935148	7898.729703282928
2350.2320112379143	16706.99282958314	7953.719656599116
1282.080068376799	15679.760072201803	8233.317626367652
501.2013176236006	16756.638130238203	7583.041007412435
1587.1360253348048	16968.822463864813	8046.184209860874
959.4564101205368	17634.326031646393	7827.863282633658
901.9661949657193	16743.63110235088	7999.32243889339
733.9465186325397	14742.274675645007	7575.671635726208
87.34477383717743	16869.75007892357	7767.004325065842
1117.8340646940069	15943.681934176953	7862.596784738676
1140.3352886780142	15883.417495231568	7967.717847276155
-172.28253355440756	15080.694780991136	7325.636888466565
1720.162565404686	15232.837725643658	7791.570869392434
1141.4618719612693	17224.529345052477	8043.125878503259
1707.5076809451255	15745.195733039938	7764.428832073799
616.8481347926655	16625.50729128997	7752.397452193041
1021.4547277393074	13172.399699967187	7845.654594723676
1293.2329239267772	16320.411831841535	7642.87212527235
1989.0291339353867	17312.110586484203	7666.045017488895
1340.4044179931557	17665.57862071612	7602.92798154474
662.608733631617	15191.17986267502	7718.332854823259
1881.8684720856295	15757.7449799759	7352.328210661754
1862.2660954888015	15682.315215363642	7838.330094965303
210.9993616731659	18029.297553789937	7339.134814615162
1107.8686530437158	19067.095245058546	6618.508074993125
11595.456295645978	3673.1448860108376	4996.788385037921
1978.0032637334339	15449.651530511675	7518.994584142515
1269.0812347312474	18636.810159991677	7788.163400192661
1633.6016031006748	16160.300075463023	7255.686591414173
1971.0225320831892	15170.501314423731	8100.759317422332
1841.2759451039735	16404.537417419426	7528.658489073483
152.77730315456745	16985.585803644677	7934.573677814763
7492.915626915002	8431.690778793607	4772.8086854991825
217.67803355421967	15557.361555211019	7526.2756795811965
992.9431357497226	17264.36149501086	7724.30007549182
2392.469117114704	18560.395739969263	5486.249261210161
2343.4023129683465	14362.493589275276	7602.074842164684
898.891820247267	16586.216098371242	7012.971627727552
1486.150183538373	18572.216172499884	7525.228662367311
1771.7631956451703	15757.532437996555	7765.30008762332
1524.9262485764023	15490.881631617798	7634.328642895598
2021.0797550642687	14888.038325263602	7598.571619320805
2195.074491588107	16232.593788691394	7968.47305853466
586.5555733796763	18218.051479762227	7468.443100816428
1424.385764880916	17191.676851439544	7834.011694674411
1489.0863266000235	16481.606421162734	8328.398805983888
432.5825410774084	17164.459832409	7895.461428293065
1302.6155246602061	16240.851923245167	7617.3742861512865
1394.3543620219318	16154.820568923724	7491.557957151524
1820.5467055844902	16524.45970212173	7641.257975632644
1706.556980476876	16982.726994966662	7065.123672437162
1561.2148605180953	15634.20288173462	7792.362557796751
812.9047621035149	15170.149898729063	7041.308777028622
-123.40379292357927	15847.427026751424	7998.407694052348
1099.9056074257028	15420.10856388044	8145.841435989
99.01330162122747	14783.330977985966	8203.90107126597
1456.4365757141088	15454.391651906486	7958.624982759006
2423.431043391094	16639.96228590924	7370.6258134872505
335.59365535089927	16806.025027856587	8212.03245743088
791.2006868303323	16926.136268944145	7393.9489508013885
1794.8666806543338	16647.043942367127	7735.151068085637
1625.0113098180511	18112.400043318426	7136.4769655086775
616.5650831869809	16029.30546561994	7804.240271129442
1124.5056318451973	18883.981748313865	7607.800971090814
315.824102990669	16658.116307634977	7694.3919022463
1507.331007958944	16495.929352320618	7443.707338003282
1319.8201470252056	15223.827619009016	7845.761616100972
1840.521306230466	14773.232507140425	8349.35638049357
1222.3852844048715	16019.513953370237	8006.185146659727
2513.054068159876	14041.238720293035	8033.964867778537
2429.7955632437292	14017.334108720514	8089.620576070645
1454.384069746341	16973.976483721206	7894.9025895575
2178.1296106064465	15662.694294582316	7757.19998625294
2026.8731796062464	16636.418339274074	7848.72701383187
1219.2779125627628	15673.60962701248	7818.384251863938
1325.5879469784531	16879.81792658243	7342.973064808372
287.2966013847007	15603.704518534232	7438.4927414513595
1453.769447921876	15409.638908777702	7856.291372955626
1929.7562312246043	17495.84984974339	8415.771925018327
2003.4306141132543	16912.144540873265	8299.077679413716
1360.2798543882527	15993.16819425338	8151.376624211355
1737.424802380352	16980.18492019441	7940.7014488997875
1883.137463665466	17028.308357944767	7793.53393576257
1084.1295973826564	14097.550244911774	8339.17815085557
1733.1670962261587	17120.46291253749	7105.124368183526
1258.9227576911442	14878.235830824167	8011.727886210782
537.0748676887011	17290.672921483318	8199.524825167322
1168.3534923556638	15428.920347256435	7585.088015909807
927.8772841090596	18807.450873472786	6781.864164519009
-507.20725622481723	14935.201735035851	8011.070280244199
1007.8953963834465	17023.68766677931	7587.756388571468
-99.37203602458517	15879.640290329566	8132.673785497372
1857.6216411740115	17796.189730317685	7037.364342905327
25.721547071633985	17361.3760796786	7742.7214315705305
-202.37218764322307	16377.78148255661	7877.806535230588
666.4721235458504	14149.876563421753	7727.284733583829
950.0941486087142	15763.163533064288	7277.398863952088
1037.3814899761267	17706.537741855922	7520.179657091297
1346.1079158928449	15734.874877660055	7917.977446681138
1016.9302298361648	16566.525545526812	7775.220739412191
3232.891787405664	15598.397721263816	7674.701366747647
1247.2784361612717	17575.34368415548	7339.298009430337
1527.347571714228	15381.90923343973	8377.81454338204
1273.8405992691773	18419.30897546222	7723.7625526168185
2203.117421169125	17687.72279326983	7167.87022265102
23.224392184215564	17259.36239813005	8383.224880045414
2430.1169344004315	14641.518365289032	7973.577460860535
833.9699490650339	17787.837446046335	7769.53463687636
2576.84917411083	17009.76397653579	7781.51312694059
125.95908531105451	16391.91324610067	7712.503901407054
1108.9541695795633	18129.098521083633	7661.999403072776
609.1058399758336	16370.206182572778	7702.826684308245
2555.241009118245	15948.87108399313	7270.083423947489
288.67626490689076	16055.854940722307	7499.671769141497
1665.9764295330167	16252.391586383386	7896.725955707461
1548.6281797265688	15265.245327433544	8158.759529223946
1608.942302759166	14444.99065705131	7768.661925034888
1493.0495026451188	17197.225467155477	7198.25922513921
513.7558730754788	17551.476024265656	7384.285976942359
1483.5023032972779	15703.534069896496	7405.104508225337
563.394293234397	17031.887831517193	7771.657334860987
1593.3132049033047	15585.92553457585	7885.70813389571
3160.844949062151	15339.53569310353	7215.445435824073
1792.3110576394663	14914.929307205746	7905.644634239961
1184.4281632719658	16769.744273888955	7773.32874081017
1958.8559752632268	15905.172312915547	7850.575928222331
1454.514490517131	14868.65724180417	8069.605827737885
935.7557347099737	16220.91732715627	7196.1320632612
150.72284079138538	17555.94127989091	8065.492357092935
1336.6080951531958	16554.12573190824	8107.1370214490635
1203.459317168046	16376.888478894529	7687.463442423587
1317.1427573559931	16165.012801531808	7692.573351207519
1485.0728054245683	17198.349544103847	8198.123163342327
1573.3986380496895	14197.274357044937	7902.626791542937
737.0878124042229	17988.7093157099	7199.9944117251325
1950.4254454335319	16971.029162149254	7439.196427099834
979.7909666746316	16958.459047384677	7650.645172810097
