10963.321720905138	2818.064846157818	5199.494830770649
11522.14585761424	2839.2838542385553	5046.433651056688
11263.511887220928	3614.533816944196	4721.008315992951
11533.771346897789	461.9773560721369	5470.450176019239
12226.319363211813	3064.3516204016387	4917.650754950608
10729.938458430732	1959.2084845501995	5348.689253058803
10060.554467695505	869.8533700790008	5266.740627443446
11465.172336572587	2977.7305186395124	5007.875230977534
11933.054533785393	314.66110376700107	5060.706900640335
11743.81085179178	1264.3340406851867	5023.991690372125
10724.54401373024	2158.7154870089253	5558.517360502933
12659.494856353425	2226.0292982274923	5046.58509767528
12601.924303527421	1992.3590920628892	4713.150912076637
11581.858717282294	512.4763210806755	5668.82527843201
12037.126274112587	1980.7862989422179	5107.822211350092
10728.216827621294	3089.2588439164338	5891.625999555989
12506.155289999799	3244.191267882295	5212.579130682921
10385.42719395797	3174.520549347807	5805.870149793894
10048.853564923005	2553.499083485737	4790.684517139658
12807.227079563836	201.7125100803038	5241.765981491868
11163.776064719268	798.5183950892758	5256.7612126855
10577.943820218406	1521.3101489406556	5835.255703420101
9984.530456036933	2669.572076002445	5053.708595058303
12455.560403331587	2866.856183750557	5130.0015261453755
12651.42468421864	1454.7307686626127	5521.49570666247
11755.097866428105	3974.8001855114394	5029.443144942377
10472.803876593405	2578.34357101126	4886.813139057261
11619.390381304784	2188.113657418009	5573.696110844482
12047.595877341186	2619.412682817236	4735.15591038291
10906.726356504198	647.3090482435992	4922.694122177948
12010.02992444471	2806.4713491577104	4824.83238224559
10952.8545096831	3687.2429731725592	4629.7919601463545
10734.854868799719	1787.3859309809343	5068.222982895649
11072.871067154596	2345.215382572727	4986.172073853361
11217.592284110287	2950.066197780244	4997.800404798861
10392.643983883469	3662.4491399583094	5030.425743653647
9780.681272664577	3866.0636380347	5210.233658884925
11334.564375632499	636.5427757374633	5039.211784807923
10077.87000943652	1963.556623365067	5281.960339228714
11098.13558810828	2866.8212892792003	5414.58729409937
11533.069784563653	1490.413586306282	5149.215522609716
12685.20162443783	957.2430665479055	5070.3107138954465
10794.392719919706	3110.435529125392	5457.749602887471
11402.201762012774	2562.0387844131033	4687.340349269476
12176.592402923643	3214.935122858837	4816.293298635099
10702.859103973458	881.6671584704388	5410.751795204358
11147.869001648347	2513.2331561253786	4652.090245601214
9931.272222565232	4038.691483290986	5034.818937956175
10541.937864682082	759.477494569549	5735.775637478579
11535.861766969083	1952.1327934662668	5246.356484710814
10915.163731377252	736.6418306538334	4955.330109970901
10457.637167524847	3406.681414962767	4876.46475613911
11007.92839023151	1903.4039933198208	5509.430939562694
9539.396811075	3723.9638961034893	5283.418711751089
10615.056484646017	1198.497077027124	5976.017177746677
11823.288821685228	2598.7856800287445	4742.1932493302065
9675.18777279273	3621.4769365946318	5225.329459236645
11359.268525059582	917.5991223290716	4984.515800576542
10110.731513741506	1537.4014167626653	5021.569657569309
11080.70142752495	3681.776145393893	5119.578185628486
10351.354011676316	3056.725182486039	4971.59899357575
10354.449900679097	2850.1878087237296	5140.7110281159075
11443.998203198951	2457.264370590988	5130.60133986873
10134.739374483017	1576.988808686798	5558.948748922424
11210.815765488256	1641.2840436060826	4782.378608426633
11651.978010869905	2525.8058835197476	5191.960711093122
12348.83403567463	2907.8659099058555	4937.359932507494
10188.586963611651	1506.8390542124823	4581.591691708237
11141.269275383296	3213.3549970909003	4576.081043687536
11208.947006810398	4636.059860196252	5238.964711649547
9745.196485293054	3057.719197238835	4894.720652764882
11428.489985205219	2121.0705285125086	5633.956066557316
11330.950881794633	3007.6007248983487	4580.839009436383
12331.42006402816	1217.8478917161124	5435.222669461369
10216.66922799122	3290.195567473187	4538.865405823708
10127.89342510857	2296.487699857671	5106.414459168051
11323.259661566854	1890.1278762878555	5022.444606587708
11595.63334772992	2490.9747604428017	5647.378059680006
11988.792193374977	1344.2069610784806	4757.548623603347
9598.012842386332	3432.830980012899	4703.871690611637
9720.857995342889	2977.303360301296	5256.255955584458
10527.911403198565	2371.066910944238	5902.45198687009
13250.810717006945	1097.3983958337162	4959.834988491028
9681.679085381955	2227.4133964847224	5116.185026393149
12103.450990701142	1325.3049412632008	5356.3487930266865
11726.659833308495	2624.6938957271336	5337.035043016633
11748.376581233888	3515.094073616915	5507.306031789398
11967.784750725254	3203.293624148046	6102.745161159586
10368.817342143802	914.048915265562	5257.825717525213
10956.378109524736	3640.2383040122845	5041.6885817991715
11978.211865193045	3287.710119432914	4810.19909579684
10938.315337289985	2123.027785236799	4937.418695962853
11058.869061406507	1235.3314751888643	5645.494564676709
11353.547540384312	4085.1904750571584	4742.921662925696
10830.619718739015	3410.034318752921	5489.6316538192295
10004.31136566502	4689.986451053245	4315.006208940657
11746.428203980515	2963.985348172656	5161.842052891596
10106.88555979526	1809.0140773815572	5510.391984674754
10084.305398483448	2281.200762161391	5213.572211554777
9920.033266613898	3571.5974783793345	4867.26359164819
11939.140278190975	3032.4182214984958	5182.863387238381
10035.285878645152	2472.719606346046	5362.7125706707475
12063.068667955324	852.6187622760029	5379.727747319945
9603.444894628092	1941.897592620448	5132.22680398101
11008.896879081309	3221.0018956211316	4581.474185404561
9672.564684466233	2889.591112982169	4935.905741686168
9168.769890103998	2969.119662008687	5408.720891334609
11064.56784774498	3656.4334911528254	5371.908230663318
11628.295058066098	466.8924898327607	5282.134665063423
11872.034186545316	1172.566386016219	5237.3349102873435
12463.48833202631	1638.3077081169452	4876.3348332488495
11783.222312572982	1849.9642052143658	5432.9821034985625
10526.95851576303	3451.1016886217258	4815.36246832663
11824.392327115063	614.5008867127718	5479.3326639190445
11236.190431897705	2274.948740928814	5388.24419313009
12094.880338479166	2505.833520094131	5513.250772219593
10010.944184070091	1895.9156533422686	5038.32873743245
11971.175229431565	2976.292443936715	4918.019425470792
12002.232782304	885.8390833039394	5227.710233416751
10411.96580630525	3450.3139522465062	5487.641860160498
10799.517335402465	2178.7553560934466	5105.70348240103
12009.671689495686	1486.8542662635052	5210.835027875486
10874.378028889148	2915.5193454598448	5257.348133513474
12143.612840968866	2002.0240212064339	4838.27989226367
10129.376468502374	3268.6129498111377	4827.845768417576
10668.551705016333	5021.1341635265535	4491.231950047259
9919.164905257443	1289.047904356408	5774.851008176668
11237.059122220788	2434.680412730477	4597.560165797552
11255.566238088424	1266.0076565943227	4832.554178929009
10550.898936003709	3539.24474384971	5061.202816707239
10974.894624760103	287.4416580061893	4827.912985911814
9047.79168675754	3636.214254198213	4872.981411699898
11576.62356869702	3163.4558567347553	5331.621566054201
11241.9179896819	3675.2665391114424	5655.075445786884
11463.054403426406	2423.125701211565	5156.966023010545
11746.20363988115	2347.0367522724828	4853.942947718635
10895.359458709529	1411.8482273070115	4886.525746098218
10577.832201972364	3087.1773660845047	5460.668134156993
12391.735202316884	1926.9741454435173	5374.284982082729
11318.777655198734	2545.6277030421375	5268.604682808806
11447.982766393085	2422.6114865191353	5530.948281093981
11153.78225067024	3928.846046265608	5353.852309317215
12947.466980721296	2121.0537164413154	5362.814660393033
12141.217111906068	2885.77465822714	5061.039398455506
10814.546471092435	3000.074009521503	5018.037139071163
10519.645986660053	3028.6737953158163	4830.15822595996
9031.910105668661	3852.6618056474763	5265.101709219135
9792.432566230493	3012.408140490572	5032.652850377216
12553.742972080294	2264.498173874216	5312.636908028907
10342.10465560502	2040.8184870372468	5163.408001643751
11869.48404641897	1956.0145172253792	5036.53699754653
12532.724166183134	2541.3625523975497	5196.335379396788
11760.125602391921	2356.4203414625226	5525.7652569841275
10079.86031888954	2256.28332655779	4676.895938822033
10767.516993590008	1744.2735075555604	5291.836314500663
11368.122090099594	2569.638305606314	5222.984757537538
11385.131126882805	1244.9506875927789	5260.754684906577
11418.471756476072	1513.191264230832	4812.321452336424
11689.704660981606	1618.1783249653367	5335.027705945407
11774.594332877223	2768.6480681432017	5124.711581055163
9631.34724802032	3866.9397723350544	5307.0015257092955
9742.600532135712	3493.1194175817736	4950.373713019861
11453.082272941927	1822.6379934246	5526.274088721362
9892.177269571237	3069.607308715208	5169.682011532718
11476.949734826914	1427.5875769347663	5333.180500666541
11450.929123801996	1194.8619919162822	5267.813711954781
11817.216534183168	2807.908331515529	4689.175239485792
11488.418048986036	2823.4626444657392	4912.817112770799
12597.538691221349	2289.970318871771	4288.487935837852
9287.248847436907	2743.3947216281067	5168.292577410617
9504.672109060766	2364.361042199352	5873.925370805639
9949.598244623106	3167.3540329500015	5666.7145852962585
10830.26636454938	2710.137234162572	4943.658462633975
10964.595432591073	2520.579947966621	5899.654663804298
10635.90231157015	1119.3752679677054	5202.1436237493035
11048.256371789179	2383.291719671631	5588.088831557451
11418.019780485469	2067.748146352917	5303.084725628244
11957.117295883374	1823.9410224413593	4834.850633856146
11506.86773760672	2021.7463147189974	5655.157604549948
10248.237229162218	2170.7357645743787	5864.248206890481
9976.217672961571	1936.590296340366	4977.663607654755
10962.528725115473	1714.9606744205269	5247.142391663425
12389.138620800239	2955.870966295156	4532.453185898674
10935.226836300855	2335.3222270340593	4979.963694400026
10993.171505571889	467.6807659578415	5248.3598627723795
10272.315503262	3762.962579630698	5484.571446573607
10839.910951603639	2013.3213690778127	5404.3131433754
10691.571992601845	2249.6631999365122	5630.425024139378
10392.779595539912	3151.261975859243	5413.434504536037
10012.329532287484	3486.8509071775293	5603.738197854119
11900.924298650536	1369.1909701769937	5231.870139762282
8681.4059730877	4534.098722732711	4385.529479284404
9949.542313733325	2211.5451920194614	4917.732704993223
11450.173347452646	1544.845813503211	5504.9111796740835
11370.636561564583	2871.0800559271593	5669.762451731007
11919.317740759756	3841.6701310030144	5031.599116536149
10744.915850424839	2658.0723342777987	4396.956704951879
10582.128875732978	3621.465373395666	4874.938078280025
11111.061734648138	441.63021437730964	5017.08420709253
12162.451434577553	2038.0008710121767	5242.581393076454
10701.00897352619	2418.7500459039447	4860.364119790016
9671.81070912936	5127.449170105739	5086.061227354278
9507.75555866206	2533.9978893173748	5152.402649927434
11533.747161833573	1593.0308463687948	5238.539385338634
10949.002663307085	789.7596658138972	5089.082000503885
11729.563567165655	3798.9163159633563	5191.25491614493
11103.81586988872	1583.8350869510923	5297.955146369822
10071.195918874555	2807.5324859997445	5017.973519861259
11537.114298016471	2137.867356536156	5297.563485023525
9971.52827943443	3397.3312752734923	5050.056208973252
10784.435318056729	1762.590300265893	5234.512083351117
11103.977896512903	4214.905268330313	4608.599280682544
10674.287671817505	3180.080323413458	4954.863734676526
11829.649491300079	2835.794920863165	5823.247231300049
10414.051970135017	2141.795417473464	5511.301648231538
10293.424495905037	1462.8726216272482	4725.73212250711
10072.175468173093	3146.6700551981494	5339.901459975042
11283.756686064045	1550.367293682087	5333.048147633616
10979.258807420792	2418.5682097791237	5585.2984931826895
11602.741401214103	2042.0920148872408	4504.909251418294
11267.715522877234	2377.654056514923	4976.315946130677
11930.837923245252	2079.6154971964274	4953.805544571645
10120.385084398933	2087.8587123351117	5159.93798077498
10440.788789139275	2354.1259350180126	4552.434411243452
10560.621832635083	3083.3105334765287	4809.204398992821
9557.299888336247	3828.845742030727	5630.60277606591
10701.015246407283	3203.8282202308465	5363.735223904388
11531.795336309555	2211.8925607595907	5258.883652787848
11274.645947641437	1551.6369331004726	5707.48964924188
10826.830927766761	1814.5498745576617	5516.46190925104
9337.410437858935	3134.9161390580953	5102.294273369311
9831.226728219708	2193.27289251956	5905.532751989993
11231.094057233446	4114.80877691621	5534.795261753781
11223.70051484515	1141.7115990142036	4939.784647740857
12274.051433023797	3642.5983861398436	5196.128138643725
12144.855278283489	2628.361795656569	4675.664914293414
12483.037583731342	2390.950580252919	5318.904514013541
11879.985485801453	4427.562625542612	5220.255730700486
10052.831228070681	3294.9243337347066	5140.445580846147
11357.580362079849	2783.1020049893923	4872.227911802925
10423.92104245407	4261.203249813598	4844.025849169938
9687.808257636945	3223.5630186754206	5002.45713393265
12020.728947047462	2007.2362565320304	5248.126690020668
10786.978659955235	2261.4212270277744	5699.093662849957
10750.37528241813	1648.9135246789813	4922.005851315011
8869.303666433638	5269.077183068222	5718.906562498242
11117.485747914498	2801.1260164580294	5364.353026928412
12214.901066350169	644.3272002450867	5311.1245329986195
12927.327567648523	2593.7058528135008	4995.76339616269
10790.411475092975	2847.011143124938	4923.302196917573
10524.973401549729	2429.1927204671115	5176.6332356693565
10153.40379433071	1709.2893079048451	4958.324641542166
11093.580715364682	3730.0754195546992	5387.10659015069
10531.473516549982	3230.7776267347404	5101.5198423400125
11278.411887190132	517.3709569448248	5564.93205449781
12396.054286092452	1230.983738998419	4986.470934360792
11173.219856437021	1487.1239274810264	4389.735322904072
11634.833980464875	662.5483858541897	4999.324082084693
11054.339854382048	1477.5134906794704	6045.201766194373
11189.290042649862	2681.471224785795	5177.237328402174
11635.458851996207	1631.9382262024003	5584.160052371776
10387.061438298546	2133.717126997626	5291.857538989001
11497.327715459076	933.5319362475021	5648.724340721101
10184.366064674681	2311.841510808973	4472.372065752819
10304.940735099683	3504.293381283582	4527.469314418426
11016.184836655557	3377.2397799942346	5646.846317660072
11815.19864890194	2202.5062303517434	5239.6357472437985
9367.815788988373	3887.956893381788	5583.371823299379
11796.159414323163	2265.157368935563	5689.346050527822
11052.341531496944	1859.6337178833392	5085.203450370969
9870.122846800892	3346.540821752128	5905.16772410333
11645.444961962326	3696.687785841128	5777.325665642336
10470.108303237012	2570.1508483292087	5401.066973734542
10781.281090884842	925.5516173331225	4451.903898130024
10303.953380255578	1604.779950511671	4639.796324932516
12045.023592272444	2467.9853108067477	5077.59110582037
10877.67271836179	1555.146008820156	5212.933755284917
11124.964806447264	1080.92344625639	4820.24132006885
11786.526744921373	1757.743151169994	5170.547582979078
11976.81188287763	2038.4807527192484	4847.698485625375
10634.660826118537	1484.152935683779	5266.363593677056
10266.150509412968	2168.7131314327685	5673.030040963168
12945.5695675261	417.9635380308841	5725.206724952042
11342.489581751004	2070.7906698198103	5580.056445490767
11991.406037302737	2890.62518066978	5467.809616010324
9843.384647647355	628.3981413180694	5029.599414013015
11236.207461718417	3060.531209425703	5074.729527710947
9940.088747074635	1883.5603380273806	5582.7898510410105
11000.699300115408	2936.9298144132113	5520.661007291866
10867.807291855686	1660.9490499550316	4524.375311016554
10016.05871724922	3657.015538496707	5313.276693732512
11355.689700158238	1637.9910695864992	5641.2689922708705
11936.624583804707	1198.7725074267812	5457.6097695464
11799.581118320326	3288.1321304768803	4679.237686423336
11074.082162964922	2152.1275852975577	5468.7406478432595
11677.432566182313	3059.000675944671	4894.645410459565
11179.116692309775	1227.9826961231763	5363.803537865621
13415.839818118166	1788.5938538872433	5092.742882639443
9058.579799229181	2252.7489897721184	5362.34586619387
10392.151292370572	3244.1900865954617	5148.834412121771
10489.678989415848	2753.8858301099704	5707.100717152203
10607.316445306993	3481.9706646575746	5403.039030311894
9697.560020025516	865.3849057239281	5433.759893069942
12439.600644738928	1209.8458911821886	4833.353971694184
10140.877911107977	2651.185247465885	4473.022304171565
11318.945632835703	2293.0287158653523	4744.89352297198
11470.882832131847	1547.5255791526981	6236.484312317113
11973.538753967996	2108.223307900339	4876.638021471236
11599.44202273243	2447.630095561346	5559.316874148679
10363.033782292141	2043.0847870282987	5119.28160191813
12158.685318638976	2176.6462249415094	5133.711786642537
11061.200234859816	3848.9897120127484	5409.842278649945
10868.52300755108	1554.3329290761383	5333.437641067798
9265.387307533563	3375.066065755309	5331.869563664999
10503.64006470918	2886.159610514431	4954.179935427003
11039.25274994884	1677.1604064740527	5166.2868006186345
10217.13367863743	4416.789069714986	5200.771012610783
10421.944143609227	3607.6191464155	5262.691359815797
11803.391907021807	2235.4480897704166	4977.163317316208
10733.340745936006	3043.607678684762	5334.281445077546
10233.702125572814	1521.7604942914177	4497.654553235565
9864.813502014642	3761.9118456415777	5564.400493029864
11321.155619455492	2563.9582315188977	5219.625885465135
10320.614693319472	1786.7221930168369	5298.07959778864
12213.638231385532	1217.4600954815628	4949.133123790646
9866.193986970917	1627.210080689219	5064.004160766681
11149.480472769334	1646.6041755766753	5091.962938566542
11348.203302218637	3460.365885350458	5437.938719811189
11402.625498730758	2288.191790617452	5943.693073751829
10996.817126300492	1353.2696607743226	5283.644831779636
12219.811421042614	2594.792796649562	4553.3195325263605
9944.609471516007	3336.2070039713776	5546.154404890845
11106.185172640631	3734.556087067754	5160.565937645306
11037.90744104908	1171.6737515576528	5649.934161643088
10578.19508612037	2911.3409112720024	4699.9782408637675
12850.710059943793	1622.1957274859562	5083.9416568043425
11008.81617473423	2450.3401748468414	5063.930756347858
11337.333784729519	2921.1139116528516	4648.683139093175
11133.00123813123	2989.963760813161	5253.752559608199
10562.249213064117	3946.9074452828513	5194.994420864657
11012.363959751447	1721.222095971403	5256.211941559358
10588.77159163883	2235.13955527619	5386.7439237485905
12967.48825115577	1549.802391564759	5483.715903815253
11611.210389288253	1135.3682199710456	5537.073464832084
10783.190979114419	3296.928461589713	5266.7818736161225
8895.747518988603	3130.1516660538077	4926.544654163232
10417.224571099287	2745.4642328639534	5335.689725166498
11239.79768943824	1501.5472692012484	5725.286806576257
10852.499338599473	2955.4133152194013	5737.374207296666
12107.528010595875	2373.2630826505942	5469.295032620192
9998.327286398051	2834.929895649393	5316.630196096172
9442.579603272547	1341.516871190001	4862.251230196855
10990.753637123446	3044.773300752651	5045.589926910701
11121.118945892236	2767.306484588328	4892.450056450419
9539.621023750311	2888.26393096113	5640.686963699773
9992.735650499617	2419.7922957849787	5925.882385252484
10040.271097180692	3390.086994829306	4448.903199373987
11176.289845785423	2846.0168514906254	5658.306068000815
12067.437033233025	2784.7522075042557	4942.112057297999
10750.443331621225	1068.1301734086578	5384.342104017413
11837.0203504338	2922.524933249065	5053.477436723602
10316.59602816113	1937.4509254758207	4932.707366532023
11367.063355064012	1605.8123314047816	5313.334552294004
10028.511964340427	2237.5142653763796	5989.2528777653815
10418.398998518498	3971.3074264332677	5381.308523850727
11437.023655947389	3466.275797850652	4667.36948719966
10052.033674865233	1812.077177896971	5624.086257774357
11088.373092900025	3762.34033769577	4370.6869422607515
12293.626143294716	2786.2728649448245	4901.5918373898885
10922.84775766553	3772.4871377176305	5111.7870375737275
11708.826481705333	985.9134410869613	5239.225082485744
12432.277656726807	792.6348603569583	4561.738132847667
11383.402554106686	2826.6786264928423	4958.780003981788
11341.600108410898	-645.7493400127261	5605.833458345057
11185.93023795575	1682.7843071025284	5774.053602533494
10703.031813182895	2594.639934215848	5363.942490374828
9008.240289335337	2934.232910848497	4775.08651107859
9984.471160268327	3110.158109417278	4736.294223429449
11067.93432733309	1513.3402033900347	5730.398436923969
11518.97546984558	1486.359189460761	6012.891659063277
10009.435566360133	1754.0938452708278	5690.8412563638085
10344.96802749432	3908.352327100842	4835.184253330275
10933.6899339625	1861.3512451165632	4928.54408446346
11975.007504528876	3159.1595928777833	5507.699782593113
11022.919706981864	3644.2584977545107	5473.381604038756
11714.316353009635	2975.4948733899	5915.229874986142
9436.029334400175	3332.3911454903764	5768.011629035658
11055.402940984188	2647.1462746946368	5348.087436989053
10724.891748713391	2929.1270309153256	5043.151591866738
11454.62962593072	2309.1582444756054	5984.33335925193
11462.775161199215	2106.3258158551243	5106.696206807413
10464.59165027429	1704.778515572644	5308.80002703836
10786.02618569586	3128.165818702671	5049.817761796879
10080.486469078132	2365.1717060615383	5187.304388066168
12078.521349897328	2114.9623861417194	5365.225737129186
12071.586321109158	4117.7986389615735	5104.896646143075
11178.39068220001	2546.1970504485184	5392.298709084125
10910.810092235834	1908.3573453648166	5309.5166382593925
10699.06953200868	913.0325031266696	5369.3131891089015
10564.414181704347	2051.6105588957507	5749.383328981405
11252.805307695035	2639.0236238791986	5149.621854039168
11436.494729522285	2813.488008738907	4827.538967495782
9472.211460665456	3840.6964120019866	4656.441518275865
10247.214384248966	4216.206161311603	5250.698453710232
12806.145448656931	1131.9138990628608	4738.306265388338
11826.166165033372	2218.0785753353016	5378.532289172995
10090.811337806752	1803.696945818383	5241.952844950668
9724.760371456476	2317.764690773701	5691.989090097658
11904.812051133395	1781.7916208579124	5499.206932811498
11234.789688221572	-98.32943020237907	5575.352518610836
11029.632725105626	1988.02121096811	5024.083322369851
11535.869267456106	4589.839324865034	4927.696642443474
11739.488848751082	1307.3385825927892	5283.154790906497
11693.19718775923	2183.301874976875	4588.592441191214
10762.57143621382	2228.29820800199	4832.874662469567
10331.923335481679	830.7619178858196	5394.532809926481
10264.368736214326	2009.9975432491783	4824.600343263616
11206.58140555366	374.8972011618083	4772.168297383687
11189.817606333121	2541.734750107679	5725.102545164935
9693.795112778762	1396.300116988937	5633.46650792972
10707.336389688322	964.4493747485784	5781.900785801717
10819.045402117352	2643.439907569536	4752.678932825417
10408.504367110556	3705.105996778949	5926.014850073328
11347.895135824894	2073.1319703455238	5401.8342171948025
12718.988237245498	3211.7046640462513	5625.677729982241
11762.43140215366	1644.0531930767313	5348.618823006068
11639.438245557534	2909.5945986296792	5039.479631021959
10833.433534390038	1532.8080962551087	4893.288695707527
10066.31107647388	3872.923891385093	4991.762081994384
11370.004090664732	1747.4653223306195	5741.301539186316
11897.100734997231	-92.81231132160413	5007.682910525094
10870.509745439964	1753.5429432021056	5037.5010648096595
10906.718495423856	2270.931702640954	5631.831732082151
12071.38417618997	924.0728477582654	4532.848225844819
11207.648775054431	3993.4876633376807	5482.293313331976
10606.76390567121	1290.8230447536346	5114.887396953852
11599.855964747343	3094.4220978478024	5506.101091718581
9085.283597244843	4108.264266362532	5317.121687297497
12019.554055431105	3047.646537692485	4660.239306016134
11493.503767536997	2270.20184864434	5737.2193138251405
11057.174947488686	1786.0213077716046	5493.868861155814
7998.41824569481	5390.134933730891	6429.491855353815
11633.724623908995	2709.619309027982	4784.224107317971
12077.714806385186	1391.698415747138	5380.794565864033
11144.219774844023	3940.695843698095	5350.6330342169385
10551.471677103178	2784.2701086543834	5340.421389137685
11263.64053030825	2850.3553521943027	4650.623472737904
12573.95873287545	2065.12881990668	4801.628201420269
9979.468944569126	1105.426452068749	5168.061867011717
12238.41242881375	2995.412419753515	4810.13913587102
11809.0310858697	3127.6012486106088	4851.292336805556
11013.530927572554	2577.2866239865425	4923.441553204729
10529.274195013133	2642.7645419254486	4562.834666779985
11006.503512895886	2828.7380100945784	5400.445673091812
11501.143964696343	2113.9583020272366	5383.712149513091
10245.06377069067	751.0027072634831	5192.317454604498
10881.702287790753	3502.7956321232723	4973.512670937421
10579.249564239688	1923.4420059971771	4787.2653755351
11269.062704960772	3359.6073763181575	5446.761114183046
12448.964949196323	758.058883975919	5643.221739445309
11589.783094944785	1771.3954070124719	5442.8368580514025
11142.510429231821	2273.1187729877906	5091.182569961818
10152.518292365732	1718.1091480741143	4746.255167009554
11094.414425781053	1917.9112596507396	5388.991236171192
10447.701272868186	3240.1123986822404	5418.445320281758
9211.277528030412	3894.360100273479	4992.086319965174
11577.228874000306	3119.395030556756	5341.295233148819
10734.999898306414	1167.3606552883914	5412.1110194704215
10259.922704497845	5571.243275456547	4307.690293897896
9986.63339421426	2554.24507724193	5568.45872278053
12205.074929291946	756.9518933911157	5943.618376373296
10871.686715129477	1400.2966749575114	5294.8980056121745
10750.37094086414	3278.7050030882233	5435.312516361209
10021.397949868358	1624.036948669724	5163.816021863901
11129.394392329621	2058.1169656860907	4917.731491215934
10878.48255492101	2174.623390146336	5476.901166719418
9672.819416789172	3160.746135136356	4990.868931598918
10897.131943876784	2510.2312224207917	5470.494954258532
11068.573219683441	1520.1036288359674	4662.669149914563
9236.816173934698	2681.7923861800355	5471.235818189777
11767.663911351941	1445.8159617214421	5379.400393612235
10132.504694937477	2019.6492839518332	4998.918113617727
10937.749086516353	-1237.9665657009941	5077.934660220949
9629.580829915416	3038.8445359392945	5756.7087755311995
11081.502393052799	479.2657054788258	4773.90593704023
11581.973561915685	3269.523884452288	5114.900130740055
11277.449691581285	1925.4940850088083	5278.097441117684
9513.266134720865	2880.431230186806	5249.864916567533
10354.978907397759	2771.2609345001615	5337.055833848369
10829.486413352817	4081.6007243088816	4790.896452025767
10988.949413859069	1833.367836689469	5431.253201683881
10741.657908698218	3284.6437094400926	4945.780402704407
10242.781282615757	3955.735714235259	5311.675714632659
10959.504120555652	3925.2956543102805	5663.443472754954
10212.119624702298	3817.984495022904	5304.903291113422
10086.598261689202	1569.6840615566477	5173.207536978515
11090.646498156098	1763.6648742580694	4932.692574375953
10711.6859083627	1149.7764765017648	5201.899623028897
9342.718786031008	3809.7686753215567	5748.977582483375
8710.234581499799	85.95521988738017	5389.502793330791
9719.14691621454	1866.4238194735515	5787.999317670102
10384.174661162178	2807.206457189988	4796.744959909848
10010.648223220425	3943.459100387762	5717.451755025851
12019.752137442129	1362.277796552974	5147.448327830494
11642.229655159148	-13.507783072555455	5684.928164631872
12803.859583431673	2832.137951824952	5504.37317477151
10919.876876528646	3913.8172336719877	5631.399528341441
9949.093115937523	2786.0064087552346	5341.50223759776
9174.745447307614	3514.317240075897	5698.876963793288
11079.674025161848	1961.1197230452747	4906.0126386486445
10307.636717771371	2879.6758653433058	5825.861841345603
9440.587867187456	1908.9765358583709	5060.370836316342
12304.534225490193	2358.23098820777	5471.635078114705
10462.749308864657	1165.9142561752888	5108.529422855675
11575.839069506867	3170.457554240812	5183.465984257301
10727.981493557763	1407.9440030210922	5215.247897621092
10394.943075269119	4146.849187761215	4381.014676925388
10122.403134358838	2458.489727528514	5672.301667924
11333.808913635798	3836.467316228309	5169.538450579469
11152.162337240165	805.305643888307	4945.0269206137245
11906.188034532048	2483.5951114561003	4862.639164211262
10580.941795612107	2648.876689560733	5671.966194808145
12639.547295774993	1724.1915825931032	5355.944775873277
11854.033531456113	3260.459425108042	5251.848940492963
12007.79973832576	1756.830665768426	4803.8283008901735
10851.193796867428	3466.085434274864	5153.77775344244
9670.645117990207	2670.502489818272	5623.996428343464
11230.082257205699	1377.3441879567415	5784.3773063373565
12372.176126850718	2889.0957003601447	5551.398133952378
11886.10649502102	2859.2379672182387	4915.639922987438
10385.48754609427	3504.7512946587876	4821.816827620874
10172.06924617584	3394.247729091844	5025.290945066839
9782.343467129283	2572.475102664018	5603.048459909537
11062.608441934693	1993.9238923810237	5564.788626211253
10669.130930278181	1727.4185173884052	5206.7441938594075
11263.188943572064	2867.932038772033	5557.458265129395
12836.212857234206	1829.5138080363004	5538.458438167864
12228.9659787433	2858.1548081275982	4930.779623199622
12410.689203856835	2243.5246102340843	5019.989219913264
11168.97595960707	1793.743102149682	4951.564030359824
8704.489047387518	4611.734746400635	5643.704811206218
10530.21912085598	1412.2592323215229	5133.8169413638225
10263.17406878143	4891.356676215248	5314.997151686562
11416.909080586245	2326.8450253012265	5027.389829313909
9995.896615403444	4397.570612961274	5094.622457677308
11112.46121125637	2238.0413779213077	5368.631868105433
9612.903883231247	1760.916516923254	4979.905598733548
11401.682028606887	3251.8978636967645	4807.657849954282
10642.791976436463	3441.3774672812206	5742.047661995504
10212.44735768014	2791.0286552079006	5207.928234088097
11478.079890784862	1669.7249303887306	5583.884104556371
9926.114911104556	406.5143145948429	5586.671746228013
10351.279171937416	3177.738175409529	5280.735213942232
9918.103746477338	3750.4558560206096	4925.447258937768
9616.008546791241	3042.6727050744175	5629.838740548262
10576.74344779515	1709.5448929156341	5568.217632040553
9770.206213358299	1613.7175845141223	5448.7998524922305
10579.573881554335	3283.1003396219326	5127.419080536489
10842.650450886777	3505.597711072553	4557.856861014777
11227.390338331878	3442.6037195073723	5174.096693981835
13400.024782101978	1551.1394669738952	4703.419044195168
10925.327812138254	1531.3799777933962	4688.833541411528
10754.958346494854	2212.1892637122064	5662.91522482536
10875.845101530616	3317.0538803800455	5440.194239468133
12205.263059491504	2171.002722471002	5194.925026309444
11233.565689382625	523.2722407262634	5059.790972324044
11337.369176106648	3201.14202774523	4924.9934776387945
11257.959896907574	806.3018582228069	5488.748441253416
10399.001906859721	3841.2550693229755	4879.835306994025
11288.447712754496	4225.986421434997	5163.208412888181
12281.918464993945	2190.3486049687062	4288.135606880098
12237.361138524437	1205.4320711603013	5298.151637688345
11356.326528458003	1550.5662532903625	5031.258878483693
11894.276817956796	3639.3984670024533	5086.543171421871
10097.771384249027	4178.634604730224	5106.634263738832
11460.47258169493	2313.8072375784636	5258.8608762686035
11259.310521845515	2780.11329017366	4885.639578956251
12381.536266811494	3194.0563155525288	5357.418850125449
10010.079851545286	4411.392922197766	4957.850906571931
11132.167595720095	2932.3424297855513	5054.6675110737315
11788.66347666943	2313.908741008947	5281.494711863426
10333.833271610036	3991.149810722766	5041.700322892568
11568.559975228623	918.4789420297021	5125.118700102136
11387.606302546661	3602.0265887406626	5542.289431545352
12506.437535239726	2347.9514319538443	5434.8064063947395
9716.542452842225	3227.4942179001273	4987.839341882064
10042.034604250723	919.287353767567	4983.2899790050105
10064.751279173255	1487.704960882223	4696.976669187034
9356.186310243778	4051.859266334508	5000.375227068448
11986.72035426779	670.8530816850529	5239.511988338354
9849.384638075791	3096.1359498122733	5461.018281884978
11482.112107251556	2025.2870475266072	5538.202519223562
10316.732855424309	580.3602770671725	5472.105071324687
10161.672269025143	2842.250464068854	6028.830255680235
12761.379973421837	3347.965494253539	5052.357618775425
12314.941392592791	3158.1168544572674	4591.762529591829
9901.182417440668	3843.9692639298833	4862.581265161146
10797.41827506981	3071.6200294283685	5296.367401900857
11070.74657042653	2184.6496750598267	5319.331795857295
12019.157975033919	1791.2168651543086	5717.021458638067
10413.812575331965	1575.0442623869249	5314.505722001676
11445.699553633662	2266.2902310696704	4947.268801142226
11221.50155075775	1361.5965365831835	5209.039693068357
12337.921533026982	1768.416405875624	4876.723852763755
10306.659980429677	362.3198101754592	5124.512327994405
11590.055621736776	2361.9530250888643	4928.979381574121
11379.99004729653	3342.9792008103577	4966.874756247832
10864.78254113779	1695.8620837768829	5270.754042290656
9600.27442143179	3426.564638398623	5508.688369088034
10315.246181886878	3360.9150485952173	5202.9112398243215
11526.179129686658	2692.119014257032	4935.246435553791
12125.681365366623	2955.1994482843406	5379.756230418153
10498.107517899833	2103.972265002439	4877.095777012927
9848.280350583322	3478.1485680575374	4488.296089825479
9877.659918428271	3203.969382528713	5547.9780866616
10102.788755045876	2779.049117723071	5469.304736590176
10146.831259780392	2306.9994435461417	5269.158090818463
9660.026069886411	3195.6361343446392	5330.298477673994
10171.32188646895	2418.129206891424	5225.686612655666
11531.40927198711	3131.162212666256	5248.284813094708
11612.375725520327	3563.0877649834806	4844.963978294321
11112.90613188062	2859.7503515225158	5124.5322246236365
11312.856756269448	1854.695180758292	4682.142190122751
11436.682635379948	2567.269653361984	5264.010363149751
10176.719852466249	2967.840738482388	4962.984454805644
10783.670595626789	1837.1072116866726	5003.227526716727
13112.999384322862	891.5413978664852	5950.683450141469
11478.677044709815	3170.1985530788065	4898.07795405764
12811.402329110055	2099.2537941900873	4653.3918545297975
12167.44618277772	3655.1537525843296	4786.780319722416
11144.10536906164	2033.2506644473208	4996.4359991128495
10485.252225411263	3037.4949445589878	4923.458646018458
10459.784004693998	1333.1206563096944	5018.445118425761
11194.462863279969	2906.71708206486	5554.734042877338
10443.619600711949	2530.498447225392	5632.270608920275
11978.84823642899	2158.6250483674257	5046.782392638502
11183.034207453245	1768.3322980491116	4818.042269268607
10426.250159950621	1380.7290592403945	5912.662147632808
10931.080274754971	754.9113925844189	5009.987206453242
11100.002446636103	2380.6977268058013	5340.815261203927
10247.370413013405	3698.376540304825	4802.451936166629
10133.487942530905	3550.1564622101996	4962.504907890988
10685.517220630583	2472.418316177917	5766.714161373022
12344.598485062055	1095.034519920106	5428.825631278049
10312.159415980896	3450.499478305572	5893.221379782758
10001.474164426872	3614.716769312314	5119.402435489911
9907.100208628823	4281.791562495236	5473.03164602309
11437.943288992088	1516.0802296980758	4743.131519739238
10313.37570955338	2109.398781350684	5118.720161311194
10611.16172881146	3352.914684206374	4691.886149573154
10658.994794905051	3573.9235716123444	5483.892741650413
10637.40632956924	1337.317629124142	4886.805422752338
10909.52049593502	2609.956097481495	4245.961884274789
10387.116907460977	3344.6752559499923	5663.602152776307
11672.986166903343	1872.0827231871258	4904.523137171156
12615.125120819364	2613.343366481474	5106.40760966863
11947.524821387358	2780.090050118413	4807.392177158067
13116.854761529292	1369.0718176063972	4758.099443058307
10181.779033306968	1404.3483607975902	4928.0914933384865
12007.857953196142	924.0451990367309	5551.99472114605
11365.808431009127	1417.521956385085	5309.37372932512
9526.386941128492	3653.3164262384635	5417.89773430274
11531.362729774752	3405.2613423948965	4916.754405286525
10147.189651948895	3093.639372751898	5623.126545600715
10434.402533291557	2466.6188917825684	5653.506276354273
11267.198699058097	4772.184810991544	4682.801630687545
10442.9894680691	1361.0873860031104	5399.682002136225
9513.594541060666	3023.0689982598633	5355.086131703603
10990.613245341669	1672.149473267509	5204.129575756971
11050.13605284802	2511.9829783922014	5326.709591494616
10877.39055042989	1343.9346426446548	4971.888126001018
9738.25196576614	4484.932684722018	5599.953501887357
11229.442096154797	1857.7505831674302	5044.0561768758735
11168.615338955331	3512.3063004187943	4942.570335487745
11331.42748844718	508.9523311455952	5218.3495403058
11100.075172915818	1173.5615258262224	5170.173979783009
11084.888910763382	2484.11277819878	4980.490202671556
9844.772559165467	713.6398373073449	4664.204023030502
10714.67309284067	2188.031552283232	5090.520063595092
10311.571330428076	3266.6619854419355	5268.941174359819
10645.946153806113	3723.2992757241645	4923.110539317454
10375.292828620673	4069.289606407458	5636.172323912541
11036.444997953091	2337.486286428715	4656.074865686621
10420.083005109065	3163.1948228210886	4936.036761397204
9871.083912591203	724.7308888194761	4994.730412536786
9771.087570622	3200.8448719224302	5036.230227976953
11072.941513937089	2097.905124973313	5321.734018217159
10180.559103607116	1787.6176680344984	5653.750483642896
11427.158386258287	3590.1727345334716	5107.085361742303
10196.5292725813	2717.232240633308	5597.381988020686
9864.397016045477	2261.1766849875185	4813.3531050752745
10558.295350273542	197.2095640267805	5843.275494431918
12070.058645596848	3324.8108111190527	5381.344373460084
11847.79905317437	3180.3611021243364	5247.432854353337
11932.525879172405	2644.2636419800456	5355.298380416012
10707.742552792013	1704.2904587594292	5682.301639179805
12957.868962568553	4055.942784343754	5179.471584960529
11769.932017312607	170.54567068155376	5471.979338610729
9802.119949569607	3333.6916184043307	4360.200331860183
10263.330163024782	3694.2947061472	4958.718896542388
10505.102168200829	3053.375181757708	5446.933628502807
11705.550671888413	2779.954694581135	5274.157170987124
10696.514246254363	2976.3331614892854	5594.936142829565
10893.658593141441	1278.5008978295473	5188.068473322805
11887.165630025864	1875.1617932078955	5132.727980024373
10712.157746752548	3816.7894661417727	5029.569575844751
12314.644760343355	2709.5811479005774	5184.877664289425
11528.307638258882	1469.6090134057	5230.349924064884
11759.1494038449	3474.6479008147903	5050.8375862154035
11111.149965557262	2572.4387542446893	5340.169823121619
10845.256987521083	2671.0226226792934	5351.847004116047
11862.167233112512	2634.34849774001	6061.48512620537
9463.566335094749	2069.0016782424445	5226.1717297484565
12660.113499497953	4649.55064406759	4357.928642403076
11233.163598106996	2581.19691245449	5293.636208305294
12559.313440970938	-252.5033094788603	5316.225238039364
9484.315825957025	3770.909124603906	4517.930340102133
11650.27939005212	3450.3121839286628	4780.2023980360245
11332.346055229613	1638.8796376876944	5117.470458941378
11213.374580699245	2962.7353128118525	5104.743211176761
11987.233868788953	3085.3609898479303	5305.030023290834
12353.80891242818	2122.339631247744	5202.922792259253
10843.361473584146	2081.1119539425163	5423.264076950699
10423.777382765848	3241.811356616756	5128.582215554511
11646.601668437965	1970.6015733231468	5054.637828527864
12065.24090999209	1276.2356963258887	5286.393492184074
11176.081009693864	1738.0575872389738	4735.641762699335
12104.518353488593	2620.4530276277455	5938.552340849718
13184.292358716328	1748.634456097198	5228.348497197835
9300.91107564912	3545.060094485164	5648.4941861049
9667.658205923703	2237.6202168602777	5333.349646737996
10785.325331063203	3604.4496772584316	4897.903077523262
11139.303512157405	2432.656631369921	5432.459260759236
11587.85308112528	3261.78738620504	5050.8116055849905
11697.371464507467	3552.335633693109	4710.939524564714
12356.546011886281	1699.938677486861	4634.217407972728
11561.898262942324	3642.7424148176433	5514.933404508874
10414.111863955352	2083.7093241699467	4508.096995702341
9819.04141506348	2470.549747784347	4840.884804924039
9865.39971923826	4107.636273777939	4848.043222041762
10808.76624997006	4065.3684801668687	5204.243823756625
13570.073541588476	1355.8242542611222	4974.834412993918
11660.523984833802	2160.1250349612137	4477.409978881756
10821.452214871466	2335.8332564418542	5527.358480537966
12342.63224340718	3297.0895533307794	4855.885800352845
10499.111133400795	2743.271384419045	5686.210127578864
12167.391906080105	1870.4099947649756	4495.067583091914
11903.391661768135	237.7563199629826	5463.0142170335275
10972.66373375781	3634.1579184361176	5260.285928961725
10215.367126476753	1265.0902005835628	5652.237005701421
8692.750044744285	2793.020718896794	5205.721017720921
10665.911785264083	3602.8984997402113	5198.4248843567475
10273.055275878722	2254.3416449877022	5715.986275079256
12922.053006259814	699.4837650735234	5608.947454575123
12069.99574155662	3311.4070901996924	4533.2199765776795
10954.334437871952	2542.2411783001967	5236.029035968938
12845.886692674756	1660.1950470799804	5124.190058213516
11562.91315032715	1429.7442199783552	4857.949250734584
10728.65187534181	2327.6601349101843	5435.578682103222
11963.63880462802	663.402936448098	5275.363197744319
10923.425361927131	2502.293302207215	5447.527924798779
12618.993646636585	1884.6815165509522	5029.366865776446
10868.727555561789	3231.2022221394327	5752.705880427764
10948.853771952607	2875.6763795638203	5068.342628548972
11049.696565090808	1303.664150068116	5573.368586633873
12023.03758281967	2476.9531522758725	4768.311321756879
11480.761493485294	2719.614024785167	4780.071979776127
10867.225863109374	3648.802496677671	4589.273264311505
10472.239018650895	1788.0545410063319	4967.686560804145
10975.46841742002	3569.628016873912	5172.514541561615
9829.109019107733	2472.892399160217	6072.76166769741
10189.87497387157	1939.6013931032444	5721.1451603810865
10643.94741167563	3685.052019058471	3989.3158754895835
9693.906679620266	2905.8996123050606	5256.748467236283
11505.230143886343	3099.778688749559	4946.3977595280385
9782.154655019087	3504.5837599914857	5320.569095635954
10805.01756175856	2390.3457865873147	4911.439883404008
11240.404521055476	1950.768626588655	4782.969329079148
11149.03647936557	2491.1537107955373	5245.710466835189
11956.855425039363	1960.0484407982456	5371.069087761691
9902.525300831952	3187.1616788677543	4752.3075048571945
11022.64247117858	1996.983331259151	4990.579311211256
11595.212776652705	3390.7953054142695	5135.217514009455
10916.425978870671	2692.779551677661	4920.48508525973
11031.132014066567	2415.3329330602537	5979.708826258468
11143.867327419903	3806.0820146881892	5588.248967996914
10033.77155063039	2326.8364617346506	5421.715889142048
11555.555990792092	835.4300230980377	4842.4225352173
11542.25494573763	2542.2714448131073	5960.567314997816
12083.39397224135	1486.3957324609046	4762.24188007545
11225.55247789373	2040.744798884926	5639.666011056517
11583.508430460766	2779.880570499143	5377.173730057999
9942.808544235044	3473.270853380498	4622.681545113145
11631.195058064652	-523.443723285989	5623.916767811186
11483.4974291987	2238.3119853553067	4891.801332989054
11060.220848621575	2278.158219911599	4506.082845576579
11675.623150936068	2426.336962681135	5202.643063650092
10663.93750300093	899.5973159587887	5636.168727773931
11551.108715865943	2162.306045553421	4753.1282516090105
12903.578824706177	1876.768402332854	4522.611981731747
11211.443357487946	2624.461291777414	4904.323110416104
11078.503039308209	2110.930798737452	5111.437132273862
11704.39576275138	1103.7445642927537	5450.3823034915185
9002.464040129538	2026.2664093888654	5600.446834910676
10700.771378519545	2969.3544006672996	4748.510638688589
10787.043154701305	2092.9049428908584	5621.685682849488
10851.356559073987	1066.5067874987938	5356.652641516696
10558.26953201608	1845.9853553931334	5535.492822631544
11353.021327888706	2730.78378556629	5365.046722729754
10610.205064960246	1544.2757049592842	5054.513812657472
11113.723595547233	821.1216502998226	4794.263128106655
10309.329456071642	1156.4750657323082	5942.56002836235
10540.69921846871	2922.3654712424086	5345.345116069519
10981.93595632533	913.3380341959356	5943.2530276784255
12854.131580495712	2753.7805397635098	5082.2598066467535
10068.909460286406	3221.680618871075	4770.284443725149
12658.787018492956	1940.1683218247947	4489.924725646189
9352.367157223216	2150.4647150325886	5611.285574124098
11567.495894129794	1914.3041847546046	5281.768449448471
11660.11720120639	2613.429128317898	5696.5677013189115
11034.644319458714	2183.1859141573573	4770.702439088916
11452.9860591022	2121.753182673695	5096.518476815634
10770.151352304194	983.3524067240762	5386.932764134347
11235.542595902381	2056.473607221396	4998.992880551051
12007.322146520073	3842.5160355581484	5089.932554734506
9629.62946381865	3506.761011034879	4911.016100945233
11943.306268041248	2276.645525105408	4620.419635863882
10766.956305602218	3232.208475041479	5410.150740286088
10799.804607163733	1708.6044654190841	5387.1539443744205
10729.88967754852	699.9209011465417	5086.554538556678
9914.527698562033	-593.1702231643228	6214.423634176361
8786.011264969744	2867.9328693282205	5437.4215951426095
10733.329319956452	2287.973555271128	4526.380086805123
12055.721551524162	2910.983414624671	4928.418189280951
11427.147055702633	4271.94048660937	4817.339907204053
11716.592469151645	2274.326308311746	4757.281794819078
10531.693784919258	2248.5918294184444	5634.170757132523
11105.994461507053	2084.358867259626	5162.413073101018
10569.572968079314	2443.6767690417196	4835.552394192854
13318.358709326916	2021.9232257656536	4871.396198730129
11289.384690317182	2813.1333025974413	4901.450921573482
10606.462759517237	2994.111633910676	5414.5054623772885
10626.23556610219	2052.64507224447	5514.270035297788
10944.406665934528	1177.7775992131021	6099.112495306405
12080.786265099832	608.2644502545759	5998.381161404809
9700.481892428726	2549.4926037428495	5505.548776214046
10005.56018565467	1710.916096000472	5644.137831491573
10875.437458674927	2575.690912868773	4761.543550522273
11079.420696299903	3233.5331455011874	4484.980047432739
11811.113357351947	2078.781637382875	5580.558415404632
10291.854479498872	2473.5037350885987	5317.489254998409
10550.272622861004	2330.073730496272	4924.75099537994
12291.784604348017	925.7773579751163	5269.021548435227
11773.83461408574	3380.380259916862	5485.803912433176
11416.513242707862	1059.6578973818132	4997.708234307684
10677.677914457778	2340.9690003039186	4681.729240894904
10019.828799823314	2694.6797750749142	4732.155621123333
10270.273558971152	1917.4373785943183	4950.226403930497
9352.056392897708	2678.840465368125	5231.568782131764
10533.544045255589	1821.4124963221764	5074.9977037185345
10338.589087238961	3133.8573851725187	5733.52398591817
11035.357770062463	1452.111258164517	4922.619001966135
11869.81537567577	1358.1287918508892	5076.2675532604935
11889.158013586788	2051.1443739929327	4807.212297473973
10673.448684186196	1893.4131371669043	5224.096030076145
12105.520081157956	1275.4840474484074	4995.158641056033
10003.17470574868	345.1126665489791	4851.763061159702
10819.784313933831	2687.359630757378	5101.695809717454
11353.670249294317	2203.1029942352397	5308.052333025782
10082.414057732656	2733.8329431812704	5553.692631663567
10974.911714568982	2250.6615968131982	5415.073837730844
12316.52802382576	1639.4411096383544	5484.176597574528
11029.413981097861	2049.8006497000893	5603.679878156354
11077.491386012953	1806.3624200569375	5891.259546120904
10441.596864133671	1469.1197049731813	5847.571119246781
9427.149011185289	2532.4402907419912	5623.938937979305
8756.600439560714	3321.811724373588	5306.98258778577
11160.17563878342	2582.600360350636	5219.07737152432
13895.83945781886	2008.9651953091093	4555.460396580721
9698.496308822037	6048.591101558838	5737.082977522696
10905.496263954907	3157.373323672187	5336.021165245552
9453.917419971565	1706.0549309140026	5431.40183190464
12032.108822671413	2886.0936077561546	4636.544773681808
12788.339804287167	1876.605451049873	5179.940594576171
10824.909299974579	1205.394848317145	5535.878310753195
11126.58331826016	2224.070222174199	5205.50968407553
10320.381709362324	3447.3175885132523	4908.119087992881
10440.507434797899	3352.6183023035082	4676.42802724728
10664.824740079932	2923.936551086658	5799.256245831849
10188.860632860433	3369.775427182975	5527.920464993197
11117.391693905616	3718.4418860485866	5301.746544806765
11572.30364465478	1863.8950300455474	5770.139448054047
9864.8507695636	2986.3638005752073	5258.723896972777
10328.810133031657	584.8968605005317	4715.219294218967
9150.439109517622	3160.2256093843803	5671.344831541909
11146.263987562028	1699.5423885155776	4872.225721705355
10096.562092395885	3910.8520945561318	5540.017948823919
10366.896344215127	3441.9601870734255	5026.80566907632
10314.3601999703	2807.820538389066	4936.31682686816
10359.377223680774	2610.6364730262435	4704.483951092649
10217.901454513347	3052.858323245495	5820.814050764141
10815.565801988074	2077.9908329285618	4991.9117394380555
10370.34238324827	3815.9865976718215	5474.9981460809295
12069.559564143061	1632.759852799206	5825.340917806261
11415.868999088534	2074.0092694812915	4927.994170751929
11591.478817051951	322.33257581321504	5218.103787736712
8732.59018655916	3453.8594389772106	5100.038754829124
11146.63652551642	2379.7200261341045	4962.506529657604
10214.844727083431	1671.0748116860432	4985.194949238832
10745.917897743293	1585.5878027407512	5774.2299879678385
9860.686346938051	656.808472945872	5721.298850164698
12991.243418390772	740.9280719061659	5366.304844149614
11013.324178175297	1936.3298787576912	5599.924510725766
11343.098560950246	1555.0174335464455	5335.505201673272
9905.14255036621	2645.193097243009	5839.276978890053
9990.105199782756	2102.4670943030774	4881.207848255861
10942.707553028331	3328.3486514416377	5467.7337025045845
12733.148261851087	1677.3475831929027	5265.910926564008
11357.215134305903	2492.465884418947	5327.589615165894
11174.524938261022	3041.3572539593642	5305.0829697768395
10184.41500788338	2434.178011032596	5349.247370372104
12063.932205793262	2696.8945810035107	4431.604916351746
11753.464882154503	1335.1735326720336	5581.128647224545
10993.096633725592	4110.675309851583	5047.972239584166
11496.468408297933	1251.6585720416651	5293.010085621563
11301.833986797112	1995.9502068455677	4658.532256508873
9910.527943801271	1442.6577439239343	5216.862602342981
9235.097078986022	3173.874976916396	5108.83569433438
10779.188608775905	2891.302489640755	4100.511297736845
11945.967023251975	2037.3958450182909	4567.682677971588
12453.613825013603	3511.643769515099	4918.800534303192
11561.650835292203	1943.4209602174267	5135.324780912892
10440.830817358854	735.2959652644303	5186.747677960842
10995.310853222612	1278.4257039611693	5127.135385495549
9300.266214469793	4405.886353757386	5043.539058925947
10242.86815583611	2353.6180164513808	5266.204380216048
11597.814429414519	1283.5736596871463	5493.522227433141
10981.465048958706	3198.0951441775564	5242.136406004879
13249.554942319402	1094.0433609264571	4067.869730605937
11904.982169353882	1806.8326144360287	4875.357406440261
11414.97760822636	1017.8177707482215	5561.528709967039
11999.451475030435	2761.024006429731	5044.292784716467
11762.106578520967	3164.975733328968	4908.581995584039
10569.104448784596	3049.9352069057923	5445.189857741966
9735.149837034618	4128.075708062659	5145.601181347585
10191.652408295467	2291.1166111341417	5715.118527747356
10053.79562557929	2028.2009058807146	5451.03366675732
11408.157744905679	3546.593946851125	4488.0077514072855
12218.901821242736	136.43922630216994	4234.197271567416
10199.880154275786	2413.283074123087	5745.53779257937
11717.704984251626	970.4764663181759	4965.628821867706
10099.873188384741	3079.128824803165	5583.87739644771
11618.223499522677	1007.1663217741851	5290.974151133754
12561.025046123366	935.6585591549102	5674.877206729502
10542.085148844957	2447.487324356694	4985.072924634496
11049.554189474544	2010.4977862757057	5011.831122459032
10786.829594237066	1819.866631919906	5343.978440960921
10845.829441576287	3807.462004955826	5667.782072987669
11069.312584540343	2779.1847599995067	4833.253649351896
10885.455712134008	-129.6642804638884	5192.648401309516
10455.461705171943	2492.5950801226904	4531.115044901123
10202.463210094998	3329.4920619266495	4737.183549208168
12168.491136016824	3928.921383642546	5372.1057550283385
11368.123097630429	1979.8205068662403	4805.06436044582
12354.5453116656	2116.4652979858197	5049.1511168030165
10688.704892742133	2181.7815934226164	5083.923876180809
10112.945585873575	3215.9974785075988	6143.015739842259
10751.774779045067	2376.310670546836	4959.690939676112
10666.985625322788	5481.482611212766	4827.569229503572
12763.826085051738	1271.1209191675312	5311.937095540716
11279.112725943507	3120.580357792883	5445.532112051761
10468.223388824978	1966.9701628435707	4818.702278526354
10322.275065507481	2292.048381469506	5089.121695861565
11217.754835989303	2939.450164497642	5816.2016721276095
9575.090375356345	1903.449440961367	5659.900347940231
10904.448522965251	796.5658824720288	5139.384603215629
10575.989415572134	2247.231302246438	4858.907018361474
12294.856958341097	3854.5933186611337	4890.520088725142
9692.026057169316	2903.8904646818905	5046.633770068692
10866.76833006562	3529.6961995368824	4928.411934625743
11896.351093708627	1292.2805642386184	4785.131167992823
10508.119217169187	1424.2529893344283	4924.005401649156
12159.353775024643	2809.9643498207497	4561.744143327966
11380.188299608384	2758.170918935758	4649.345337416234
9847.921295159153	4967.983529200954	5299.709831343808
9455.513472746075	2332.07361228935	5335.111049702861
11343.997202431356	3144.333762552705	5087.607683087719
10666.330320523402	3511.3553139488577	5226.796609501384
10278.498505607586	1182.7409781370566	4736.877472206093
10237.799801557741	3054.9122120065767	5432.732230633449
8956.917764590675	3404.5277623344664	5329.574579467118
10692.37531110235	2221.6675191850795	5185.244442465973
10863.396179833371	1464.1601425694207	4969.871484729672
12018.887535235186	1011.8036853676184	4543.399827601731
11352.35137347025	3474.187961653606	4826.609708127439
12084.632825753777	1377.2860287431738	4871.819081189769
9975.576243861145	3927.3321043707156	5428.211025272614
10444.228574913874	2508.1560420027595	4903.027854903011
10535.868342842221	1910.837957778162	5442.4275133944475
12957.337053290048	1638.7764012535806	4925.582155003595
9716.602850329878	2149.851819645616	4993.938537198637
10713.572368277499	2756.7508307540174	4753.06745710756
11516.8390972229	1816.5347392616084	4859.581410597171
11731.35969454532	2345.561257649372	4757.958481382895
12815.629154560907	2456.4314190519694	4889.438936813115
12628.635812295428	855.0647570533156	5307.607049931943
10245.94445562367	792.2920160649248	5158.322070535463
11067.818685653807	2490.5707906332736	4916.115282727008
10693.67120518802	3803.814427563876	5359.499458266667
11428.372950486048	2979.769271935119	5480.039318335543
10422.654000630118	3708.5740702012695	5429.764973466206
11611.239773623525	1735.7701319298862	5216.44352195944
10294.478275835638	1341.8118397000705	5217.307135871699
11584.646668614638	1880.63571320562	4901.537855925673
10939.665244644253	3533.171877157672	5786.33975478172
10731.582457035556	1854.7646733584213	4861.614334282092
9415.13806767911	1827.2748585852446	5863.18963741516
11206.917476773617	2263.107845887652	5135.464213131825
10119.203488996996	3376.3119197340543	5131.680233292331
10768.73463955859	2505.1059291017677	5933.603252192355
10671.40591118665	2239.132227359157	4975.1086842599825
11011.860959412332	3673.3051539031903	5270.012242209693
11040.429721255858	1354.7820944104374	4596.05111953743
12040.00480093725	2041.843524554073	4956.533915225038
11100.083479343763	1826.6908725514197	5217.340111659046
10847.000695716502	1474.309947770826	4808.227450459636
10685.212605750916	2706.5752504569978	5469.685739395913
10233.432042356018	2173.4182590547894	5212.5879661323925
10488.616659121175	3198.974438375443	5161.474241595173
10836.346905145225	2423.975450633452	5119.792171310915
10624.980693381545	1495.2552746940155	5688.611023386469
9738.819916479748	3511.903635695102	5685.4772575300785
10617.92139999808	2406.434300430353	5399.672887927648
10851.056411735513	1845.023661696936	5127.719853134817
10660.377022719566	3520.389288301733	4827.276445777498
10053.651396405985	2591.5789593732147	5218.0571665241405
9942.771098221032	3136.5687238504906	4759.240072544025
11429.204385336683	4485.231171502193	4931.797857218625
11212.450049184308	2281.987108195183	6092.979012359432
11030.177588555674	3447.452571983773	4787.744087018949
11710.19697879757	1410.8180944175226	5309.930463655878
10621.476987012526	2737.9547771440084	5674.712266898933
10690.180412388116	2511.537504844653	5727.267606356451
10335.13001105116	1528.255449099453	4479.254229433244
11324.58954607253	3703.2544916693896	3792.9657824965702
11179.130587138494	2099.429792935978	4717.111018901977
10163.68910767251	2383.98149353922	5532.447691540794
10996.417628605059	1417.1627044939053	5446.985874606327
12149.212954301705	1433.4837016324377	4336.663163079732
12235.70694899741	4367.368300422981	4968.378211384734
11119.64113356127	2876.5167829611146	5025.064258857384
12302.162234641366	3145.9211519692	5192.626457921148
11855.236536818067	909.5059492683998	5102.540459154349
13364.033259999396	1665.3687077591142	4756.5420188111675
11331.16882332094	2555.800166584017	4724.959602847651
10628.397677809608	3645.1376592269216	5065.261517873843
11321.338201297673	2434.2307086009487	5782.238582175952
9724.33345263271	3976.784655838864	5107.1927279228485
10467.323965594023	1296.916488181688	5514.97413108653
9860.32436439334	3152.865759781451	5145.143440623455
10872.475596145945	2034.0134026712808	5404.865926947095
10916.393628224649	1732.6699307353103	5165.248947329262
12013.413431311805	2299.6819818854515	5154.55931936736
10052.298958763817	3486.1773840777173	4749.965057109049
11688.135730502381	2082.064066946795	5305.943078959549
11709.483291754525	2140.026071068116	4798.611882863645
10439.61242774535	1693.0124445254132	5489.40143405014
11612.052279211483	3323.440557286647	5258.387479298494
11760.9416176373	2097.009088162894	5229.123235223056
12248.321870300942	2349.5970631900377	5006.6309960080625
11404.010675444786	4627.994288784434	4901.529968007278
9593.602594121368	1754.536374495954	5776.313689681043
9573.169090942758	3073.325434113336	5525.55941419696
9615.662293106938	320.9413776142043	5560.035367200876
11936.677078289917	853.0146788348549	5446.487326915673
9994.777111841779	4284.715636485534	4717.952609064597
11410.179838597385	1321.989875359539	5159.813185352946
10436.79613328392	968.4260312028375	4739.570084902785
11477.24281873237	3917.3439521973755	5080.9161494121
11375.309147830325	717.9537417550872	4998.369664900771
10105.840683300587	1264.4460634655557	5284.177591261294
11536.364601543875	2097.5925324229593	5010.658718655288
9728.185661387819	3558.9148880951	5331.243131864181
12088.38849250596	-846.5938653073816	5065.478548160463
10320.174182893634	2198.882647773887	5226.026336080625
10841.884216941291	729.137151238628	5552.192072556484
10695.280437213896	1617.3384588421031	5417.486742069323
11192.85936834101	2542.92764418156	5654.71069956978
10939.645948041572	1756.8201026067288	5295.862976970766
9108.031355698262	3665.934536447737	5458.5330160826825
11414.97034354562	1672.9957755579233	5739.31779407508
9864.815017376166	2230.617922068178	5415.76621391386
11278.462270162594	307.8338429728998	5703.98903145005
10617.264259784824	1461.1163227905472	5413.692430064178
9971.56657341911	5025.517096833636	5000.198707021635
12368.265764930198	2221.138398995913	5042.023727414554
12283.35433319195	1660.4547396959254	5276.977471050106
10314.311013509936	3583.989806786915	5696.411030134733
11068.264996418902	1424.2464886503624	5556.253260184731
11504.927098646627	2043.3432647668146	5121.876739135696
13344.950584231425	1561.4476629485252	4699.991431317156
11108.615799934261	1427.028928072876	5894.668005550643
11428.097053395923	2239.6597016971973	5371.706574442248
10697.241839481701	4045.290158256959	5741.633563913735
11476.04972137773	1490.7709884047722	4876.255189201062
11037.98094171131	3195.5171116847537	4694.828839887031
10363.377217672729	2629.2537795794183	4944.6268849512435
10830.538822288794	2418.6392690745706	5114.598070690911
10547.839829515817	1926.6225659332313	5658.55757975441
10952.707325241905	2519.5100099007163	5441.200883404113
11069.831833400318	2391.2618160940597	4733.136608628347
10697.145060350109	1201.0404871386265	5390.887642787088
12456.56669000704	3140.3307418262266	5175.440942240411
10951.94850584198	3532.143697234505	5271.999227218087
12121.131464534694	1428.750116289086	5739.373842864426
11768.866835427016	1344.302437047187	4268.969005809467
10193.888433149035	2648.349328258613	5913.865220881616
10722.694470552466	3866.809287267226	4624.7462683899785
9596.568854116851	3864.3325593770805	4395.239807841284
10138.851547019633	2975.030810566165	5033.9516251682335
11004.266105969838	1996.6132273467244	4847.965242914216
11997.107193869757	2312.4551579477743	5025.086524094935
10235.289319070247	2744.5799290247637	5169.051668553914
11145.024098734675	1315.274531937736	5208.0377867144
11184.27395741011	3538.110384774425	4456.534106394802
11249.410047499523	1608.7591491556216	5757.544725775859
11212.447424825032	1446.5521019780463	5376.671553060488
9829.542911599829	2211.9131119093436	5014.433181985155
11604.130598187963	1098.5377896090595	4887.082441006332
11151.10810074547	2275.7901441893882	5189.944674548109
9481.258544928483	4920.282620891656	4691.256321657213
11352.5538749549	1658.8498681929702	4739.2133714808615
12814.29198382207	1763.4759448062696	4907.302214164821
11175.767871912554	3205.650225633747	4997.808275538094
12394.960980139129	3101.1625969832257	5031.395553534884
10729.571293889874	2566.4447973597903	4841.389894405436
12014.416755018097	1830.6198052299756	4200.196478826969
9834.754528517786	2366.5942472789334	5144.000141260772
9741.464112757598	3818.064490338173	5411.963694369541
11229.62991693352	1280.5995663824046	5092.0772054575355
10821.075125503394	3322.6794371966726	5880.073347923959
10215.777806462569	2221.6648672421925	4778.417251531023
10763.26779113812	4055.722364078459	4526.469766851762
9443.220306982405	2439.780307643469	5317.440775814932
12278.535316435096	2256.026914006527	5006.539896645875
11213.91298562781	1968.7894352679048	5050.596637297773
11700.667019182414	1637.829697983549	4966.836540734623
10371.398892992123	3869.6840464122224	5095.17090067719
10656.903609756697	2034.722626165504	4810.010453955182
10717.413741876753	3295.464665723916	5325.066586115688
10193.203570157379	3919.2888805151915	4696.9003046947
10541.285317767613	5002.496274604472	4829.266559336257
11596.15347172192	2420.2058795946095	5305.920143815892
12244.287719137403	3474.1190328284124	4742.436690268623
11016.031285362253	2848.1787099650037	5333.410052019675
11098.89817986634	1990.3270906559096	5778.818383667744
11983.072998513831	2384.3729287047004	5015.615946146586
11485.6477001206	2071.163378559502	5435.585590915496
10006.325329955082	3836.41099471346	5300.720781060365
11048.728518967917	2050.5859599749183	5145.1690741855755
11560.227539110378	3620.9301859903844	5489.176755482922
12188.029842137026	2084.095544119147	5640.653273587575
10213.184476221366	1349.2609383825763	5021.217384133702
11871.23516089663	3344.1292311162942	4904.993656327236
12093.183259713027	396.8545500271913	4563.80387902166
11803.31240014633	2537.600536629082	4759.948634761927
10763.584006802068	1566.2043973589887	5693.342180866556
10589.047702417975	2920.87036568449	5387.958410195768
12101.47191256306	2021.4916438068296	4925.173914894229
9903.345349783784	888.3892116590256	5492.182838757896
11221.474649682212	708.3125777335815	5243.364511277467
10521.084418295177	3232.7576904503794	5122.31013204962
13056.276231310509	1195.032630298353	4983.532200857145
10681.667752314112	3635.1123540640788	5417.33192042755
11141.926297246086	2089.9835591298547	5313.355449450377
11803.481304741095	3454.7105536832473	4410.267697089074
10659.74035206859	3185.6330178859826	5562.239552264592
12656.71198782335	2120.5452876701515	5083.036754891094
9378.73982289739	1047.1169506543147	5068.638477819817
10875.041055911022	1318.1123204031787	5504.915812464536
10805.5525875085	1782.3076350152437	5619.643049930853
11613.610755353648	2975.681327446989	5106.664708339217
11071.40861208808	4403.772412052029	5594.316483267811
10301.34593969264	2642.540229464218	5272.448317728033
11013.403086901244	2771.928624819239	5065.984870624133
11552.018047986747	3408.0414187768756	5028.094641180409
10655.653027642713	3573.5197699349587	4909.0842752214685
12563.457552505108	2521.311776016272	5015.798904647159
11137.109088807028	1758.0771626950843	5189.43273884135
11409.437711862402	-111.82355717575018	5493.143274593469
10995.954092423695	4391.008672618684	5194.132865570039
11678.189555951063	3304.6177131037402	4825.599438102794
10785.671721032892	2365.1397142187047	5529.344970880617
9162.178677731237	3472.827692176088	5237.942268476702
11286.063597000519	2260.9580939252187	5317.153477397145
11985.252660129041	2755.22252113619	4574.511326520248
11392.601589196	2400.803778799236	5164.93226255084
11077.385700039957	1278.1793128727797	4938.562970216649
11261.872210217787	2004.3723496869638	5284.484716375678
10244.895964275975	4240.496020913776	4691.3995970965825
